0.0 0.0 0.0 0.0 0.0 0.0 0.0 0.0 
0 0.50794137941891 0 0 0 0 0 0 
0 0 0 0 0 0 0 0 
0 0 0 0 0 0 0 0 
0 0 0 0 0 0 0.4110905513094596 0 
0 0 0 0 0 0 0.3066278332649275 0 
0 0 0 0.04657812752335411 0 0 1.2348266605574993 0 
0.0 0.0 0.0 0.0 0.0 0.0 0.0 0.0 

0.0 0.0 0.0 0.0 0.0 0.0 0.0 0.0 
0 0 0 0 0 0 0 0 
0 0 0 0 0 0 0 0 
0 0 0 0 0 0 0 0 
0 0 0 0 0 0 0 0 
0 0 0 0 0 0 0 0 
0 0 0 0 0 0 0 0 
0.0 0.0 0.0 0.0 0.0 0.0 0.0 0.0 

0.0 0.0 0.0 0.0 0.0 0.0 0.0 0.0 
0 0 1.0322870513320874 0.8527861907116601 0.6184423115030219 0.91453757347543 2.6158777255121977 0 
0 0 1.2129724485053401 1.616575161543955 0.7013520445995457 0.9762293153812562 3.3777936086539015 0 
0 0 1.274406438223574 2.784685708859316 1.7910039878846074 1.367549746252613 2.825497137262252 0 
0 0 1.4041070863469551 2.8724740779400038 1.96813992503164 1.6379611239756824 2.6891761070345725 0 
0 0 2.0570083970600255 2.009170304676826 1.4839779910746533 1.1309485543759168 2.790765554381326 0 
0 0 1.3414777271104255 1.0600233090579692 0.7199878523569966 0.5059452274002338 1.7053907867452165 0 
0.0 0.0 0.0 0.0 0.0 0.0 0.0 0.0 

0.0 0.0 0.0 0.0 0.0 0.0 0.0 0.0 
0 0 0 0 0 0 0 0 
0 0 0 0 0 0 0 0 
0 0 0 0 0 0 0 0 
0 0 0 0 0 0 0 0 
0 0 0 0 0 0 0 0 
0 0 0 0 0 0 0 0 
0.0 0.0 0.0 0.0 0.0 0.0 0.0 0.0 

0.0 0.0 0.0 0.0 0.0 0.0 0.0 0.0 
0 0 0 0 0 0 0 0 
0 0 0 0 0 0.020460454899903502 0 0 
0 0 0 0 0 0 0 0 
0 0.14991581799916903 0 0 0 0 0 0 
0 0.2177547158739295 0 0 0 0 0 0 
0 0.32275407008471846 0 0 0 0 0 0 
0.0 0.0 0.0 0.0 0.0 0.0 0.0 0.0 

0.0 0.0 0.0 0.0 0.0 0.0 0.0 0.0 
0 0 0 0 0 0 0.8378937379645619 0 
0 0 0 0 0 0 0 0 
0 0 0 0 0 0 0 0 
0 0 0 0 0 0 0 0 
0 0 0 0 0 0 0 0 
0 0.8755762580153831 0 0 0 0 0 0 
0.0 0.0 0.0 0.0 0.0 0.0 0.0 0.0 

0.0 0.0 0.0 0.0 0.0 0.0 0.0 0.0 
0 0 0 0 0 0 0 0 
0 0 0 0 0 0 0 0 
0 0 0 0 0 0 0 0 
0 0 0 0 0 0 0 0 
0 0 0 0 0 0 0 0 
0 0 0 0 0 0 0 0 
0.0 0.0 0.0 0.0 0.0 0.0 0.0 0.0 

0.0 0.0 0.0 0.0 0.0 0.0 0.0 0.0 
0 2.2171987703041767 2.2201698456945573 2.7869881795219182 3.1174610367763362 3.446095973606572 2.432752875573188 0 
0 3.3574053494494844 3.5372106423802245 3.242645894972113 3.1309407804861262 4.077098889360003 3.330255811495144 0 
0 3.7545305685263886 4.290551382432604 3.979493626844021 3.5622365222071846 3.634719182636905 3.1269844877584196 0 
0 3.85281410118425 4.3822277536001835 3.540568996830909 3.5653297980560454 3.783733086827467 2.8736292916096957 0 
0 4.004038228308338 4.47364792851086 3.4991052111915772 3.314238149621426 3.3155363914923504 2.912598259297522 0 
0 2.2600534505246452 2.1361967424763724 2.0638178690041644 1.8870045743933026 1.840944622482858 1.5472047675441427 0 
0.0 0.0 0.0 0.0 0.0 0.0 0.0 0.0 

0.0 0.0 0.0 0.0 0.0 0.0 0.0 0.0 
0 1.4384741218889638 2.476492911068723 2.6370788650696904 2.802764551112831 2.843177431418398 2.5047274080866986 0 
0 0.5708491428747293 1.3517912741975433 2.325556232857898 1.25640143297275 1.6284248024002537 2.258285148149466 0 
0 0.3430742019198285 0.9201050106560544 2.0638759263334183 0.962028351340056 1.0563817494589631 2.6060428660211223 0 
0 0 1.2029783897897277 1.955362619654145 0.7342148796794292 0.6357588444472173 2.545848939288397 0 
0 0 1.4797118125759656 1.158215085386756 1.3551483166615887 0.6507641733439409 2.3551498336795267 0 
0 0 0.8608560663204419 0.8137047417653414 0.46986732857799507 0.37046720303519387 1.8022991338283836 0 
0.0 0.0 0.0 0.0 0.0 0.0 0.0 0.0 

0.0 0.0 0.0 0.0 0.0 0.0 0.0 0.0 
0 0.5957241433352778 0.38377021971475367 0.036961096993760156 0 0 0 0 
0 0.7065556051739109 0.36063170558099866 0.29963711211575883 0.8191254906673535 0.6952218960402223 0.745501050684387 0 
0 0.7842774241390011 0.016296429413609648 0.24844790870825362 1.3210089338410294 1.503036967818395 1.0713746746094563 0 
0 0.7476145454162385 0.3709359237461677 1.1876916028990196 1.0947759685708442 0.8572176801484711 0.8227898931034145 0 
0 0.24775490283062584 1.037003255722771 1.9285062060433469 1.2785426370206157 1.1068796473722762 0.6316054742331985 0 
0 1.6097821783488855 3.164774752355342 2.9723582541250977 2.5745772441030494 2.4151571032001797 2.2318133668776188 0 
0.0 0.0 0.0 0.0 0.0 0.0 0.0 0.0 

0.0 0.0 0.0 0.0 0.0 0.0 0.0 0.0 
0 1.1510692947865104 0.7509007189932075 0.8514602568805703 0.7970871251941558 0.6990941178358938 1.9183334117155102 0 
0 0.592282872334305 0 0.07302556391108572 0 0 0.8643804198247611 0 
0 0 0.22560268006767648 0 0 0 0.40065809288953114 0 
0 0 0.10319274262226452 0 0 0 0.6528605926561197 0 
0 0.3591451566670494 0.1436792043706996 0 0 0 0.6347913863202252 0 
0 1.225766757706857 0.35562229999198713 0.461250390084162 0.548241486842937 0.6104687891518119 1.1441435408173892 0 
0.0 0.0 0.0 0.0 0.0 0.0 0.0 0.0 

0.0 0.0 0.0 0.0 0.0 0.0 0.0 0.0 
0 0.24602588872831976 0.21173590009871712 0.9521002290914378 1.1862677808611761 0 0 0 
0 0.44695095908347926 0.46982759090266524 0 0 0 0 0 
0 0.6152289436834841 0 0 0 0 0 0 
0 0.08863373923974183 0 0 0 0 0 0 
0 0.02247744901197901 0 0 0 0 0 0 
0 0 0 0 0 0 0 0 
0.0 0.0 0.0 0.0 0.0 0.0 0.0 0.0 

0.0 0.0 0.0 0.0 0.0 0.0 0.0 0.0 
0 1.4209841709981743 1.6287832883074682 1.414047566518997 1.6849022359156969 1.1659560803067441 1.4482017222350323 0 
0 0.43980433321917856 0.552860403515113 0.9633256896636857 1.0318897281720285 0.07407746624898692 0.5840280211556226 0 
0 0.29572020126111775 0 0.09691090985086426 0.5367696137322793 0.4531111854538312 0.49343385585671773 0 
0 0.03857912370859795 0 0.25472589708265536 0.19902786063425637 0.5066661185867167 0.7659744869392502 0 
0 0 0 0.5155993792328291 0.6857094332152534 0.7199234468839233 0.48570651274287435 0 
0 0.7195485747851813 0.673581178420052 1.0014430744997505 1.214665972540102 1.320839467131585 1.1633953688208296 0 
0.0 0.0 0.0 0.0 0.0 0.0 0.0 0.0 

0.0 0.0 0.0 0.0 0.0 0.0 0.0 0.0 
0 0 0 0 0 0 0 0 
0 0 0 0 0 0 0.4081993605886014 0 
0 0 0 0 0 0 0.6801477676093922 0 
0 0 0 0 0 0 0.6163048191948876 0 
0 0 0 0 0 0 0.7311835833436587 0 
0 0 0 0 0 0 0.10274203799033832 0 
0.0 0.0 0.0 0.0 0.0 0.0 0.0 0.0 

0.0 0.0 0.0 0.0 0.0 0.0 0.0 0.0 
0 0.24797344915585492 0 0 0 0 0.20578821834473685 0 
0 0.019545580316751077 0 0 0 0 0 0 
0 0 0 0 0 0 0 0 
0 0 0 0 0 0 0.15062475362081632 0 
0 0.2936245818622074 0 0 0 0 0.15958109889420555 0 
0 0.1594080677773039 0 0 0 0 0 0 
0.0 0.0 0.0 0.0 0.0 0.0 0.0 0.0 

0.0 0.0 0.0 0.0 0.0 0.0 0.0 0.0 
0 0.17224848351440578 0 0 0.28384713359821495 0.00958102302319818 0 0 
0 0.1697183583514813 0 0 0 0 0 0 
0 0.053414185011346024 0 0 0 0 0 0 
0 0 0 0 0 0 0 0 
0 0 0 0 0 0 0 0 
0 0 0 0 0 0 0 0 
0.0 0.0 0.0 0.0 0.0 0.0 0.0 0.0 

0.0 0.0 0.0 0.0 0.0 0.0 0.0 0.0 
0 2.0526910128986584 2.492189758338194 2.5363346423779833 2.226846214510569 2.435631573539905 3.412267686270223 0 
0 1.6410333564912105 3.2250504655536494 3.292462479709087 3.1986129257468807 2.2930695902205644 3.8752535911868757 0 
0 1.5264842538222636 3.728219291548262 2.9771523960187283 3.4917036951354783 2.828091114453768 3.1685026523458566 0 
0 1.3238330012727695 2.9051285327362386 3.760460340873416 3.8316161137574616 3.423186280074795 2.5218235680715564 0 
0 1.1675775606167669 2.8800130966730055 4.376006311608389 3.474705129256537 3.9875718316086193 3.0060239485199194 0 
0 1.1924169520752057 3.1841390754506005 3.3761992010729966 2.2858547329096974 2.831121503845236 2.7173855958753137 0 
0.0 0.0 0.0 0.0 0.0 0.0 0.0 0.0 

0.0 0.0 0.0 0.0 0.0 0.0 0.0 0.0 
0 0 0 0 0 0 0.7477230736635734 0 
0 0 0 0 0.11159010485583598 0 0 0 
0 0 0 0.15163496168211976 0 0 0 0 
0 0 0 0.2857907993144345 0 0 0 0 
0 0 0 0 0 0 0 0 
0 0.7506694398345004 1.093512755953898 0.9163824205906677 0.8395590110089408 0.7015809117216146 0.20578009842426548 0 
0.0 0.0 0.0 0.0 0.0 0.0 0.0 0.0 

0.0 0.0 0.0 0.0 0.0 0.0 0.0 0.0 
0 1.0020474224190892 0.31155463604079825 0 0 0 0 0 
0 0.6571962340564008 0 0 0 0 0 0 
0 0.9521511981618793 0 0 0 0 0 0 
0 0.30456615169916984 0 0 0 0 0 0 
0 0 0 0 0 0 0 0 
0 0 0 0 0 0 0 0 
0.0 0.0 0.0 0.0 0.0 0.0 0.0 0.0 

0.0 0.0 0.0 0.0 0.0 0.0 0.0 0.0 
0 0 0 0 0 0 1.1458478429112116 0 
0 0 0 0 0 0 0.18221405389532622 0 
0 0 0 0 0 0 0.39217525386606944 0 
0 0 0 0 0 0 0.2543655673199309 0 
0 0 0 0 0 0 0.03869911496211796 0 
0 0 0 0 0.15307767894172616 0.066018094956867 0.801649272924339 0 
0.0 0.0 0.0 0.0 0.0 0.0 0.0 0.0 

