0 0 0 0 0 
0 35.53619502578794 37.026854477527536 30.506307060710565 0
0 53.23290737685387 56.49507847362783 48.40378321389897 0
0 65.9858017356999 65.9858017356999 48.40378321389897 0
0 0 0 0 0 

0 0 0 0 0 
0 0.0 0.0 0.0 0
0 2.3613461513713356 2.8656736366351705 0.08012554079745948 0
0 13.201757447269655 2.8656736366351705 0.08012554079745948 0
0 0 0 0 0 

0 0 0 0 0 
0 12.408963325102462 20.504582039299574 20.504582039299574 0
0 9.749970288814085 20.504582039299574 20.504582039299574 0
0 15.931517454305531 20.328098289897678 19.269521655474804 0
0 0 0 0 0 

0 0 0 0 0 
0 3.2340411486619094 3.2340411486619094 1.1585597830475902 0
0 2.1480333149778086 0.0 0.0 0
0 2.1480333149778086 0.0 0.0 0
0 0 0 0 0 

0 0 0 0 0 
0 45.92520025398145 45.92520025398145 32.836669400593145 0
0 69.23425575418987 69.23425575418987 51.87058323166431 0
0 83.84194912681929 83.84194912681929 51.87058323166431 0
0 0 0 0 0 

0 0 0 0 0 
0 0.0 0.0 0.12367565668143954 0
0 0.0 0.0 0.0 0
0 0.0 0.0 0.0 0
0 0 0 0 0 

0 0 0 0 0 
0 3.714352695886252 0.0 0.0 0
0 7.493283528735759 0.0 0.0 0
0 7.493283528735759 0.0 0.0 0
0 0 0 0 0 

0 0 0 0 0 
0 7.430280874095172 6.0053710430184095 6.0053710430184095 0
0 11.191375901043825 11.191375901043825 7.283315425750625 0
0 11.191375901043825 11.191375901043825 7.283315425750625 0
0 0 0 0 0 

0 0 0 0 0 
0 45.03367991643015 49.640186545578494 43.18788540276153 0
0 75.61699585325789 75.61699585325789 56.73557716981681 0
0 85.15112327724154 85.15112327724154 56.73557716981681 0
0 0 0 0 0 

0 0 0 0 0 
0 5.563762059329495 1.9474737068858499 0.0 0
0 9.46398570241724 6.485196375721623 7.652024786429225 0
0 26.255147221680584 26.255147221680584 16.886281344953858 0
0 0 0 0 0 

0 0 0 0 0 
0 4.979358138295645 0.29939427918415995 0.29939427918415995 0
0 1.060370522301632 0.0 0.0 0
0 0.0 0.0 0.0 0
0 0 0 0 0 

0 0 0 0 0 
0 8.926107694673012 8.660021480425112 4.360196621813605 0
0 16.415346937222196 5.976713873305344 0.0 0
0 16.415346937222196 5.976713873305344 0.0 0
0 0 0 0 0 

0 0 0 0 0 
0 27.14363153736324 27.14363153736324 20.502686966039562 0
0 43.89235099921159 43.89235099921159 26.88713248815947 0
0 49.351733540838204 49.351733540838204 26.89538819438491 0
0 0 0 0 0 

0 0 0 0 0 
0 0.0 6.507528184399507 7.483207628174793 0
0 1.1012377161756284 9.607340331231377 9.059471362101526 0
0 2.9397989889549607 9.607340331231377 7.523535160923031 0
0 0 0 0 0 

0 0 0 0 0 
0 0.0 0.0 0.0 0
0 0.0 0.0 0.0 0
0 0.0 0.0 0.0 0
0 0 0 0 0 

0 0 0 0 0 
0 0.0 0.0 0.0 0
0 0.0 0.0 0.0 0
0 0.0 0.0 0.0 0
0 0 0 0 0 

0 0 0 0 0 
0 42.04123599729336 42.04123599729336 32.63667165153976 0
0 64.43810265306814 65.55063975737227 55.85820655008455 0
0 82.56584309028179 82.56584309028179 55.85820655008455 0
0 0 0 0 0 

0 0 0 0 0 
0 0.0 0.0 0.0 0
0 0.0 0.0 0.0 0
0 0.0 0.0 0.0 0
0 0 0 0 0 

0 0 0 0 0 
0 0.0 0.0 0.0 0
0 0.0 0.0 0.0 0
0 0.0 0.0 0.0 0
0 0 0 0 0 

0 0 0 0 0 
0 0.0 0.0 0.23792036847827658 0
0 0.0 0.0 0.3338161817727382 0
0 19.22777367904455 19.22777367904455 3.7478999399227773 0
0 0 0 0 0 
