0 0 0 0 0 0 0 0 
0 1.556545661189123 1.721531480271321 1.721531480271321 1.466572238406747 1.385752455818979 1.4338622550857982 0
0 1.556545661189123 1.721531480271321 1.721531480271321 1.466572238406747 1.412888974711941 1.4338622550857982 0
0 1.5227849516786287 1.5227849516786287 1.3676338232710883 1.412888974711941 1.412888974711941 1.38078177 0
0 1.4677098810331397 1.5124613556019488 1.4533831166321733 1.4524202159750415 1.4524202159750415 1.3725597087830832 0
0 1.4193008646527494 1.4533831166321733 1.4533831166321733 1.4524202159750415 1.4524202159750415 1.38078177 0
0 1.544020173654847 1.4209221239963867 1.3848261612336388 1.3915486991027237 1.3914255522092578 1.389578722838738 0
0 0 0 0 0 0 0 0 

0 0 0 0 0 0 0 0 
0 0.5061591599365929 0.5061591599365929 0.5702717208092547 0.6056733471330595 0.6161248093572251 0.6105067537269436 0
0 0.6326557358436379 0.5900834782959355 0.6117441106052812 0.6229835982271132 0.6229835982271132 0.6159713361137678 0
0 0.6326557358436379 0.6037576488454053 0.6117441106052812 0.622167069241856 0.6159713361137678 0.6159713361137678 0
0 0.6290634872472994 0.6290634872472994 0.5829660948402807 0.6028516417169355 0.5953191913413637 0.6177925189564145 0
0 0.6203289204597974 0.5748843964625756 0.5565823950661923 0.6186606330273069 0.5981262151846003 0.6177925189564145 0
0 0.5813489463370637 0.5315152235328765 0.5890908001275514 0.6186606330273069 0.6130235505479426 0.615792337510088 0
0 0 0 0 0 0 0 0 

0 0 0 0 0 0 0 0 
0 0.0 0.0 0.0 0.0 0.0 0.0 0
0 0.0 0.0477252076156435 0.0477252076156435 0.0 0.0 0.0 0
0 0.0 0.0477252076156435 0.0477252076156435 0.0 0.0 0.0 0
0 0.0 0.021615667027781532 0.07719363201533883 0.07719363201533883 0.012956630365621252 0.012956630365621252 0
0 0.0 0.04878039202457077 0.057242067477302344 0.02882873947036252 0.013081668271056598 0.013081668271056598 0
0 0.04079041797108257 0.16911139886769533 0.16911139886769533 0.0 0.0 0.0 0
0 0 0 0 0 0 0 0 

0 0 0 0 0 0 0 0 
0 0.07802948904338167 0.13394352454888311 0.4617355279505134 0.3801190095906245 0.15893259856739528 0.12158569117718121 0
0 0.2534121993867796 0.3381219812920291 0.1760142280476824 0.150402022959736 0.17057004443327295 0.12158569117718121 0
0 0.2042669703672586 0.3381219812920291 0.3322326376485048 0.3244486996161755 0.18257310963145523 0.18257310963145523 0
0 0.17374714778922223 0.2148850748895032 0.3322326376485048 0.3244486996161755 0.3170402872683492 0.2614240285651315 0
0 0.31067183823284544 0.4849542497859417 0.4849542497859417 0.18309394553447061 0.2513721022223216 0.1820675975482688 0
0 0.31067183823284544 0.4849542497859417 0.4849542497859417 0.15881898931914945 0.1234564422924362 0.1234564422924362 0
0 0 0 0 0 0 0 0 

0 0 0 0 0 0 0 0 
0 0.900126264802954 0.8206201109670215 0.9055453925462748 0.9357516024030288 0.9467284759239956 0.9372339624772148 0
0 0.9731514163260769 1.0731704371097281 0.9502845510678977 0.9625459502260127 0.9718727954265578 0.9495118310400322 0
0 0.9356998712476516 1.0731704371097281 1.0261756812939373 1.0261756812939373 0.9819032518013507 0.9622095934253806 0
0 0.9834837323281677 0.9834837323281677 1.0261756812939373 1.0261756812939373 1.0215184747869406 1.0215184747869406 0
0 1.0206154506735738 1.0975240614703714 1.0975240614703714 0.9485982902803207 0.9881774023406336 0.9438263918666153 0
0 1.062475259425568 1.1969622990557789 1.1969622990557789 0.9485982902803207 0.9485982902803207 0.9538885430383193 0
0 0 0 0 0 0 0 0 

0 0 0 0 0 0 0 0 
0 0.0 0.0 0.0 0.0 0.0 0.0 0
0 0.0 0.0 0.0 0.0 0.0 0.0 0
0 0.0 0.0 0.0 0.0 0.0 0.0 0
0 0.0 0.0 0.0 0.0 0.0 0.0 0
0 0.0 0.0 0.0 0.0 0.0 0.0 0
0 0.0 0.0 0.0 0.0 0.0 0.0 0
0 0 0 0 0 0 0 0 

0 0 0 0 0 0 0 0 
0 0.5391274947158782 0.6733550779212986 0.4293465971094973 0.31659362577084876 0.3382744356803949 0.39303693248358473 0
0 0.33005563096603663 0.29024919618801903 0.31889163991971387 0.3626308661813785 0.3626308661813785 0.346898222974952 0
0 0.33005563096603663 0.3267838763812812 0.3267838763812812 0.324257397156331 0.346898222974952 0.346898222974952 0
0 0.3298363002067278 0.3298363002067278 0.3125347911517951 0.32044297575025565 0.3137236219313351 0.3404689719378486 0
0 0.31711794101559637 0.31711794101559637 0.3125347911517951 0.3248207905994264 0.3539317195473118 0.3539317195473118 0
0 0.3834445411083476 0.38661666655053 0.3864363813863495 0.36459307620036974 0.36459307620036974 0.3623115605436616 0
0 0 0 0 0 0 0 0 

0 0 0 0 0 0 0 0 
0 2.1029574221925933 2.0567426423442607 2.0567426423442607 2.021195318375823 2.0142068112968596 2.022663864713662 0
0 2.0015286115890265 1.996330656390872 2.020652103662593 2.021195318375823 2.0142068112968596 1.999899004103368 0
0 2.018943486664108 2.018943486664108 1.9962749375557567 1.9962749375557567 1.999899004103368 1.999899004103368 0
0 2.018943486664108 2.018943486664108 1.9716104700712975 1.9755419561026308 1.9845760948605753 1.9971192136038636 0
0 1.9841131302389243 1.9841131302389243 1.9716104700712975 1.9930663185842052 1.9930219634715995 2.0001871686142576 0
0 2.0398334907360693 2.002866879582478 2.0047297631325662 2.008802259834574 2.008802259834574 2.009643160673698 0
0 0 0 0 0 0 0 0 

0 0 0 0 0 0 0 0 
0 0.0 0.0 0.0 0.0 0.0 0.0 0
0 0.0 0.0 0.0 0.0 0.0 0.0 0
0 0.0 0.0 0.0 0.0 0.0 0.0 0
0 0.0 0.0 0.0 0.0 0.0 0.0 0
0 0.0 0.0 0.0 0.0 0.0 0.0 0
0 0.0 0.0 0.0 0.0 0.0 0.0 0
0 0 0 0 0 0 0 0 

0 0 0 0 0 0 0 0 
0 0.6650410423707629 0.6167078173270475 0.435951254633891 0.5112619899114216 0.5588704984535422 0.5714609728870667 0
0 0.6650410423707629 0.6167078173270475 0.5817871775778707 0.5487395871527844 0.5588704984535422 0.5714609728870667 0
0 0.582217338918472 0.582217338918472 0.5265408510073755 0.5822651145282465 0.5761143876708891 0.5761143876708891 0
0 0.5752793016852445 0.5691386695971239 0.4855048167865099 0.5451942917035227 0.5761143876708891 0.5761143876708891 0
0 0.5752793016852445 0.5803634621366681 0.514834209753755 0.5398370350019754 0.5398370350019754 0.53359699 0
0 0.5298582354015587 0.5298582354015587 0.49366533167194704 0.518996476832618 0.518996476832618 0.53359699 0
0 0 0 0 0 0 0 0 

0 0 0 0 0 0 0 0 
0 0.5334526967696902 0.518614962295054 0.4509775298525192 0.43058544665077286 0.4137180627082759 0.428322167835821 0
0 0.3732890462851117 0.5042463432508658 0.40589633845201356 0.3888945355430155 0.4112052044804396 0.40345108975830646 0
0 0.40439703547095024 0.40589633845201356 0.4791952247093649 0.4791952247093649 0.4457000349463292 0.4457000349463292 0
0 0.40439703547095024 0.40439703547095024 0.45066691089604777 0.45066691089604777 0.4457000349463292 0.4457000349463292 0
0 0.39674152397800494 0.4447163115312932 0.4447163115312932 0.36752583068099964 0.34571294640952593 0.38837066 0
0 0.39674152397800494 0.4447163115312932 0.4447163115312932 0.3908684650544269 0.3934284541290608 0.41248385786790326 0
0 0 0 0 0 0 0 0 

0 0 0 0 0 0 0 0 
0 0.8675173382902188 0.9136358907716875 0.8066072742391307 0.496327850201893 0.5142311439904562 0.5208605298456835 0
0 0.8675173382902188 0.9136358907716875 0.8066072742391307 0.496327850201893 0.5142311439904562 0.5208605298456835 0
0 0.5041207868716765 0.5041207868716765 0.5014151922675013 0.5168629478185087 0.5373855153531898 0.5373855153531898 0
0 0.5041207868716765 0.5041207868716765 0.3950912403346457 0.4568553909541046 0.5373855153531898 0.5373855153531898 0
0 0.47986020604132396 0.45471429313380896 0.39489565226646717 0.4556291804935817 0.4426180028218156 0.4801236607816632 0
0 0.44479394784736964 0.44479394784736964 0.4014342222877113 0.4210016766037275 0.45952757065333283 0.4773970273031754 0
0 0 0 0 0 0 0 0 

0 0 0 0 0 0 0 0 
0 0.704171297658013 0.846683895650237 0.8221527629960472 0.71741471470989 0.612278467745017 0.6350054489994739 0
0 0.7763643287141121 0.7763643287141121 0.631657554076371 0.6632396339372557 0.6632396339372557 0.600136273969375 0
0 0.7189308904194645 0.7444286455903926 0.7903706839745108 0.664813309595201 0.67852692624485 0.6587632219336992 0
0 0.6728231922211866 0.7444286455903926 0.7903706839745108 0.7316120503093573 0.7549834295952598 0.6587632219336992 0
0 0.7417026771095583 0.8895980006371955 0.8014861903184746 0.6282520863516236 0.6524217982960048 0.5987981 0
0 0.7417026771095583 0.8895980006371955 0.8014861903184746 0.6282520863516236 0.6100292949291509 0.6156180712870376 0
0 0 0 0 0 0 0 0 

0 0 0 0 0 0 0 0 
0 0.0 0.18017837119962166 0.10335622510915032 0.0 0.0 0.0 0
0 0.0 0.0 0.0 0.0 0.0 0.0 0
0 0.0 0.0 0.0 0.0 0.0 0.0 0
0 0.0 0.0 0.0 0.0 0.0 0.0 0
0 0.0 0.010902015724481684 0.0 0.0 0.0 0.0 0
0 0.2809500936465106 0.2809500936465106 0.15254451198934438 0.0 0.0 0.0 0
0 0 0 0 0 0 0 0 

0 0 0 0 0 0 0 0 
0 0.0 0.0 0.0 0.0 0.0 0.0 0
0 0.0 0.0 0.0 0.0 0.0 0.0 0
0 0.0 0.0 0.0 0.0 0.0 0.0 0
0 0.0 0.0 0.0 0.0 0.0 0.0 0
0 0.0 0.0 0.0 0.0 0.0 0.0 0
0 0.0 0.0 0.0 0.0 0.0 0.0 0
0 0 0 0 0 0 0 0 

0 0 0 0 0 0 0 0 
0 0.42264710690975527 0.42264710690975527 0.3645111802573449 0.25197891717205545 0.2396803365460844 0.2576737753907576 0
0 0.42264710690975527 0.42264710690975527 0.3645111802573449 0.25197891717205545 0.2396803365460844 0.2576737753907576 0
0 0.22662006830242967 0.1485747533561485 0.2181640895860143 0.21944545099989568 0.24707346057230198 0.22968592449600964 0
0 0.2323534978078135 0.2323534978078135 0.1873990596474881 0.21944545099989568 0.24707346057230198 0.2277099321426559 0
0 0.23350886236478277 0.24517445962345075 0.24517445962345075 0.1899279317029033 0.2012072746524144 0.22966208 0
0 0.3584658570702818 0.3584658570702818 0.20799709959501808 0.22517155474472658 0.24645566433608787 0.24904465549807978 0
0 0 0 0 0 0 0 0 

0 0 0 0 0 0 0 0 
0 0.0 0.0 0.0 0.0 0.0 0.0 0
0 0.0 0.0 0.0 0.0 0.0 0.0 0
0 0.0 0.0 0.0 0.0 0.0 0.0 0
0 0.0 0.0 0.0 0.0 0.0 0.0 0
0 0.0 0.0 0.0 0.0 0.0 0.0 0
0 0.0 0.0 0.0 0.0 0.0 0.0 0
0 0 0 0 0 0 0 0 

0 0 0 0 0 0 0 0 
0 0.0 0.10726964762485436 0.01367048431388308 0.01367048431388308 0.03886841548364292 0.047621584926502494 0
0 0.31154669846260047 0.31154669846260047 0.10647673371264343 0.1403705378847522 0.059163392510236446 0.03973550665167474 0
0 0.32674229581020403 0.32674229581020403 0.161107773957887 0.10387286842994828 0.059163392510236446 0.03973550665167474 0
0 0.18804502191709804 0.22569143983506523 0.2071444932951728 0.21985358326166352 0.21985358326166352 0.015786252008411647 0
0 0.15378745304869915 0.1840858558161047 0.1840858558161047 0.21985358326166352 0.21985358326166352 0.05740444474953581 0
0 0.2973558208407048 0.3426174479680258 0.07590282426682551 0.07590282426682551 0.0734145237496644 0.04233918687654077 0
0 0 0 0 0 0 0 0 

0 0 0 0 0 0 0 0 
0 0.0 0.0 0.0 0.0 0.0 0.0 0
0 0.0 0.0 0.0 0.0 0.0 0.0 0
0 0.0 0.0 0.0 0.0 0.0 0.0 0
0 0.0 0.0 0.0 0.0 0.0 0.0 0
0 0.0 0.0 0.0 0.0 0.0 0.0 0
0 0.0 0.0 0.0 0.0 0.0 0.0 0
0 0 0 0 0 0 0 0 

0 0 0 0 0 0 0 0 
0 0.0 0.0 0.0 0.0 0.0 0.0 0
0 0.0 0.0 0.0 0.0 0.0 0.0 0
0 0.0 0.0 0.0 0.0 0.0 0.0 0
0 0.0 0.0 0.0 0.0 0.0 0.0 0
0 0.0 0.0 0.0 0.0 0.0 0.0 0
0 0.0 0.0 0.0 0.0 0.0 0.0 0
0 0 0 0 0 0 0 0 

0 0 0 0 0 0 0 0 
0 0.0 0.0 0.0 0.0 0.0 0.0 0
0 0.0 0.0 0.0 0.0 0.0 0.0 0
0 0.0 0.0 0.0 0.0 0.0 0.0 0
0 0.0 0.0 0.0 0.0 0.0 0.0 0
0 0.0 0.0 0.0 0.0 0.0 0.0 0
0 0.0 0.0 0.0 0.0 0.0 0.0 0
0 0 0 0 0 0 0 0 

0 0 0 0 0 0 0 0 
0 0.0 0.0 0.0 0.0 0.0 0.0 0
0 0.0 0.0 0.0 0.0 0.0 0.0 0
0 0.0 0.0 0.0 0.0 0.0 0.0 0
0 0.0 0.0 0.0 0.0 0.0 0.0 0
0 0.0 0.0 0.0 0.0 0.0 0.0 0
0 0.0 0.0 0.0 0.0 0.0 0.0 0
0 0 0 0 0 0 0 0 

0 0 0 0 0 0 0 0 
0 0.4386996235672158 0.49173772736009463 0.6219845802837652 0.5246498185108661 0.44371389707886083 0.39207689792979844 0
0 0.512973540595936 0.512973540595936 0.47942629991915375 0.44371389707886083 0.44371389707886083 0.3975507518652221 0
0 0.47118023635616624 0.5407384391380173 0.5409419896220219 0.464314637962382 0.47759095649805317 0.4440166590173261 0
0 0.42579405649463764 0.5407384391380173 0.5409419896220219 0.4703015536196183 0.489893565454369 0.4637648097631732 0
0 0.5700544057914504 0.6184407808951412 0.48976148143889975 0.4583875766995279 0.43335056441137254 0.413024929830128 0
0 0.5700544057914504 0.6184407808951412 0.48976148143889975 0.44014284352597705 0.41022797220108287 0.41022797220108287 0
0 0 0 0 0 0 0 0 

0 0 0 0 0 0 0 0 
0 0.0 0.0 0.0 0.0 0.0 0.0 0
0 0.0 0.0 0.0 0.0 0.0 0.0 0
0 0.0 0.0 0.0 0.0 0.0 0.0 0
0 0.0 0.0 0.0 0.0 0.0 0.0 0
0 0.0 0.0 0.0 0.0 0.0 0.0 0
0 0.0 0.0 0.0 0.0 0.0 0.0 0
0 0 0 0 0 0 0 0 

0 0 0 0 0 0 0 0 
0 0.5847611950643111 0.6846928877084875 0.6846928877084875 0.5752160053130642 0.5211145603399132 0.5038216537197138 0
0 0.5847611950643111 0.6846928877084875 0.6846928877084875 0.5752160053130642 0.5211145603399132 0.5038216537197138 0
0 0.4990300379199767 0.6056966229920795 0.554296192635493 0.5055729734650322 0.513791798990651 0.4772287678981862 0
0 0.5227423772992935 0.5227423772992935 0.554296192635493 0.5055729734650322 0.5537587757227601 0.5046735095766601 0
0 0.5663260905085977 0.5857892033359179 0.5857892033359179 0.4915636029866201 0.4915636029866201 0.45829785 0
0 0.5663260905085977 0.5857892033359179 0.5857892033359179 0.46233259110943115 0.46696763985445483 0.4689540035391813 0
0 0 0 0 0 0 0 0 

0 0 0 0 0 0 0 0 
0 0.6212304811606494 0.5081077403133747 0.19972092224668725 0.3725881208945957 0.5039068077941722 0.5642160655193258 0
0 0.6212304811606494 0.5791292324529878 0.4934123757533494 0.5392289379109949 0.5213664891732465 0.5642160655193258 0
0 0.6358608224469391 0.6358608224469391 0.5322707370508928 0.5319720820829084 0.5166939365431277 0.5166939365431277 0
0 0.5269573269491397 0.5322707370508928 0.5322707370508928 0.5406265387437 0.5406265387437 0.4912943268961658 0
0 0.5411256840740869 0.5091247925288532 0.5091247925288532 0.5406265387437 0.5406265387437 0.5205107853454822 0
0 0.5153271452745142 0.486232265414924 0.4934099936526111 0.5003272998331537 0.5145440469320626 0.5145440469320626 0
0 0 0 0 0 0 0 0 

0 0 0 0 0 0 0 0 
0 0.0 0.0 0.0 0.0 0.0 0.0 0
0 0.0 0.0 0.0 0.0 0.0 0.0 0
0 0.0 0.0 0.0 0.0 0.0 0.0 0
0 0.0 0.0 0.0 0.0 0.0 0.0 0
0 0.0 0.0 0.0 0.0 0.0 0.0 0
0 0.0 0.0 0.0 0.0 0.0 0.0 0
0 0 0 0 0 0 0 0 

0 0 0 0 0 0 0 0 
0 0.0 0.0 0.0 0.0 0.0 0.0 0
0 0.0 0.0 0.0 0.0 0.0 0.0 0
0 0.0 0.0 0.0 0.0 0.0 0.0 0
0 0.0 0.0 0.0 0.0 0.0 0.0 0
0 0.0 0.0 0.0 0.0 0.0 0.0 0
0 0.0 0.0 0.0 0.0 0.0 0.0 0
0 0 0 0 0 0 0 0 

0 0 0 0 0 0 0 0 
0 0.2383569276793434 0.24031760118584888 0.24031760118584888 0.1487262621325885 0.12281204246586164 0.15416583134252232 0
0 0.2383569276793434 0.24031760118584888 0.24031760118584888 0.14626473929737283 0.13361955763020242 0.15416583134252232 0
0 0.22372173069168888 0.22372173069168888 0.12759784680011405 0.14626473929737283 0.1205501867485206 0.1205501867485206 0
0 0.154125275852591 0.1652960757279974 0.1652960757279974 0.18577340293433792 0.18577340293433792 0.10522626253310963 0
0 0.1767386651356215 0.1692877267286614 0.11397658693474882 0.18555808268042984 0.18555808268042984 0.12095908171455744 0
0 0.2537982343237526 0.2537982343237526 0.11313596388415909 0.11953190210627945 0.12725657168264495 0.13278903620417676 0
0 0 0 0 0 0 0 0 

0 0 0 0 0 0 0 0 
0 0.0 0.0 0.0 0.0 0.0 0.0 0
0 0.0 0.0 0.0 0.0 0.0 0.0 0
0 0.0 0.0 0.0 0.0 0.0 0.0 0
0 0.0 0.0 0.0 0.0 0.0 0.0 0
0 0.0 0.0 0.0 0.0 0.0 0.0 0
0 0.0 0.0 0.0 0.0 0.0 0.0 0
0 0 0 0 0 0 0 0 

0 0 0 0 0 0 0 0 
0 0.0 0.0 0.0 0.0 0.0 0.0 0
0 0.0 0.0 0.0 0.0 0.0 0.0 0
0 0.0 0.0 0.0 0.0 0.0 0.0 0
0 0.0 0.0 0.0 0.0 0.0 0.0 0
0 0.0 0.0 0.0 0.0 0.0 0.0 0
0 0.0 0.0 0.0 0.0 0.0 0.0 0
0 0 0 0 0 0 0 0 

0 0 0 0 0 0 0 0 
0 0.0 0.0 0.0 0.0 0.0 0.0 0
0 0.0 0.0 0.0 0.0 0.0 0.0 0
0 0.0 0.0 0.0 0.0 0.0 0.0 0
0 0.0 0.0 0.0 0.0 0.0 0.0 0
0 0.0 0.0 0.0 0.0 0.0 0.0 0
0 0.0 0.0 0.0 0.0 0.0 0.0 0
0 0 0 0 0 0 0 0 
