0 0 0 0 0 0 0 0 0 0 0 0 0 0 0 0 0 0 0 0 0 0 0 0 0 0 
0 0.3523937362465054 0.4289437694007794 0.6203188522864644 0.7160063937293069 0.4672187859779164 0.6777313771521699 0.5820438357093274 0.5054938025550534 0.7160063937293069 0.5054938025550534 0.5054938025550534 0.8308314434607179 0.7734189185950124 0.7734189185950124 0.7925564268835809 0.6394563605750329 0.6968688854407384 0.7734189185950124 0.6011813439978959 0.5629063274207589 0.8116939351721494 0.7734189185950124 0.8116939351721494 0.7160063937293069 0 
0 0.23756868651509436 0.29498121138079986 0.7160063937293069 0.6968688854407384 0.6394563605750329 0.6011813439978959 0.5820438357093274 0.48635629426648486 0.5437688191321904 0.5820438357093274 0.5820438357093274 0.6203188522864644 0.6011813439978959 0.6968688854407384 0.5437688191321904 0.7542814103064439 0.6394563605750329 0.5629063274207589 0.6394563605750329 0.6585938688636014 0.8882439683264234 0.9073814766149919 0.8499689517492864 0.9647940014806974 0 
0 0.18015616164938886 0.33325622795793686 0.8499689517492864 0.6968688854407384 0.5629063274207589 0.5629063274207589 0.5437688191321904 0.6011813439978959 0.44808127768934786 0.6777313771521699 0.7351439020178754 0.6968688854407384 0.7160063937293069 0.6585938688636014 0.7925564268835809 0.8882439683264234 0.7542814103064439 0.7351439020178754 0.7351439020178754 0.8116939351721494 0.7351439020178754 0.7925564268835809 0.7542814103064439 0.6968688854407384 0 
0 0.25670619480366286 0.5629063274207589 0.7734189185950124 0.9647940014806974 0.7160063937293069 0.6011813439978959 0.5820438357093274 0.6203188522864644 0.6585938688636014 0.5629063274207589 0.5437688191321904 0.7160063937293069 0.8308314434607179 0.6777313771521699 0.7160063937293069 0.9073814766149919 0.6777313771521699 0.8116939351721494 0.7160063937293069 0.7925564268835809 0.4289437694007794 0.5437688191321904 0.7925564268835809 0.8116939351721494 0 
0 0.29498121138079986 0.33325622795793686 0.33325622795793686 0.6011813439978959 0.40980626111221086 0.3141187196693684 0.33325622795793686 0.33325622795793686 0.4289437694007794 0.21843117822652586 0.25670619480366286 0.44808127768934786 0.5437688191321904 0.37153124453507386 0.4289437694007794 0.5437688191321904 0.3523937362465054 0.5629063274207589 0.40980626111221086 0.5437688191321904 0.7734189185950124 0.7160063937293069 0.5629063274207589 0.5629063274207589 0 
0 0.21843117822652586 0.23756868651509436 0.40980626111221086 0.33325622795793686 -0.06863144610200166 -0.049493937813433156 -0.16431898754484417 -0.049493937813433156 -0.16431898754484417 -0.24086902069911817 -0.10690646267913866 -0.011218921236296153 0.14188114507225186 0.14188114507225186 0.10360612849511486 -0.030356429524864656 -0.030356429524864656 0.06533111191797786 -0.049493937813433156 0.14188114507225186 0.7925564268835809 0.7734189185950124 0.5629063274207589 0.5820438357093274 0 
0 0.2758437030922314 0.3523937362465054 0.44808127768934786 0.29498121138079986 -0.049493937813433156 0.02705609534084085 0.007918587052272347 -0.08776895439057016 0.007918587052272347 0.08446862020654636 0.18015616164938886 0.2758437030922314 0.21843117822652586 0.10360612849511486 0.02705609534084085 0.06533111191797786 0.02705609534084085 0.18015616164938886 0.16101865336082036 0.25670619480366286 0.6777313771521699 0.6968688854407384 0.7160063937293069 0.7160063937293069 0 
0 0.4672187859779164 0.21843117822652586 0.29498121138079986 0.44808127768934786 0.3906687528236424 0.3906687528236424 0.40980626111221086 0.4289437694007794 0.48635629426648486 0.5437688191321904 0.6585938688636014 0.6585938688636014 0.6585938688636014 0.6394563605750329 0.5629063274207589 0.5054938025550534 0.48635629426648486 0.5246313108436219 0.6394563605750329 0.6394563605750329 0.5437688191321904 0.5629063274207589 0.6394563605750329 0.5820438357093274 0 
0 -0.10690646267913866 -0.5087941367390771 -0.18345649583341267 0.6585938688636014 0.7542814103064439 0.6203188522864644 0.5246313108436219 0.5629063274207589 0.6203188522864644 0.6585938688636014 0.6968688854407384 0.7160063937293069 0.6968688854407384 0.6394563605750329 0.6011813439978959 0.5629063274207589 0.5629063274207589 0.6011813439978959 0.6394563605750329 0.6203188522864644 0.6203188522864644 0.6585938688636014 0.6968688854407384 0.7351439020178754 0 
0 -0.5087941367390771 -0.8149942693561733 -1.2360194517046803 -0.9489568273761527 -0.26000652898768667 0.3523937362465054 0.6777313771521699 0.6777313771521699 0.6203188522864644 0.6585938688636014 0.7160063937293069 0.7734189185950124 0.7734189185950124 0.7734189185950124 0.7925564268835809 0.7542814103064439 0.7160063937293069 0.7160063937293069 0.7734189185950124 0.7542814103064439 0.7351439020178754 0.7160063937293069 0.7160063937293069 0.7160063937293069 0 
0 0.6777313771521699 0.48635629426648486 -0.33655656214196067 -1.2742944682818171 -1.4273945345903654 -1.0446443688189953 -0.3174190538533922 0.3906687528236424 0.6968688854407384 0.8116939351721494 0.869106460037855 0.869106460037855 0.869106460037855 0.869106460037855 0.869106460037855 0.7734189185950124 0.6777313771521699 0.6777313771521699 0.6777313771521699 0.6203188522864644 0.5820438357093274 0.6011813439978959 0.6011813439978959 0.6011813439978959 0 
0 0.7351439020178754 0.7925564268835809 0.8116939351721494 0.3523937362465054 -0.7958567610676047 -1.4273945345903654 -1.2551569599932488 -0.5853441698933511 0.2758437030922314 0.8308314434607179 0.945656493192129 0.8882439683264234 0.8308314434607179 0.7925564268835809 0.7734189185950124 0.7734189185950124 0.6968688854407384 0.7160063937293069 0.7351439020178754 0.6968688854407384 0.6585938688636014 0.6968688854407384 0.6777313771521699 0.6203188522864644 0 
0 0.8882439683264234 0.9073814766149919 0.945656493192129 1.06048154292354 0.3141187196693684 -1.2742944682818171 -1.5804946008989134 -1.2934319765703857 -1.0255068605304267 -0.3556940704305292 0.4289437694007794 0.8499689517492864 0.9073814766149919 0.8308314434607179 0.7351439020178754 0.6777313771521699 0.6585938688636014 0.6777313771521699 0.6777313771521699 0.6777313771521699 0.6777313771521699 0.6968688854407384 0.6585938688636014 0.6203188522864644 0 
0 1.0222065263464029 1.0222065263464029 1.0030690180578343 0.945656493192129 0.8499689517492864 -0.6618942030476253 -1.6761821423417558 -1.3699820097246598 -1.4273945345903654 -1.4273945345903654 -1.1403319102618377 -0.5087941367390771 0.16101865336082036 0.6011813439978959 0.8499689517492864 0.8499689517492864 0.6968688854407384 0.6394563605750329 0.7351439020178754 0.7160063937293069 0.6777313771521699 0.6777313771521699 0.6394563605750329 0.6203188522864644 0 
0 1.0222065263464029 1.0030690180578343 1.0030690180578343 0.945656493192129 1.0030690180578343 -0.41310659529623467 -1.6570446340531872 -1.3699820097246598 -1.4465320428789337 -1.4273945345903654 -1.3891195180132283 -1.4465320428789337 -1.3317069931475227 -0.9872318439532898 -0.5279316450276457 -0.06863144610200166 0.08446862020654636 0.44808127768934786 0.8499689517492864 0.869106460037855 0.8308314434607179 0.7542814103064439 0.6777313771521699 0.6203188522864644 0 
0 1.0413440346349714 1.0222065263464029 1.0222065263464029 1.0413440346349714 0.869106460037855 -0.8724067942218787 -2.1354823412673998 -1.9249697500931462 -1.8292822086503038 -1.5804946008989134 -1.3699820097246598 -1.2551569599932488 -1.3125694848589542 -1.5039445677446392 -1.6953196506303243 -1.8484197169388723 -1.9249697500931462 -1.5613570926103448 -0.7001692196247622 0.007918587052272347 0.40980626111221086 0.6777313771521699 0.8116939351721494 0.7925564268835809 0 
0 0.9647940014806974 0.9839315097692659 0.9647940014806974 1.0222065263464029 -0.030356429524864656 -1.1020568936847008 -1.7910071920731667 -2.3268574241530846 -2.0589323081131257 -1.7335946672074614 -1.6187696174760502 -1.3508445014360912 -1.2934319765703857 -1.3891195180132283 -1.4082570263017968 -1.6379071257646187 -1.9823822749588518 -2.1546198495559685 -1.8484197169388723 -1.6570446340531872 -1.5422195843217763 -0.9872318439532898 -0.48965662845050867 -0.011218921236296153 0 
0 0.9265189849035604 0.9073814766149919 0.9647940014806974 0.7925564268835809 -0.18345649583341267 -0.3556940704305292 -0.14518147925627567 -1.1211944019732691 -2.173757357844537 -2.0206572915359886 -2.0780698164016944 -1.1977444351275432 -0.049493937813433156 0.02705609534084085 -0.5853441698933511 -1.6570446340531872 -1.1594694185504062 -0.8915443025104473 -1.3317069931475227 -1.7718696837845982 -1.7527321754960299 -0.5279316450276457 0.14188114507225186 0.08446862020654636 0 
0 0.9839315097692659 0.945656493192129 0.9647940014806974 0.9647940014806974 0.9839315097692659 1.0030690180578343 1.0796190512121084 0.5820438357093274 -0.2791440372762552 -0.24086902069911817 -0.20259400412198117 0.18015616164938886 0.8308314434607179 0.9073814766149919 0.6394563605750329 -0.08776895439057016 0.08446862020654636 0.37153124453507386 0.3523937362465054 0.007918587052272347 -0.049493937813433156 0.37153124453507386 0.6203188522864644 0.6777313771521699 0 
0 0.6394563605750329 0.5629063274207589 0.5054938025550534 0.4672187859779164 0.44808127768934786 0.37153124453507386 0.3906687528236424 0.2758437030922314 0.21843117822652586 0.21843117822652586 0.23756868651509436 0.2758437030922314 0.19929366993795736 0.02705609534084085 0.04619360362940935 0.16101865336082036 0.12274363678368336 0.04619360362940935 0.12274363678368336 0.21843117822652586 0.21843117822652586 0.02705609534084085 -0.12604397096770717 -0.16431898754484417 0 
0 -1.0829193853961323 -1.1786069268389747 -1.2360194517046803 -1.2551569599932488 -1.3508445014360912 -1.4082570263017968 -1.3508445014360912 -1.5039445677446392 -1.5613570926103448 -1.5422195843217763 -1.4465320428789337 -1.1020568936847008 -0.8724067942218787 -0.9680943356647213 -1.0063693522418582 -0.9872318439532898 -0.9680943356647213 -0.9298193190875842 -0.9106818107990157 -0.8724067942218787 -0.7958567610676047 -0.7575817444904677 -0.7384442362018993 -0.7575817444904677 0 
0 -0.8341317776447417 -0.8915443025104473 -0.8532692859333102 -0.8724067942218787 -0.9106818107990157 -0.8915443025104473 -0.9106818107990157 -0.9489568273761527 -0.9298193190875842 -0.9489568273761527 -0.9298193190875842 -0.9680943356647213 -0.8341317776447417 -0.8915443025104473 -1.0255068605304267 -0.9872318439532898 -0.9680943356647213 -1.0063693522418582 -1.1020568936847008 -1.0446443688189953 -1.0063693522418582 -0.9872318439532898 -0.9489568273761527 -0.9489568273761527 0 
0 -0.9489568273761527 -1.0446443688189953 -1.1594694185504062 -1.2360194517046803 -1.2360194517046803 -1.2551569599932488 -1.3508445014360912 -1.3891195180132283 -1.4656695511675022 -1.5230820760332078 -1.5039445677446392 -1.5422195843217763 -1.5039445677446392 -1.5230820760332078 -1.6570446340531872 -1.7144571589188928 -1.7527321754960299 -1.7718696837845982 -1.7910071920731667 -1.7910071920731667 -1.8101447003617352 -1.7910071920731667 -1.7718696837845982 -1.8101447003617352 0 
0 -1.7718696837845982 -1.7718696837845982 -1.8292822086503038 -1.8675572252274408 -1.7718696837845982 -1.8101447003617352 -1.8866947335160094 -1.9441072583817147 -1.9441072583817147 -1.8866947335160094 -1.8675572252274408 -1.8292822086503038 -1.8292822086503038 -1.7718696837845982 -1.8101447003617352 -1.9249697500931462 -1.9632447666702832 -1.9441072583817147 -1.9058322418045779 -1.8866947335160094 -1.9249697500931462 -1.9441072583817147 -1.9632447666702832 -1.9441072583817147 0 
0 0 0 0 0 0 0 0 0 0 0 0 0 0 0 0 0 0 0 0 0 0 0 0 0 0 

0 0 0 0 0 0 0 0 0 0 0 0 0 0 0 0 0 0 0 0 0 0 0 0 0 0 
0 0.7542814103064439 0.7160063937293069 0.5820438357093274 -0.6236191864704882 -0.5853441698933511 -0.37483157871909767 -1.0063693522418582 -0.9872318439532898 -0.8341317776447417 -0.7384442362018993 -0.7767192527790362 -0.8724067942218787 -0.7575817444904677 -0.8532692859333102 -0.8532692859333102 -0.6236191864704882 -0.7767192527790362 -0.8915443025104473 -0.4322441035848032 -0.8915443025104473 0.02705609534084085 0.8499689517492864 0.8116939351721494 0.9073814766149919 0 
0 0.7351439020178754 0.7925564268835809 0.4672187859779164 -0.22173151241054967 0.19929366993795736 0.18015616164938886 -0.26000652898768667 0.12274363678368336 0.21843117822652586 -0.24086902069911817 -0.18345649583341267 -0.030356429524864656 0.40980626111221086 0.37153124453507386 0.33325622795793686 0.5820438357093274 0.33325622795793686 0.3906687528236424 0.5629063274207589 0.3523937362465054 0.7160063937293069 0.945656493192129 0.9265189849035604 0.945656493192129 0 
0 0.6777313771521699 0.7542814103064439 -0.22173151241054967 -1.1977444351275432 -0.18345649583341267 -0.14518147925627567 -0.2791440372762552 -0.12604397096770717 -0.12604397096770717 -0.7193067279133307 -0.5853441698933511 -0.37483157871909767 -0.049493937813433156 -0.14518147925627567 0.21843117822652586 0.06533111191797786 -0.16431898754484417 0.2758437030922314 -0.16431898754484417 0.10360612849511486 -0.049493937813433156 0.14188114507225186 0.869106460037855 0.9839315097692659 0 
0 0.6777313771521699 0.4289437694007794 -0.7575817444904677 -1.1020568936847008 -0.6810317113361937 -0.5279316450276457 -0.5279316450276457 -0.7384442362018993 -0.24086902069911817 -0.45138161187337167 -0.45138161187337167 -0.6044816781819197 -0.6810317113361937 -0.6810317113361937 -0.5279316450276457 -0.6810317113361937 -0.9489568273761527 -0.5087941367390771 -0.6810317113361937 0.007918587052272347 -0.6810317113361937 -0.5087941367390771 0.6203188522864644 0.7734189185950124 0 
0 0.6394563605750329 0.5246313108436219 0.23756868651509436 0.3141187196693684 0.06533111191797786 0.12274363678368336 0.25670619480366286 0.14188114507225186 0.3141187196693684 0.25670619480366286 0.2758437030922314 0.21843117822652586 0.25670619480366286 0.37153124453507386 0.37153124453507386 0.3141187196693684 0.08446862020654636 0.25670619480366286 0.37153124453507386 0.6011813439978959 0.25670619480366286 0.33325622795793686 0.7925564268835809 0.8882439683264234 0 
0 0.6011813439978959 0.6394563605750329 0.6777313771521699 0.4672187859779164 0.02705609534084085 0.12274363678368336 0.06533111191797786 0.08446862020654636 0.007918587052272347 -0.011218921236296153 0.10360612849511486 0.06533111191797786 0.16101865336082036 0.29498121138079986 0.25670619480366286 0.06533111191797786 0.02705609534084085 0.08446862020654636 0.12274363678368336 0.44808127768934786 0.7925564268835809 0.7542814103064439 0.8308314434607179 0.8882439683264234 0 
0 0.6394563605750329 0.6585938688636014 0.6585938688636014 0.4672187859779164 0.08446862020654636 0.16101865336082036 0.12274363678368336 0.007918587052272347 0.10360612849511486 0.14188114507225186 0.21843117822652586 0.25670619480366286 0.18015616164938886 0.14188114507225186 0.14188114507225186 0.23756868651509436 0.18015616164938886 0.2758437030922314 0.23756868651509436 0.37153124453507386 0.7734189185950124 0.7542814103064439 0.7734189185950124 0.7734189185950124 0 
0 0.8116939351721494 0.5437688191321904 0.6011813439978959 0.7542814103064439 0.6777313771521699 0.6585938688636014 0.6585938688636014 0.6585938688636014 0.6585938688636014 0.6777313771521699 0.7542814103064439 0.7542814103064439 0.7542814103064439 0.6968688854407384 0.6968688854407384 0.7542814103064439 0.7351439020178754 0.7160063937293069 0.7160063937293069 0.7351439020178754 0.8116939351721494 0.8499689517492864 0.8116939351721494 0.8116939351721494 0 
0 0.14188114507225186 -0.33655656214196067 -0.08776895439057016 0.7160063937293069 0.8308314434607179 0.8308314434607179 0.7734189185950124 0.7351439020178754 0.7351439020178754 0.7734189185950124 0.8116939351721494 0.8308314434607179 0.8116939351721494 0.7734189185950124 0.7542814103064439 0.7160063937293069 0.7160063937293069 0.7542814103064439 0.7734189185950124 0.7542814103064439 0.7734189185950124 0.8308314434607179 0.8499689517492864 0.9073814766149919 0 
0 -0.2791440372762552 -0.6618942030476253 -1.2168819434161118 -0.9872318439532898 -0.29828154556482367 0.3906687528236424 0.7734189185950124 0.7734189185950124 0.7351439020178754 0.7542814103064439 0.8116939351721494 0.869106460037855 0.869106460037855 0.8882439683264234 0.9073814766149919 0.869106460037855 0.8116939351721494 0.8116939351721494 0.8882439683264234 0.8882439683264234 0.869106460037855 0.8499689517492864 0.8499689517492864 0.8499689517492864 0 
0 0.9073814766149919 0.6585938688636014 -0.29828154556482367 -1.2934319765703857 -1.4848070594560707 -1.1020568936847008 -0.3174190538533922 0.4289437694007794 0.7542814103064439 0.869106460037855 0.9265189849035604 0.9265189849035604 0.9265189849035604 0.9265189849035604 0.9265189849035604 0.8308314434607179 0.7351439020178754 0.7351439020178754 0.7542814103064439 0.7351439020178754 0.7351439020178754 0.7351439020178754 0.7351439020178754 0.7351439020178754 0 
0 0.9647940014806974 1.0222065263464029 0.9265189849035604 0.3906687528236424 -0.8149942693561733 -1.4465320428789337 -1.2551569599932488 -0.5853441698933511 0.29498121138079986 0.8499689517492864 0.9839315097692659 0.9073814766149919 0.869106460037855 0.8308314434607179 0.8308314434607179 0.8116939351721494 0.7542814103064439 0.7734189185950124 0.8116939351721494 0.8116939351721494 0.7925564268835809 0.8308314434607179 0.8116939351721494 0.7734189185950124 0 
0 1.06048154292354 1.06048154292354 1.0222065263464029 1.1178940677892455 0.3141187196693684 -1.2934319765703857 -1.6379071257646187 -1.3891195180132283 -1.1020568936847008 -0.3939690870076662 0.4289437694007794 0.869106460037855 0.945656493192129 0.8499689517492864 0.7734189185950124 0.7542814103064439 0.7734189185950124 0.8116939351721494 0.8116939351721494 0.7925564268835809 0.7925564268835809 0.8308314434607179 0.8116939351721494 0.8116939351721494 0 
0 1.1561690843663823 1.1178940677892455 1.06048154292354 1.0030690180578343 0.869106460037855 -0.6810317113361937 -1.7335946672074614 -1.4656695511675022 -1.5230820760332078 -1.4848070594560707 -1.1786069268389747 -0.5470691533162142 0.12274363678368336 0.5629063274207589 0.8116939351721494 0.8308314434607179 0.7160063937293069 0.6585938688636014 0.7734189185950124 0.7542814103064439 0.7542814103064439 0.7734189185950124 0.7925564268835809 0.7925564268835809 0 
0 1.098756559500677 1.098756559500677 1.06048154292354 0.9839315097692659 1.0222065263464029 -0.4322441035848032 -1.6953196506303243 -1.4465320428789337 -1.5422195843217763 -1.5039445677446392 -1.5039445677446392 -1.5613570926103448 -1.4465320428789337 -1.0829193853961323 -0.6236191864704882 -0.14518147925627567 0.007918587052272347 0.37153124453507386 0.8116939351721494 0.869106460037855 0.8499689517492864 0.8116939351721494 0.7925564268835809 0.7542814103064439 0 
0 1.0796190512121084 1.098756559500677 1.0796190512121084 1.098756559500677 0.869106460037855 -0.8915443025104473 -2.173757357844537 -1.9823822749588518 -1.9249697500931462 -1.7144571589188928 -1.5613570926103448 -1.4848070594560707 -1.5039445677446392 -1.5613570926103448 -1.6953196506303243 -1.8484197169388723 -1.9058322418045779 -1.5230820760332078 -0.6618942030476253 0.02705609534084085 0.4289437694007794 0.7160063937293069 0.8882439683264234 0.8882439683264234 0 
0 1.0030690180578343 1.06048154292354 1.0222065263464029 1.0222065263464029 -0.08776895439057016 -1.2168819434161118 -1.9249697500931462 -2.4034074573073587 -2.1163448329788315 -1.8484197169388723 -1.7910071920731667 -1.5613570926103448 -1.4656695511675022 -1.4273945345903654 -1.4273945345903654 -1.6570446340531872 -1.9632447666702832 -2.1354823412673998 -1.8292822086503038 -1.6570446340531872 -1.5422195843217763 -0.9872318439532898 -0.5087941367390771 -0.011218921236296153 0 
0 0.9647940014806974 1.0030690180578343 1.0222065263464029 0.7925564268835809 -0.26000652898768667 -0.48965662845050867 -0.29828154556482367 -1.1786069268389747 -2.173757357844537 -2.0780698164016944 -2.1546198495559685 -1.3125694848589542 -0.16431898754484417 -0.011218921236296153 -0.6044816781819197 -1.6761821423417558 -1.1786069268389747 -0.8915443025104473 -1.3508445014360912 -1.7910071920731667 -1.7527321754960299 -0.5470691533162142 0.12274363678368336 0.06533111191797786 0 
0 1.0030690180578343 1.0222065263464029 1.0413440346349714 0.9839315097692659 0.9647940014806974 0.9647940014806974 1.0222065263464029 0.6203188522864644 -0.20259400412198117 -0.22173151241054967 -0.22173151241054967 0.14188114507225186 0.7925564268835809 0.945656493192129 0.6968688854407384 -0.030356429524864656 0.14188114507225186 0.4289437694007794 0.40980626111221086 0.06533111191797786 0.007918587052272347 0.40980626111221086 0.6585938688636014 0.7351439020178754 0 
0 0.6777313771521699 0.6011813439978959 0.5437688191321904 0.5054938025550534 0.48635629426648486 0.4289437694007794 0.4672187859779164 0.4289437694007794 0.37153124453507386 0.33325622795793686 0.29498121138079986 0.2758437030922314 0.21843117822652586 0.10360612849511486 0.14188114507225186 0.25670619480366286 0.21843117822652586 0.14188114507225186 0.21843117822652586 0.33325622795793686 0.3141187196693684 0.12274363678368336 -0.030356429524864656 -0.06863144610200166 0 
0 -1.0637818771075638 -1.1211944019732691 -1.1786069268389747 -1.1977444351275432 -1.2742944682818171 -1.3125694848589542 -1.2360194517046803 -1.3699820097246598 -1.4273945345903654 -1.4465320428789337 -1.3699820097246598 -1.0637818771075638 -0.8341317776447417 -0.8915443025104473 -0.9106818107990157 -0.8915443025104473 -0.8724067942218787 -0.8341317776447417 -0.8149942693561733 -0.7767192527790362 -0.7001692196247622 -0.6810317113361937 -0.6618942030476253 -0.6810317113361937 0 
0 -0.8724067942218787 -0.9106818107990157 -0.8724067942218787 -0.8724067942218787 -0.9106818107990157 -0.8915443025104473 -0.9106818107990157 -0.9298193190875842 -0.9298193190875842 -0.9489568273761527 -0.9298193190875842 -0.9872318439532898 -0.8341317776447417 -0.8341317776447417 -0.9680943356647213 -0.9298193190875842 -0.9106818107990157 -0.9489568273761527 -1.0446443688189953 -0.9872318439532898 -0.9489568273761527 -0.9298193190875842 -0.8915443025104473 -0.8915443025104473 0 
0 -1.0063693522418582 -1.0829193853961323 -1.1786069268389747 -1.2551569599932488 -1.2168819434161118 -1.2360194517046803 -1.3317069931475227 -1.4082570263017968 -1.4656695511675022 -1.5422195843217763 -1.5230820760332078 -1.5422195843217763 -1.5039445677446392 -1.5230820760332078 -1.6761821423417558 -1.7335946672074614 -1.7527321754960299 -1.7910071920731667 -1.7910071920731667 -1.7910071920731667 -1.7910071920731667 -1.7718696837845982 -1.7718696837845982 -1.7910071920731667 0 
0 -1.8101447003617352 -1.8101447003617352 -1.8484197169388723 -1.8866947335160094 -1.7718696837845982 -1.8101447003617352 -1.8675572252274408 -1.9632447666702832 -1.9441072583817147 -1.8866947335160094 -1.8675572252274408 -1.8292822086503038 -1.8101447003617352 -1.7527321754960299 -1.7910071920731667 -1.9058322418045779 -1.9632447666702832 -1.9249697500931462 -1.9058322418045779 -1.8866947335160094 -1.9249697500931462 -1.9441072583817147 -1.9632447666702832 -1.9632447666702832 0 
0 0 0 0 0 0 0 0 0 0 0 0 0 0 0 0 0 0 0 0 0 0 0 0 0 0 

0 0 0 0 0 0 0 0 0 0 0 0 0 0 0 0 0 0 0 0 0 0 0 0 0 0 
0 1.251856625809225 1.2709941340977935 1.06048154292354 -0.3174190538533922 -0.10690646267913866 -0.12604397096770717 -0.7384442362018993 -0.5662066616047827 -0.5662066616047827 -0.6236191864704882 -0.6618942030476253 -0.5279316450276457 -0.4705191201619402 -0.5087941367390771 -0.5470691533162142 -0.3939690870076662 -0.4322441035848032 -0.4322441035848032 -0.33655656214196067 -0.6810317113361937 0.5246313108436219 1.3092691506749305 1.137031576077814 1.1178940677892455 0 
0 1.1753065926549509 1.137031576077814 0.9647940014806974 0.12274363678368336 0.7160063937293069 0.4289437694007794 -0.049493937813433156 0.40980626111221086 0.3906687528236424 0.02705609534084085 0.08446862020654636 0.25670619480366286 0.6203188522864644 0.6585938688636014 0.6011813439978959 0.8116939351721494 0.6203188522864644 0.6394563605750329 0.7542814103064439 0.6011813439978959 1.0222065263464029 1.2709941340977935 1.2709941340977935 1.2709941340977935 0 
0 1.1178940677892455 1.06048154292354 0.25670619480366286 -1.0446443688189953 -0.011218921236296153 0.12274363678368336 0.14188114507225186 0.3141187196693684 0.12274363678368336 -0.2791440372762552 -0.14518147925627567 0.02705609534084085 0.37153124453507386 0.2758437030922314 0.5820438357093274 0.44808127768934786 0.21843117822652586 0.4672187859779164 0.2758437030922314 0.5054938025550534 0.14188114507225186 0.37153124453507386 1.1753065926549509 1.290131642386362 0 
0 1.137031576077814 0.8499689517492864 -0.24086902069911817 -0.9106818107990157 -0.4705191201619402 -0.18345649583341267 -0.030356429524864656 -0.2791440372762552 -0.06863144610200166 -0.29828154556482367 -0.29828154556482367 -0.2791440372762552 -0.22173151241054967 -0.3174190538533922 -0.20259400412198117 -0.3174190538533922 -0.6044816781819197 -0.33655656214196067 -0.3174190538533922 0.33325622795793686 -0.41310659529623467 -0.18345649583341267 0.9647940014806974 1.1753065926549509 0 
0 1.1561690843663823 0.8882439683264234 0.6585938688636014 0.7351439020178754 0.48635629426648486 0.4672187859779164 0.5437688191321904 0.48635629426648486 0.6394563605750329 0.5246313108436219 0.5437688191321904 0.5820438357093274 0.6394563605750329 0.6777313771521699 0.6777313771521699 0.6203188522864644 0.37153124453507386 0.5246313108436219 0.5629063274207589 0.7925564268835809 0.6585938688636014 0.7542814103064439 1.06048154292354 1.1561690843663823 0 
0 1.0796190512121084 1.06048154292354 1.1753065926549509 0.9839315097692659 0.5054938025550534 0.5437688191321904 0.44808127768934786 0.5246313108436219 0.44808127768934786 0.40980626111221086 0.5054938025550534 0.5246313108436219 0.6585938688636014 0.7542814103064439 0.6968688854407384 0.48635629426648486 0.4289437694007794 0.44808127768934786 0.44808127768934786 0.7542814103064439 1.213581609232088 1.213581609232088 1.1944441009435194 1.2327191175206564 0 
0 1.0796190512121084 1.0222065263464029 1.06048154292354 0.869106460037855 0.4289437694007794 0.48635629426648486 0.44808127768934786 0.33325622795793686 0.4289437694007794 0.48635629426648486 0.5629063274207589 0.6203188522864644 0.5820438357093274 0.5246313108436219 0.48635629426648486 0.5054938025550534 0.44808127768934786 0.48635629426648486 0.5246313108436219 0.8116939351721494 1.2327191175206564 1.1944441009435194 1.1753065926549509 1.1561690843663823 0 
0 1.1753065926549509 0.9647940014806974 1.0796190512121084 1.213581609232088 1.1178940677892455 1.0796190512121084 1.06048154292354 1.0796190512121084 1.1178940677892455 1.1561690843663823 1.2327191175206564 1.2327191175206564 1.2327191175206564 1.1944441009435194 1.1561690843663823 1.137031576077814 1.098756559500677 1.06048154292354 1.1178940677892455 1.1561690843663823 1.1561690843663823 1.1561690843663823 1.1178940677892455 1.06048154292354 0 
0 0.4289437694007794 -0.10690646267913866 0.25670619480366286 1.1178940677892455 1.290131642386362 1.2709941340977935 1.1944441009435194 1.1753065926549509 1.213581609232088 1.2327191175206564 1.2709941340977935 1.290131642386362 1.2709941340977935 1.1944441009435194 1.1753065926549509 1.137031576077814 1.1178940677892455 1.1561690843663823 1.1753065926549509 1.137031576077814 1.1178940677892455 1.1753065926549509 1.213581609232088 1.251856625809225 0 
0 -0.030356429524864656 -0.6236191864704882 -1.1403319102618377 -0.8341317776447417 -0.030356429524864656 0.7542814103064439 1.1944441009435194 1.1944441009435194 1.137031576077814 1.1753065926549509 1.2327191175206564 1.290131642386362 1.290131642386362 1.251856625809225 1.2709941340977935 1.2327191175206564 1.1753065926549509 1.1944441009435194 1.251856625809225 1.251856625809225 1.2327191175206564 1.213581609232088 1.213581609232088 1.213581609232088 0 
0 1.1753065926549509 0.7160063937293069 -0.24086902069911817 -1.3125694848589542 -1.4273945345903654 -0.8724067942218787 0.04619360362940935 0.8308314434607179 1.137031576077814 1.251856625809225 1.3092691506749305 1.3284066589634989 1.290131642386362 1.2709941340977935 1.251856625809225 1.1753065926549509 1.0796190512121084 1.0796190512121084 1.098756559500677 1.1178940677892455 1.098756559500677 1.098756559500677 1.098756559500677 1.098756559500677 0 
0 1.2709941340977935 1.2709941340977935 1.137031576077814 0.3906687528236424 -0.8341317776447417 -1.3508445014360912 -1.0063693522418582 -0.26000652898768667 0.6394563605750329 1.1944441009435194 1.3284066589634989 1.2709941340977935 1.2327191175206564 1.1561690843663823 1.137031576077814 1.1178940677892455 1.06048154292354 1.06048154292354 1.1178940677892455 1.1561690843663823 1.1561690843663823 1.1944441009435194 1.1753065926549509 1.137031576077814 0 
0 1.3284066589634989 1.290131642386362 1.251856625809225 1.2709941340977935 0.4289437694007794 -1.1594694185504062 -1.5039445677446392 -1.2934319765703857 -1.0063693522418582 -0.24086902069911817 0.6394563605750329 1.1178940677892455 1.251856625809225 1.2709941340977935 1.1944441009435194 1.137031576077814 1.1178940677892455 1.137031576077814 1.137031576077814 1.1178940677892455 1.137031576077814 1.1944441009435194 1.1944441009435194 1.1944441009435194 0 
0 1.3858191838292044 1.3092691506749305 1.290131642386362 1.1944441009435194 1.0413440346349714 -0.5470691533162142 -1.6379071257646187 -1.5230820760332078 -1.5996321091874817 -1.5039445677446392 -1.1211944019732691 -0.4322441035848032 0.2758437030922314 0.7925564268835809 1.0796190512121084 1.1753065926549509 1.1178940677892455 1.1178940677892455 1.2327191175206564 1.213581609232088 1.1944441009435194 1.1944441009435194 1.1561690843663823 1.1561690843663823 0 
0 1.3092691506749305 1.2709941340977935 1.290131642386362 1.1753065926549509 1.1944441009435194 -0.2791440372762552 -1.6187696174760502 -1.5039445677446392 -1.6187696174760502 -1.5804946008989134 -1.5422195843217763 -1.5804946008989134 -1.4465320428789337 -1.1211944019732691 -0.5662066616047827 0.04619360362940935 0.33325622795793686 0.8116939351721494 1.2709941340977935 1.290131642386362 1.2327191175206564 1.1753065926549509 1.1178940677892455 1.0796190512121084 0 
0 1.251856625809225 1.2709941340977935 1.3092691506749305 1.290131642386362 1.0413440346349714 -0.7575817444904677 -2.0780698164016944 -1.9632447666702832 -1.9058322418045779 -1.7144571589188928 -1.5613570926103448 -1.4656695511675022 -1.5039445677446392 -1.6570446340531872 -1.7718696837845982 -1.8292822086503038 -1.7910071920731667 -1.2934319765703857 -0.48965662845050867 0.06533111191797786 0.48635629426648486 0.869106460037855 1.137031576077814 1.2327191175206564 0 
0 1.2327191175206564 1.366681675540636 1.3284066589634989 1.2709941340977935 0.06533111191797786 -1.1594694185504062 -1.8866947335160094 -2.288582407575948 -2.0206572915359886 -1.7527321754960299 -1.7335946672074614 -1.5422195843217763 -1.4848070594560707 -1.4656695511675022 -1.4465320428789337 -1.6570446340531872 -1.9441072583817147 -2.0972073246902627 -1.8292822086503038 -1.7527321754960299 -1.5996321091874817 -0.9489568273761527 -0.37483157871909767 0.18015616164938886 0 
0 1.213581609232088 1.290131642386362 1.290131642386362 1.0222065263464029 -0.06863144610200166 -0.37483157871909767 -0.16431898754484417 -1.0063693522418582 -2.0206572915359886 -1.9441072583817147 -2.0589323081131257 -1.2360194517046803 -0.08776895439057016 0.04619360362940935 -0.5470691533162142 -1.6379071257646187 -1.1403319102618377 -0.8532692859333102 -1.3125694848589542 -1.7527321754960299 -1.7144571589188928 -0.4705191201619402 0.23756868651509436 0.19929366993795736 0 
0 1.2327191175206564 1.213581609232088 1.213581609232088 1.213581609232088 1.213581609232088 1.251856625809225 1.3284066589634989 0.869106460037855 0.007918587052272347 0.007918587052272347 0.02705609534084085 0.3906687528236424 1.06048154292354 1.1753065926549509 0.9265189849035604 0.19929366993795736 0.37153124453507386 0.6585938688636014 0.6394563605750329 0.2758437030922314 0.23756868651509436 0.6968688854407384 0.9839315097692659 1.06048154292354 0 
0 0.9073814766149919 0.869106460037855 0.8116939351721494 0.7734189185950124 0.7734189185950124 0.6968688854407384 0.7351439020178754 0.6777313771521699 0.6394563605750329 0.6585938688636014 0.6777313771521699 0.7160063937293069 0.7160063937293069 0.6777313771521699 0.7160063937293069 0.8308314434607179 0.7925564268835809 0.7160063937293069 0.7925564268835809 0.8882439683264234 0.9073814766149919 0.7351439020178754 0.6394563605750329 0.6203188522864644 0 
0 -0.7767192527790362 -0.8915443025104473 -0.9872318439532898 -1.0063693522418582 -1.1020568936847008 -1.1594694185504062 -1.0829193853961323 -1.1403319102618377 -1.1594694185504062 -1.1020568936847008 -0.9680943356647213 -0.5853441698933511 -0.2791440372762552 -0.24086902069911817 -0.24086902069911817 -0.22173151241054967 -0.20259400412198117 -0.16431898754484417 -0.12604397096770717 -0.011218921236296153 0.10360612849511486 0.14188114507225186 0.18015616164938886 0.18015616164938886 0 
0 -0.3939690870076662 -0.4322441035848032 -0.41310659529623467 -0.4322441035848032 -0.5087941367390771 -0.4705191201619402 -0.5279316450276457 -0.6236191864704882 -0.6044816781819197 -0.5853441698933511 -0.5279316450276457 -0.5279316450276457 -0.3939690870076662 -0.4705191201619402 -0.6044816781819197 -0.5662066616047827 -0.5662066616047827 -0.5853441698933511 -0.6618942030476253 -0.6236191864704882 -0.5662066616047827 -0.5470691533162142 -0.5087941367390771 -0.5087941367390771 0 
0 -0.7001692196247622 -0.7767192527790362 -0.9680943356647213 -1.1211944019732691 -1.1977444351275432 -1.2934319765703857 -1.4082570263017968 -1.3317069931475227 -1.3508445014360912 -1.4082570263017968 -1.3699820097246598 -1.3891195180132283 -1.3891195180132283 -1.5230820760332078 -1.6953196506303243 -1.7527321754960299 -1.7718696837845982 -1.7910071920731667 -1.8292822086503038 -1.8866947335160094 -1.9058322418045779 -1.8866947335160094 -1.8866947335160094 -1.9058322418045779 0 
0 -1.9249697500931462 -1.8292822086503038 -1.9058322418045779 -2.0015197832474203 -1.9632447666702832 -2.0589323081131257 -2.1354823412673998 -2.1354823412673998 -2.1163448329788315 -2.0780698164016944 -2.0972073246902627 -2.0780698164016944 -2.0589323081131257 -1.9823822749588518 -2.0206572915359886 -2.1354823412673998 -2.173757357844537 -2.1546198495559685 -2.0780698164016944 -1.9823822749588518 -2.0015197832474203 -2.0397947998245574 -2.0397947998245574 -2.0397947998245574 0 
0 0 0 0 0 0 0 0 0 0 0 0 0 0 0 0 0 0 0 0 0 0 0 0 0 0 

