0 0 0 0 0 0 0 0 0 0 0 0 0 0 0 0 0 0 0 0 0 0 0 0 0 0 
0 0.00186707 0.00186707 0.00186707 0.00186707 0.00184389 0.00184389 0.00186707 0.00186707 0.00184389 0.00184389 0.00186707 0.00186707 0.00189024 0.00182071 0.00149623 0.00112539 0.000198295 0.000939972 0.00138034 0.00175118 0.00191342 0.00186707 0.00186707 0.00186707 0 
0 0.00189024 0.00189024 0.00186707 0.00186707 0.00184389 0.00186707 0.00191342 0.00191342 0.00184389 0.00179754 0.00186707 0.001728 0.00124128 0.000916794 0.000708198 0.000453247 0.00024465 0.000685021 0.0012181 0.00165847 0.00189024 0.00189024 0.00189024 0.00189024 0 
0 0.00184389 0.00191342 0.00191342 0.00189024 0.00191342 0.00191342 0.00195978 0.00195978 0.00163529 0.00161212 0.00182071 0.00154258 0.000661843 0.000151941 0.000105586 -1.03011e-05 -0.000242075 -0.000265252 3.60537e-05 0.0010095 0.00182071 0.00189024 0.00186707 0.00186707 0 
0 0.001728 0.00184389 0.00191342 0.0019366 0.00195978 0.00195978 0.00195978 0.00198295 0.00107904 0.00149623 0.00182071 0.00138034 0.000893617 0.000708198 0.000685021 0.000430069 0.00024465 0.000105586 0.000175118 0.000731375 0.001728 0.00184389 0.00182071 0.00182071 0 
0 0.00168165 0.00177436 0.00189024 0.0019366 0.0019366 0.0019366 0.00191342 0.00195978 0.000986327 0.00151941 0.00182071 0.00175118 0.00126446 0.00126446 0.00149623 0.00124128 0.00126446 0.00128763 0.00144987 0.00147305 0.00163529 0.00170483 0.00170483 0.00175118 0 
0 0.000406892 0.00163529 0.00186707 0.00191342 0.00189024 0.00186707 0.00186707 0.00182071 0.00138034 0.00165847 0.00179754 0.00189024 0.00170483 0.00168165 0.00177436 0.00163529 0.00163529 0.00144987 0.00107904 0.000708198 0.000406892 0.000291005 0.000291005 0.000731375 0 
0 -0.00019572 0.00156576 0.00168165 0.001728 0.00189024 0.00184389 0.00177436 0.00175118 0.001728 0.00177436 0.00179754 0.00175118 0.00177436 0.00177436 0.001728 0.00158894 0.000847262 0.000221473 -0.00019572 -0.000404317 -0.000473849 -0.000612913 -0.000775155 -0.000126188 0 
0 0.00126446 0.00158894 0.00135716 0.00131081 0.0014267 0.00151941 0.00149623 0.00128763 0.00126446 0.00131081 0.0014267 0.00151941 0.00163529 0.00165847 0.00163529 0.00147305 0.000661843 0.000476424 0.000615488 0.000545956 0.000731375 0.000360537 -0.00028843 0.000708198 0 
0 0.00158894 0.00138034 0.00112539 0.000383715 0.000522779 0.0012181 0.000453247 -0.00130823 -0.00142412 -0.0012387 -0.00100693 -0.000751977 -0.000404317 -3.34784e-05 0.00110221 0.00158894 0.00147305 0.00151941 0.00158894 0.00144987 0.00154258 0.00133399 0.000963149 0.00156576 0 
0 -0.000381139 0.000360537 0.000847262 0.000824085 0.00124128 0.0014267 8.24085e-05 -0.00232804 -0.00253664 -0.00244393 -0.00235122 -0.00204991 -0.00121553 0.000105586 0.00154258 0.00184389 0.00182071 0.00168165 0.00158894 0.0012181 0.00110221 0.00131081 0.00133399 0.00103268 0 
0 -0.0007288 -0.000357962 -7.98332e-05 0.000939972 0.00138034 0.00119492 0.000198295 -0.00119235 -0.00137777 -0.0012387 -0.000381139 0.000615488 0.0012181 0.00154258 0.00149623 0.00117175 0.000661843 8.24085e-05 -0.000172543 -0.000543381 -0.000682445 -0.000566558 -0.000427494 -0.000497026 0 
0 -0.000520204 -0.00135459 -0.00082151 0.000198295 0.000430069 0.000685021 0.000638666 0.000615488 0.000661843 0.0010095 0.00147305 0.00105586 0.000453247 0.000105586 -0.000218898 -0.000520204 -0.000891042 -0.00130823 -0.00140094 -0.00128506 -0.00114599 -0.00109964 -0.000751977 -0.000381139 0 
0 -0.000381139 -0.000844687 -0.000311607 0.000406892 0.000615488 0.0012181 0.00151941 0.00170483 0.00161212 0.00175118 0.00165847 0.000499601 -0.000242075 -0.000381139 -0.00028843 -0.000218898 -1.03011e-05 -0.000126188 -0.000126188 -1.03011e-05 5.92311e-05 0.000128763 0.000430069 0.000754553 0 
0 0.000986327 0.00103268 0.00133399 0.00165847 0.001728 0.00182071 0.00179754 0.00175118 0.00126446 0.00158894 0.00154258 0.00128763 0.0010095 0.000592311 0.000893617 0.00077773 0.000800908 0.000916794 0.00087044 0.000685021 0.000406892 0.000383715 0.000151941 -0.000242075 0 
0 0.000685021 0.00087044 0.000916794 0.000916794 0.000916794 0.000847262 0.00087044 0.000824085 0.000522779 0.000592311 -1.03011e-05 -0.000172543 -0.000218898 3.60537e-05 -0.00019572 -0.000960574 -0.000937397 -0.000520204 -0.000659268 -0.00100693 -0.0014473 -0.00147048 -0.00142412 -0.00140094 0 
0 -0.000543381 -0.000612913 -0.000636091 -0.000566558 -0.000543381 -0.000612913 -0.000636091 -0.000589736 -0.000589736 -0.000705623 -0.00116917 -0.00126188 -0.00121553 -0.000844687 -0.000983751 -0.00140094 -0.00140094 -0.00140094 -0.00156319 -0.0016559 -0.00172543 -0.0016559 -0.00142412 -0.0012387 0 
0 -0.00163272 -0.00156319 -0.00156319 -0.00149365 -0.00140094 -0.00121553 -0.00109964 -0.000960574 -0.000914219 -0.000844687 -0.000844687 -0.000798332 -0.000914219 -0.00103011 -0.00112282 -0.00126188 -0.00137777 -0.00160954 -0.00174861 -0.00172543 -0.00172543 -0.00179496 -0.00172543 -0.00167907 0 
0 -0.00316243 -0.00309289 -0.00311607 -0.00306972 -0.00297701 -0.00279159 -0.00260617 -0.0024671 -0.00237439 -0.00218898 -0.00204991 -0.0019572 -0.00193402 -0.00191085 -0.00202673 -0.00218898 -0.00230486 -0.00235122 -0.00235122 -0.00225851 -0.00225851 -0.00225851 -0.00191085 -0.00156319 0 
0 -0.00274523 -0.00306972 -0.0033942 -0.00351009 -0.00355644 -0.00357962 -0.00357962 -0.00357962 -0.00344055 -0.00346373 -0.00355644 -0.00351009 -0.00327831 -0.00302336 -0.00309289 -0.00309289 -0.00309289 -0.00306972 -0.0028843 -0.0026757 -0.00225851 -0.00160954 -0.000960574 -0.0007288 0 
0 -0.00193402 -0.0019572 -0.00244393 -0.00295383 -0.00323196 -0.00346373 -0.00353326 -0.00357962 -0.0031856 -0.00225851 -0.00286112 -0.00334784 -0.00348691 -0.00348691 -0.00341738 -0.00325514 -0.00300018 -0.00262935 -0.00214262 -0.00158636 -0.000751977 -0.000242075 -0.000520204 -0.000937397 0 
0 -0.00253664 -0.00207309 -0.00232804 -0.00274523 -0.00316243 -0.00348691 -0.00353326 -0.00357962 -0.00341738 -0.000844687 0.000151941 -0.000543381 -0.000983751 -0.00114599 -0.00114599 -0.00105328 -0.000844687 -0.000381139 -1.03011e-05 -7.98332e-05 -0.000636091 -0.00114599 -0.00112282 -0.000798332 0 
0 -0.00330149 -0.0028843 -0.00283794 -0.00309289 -0.00341738 -0.00353326 -0.00353326 -0.00351009 -0.00357962 -0.00200356 0.000638666 0.00117175 0.000963149 0.000916794 0.000939972 0.000754553 0.000406892 -0.000103011 -0.0007288 -0.00119235 -0.00137777 -0.00116917 -0.000751977 -0.000589736 0 
0 -0.00348691 -0.00330149 -0.00316243 -0.00330149 -0.00348691 -0.00353326 -0.00353326 -0.00348691 -0.00355644 -0.00283794 -3.34784e-05 0.00112539 0.000939972 0.000847262 0.000569134 1.28763e-05 -0.00082151 -0.00147048 -0.00170225 -0.00140094 -0.000867864 -0.000682445 -0.000682445 -0.000589736 0 
0 -0.00353326 -0.00346373 -0.00341738 -0.00348691 -0.00355644 -0.00355644 -0.00355644 -0.00351009 -0.00355644 -0.00295383 -0.00028843 0.00117175 0.0010095 0.00033736 -0.000775155 -0.00160954 -0.00186449 -0.00160954 -0.00121553 -0.000775155 -0.000612913 -0.000751977 -0.000775155 -0.000520204 0 
0 0 0 0 0 0 0 0 0 0 0 0 0 0 0 0 0 0 0 0 0 0 0 0 0 0 

0 0 0 0 0 0 0 0 0 0 0 0 0 0 0 0 0 0 0 0 0 0 0 0 0 0 
0 0.00186707 0.00186707 0.00186707 0.00186707 0.00184389 0.00184389 0.00186707 0.00186707 0.00184389 0.00184389 0.00186707 0.00186707 0.0019366 0.00191342 0.00163529 0.00128763 0.000406892 0.00117175 0.00147305 0.001728 0.00186707 0.00186707 0.00186707 0.00186707 0 
0 0.00186707 0.00186707 0.00189024 0.00186707 0.00184389 0.00186707 0.00189024 0.00189024 0.00186707 0.00182071 0.00191342 0.00177436 0.0014267 0.00117175 0.0010095 0.00077773 0.000569134 0.000963149 0.00140352 0.00170483 0.00186707 0.00189024 0.00189024 0.00189024 0 
0 0.00179754 0.00189024 0.00191342 0.00191342 0.00186707 0.00186707 0.00189024 0.00191342 0.001728 0.00170483 0.00191342 0.00165847 0.000986327 0.000592311 0.000592311 0.000499601 0.000198295 0.000105586 0.00033736 0.00119492 0.0019366 0.00191342 0.00189024 0.00186707 0 
0 0.00184389 0.00191342 0.0019366 0.00191342 0.00191342 0.00191342 0.00189024 0.0019366 0.00114857 0.00156576 0.00189024 0.00147305 0.00114857 0.00107904 0.00107904 0.000847262 0.000638666 0.000453247 0.000499601 0.00103268 0.00195978 0.00195978 0.0019366 0.0019366 0 
0 0.00198295 0.0019366 0.00191342 0.00189024 0.00189024 0.00189024 0.00191342 0.00195978 0.0010095 0.00154258 0.00184389 0.00177436 0.00135716 0.0014267 0.00170483 0.00147305 0.00154258 0.00161212 0.00182071 0.00186707 0.00198295 0.0019366 0.00195978 0.00198295 0 
0 0.00077773 0.00184389 0.00189024 0.00184389 0.00182071 0.00186707 0.00191342 0.00191342 0.0014267 0.00170483 0.00184389 0.00191342 0.00175118 0.00175118 0.00189024 0.00179754 0.00191342 0.00182071 0.00149623 0.00114857 0.000800908 0.000569134 0.000592311 0.00103268 0 
0 0.000105586 0.001728 0.00170483 0.00165847 0.00179754 0.00184389 0.00189024 0.00191342 0.00184389 0.00186707 0.00191342 0.00186707 0.00189024 0.00191342 0.00191342 0.00179754 0.00119492 0.000685021 0.00024465 3.60537e-05 -0.000126188 -0.000334784 -0.000497026 0.000175118 0 
0 0.00144987 0.00168165 0.00135716 0.00126446 0.00135716 0.00156576 0.00165847 0.00154258 0.00149623 0.00154258 0.00163529 0.001728 0.00184389 0.00189024 0.00191342 0.00177436 0.00114857 0.0010095 0.00105586 0.000916794 0.000986327 0.000545956 -7.98332e-05 0.000939972 0 
0 0.00163529 0.00149623 0.00124128 0.000453247 0.000592311 0.00135716 0.000685021 -0.000983751 -0.000937397 -0.000775155 -0.000589736 -0.000381139 -5.66558e-05 0.000291005 0.0014267 0.00189024 0.00179754 0.00182071 0.00184389 0.00165847 0.00170483 0.00149623 0.00112539 0.00175118 0 
0 -0.000218898 0.000638666 0.00107904 0.00103268 0.00149623 0.00175118 0.000406892 -0.00193402 -0.0019572 -0.00188767 -0.00188767 -0.00163272 -0.000937397 0.000314182 0.00168165 0.00195978 0.00191342 0.00177436 0.00170483 0.00131081 0.00124128 0.00147305 0.00149623 0.00119492 0 
0 -0.000311607 1.28763e-05 5.92311e-05 0.00105586 0.00170483 0.00158894 0.000592311 -0.000775155 -0.000983751 -0.000867864 -7.98332e-05 0.00087044 0.00133399 0.00156576 0.00149623 0.00112539 0.000731375 0.000267828 -1.03011e-05 -0.000381139 -0.000497026 -0.000357962 -0.00019572 -0.00028843 0 
0 -7.98332e-05 -0.00109964 -0.000914219 8.24085e-05 0.000592311 0.000916794 0.000916794 0.000893617 0.000916794 0.00126446 0.00170483 0.00128763 0.000615488 0.00024465 -0.000103011 -0.000427494 -0.000682445 -0.00100693 -0.00112282 -0.00100693 -0.000844687 -0.000775155 -0.000450671 -7.98332e-05 0 
0 -0.000103011 -0.0007288 -0.000497026 0.000175118 0.000615488 0.00126446 0.00161212 0.00184389 0.00184389 0.00200613 0.0019366 0.000800908 0.000105586 -1.03011e-05 8.24085e-05 0.000198295 0.000383715 0.00024465 0.00024465 0.000383715 0.000453247 0.000522779 0.000824085 0.00114857 0 
0 0.00117175 0.0012181 0.00133399 0.00161212 0.00175118 0.00189024 0.0019366 0.0019366 0.00154258 0.0019366 0.0019366 0.00170483 0.00144987 0.00105586 0.0014267 0.00135716 0.00133399 0.00138034 0.00133399 0.00114857 0.000893617 0.000847262 0.000615488 0.00024465 0 
0 0.000986327 0.00131081 0.00131081 0.00124128 0.00119492 0.00112539 0.0012181 0.0012181 0.000893617 0.0010095 0.000499601 0.00033736 0.000151941 0.000383715 0.000198295 -0.000497026 -0.000404317 5.92311e-05 -0.000103011 -0.000450671 -0.000914219 -0.000983751 -0.000937397 -0.000891042 0 
0 -5.66558e-05 -5.66558e-05 -0.000103011 -0.000103011 -0.000103011 -0.000172543 -0.000172543 -0.000126188 -0.000126188 -0.000218898 -0.000659268 -0.000751977 -0.000798332 -0.000473849 -0.000612913 -0.00105328 -0.000983751 -0.000867864 -0.000983751 -0.00119235 -0.00133141 -0.00119235 -0.00100693 -0.000867864 0 
0 -0.00130823 -0.00121553 -0.00121553 -0.00114599 -0.00100693 -0.00082151 -0.000705623 -0.000543381 -0.000404317 -0.000427494 -0.000520204 -0.000497026 -0.000427494 -0.000497026 -0.000636091 -0.00082151 -0.00105328 -0.0012387 -0.00133141 -0.0014473 -0.00140094 -0.00126188 -0.00126188 -0.00130823 0 
0 -0.00297701 -0.00300018 -0.00300018 -0.0028843 -0.00274523 -0.00258299 -0.00239757 -0.00221215 -0.00198038 -0.00184131 -0.00179496 -0.00174861 -0.00156319 -0.00154001 -0.00170225 -0.00191085 -0.00202673 -0.00200356 -0.00198038 -0.00198038 -0.00193402 -0.00177178 -0.00151683 -0.00126188 0 
0 -0.00253664 -0.00300018 -0.00332467 -0.0033942 -0.00348691 -0.00353326 -0.00353326 -0.00348691 -0.00327831 -0.00316243 -0.00313925 -0.00304654 -0.00290747 -0.00269888 -0.00281476 -0.00286112 -0.00269888 -0.00255981 -0.00242075 -0.00223533 -0.0019572 -0.00149365 -0.000914219 -0.0007288 0 
0 -0.00170225 -0.0019572 -0.00242075 -0.00286112 -0.00323196 -0.00346373 -0.00353326 -0.00357962 -0.0031856 -0.00209627 -0.00242075 -0.00274523 -0.0028843 -0.0028843 -0.0028843 -0.00276841 -0.00258299 -0.00230486 -0.00193402 -0.00133141 -0.000705623 -0.000543381 -0.000798332 -0.00114599 0 
0 -0.00255981 -0.00237439 -0.00258299 -0.00281476 -0.00316243 -0.00348691 -0.00353326 -0.00355644 -0.0033942 -0.000867864 8.24085e-05 -0.000612913 -0.000983751 -0.00114599 -0.00119235 -0.00114599 -0.00109964 -0.000914219 -0.000659268 -0.000659268 -0.00112282 -0.00158636 -0.00140094 -0.000891042 0 
0 -0.00344055 -0.00330149 -0.00330149 -0.00334784 -0.00344055 -0.00355644 -0.00355644 -0.00353326 -0.00357962 -0.00223533 -0.000612913 -0.000566558 -0.000636091 -0.0007288 -0.00082151 -0.000960574 -0.00103011 -0.00135459 -0.00184131 -0.00204991 -0.00193402 -0.00142412 -0.000844687 -0.000520204 0 
0 -0.00355644 -0.00353326 -0.00351009 -0.00353326 -0.00355644 -0.00357962 -0.00357962 -0.00357962 -0.00355644 -0.00330149 -0.00253664 -0.00249028 -0.00251346 -0.0024671 -0.00242075 -0.00244393 -0.00260617 -0.00269888 -0.0024671 -0.00179496 -0.00103011 -0.000659268 -0.000612913 -0.000450671 0 
0 -0.00357962 -0.00355644 -0.00355644 -0.00357962 -0.00357962 -0.00357962 -0.00357962 -0.00357962 -0.00353326 -0.00351009 -0.00300018 -0.00283794 -0.00300018 -0.00300018 -0.00300018 -0.00290747 -0.00262935 -0.00204991 -0.0014473 -0.000960574 -0.000705623 -0.000659268 -0.000636091 -0.000357962 0 
0 0 0 0 0 0 0 0 0 0 0 0 0 0 0 0 0 0 0 0 0 0 0 0 0 0 

0 0 0 0 0 0 0 0 0 0 0 0 0 0 0 0 0 0 0 0 0 0 0 0 0 0 
0 0.00186707 0.00186707 0.00186707 0.00186707 0.00184389 0.00184389 0.00186707 0.00186707 0.00184389 0.00184389 0.00186707 0.00186707 0.00189024 0.00191342 0.00175118 0.00149623 0.000569134 0.00124128 0.00154258 0.00179754 0.00191342 0.00186707 0.00186707 0.00186707 0 
0 0.00186707 0.00186707 0.00186707 0.00186707 0.00184389 0.00186707 0.00189024 0.00189024 0.00189024 0.00184389 0.00191342 0.00179754 0.00147305 0.00128763 0.0012181 0.00105586 0.000800908 0.00110221 0.00151941 0.00179754 0.00191342 0.00186707 0.00186707 0.00186707 0 
0 0.00182071 0.00189024 0.00186707 0.00186707 0.00189024 0.00189024 0.00191342 0.0019366 0.00175118 0.001728 0.0019366 0.00170483 0.00114857 0.000824085 0.000847262 0.000824085 0.000522779 0.000383715 0.000522779 0.00131081 0.00195978 0.00184389 0.00182071 0.00186707 0 
0 0.00184389 0.00189024 0.00186707 0.00189024 0.0019366 0.0019366 0.00191342 0.00195978 0.00112539 0.00154258 0.00186707 0.00147305 0.00128763 0.00128763 0.00131081 0.00112539 0.000963149 0.000754553 0.000708198 0.00114857 0.00198295 0.0019366 0.00191342 0.0019366 0 
0 0.00198295 0.00191342 0.00186707 0.00186707 0.00191342 0.00191342 0.00191342 0.00195978 0.000963149 0.00147305 0.00177436 0.001728 0.00144987 0.00156576 0.00186707 0.00168165 0.00184389 0.00186707 0.00198295 0.00200613 0.00205249 0.00198295 0.00198295 0.00198295 0 
0 0.000847262 0.00182071 0.00182071 0.00179754 0.00184389 0.00186707 0.00189024 0.00186707 0.00138034 0.00165847 0.00179754 0.00189024 0.00179754 0.00186707 0.00200613 0.00195978 0.0021452 0.00205249 0.00165847 0.00131081 0.000939972 0.000731375 0.000708198 0.00107904 0 
0 0.00024465 0.00177436 0.00163529 0.00161212 0.00182071 0.00184389 0.00184389 0.00186707 0.00186707 0.00189024 0.0019366 0.00189024 0.0019366 0.00198295 0.00200613 0.0019366 0.00135716 0.000847262 0.000406892 0.000198295 0.000105586 -3.34784e-05 -0.000265252 0.000267828 0 
0 0.00168165 0.00177436 0.00131081 0.00119492 0.00138034 0.00156576 0.00163529 0.00149623 0.00158894 0.00163529 0.00175118 0.00182071 0.00191342 0.00195978 0.00200613 0.00191342 0.00124128 0.00112539 0.0012181 0.00110221 0.00131081 0.000963149 0.000221473 0.00110221 0 
0 0.00200613 0.00168165 0.00124128 0.000453247 0.000661843 0.00138034 0.00077773 -0.000775155 -0.000659268 -0.000520204 -0.000357962 -0.000172543 0.000151941 0.000453247 0.00151941 0.00191342 0.00186707 0.0019366 0.00198295 0.00182071 0.00191342 0.001728 0.00133399 0.00191342 0 
0 0.00024465 0.000893617 0.00117175 0.00114857 0.00165847 0.00184389 0.000661843 -0.0014473 -0.00147048 -0.00147048 -0.00149365 -0.00130823 -0.000589736 0.000569134 0.00182071 0.00200613 0.00200613 0.00191342 0.00182071 0.00144987 0.00133399 0.00151941 0.00158894 0.00138034 0 
0 1.28763e-05 0.000221473 0.000221473 0.0012181 0.00184389 0.00170483 0.000824085 -0.000381139 -0.000543381 -0.000450671 0.000314182 0.0012181 0.00158894 0.00179754 0.00168165 0.00133399 0.000939972 0.000453247 0.000198295 -0.000172543 -0.000334784 -0.000242075 -5.66558e-05 -7.98332e-05 0 
0 3.60537e-05 -0.00103011 -0.000844687 0.000151941 0.000638666 0.000986327 0.0010095 0.00105586 0.00110221 0.00144987 0.00189024 0.00144987 0.000731375 0.000406892 0.000105586 -0.000126188 -0.000381139 -0.0007288 -0.000844687 -0.0007288 -0.000612913 -0.000566558 -0.000218898 0.000151941 0 
0 -0.000103011 -0.0007288 -0.000473849 0.000175118 0.000592311 0.00131081 0.00163529 0.00182071 0.00179754 0.00198295 0.0019366 0.000824085 0.000198295 0.000175118 0.000360537 0.000522779 0.000754553 0.000638666 0.000638666 0.000754553 0.000800908 0.000847262 0.00114857 0.00144987 0 
0 0.00133399 0.00131081 0.00147305 0.001728 0.00191342 0.00212202 0.00209884 0.00195978 0.00151941 0.00195978 0.00200613 0.00184389 0.00170483 0.00138034 0.00175118 0.001728 0.00177436 0.00184389 0.00179754 0.00161212 0.00133399 0.00126446 0.000986327 0.000569134 0 
0 0.00144987 0.001728 0.00175118 0.00168165 0.00168165 0.00170483 0.00170483 0.00154258 0.0012181 0.00140352 0.000893617 0.00077773 0.000685021 0.000939972 0.000731375 3.60537e-05 0.000151941 0.000592311 0.000430069 8.24085e-05 -0.000381139 -0.000450671 -0.000497026 -0.000543381 0 
0 0.000754553 0.000824085 0.00087044 0.000893617 0.00087044 0.000824085 0.000800908 0.000800908 0.00077773 0.000731375 0.000198295 -1.03011e-05 -1.03011e-05 0.000360537 0.000198295 -0.000218898 -0.000149365 -3.34784e-05 -0.000242075 -0.000427494 -0.000566558 -0.000473849 -0.000357962 -0.000311607 0 
0 -0.000473849 -0.00028843 -0.000172543 -0.000103011 -5.66558e-05 0.000128763 0.00024465 0.000406892 0.000615488 0.000731375 0.000592311 0.000476424 0.000406892 0.000314182 0.000198295 1.28763e-05 -0.000149365 -0.000357962 -0.000520204 -0.000636091 -0.000589736 -0.000497026 -0.000589736 -0.000751977 0 
0 -0.00237439 -0.00228169 -0.00223533 -0.0021658 -0.00214262 -0.0019572 -0.00179496 -0.00156319 -0.00112282 -0.000775155 -0.000659268 -0.000659268 -0.000636091 -0.000659268 -0.000798332 -0.000983751 -0.00112282 -0.00116917 -0.00119235 -0.00121553 -0.00114599 -0.00103011 -0.000914219 -0.00082151 0 
0 -0.00223533 -0.00262935 -0.0028843 -0.00302336 -0.0031856 -0.00323196 -0.00323196 -0.00311607 -0.00260617 -0.00228169 -0.00218898 -0.00214262 -0.00193402 -0.00170225 -0.00179496 -0.00181814 -0.00177178 -0.00174861 -0.0016559 -0.00149365 -0.0012387 -0.000844687 -0.000381139 -0.000381139 0 
0 -0.00163272 -0.00181814 -0.00225851 -0.00272206 -0.00309289 -0.00332467 -0.00341738 -0.00341738 -0.00276841 -0.00147048 -0.00177178 -0.00214262 -0.00218898 -0.00214262 -0.00211944 -0.00198038 -0.00186449 -0.0016559 -0.00128506 -0.0007288 -0.00019572 -0.000126188 -0.000450671 -0.000937397 0 
0 -0.00251346 -0.00225851 -0.00249028 -0.00276841 -0.00311607 -0.00341738 -0.00348691 -0.00351009 -0.00323196 -0.000473849 0.000569134 -0.000149365 -0.000543381 -0.000682445 -0.000705623 -0.000636091 -0.000659268 -0.000497026 -0.000242075 -0.000311607 -0.000891042 -0.00147048 -0.00133141 -0.000891042 0 
0 -0.00341738 -0.0031856 -0.0031856 -0.00330149 -0.00341738 -0.00351009 -0.00353326 -0.00351009 -0.00353326 -0.00209627 -0.00019572 -0.000149365 -0.000242075 -0.000311607 -0.000404317 -0.000589736 -0.000751977 -0.00112282 -0.0016559 -0.00198038 -0.0019572 -0.00154001 -0.000960574 -0.000659268 0 
0 -0.00357962 -0.00346373 -0.00337102 -0.00346373 -0.00353326 -0.00357962 -0.00357962 -0.00355644 -0.00355644 -0.00332467 -0.00221215 -0.00200356 -0.00202673 -0.00198038 -0.00202673 -0.00221215 -0.00244393 -0.00260617 -0.00251346 -0.00193402 -0.00121553 -0.000891042 -0.000798332 -0.000612913 0 
0 -0.00357962 -0.00353326 -0.00346373 -0.00353326 -0.00357962 -0.00357962 -0.00357962 -0.00357962 -0.00357962 -0.00353326 -0.00269888 -0.00232804 -0.00251346 -0.00258299 -0.00274523 -0.00279159 -0.0026757 -0.00228169 -0.00167907 -0.00114599 -0.000914219 -0.000914219 -0.000844687 -0.000543381 0 
0 0 0 0 0 0 0 0 0 0 0 0 0 0 0 0 0 0 0 0 0 0 0 0 0 0 

