0.1129619168565261 0 0 0 0 0.42817970749953316 
1.0824381753119303 0.7211544366114127 0.9621721264666997 0.8691602617342209 0.6353370505336313 1.0137604216417864 
1.0831342162725612 0.7050173977816501 0.8738490855713921 1.042721179266857 1.0568787355441263 1.3805367263468258 
1.021972950966499 0.7267369513098084 0.7082399225603724 0.7099445188077199 0.7615881511932243 1.4383307966312173 
1.006939655307218 0.7606446464433707 0.8777798065212119 0.8541549255366697 0.907767557930968 1.4630628645941846 
1.5627806662022274 1.5246347423975826 1.7532535188848253 1.8235249518610455 1.9004587387334726 2.025876021553659 

0 0 0 0 0 0 
0 0 0 0 0 0 
0 0 0 0 0 0 
0 0 0 0 0 0 
0 0 0 0 0 0 
0 0 0 0 0 0 

0.7044404832428677 2.1444425693034272 1.574009140947977 1.7272203955542043 1.653078455834693 1.7653863476536082 
0 2.354173237481683 1.4447194535401318 1.5924388268756378 1.6427536501598667 2.072276047524985 
0.13761226510004354 2.352299245882293 1.8678725540790533 2.0653922751410585 2.102879707414491 2.4047203679451794 
0.417749118664898 2.3055573314093545 2.0475470987477755 2.244128939700549 2.579978629686931 2.7929097633499085 
0.5084702141177447 2.3898877368782063 1.8167323370394346 1.8133829844305622 2.018617226624969 2.458971081078667 
0 1.1749470744307136 0.7601022698472941 0.7244447213158554 0.8022498777442957 1.4870454171381564 

0.14832859407220095 0 0 0 0.0015763153117440976 0.05641782347152925 
0 0 0 0 0 0 
0 0 0.07241004996109249 0.12257083058155795 0 0 
0.12457338413755388 0 0.0893966134206084 0.0880972119332081 0.09376033352341537 0.004127072845355827 
0.0586955907368466 0 0 0 0 0 
0 0 0 0 0 0 

0 0 0 0 0 0 
0 0 0 0 0 0 
0 0 0.3374889697842387 0.16307423598766213 0.08024319256068879 0 
0.2314164367724828 0 0 0 0.0077593385696671235 0 
0.03244131807492315 0 0 0 0 0 
0 0 0 0 0 0 

0 0 0 0 0 0.22654007786703062 
0 0 0 0 0 0.30232565487173046 
0 0 0 0 0 0.5133934219527893 
0 0 0 0 0 0.25013175604814103 
0 0 0 0 0 0.09633001900689096 
0 0 0 0 0 0 

0 0 0 0 0 0 
0 0 0 0 0 0 
0 0 0 0 0 0 
0 0 0 0 0 0 
0 0 0 0 0 0 
0 0 0 0 0 0 

1.0072332154252102 1.6092014739030935 1.522247760655438 1.4342762014424364 1.5697283608994692 1.0963685780665795 
1.4266988370635831 1.9880574492132315 1.856583648125651 1.7613536104879974 1.814049175959584 1.1581049568303197 
1.5655513045754756 1.7848314682221538 1.8118573152727362 1.7630030136430113 1.7630382480905133 0.9580699470016742 
1.366744995895372 1.6742067319325498 1.6055445454365835 1.6224840825090585 1.687706266989303 0.8833967702970915 
1.1782192618167338 1.778579674650619 1.6738933476506999 1.5804965889730018 1.4604367145165462 0.6152219572729857 
1.4308555851604425 1.1123992895152668 1.2522198586090936 1.2419986889281271 1.2445011501295478 0.8570869696678155 

0.5869691859769807 2.0086909997823175 1.6921252269245128 1.883012845337481 1.8903459278319643 1.9778554008553029 
0 1.2948147297379409 1.2011043466741853 1.1955557875525384 1.3422404420636123 1.5065008699148597 
0 1.203433163527363 0.9783710613767604 0.9839707559272614 1.3050547397990968 1.8378860536318657 
0 1.323605631872168 1.1699627134669235 1.1149334743384682 1.3763566813489532 1.9457479794555368 
0.1988564033045961 1.9634138674557082 1.4051255259120066 1.2087122134272217 1.3070559071126437 1.6058883569876112 
0.9699137877485204 1.3920384793351415 1.4087084658484326 1.3323419177418914 1.3922756714598599 1.2220280665793313 

1.142047011414112 0.9908776614459105 1.1518523616842455 0.9131591584911913 0.7958243375299684 0.5272007322843282 
1.5583975088585147 2.211510746624601 2.111696283315619 2.006862344900675 1.8343321370577772 0.9790982981366886 
1.660851054983181 2.004570377193032 1.8247999983193017 1.905993120891859 1.7918317440901554 1.1852895714959772 
1.5864876192243025 1.6449788386466795 1.7192657640402007 1.5975470981243567 1.5411367381687822 1.0427040556271765 
1.5482164908474436 1.5072514539717563 1.8279595995238194 1.8109754004962497 1.8133297560371697 1.0985931842721817 
1.8785852623849193 2.7341257993578125 2.5687719391926107 2.569239317724024 2.6144762858059263 1.7410035940046096 

0.9208370330497962 1.4787340475442514 1.5572522028270592 1.2067836970994996 1.1932008474730889 0.9727512800605794 
0.7960961070293003 0.9888559933698106 1.1962990443081325 1.0446898392385107 1.0164671502208744 0.7678642172925797 
1.4259506489468978 1.4358091186719801 1.5158477392095528 1.3895320398932791 1.4870612244495707 1.0953955694777693 
1.6002873052465711 1.6337128139922348 1.7290436140834287 1.6298341960607543 1.5057322149486112 0.8076623624914838 
1.2701612022576965 1.414312527854357 1.4489724408251836 1.399477006166808 1.3342422796239977 0.7347599590349748 
1.2888395119788827 1.062019565080326 1.2905708775522298 1.252448764004876 1.202478061620685 1.1181836004024153 

0.5259271859871164 0.3917972853634142 0.6721077167836085 0.502492590856448 0.5045910081820966 0.3419074438069927 
1.212210227510327 1.1002583941262223 1.4520439853747178 0.919653445371917 0.6640300045745237 0.042310739606539936 
1.6859142043365314 1.640308696446468 2.061094776419224 1.9153859866213119 1.6508476841372597 0.42472740484898025 
2.0830966442302286 1.8264184172239142 1.7627150495023507 1.661528914265467 1.7668460199315474 0.9681567642196796 
1.6001181236500273 1.275826495824133 1.4217715062486074 1.3858020008573104 1.1884040013918475 0.13957014819915836 
0.9066542236593249 0.2343183952359148 0.638666142670922 0.62038208214903 0.5240972135956663 0 

2.731545121280595 2.6000858429043947 2.736668550368887 2.6476714789377462 2.4836606280029794 2.222770398966057 
3.174347659501041 2.8567960764250127 3.131868692331195 2.8671669107201243 2.6397760820149365 1.974354133312642 
3.2138475021284134 3.0716308399069288 3.3303912964603013 3.2643624822740005 2.999511299487791 2.2910311005862245 
3.340854593524353 3.1340756317074976 3.307684473263379 3.31619127354857 3.2147335939028823 2.478547028913234 
3.2891602651447416 2.9983748173563605 3.0626461432838754 3.041748558044641 2.964650268105587 2.332739811292081 
2.6679032365893196 2.409730355187943 2.576733959892311 2.5747634986683403 2.535410326147958 1.9133153159296146 

0 0 0 0 0 0.3608916715059969 
0 0 0 0 0 0.8336057777977295 
0 0 0 0 0.014930427843208171 1.0680155849155257 
0 0 0 0 0 1.118667633007198 
0 0 0 0 0 0.7972678945414854 
0 0 0 0 0 0.19599462816048707 

0 0 0 0 0 0.24307210206584307 
0.11020395129827477 0 0 0 0 0.20588396095882197 
0.06585503342707923 0 0 0 0 0.06674730042660351 
0.017857632248460563 0 0 0 0 0.05970117330014169 
0 0 0 0 0 0.1652875177839977 
0.43591550508884297 0 0.0076879934832099275 0.011559199882410689 0 0.25136807755975377 

0 0 0 0 0 0 
0 0 0 0 0 0 
0 0 0 0 0 0 
0 0 0 0 0 0 
0 0 0 0 0 0 
0 0 0 0 0 0 

3.5380894275651027 3.7493772541068027 3.6326192332238727 3.4645186354083437 3.361411016183478 2.6622058752708244 
2.9143119720456654 4.057330697503507 3.4871923298551866 3.6108320254384076 3.4888716515172913 3.3386634434794504 
3.269358904539543 4.1610437376700045 3.6138810163265633 3.834405779265235 3.619107006643387 3.355444302909937 
3.294003207050533 4.42908868051059 4.308241633566638 4.261174524799473 4.157513809483159 3.6979150015872486 
3.056797195955111 4.026255118673818 3.8286503848232583 4.150130292081682 4.35576225537601 4.0895364590850045 
2.4691254206654545 3.318657068130722 3.033815388908662 3.0457589858220007 3.1484869057644196 3.5175851670386407 

0 0.7968775627849632 0.5424643241635563 0.5811111585613048 0.582957437973242 0.06091164397727379 
0 0.07280063583543868 0.0861957137408159 0.1986322417748417 0.21546370025064693 0 
0 0.3794341481183372 0.3830977281732978 0.11992184598041648 0.06767367252840095 0 
0 0.26385557830323253 0.4158713632970807 0.14280009148775832 0.12882132489844061 0 
0 0.23227015865869455 0.2828661636776657 0.147143042315159 0.1821944993467385 0 
0.07523234971803622 0.5832844662493698 0.450893683675284 0.40078491814069056 0.35490186799520934 0 

0 0 0 0 0 0 
0 0 0 0 0 0 
0 0 0 0 0 0 
0 0 0 0 0 0 
0 0 0 0 0 0 
0 0 0.05289280767971674 0.04569711151264097 0.06014562648533889 0 

0 0.3162771306839821 0 0.027410449256265415 0.010612591344029212 0.2956084263534142 
0 0 0 0.08111360850322356 0.11557238954299576 0.2511861788967795 
0 0 0 0 0 0.16477871930231305 
0 0 0 0 0 0.15757489899940072 
0 0.2997348088956744 0.2579551754079451 0.31783108406841676 0.4328527351495625 0.7288232849522602 
0.8585834693831128 1.0539161672915345 0.9133491559910227 0.9544126377004967 0.9471443671132357 0.6445293713811227 

