1.0287319842101457 0.8346183234133575 1.3385964813275872 1.3751713397795429 1.4446384986982175 1.2749898146646599 0.7552311427046371 1.2082061048634432 1.1476911674704469 1.0109809360508613 1.1717419455088893 0.6168946849022251 
1.661544739238818 0.9329801939381809 1.2416447047763564 1.1730764580551452 1.4150240318366387 1.6269076138377165 1.1656854045688403 1.040353561994594 1.0221310303924867 1.472492414725558 1.713968600752045 1.0924725097558634 
1.3334441669886405 1.433475415587178 1.108594635629876 0.987775023025314 1.1005955169176829 1.4771250687290267 1.239263294263605 0.4133302707803345 0.616107725762891 1.7824274317575328 1.1906297996646409 0.6628406878537153 
1.4336693414418908 2.1515109606982072 1.22499368679955 0.8960127916113947 1.2739597596408048 1.7842662801092601 1.5345764757621543 0.57037918932455 0.5442719502957928 1.8590244291989773 1.4318985264641177 0.7204202133614429 
1.5685394102417862 2.3318336917952247 1.6926813007090415 1.5111656816453918 1.8967190364710904 1.9302156646573139 1.8735823088498347 1.548985319956967 1.332105496549867 1.3465438312376905 1.1616252411445667 0.9361348704522399 
1.508622673090253 1.056870676946335 0.9178170463783698 2.017166604237449 2.0311859622649617 1.5476002805136497 1.8210973173325122 1.6554738433155092 1.5335094025167773 1.2119038848988095 1.175389049009043 1.0358100291876478 
1.401267697448025 0.36077589680173944 0.5843850023150062 1.564426971768424 1.3682996115817643 1.673752955356948 2.334127529441534 1.4931599626429708 1.6443464969590866 1.530254706871004 1.3715530257525277 1.2865142533407221 
1.5902316902308142 0.5169811349008218 1.230151335202907 0.69029314924986 0.25543207250451166 1.8014071057500138 2.529401073885669 1.337874478348484 1.2864789328813417 1.2488413832838987 1.1040811502850567 0.6166118909364477 
1.8766973670039377 0.9529323888205726 1.0932163210375594 0.5560597962702526 0 1.4977511648144843 2.1433695491747975 1.2897587615108472 1.2421036472287632 1.1734641367813143 1.1245211831153703 0.41142863032929217 
1.8981130525410543 1.366466994864333 0.8995252669035947 0.7190202755745085 0.7898590083775007 0.9610583536254634 1.3502534671478024 1.1090173855318826 1.1356286479691613 1.6415710757033712 1.4068470245962374 0.6300881763736487 
1.6539513104908332 1.5671879029371891 1.4843050937043818 1.4034919368282155 1.2385685269049882 1.1490262367228905 1.013169011881104 1.1364467505352864 0.7983305552826601 1.4371056253103727 1.6043798045318423 1.0637562662251263 
1.3587836222143252 0.9406415376282874 1.7995817306932365 1.6884660876622093 1.6694037571533635 1.6495941061083164 1.4674254860130957 1.348120861133122 1.066564525247406 1.0527273851625762 0.9570034853609412 1.1580494344571135 

0.8595749783703387 0.637487891160632 0.6100688260805417 0.5967048492893766 0.5538229255585025 0.44186106621434607 0.35746999770720717 0.5076749145392001 0.7992851197391823 0.7234270045100633 0.555869948738085 0.5703092327904947 
0.2023517028737431 0.44517298156493323 0.43434498603347566 0.5725871315592178 0.4014196231177627 0 0 0.3460971255845288 0.5476057813481241 0 0 0 
0.5558212718752219 0.11133174638099788 0.3866463418644986 0.6950260179497224 0.5569044046606849 0.03246394447363714 0 0 0.18385959189553214 0 0 0.08530894762245234 
0.056183498342016996 0 0.08014358435394084 0.8323256184094804 0.40400004286690977 0 0 0.05862870821654391 0.4668647916033049 0 0 0.14437817171525316 
0 0 0 0.4021086354212481 0.2946680167981418 0.13826477979806487 0.056055628648442574 0.12565797651451632 0.19867648780250582 0.045396710914734406 0.06516122746541053 0.29667612759097334 
0 0 0.14612557812888502 0.30282445963326504 0.8528311271041652 0.8089305017862205 0.43209955801844635 0.4126348994551048 0.3568388785538406 0.3555688599148894 0.3782047538965738 0.36874431505783695 
0 0.013121073490910892 0.2471731543983761 0.5886840230149084 1.128138586217795 0.5958473548571839 0.16635944161628666 0.5545520521454607 0.24225416069724157 0.20504585723892996 0.03599217688776521 0.10159936158318637 
0 0 0 0.6693746641268574 1.0364635719988793 0.16363963220452696 0.04004579887953553 0.5354139515365992 0.38901583752425906 0.24072927754218343 0.3307754051434643 0.20499716149718925 
0 0 0 0.03026150666187405 0.6035074828896542 0.14221104513188818 0.09334622372834123 0.3838390072522314 0.3855160225987344 0.2786888611566778 0.1633844730912818 0 
0 0 0 0 0.07223903663530507 0.13659252528233065 0.38786210691229883 0.43156562277911575 0.43697868351373487 0 0 0 
0 0 0 0 0 0.03022839185665449 0.17739519435749984 0.028509883256904234 0 0 0 0.14445584083220667 
0.18828704337193472 0.053454085043421806 0 0 0 0.036750708228604545 0.07550520102807062 0 0.260226814389208 0.3615864411426285 0.18487019949284175 0.23304152952544607 

0 0.33542634978349295 0 0 0 0 0 0 0 0.03140645138897359 0.02077867758005117 0 
0 0 0 0 0 0.056905181744304464 0.16685299076913224 0 0 0.072062873635728 0.28914003302649477 0 
0 0 0 0 0 0.2715847185070705 0.17037540367011758 0.21151516774929568 0.16418448085493367 0.2897537304279794 0.335943078044484 0.22876779715940873 
0.09722554043855287 0 0 0 0.20070029050726407 0.48789881647164113 0.3045736336324203 0.36572996067825736 0.48724909407597317 0.6854072610887283 0.7303879270820913 0.413420773437314 
0.21665109574191674 0 0 0.03217269934812577 0.20575400508007208 0.2522459160757887 0.13912265916832245 0.04952000416778985 0.30832468020072523 0.5013482919789544 0.5225744836880911 0.3305327089786333 
0 0 0 0 0 0.027480918784248742 0.346724287100322 0.12873250985852694 0.20524923166465384 0.37138049098765885 0.3424849746932458 0.2428689827748095 
0 0.05444887352612246 0.06911196194041368 0.08379094866782856 0 0.575495660942618 0.6700244159995515 0.005719518720923125 0.14318087376825325 0.18344576204149968 0.07099724106411663 0.2884497895334642 
0.09470704642252793 0 0 0 0.48031075029616604 0.7142240374936398 0.6490447114261171 0 0 0.054231462188829814 0.06073791475834458 0.1586588994579107 
0 0 0 0.04289013879556653 0.5926413869207307 0.6737744536792794 0.4125247135681243 0.05164099061668026 0.07815884898395054 0.05990338755738364 0.5726198556531646 0.6603734726349085 
0 0 0 0 0.0626989272802872 0.23509508819269043 0.23506067968955013 0.10554017636594068 0.35607162420535654 0.6209304423861155 0.8035562283109786 0.6252463682751384 
0 0 0 0 0 0.15156345619148875 0 0.14562026590503402 0.08803327134800068 0.426407855481457 0.38695052752133796 0 
0 0 0 0 0.31948114248847975 0.23683129279480847 0.22999517862652738 0.2488327475256177 0.1418863058779298 0 0 0.0381966028256773 

1.135794049468107 0.2516468500662239 0.11485506093482487 0.13437685703937324 0.09123813477664852 0.25463403154488506 0.2657650861419687 0.3432595876435259 0.5964623453884201 0.5096170679922284 0.245804419877184 0.6562452119918993 
0.03283334986565556 0 0.028804797387636832 0.42074025861994807 0.24727374294950635 0.01087119151432836 0.07679370835255941 0.11398388361472929 0.030001055080287692 0.14324896561242118 0 0.11631888213777054 
0 0.4116548380983739 0.8599568833118612 0.8028797559425079 1.0253152323775148 0.31773829811109183 0 0 0 0.45982804114711767 0.8488903672234585 0.32702740489634613 
0 0 0.02718234396046676 0.029439025819816153 0.5311465835724752 0.1505800174112153 0 0 0 0 0.22379402379736915 0.12587153127718942 
0 0 0 0 0.3451520854626109 0.40795348066860965 0 0 0.21658869028327965 0.40673442186235953 0.42021305632635797 0.4193306397316258 
0 0 0 0 0.7845786734418173 1.368020441379993 0.5155209295650222 0.0035216034393294677 0.23797311306743324 0.1956557098434467 0.14506159002643115 0.2233122009155754 
0.020192482509270915 0 0 0 0 0.9331581498584488 0.7545341287998238 0 0 0 0 0.4698876446453296 
0 0 0 0 0 0.3006656247448389 0.6319374257848598 0.212060849653844 0.27237871459787705 0.4660904795388099 1.1643230987411601 1.8497249394930353 
0 0 0 0 0 0.22344377599431156 0.4694314787405369 0.4841890131211865 0.6985103756471187 0.9410669432280208 0.43190183299349405 1.112329081383537 
0 0 0 0 0 0.4503906415233011 0.4177073243865165 0.9110409500203833 0.578585237262402 0.07747269969503293 0 0 
0 0 0 0 0 0 0 0 0 0 0 0 
0.30633131119192886 0 0 0 0 0 0 0 0.06808228591806048 0.6114153201465424 0.09512076463373553 0 

1.2641878183462962 1.199915216491176 0.9453993709357127 0.951914118189097 0.8731992182723873 1.179083185706032 1.1947621560126263 0.9336417797596532 0.9389421867592174 1.3091998202185657 1.2352582603342444 1.3542715743436387 
1.2591342616115428 0.8575771932646655 1.0723648803777581 0.8706029022791321 0.9063536021792046 1.0058551419464499 0.8876988000710817 0.7585172361752728 0.6417730832746563 1.3141855550137738 1.0594498968355075 0.6144545748740338 
1.1521278726974507 1.191927464389047 1.1395792736887693 0.8156930866577633 1.199809539705231 1.2456276882864683 1.0313838265179094 0.6129349361431767 0.24752310632076016 1.155535215811554 1.1980987039805944 1.0399223088511182 
0.7522939993305775 0.42783808886621394 0.602626549610643 0.6806303219594072 1.2856144677362864 1.0023938638790248 0.6007978710431378 0.21191627077588973 0.2777619285378542 0.82295188371527 0.5429357595680008 0.6030015233772004 
0.5644477285073966 0.009810977791037987 0 0.3015544353183518 0.6214406022584682 0.5560332104539095 0.5717614229881152 0.5170818509509651 0.8339151854847702 0.9555507555676973 0.7705885553003684 0.8116040296776205 
1.0548933999113013 0.34336494868343914 0.3509688410806332 0.38012872151739535 0.7115743014681881 1.622545082230833 1.6843255964381287 0.8263882060944404 0.798092023574828 0.8005005472941586 0.8155734633039039 0.8740704603047436 
1.4818248350519598 0.6206379523707551 0.3521711762681009 0.04665451926997968 0.30791793683819974 1.672061961980794 1.6041643989080316 0.902501417938558 0.9256287520282643 0.643468552498032 0.6292315401250181 1.2060329940373367 
1.2647025190589243 0.3112051468098761 0.46279946747536926 0.32728753288462376 0.6532943863133798 1.3753637313832459 1.265392005781342 0.9565269103867696 0.8971893397728933 1.1198041740435523 1.0916647996072821 1.9967870725001358 
0.8976608120568136 0.2722314342414449 0.6371290759591051 0.39319462346554473 0.47738750632898935 0.7306032716122467 0.8012614820871077 1.1045079801405546 0.9466779494546197 1.276176474910264 1.501891922067632 1.4852638808104681 
0.797639245167675 0.5355912983379321 0.3371246272150631 0.33675853172964365 0.3855723295964515 0.7290871454821146 0.8512329579382769 1.243125710235235 1.1243493839367593 1.0271125033465036 0.735121886835521 0.25434627699318474 
1.1016685685078365 0.35966759517824126 0.08569793551910383 0.2922633127487472 0.603563588701262 0.9272053664698012 0.9731304795917619 1.2452953778745475 0.7190289394099361 0.6455429621603794 0.39623169725640306 0 
1.1039171579725198 0.5961235156958813 0.48766164839336074 0.48346553890430277 0.32783003606250244 0.4491137149207909 0.34982680630217405 0.5302780895433694 0.12797642560118716 0.40820856813535283 0.912547052069822 0.8008856945729654 

0.1303071896792277 0 0 0 0 0 0 0 0 0.12858568651820512 0 0 
0.03585059770986078 0.015815158591164627 0 0 0 0 0.017350141343812762 0 0 0.04169109917299155 0 0 
0 0 0 0 0 0 0 0 0 0 0 0 
0 0 0 0 0 0 0 0 0 0 0 0 
0 0 0 0 0 0.22289198051490994 0 0 0 0 0 0 
0 0 0 0 0 0 0 0 0 0 0 0 
0 0 0 0 0 0 0 0 0 0 0.05834181974562992 0.06387940405097098 
0.16001647043648098 0 0 0 0 0 0 0 0 0 0 0.13380395404307208 
0 0 0 0 0 0 0 0 0 0 0 0.19736116440095627 
0 0 0 0 0 0 0 0 0 0.07119620024635767 0.5067042178363251 0.02854198988301421 
0 0 0 0 0 0 0 0 0 0.17602809882728435 0.10272147991885006 0 
0 0 0 0 0 0 0 0.08021998485234186 0 0 0 0 

0 0 0.3114220947755114 0.3055550615419107 0.4966795413386182 0.33041059833248554 0.17574259898652864 0.09169246271418895 0 0 0.04864546877736825 0.018338114883200758 
0 0 0.27994233917811956 0.08682223033154876 0.02931734160148468 0 0.19567960357142797 0 0 0 0 0 
0 0 0 0 0 0 0.032773401872923665 0 0 0 0 0 
0 0 0 0 0 0 0.18011675947314737 0.5147746041851168 0.2765952883494812 0 0 0.15254420019072046 
0.3357605057233561 0 0 0 0 0 0 0.2247870188998416 0.10460743466123981 0 0.048488755866042836 0.19906465451760155 
0.2690564598696223 0.105791606566356 0 0 0 0 0 0.22292390953239516 0.29094492354193574 0.29510308860212564 0.30309421594833263 0.3395129112580258 
0.19297116214815693 0.4648362272135498 0.6345998765886842 0 0 0 0 0.22119580955273974 0.1705441834127766 0.2802441880665825 0.11558066882560847 0.04114570123654114 
0.19314627996655953 0.7031311502360164 0.49566347447099735 0.06268725759853506 0 0 0 0.24610011972661835 0.16438305643631174 0 0 0 
0.2904805153246368 0.7027941194772038 0.4791091559082683 0.5364589935724783 0 0 0 0.04077774654316568 0 0 0 0 
0.52038152352523 0.5702699466506855 0.6103935779894113 0.33583013128924305 0 0 0 0.023479585340740395 0 0.16857182178289945 0.25200143660863517 0.3886366552917469 
0.17017326175331343 0.05366006097172583 0.2965156192282798 0.20777036581019165 0.056649467373907914 0.12459564433376677 0.45966868852392995 0.22608253591181215 0.2890401208785601 0.31065303161478225 0.13829774609945783 0.278331355344834 
0.31870523781048443 0.1118773242954216 0.09037268041504248 0.18319623650096417 0.6041479122128215 0.5295030865253563 0.663679303056978 0.43240978540132113 0.5344209221043718 0.5405016542035089 0.15084772213648087 0.11598999375525461 

2.1699859985237047 2.0896532665459486 1.980854662716434 1.9778097844907048 1.818955029971548 1.6891315289305782 1.6563444490237145 1.8965294356150302 2.2508520761476762 2.1512551147600774 1.8463243575817383 1.8896599749886716 
1.9271897116605943 2.0069081481841478 2.0038886164288394 2.066615929006895 2.0216124631047006 1.4756386083972628 1.6000124674634413 2.1319038731825146 2.063785203617444 1.715901291571401 1.6247247586263684 1.817488844938902 
1.7506683440668342 2.008204494475236 2.1061580656390917 2.310579235695725 2.0176997015979525 1.5865005511183317 1.4181604146860871 1.288927665925422 1.084045419523555 1.1543949574049346 1.5544416341088847 1.8685535009736325 
0.8624638634362577 1.6933244194996022 2.214381527864054 2.491844906431789 2.2559319890637277 1.781266007474851 1.4632634077705975 1.5047712595946643 1.2788862606952505 1.1887581750027079 1.5376398423167028 1.9662189294669914 
1.1131014143194538 1.7620563227231034 2.205858819095568 2.3518405842515917 2.588331107745466 2.4676269569257894 1.969225170490265 1.8594564463968228 1.926297480867818 1.6975807788578507 1.7012787166310335 1.8627860728358736 
1.4753215787600251 1.249567779277271 1.1462631583470997 1.919652844487223 3.0262537989042273 2.9347639556994056 2.2456940655260054 1.8810206607958257 1.825089717845224 1.821677750387491 1.8035461072831553 1.841724634511349 
1.4023321656421752 1.4932269302795027 1.138108965710444 1.6435042642056719 2.36696946492319 2.4045639052127292 2.107842185791961 2.0240733193512157 1.8951369484790614 1.8258565910175975 1.565002338739761 1.93265185700926 
1.2665707482124902 1.6236314857330345 1.5237707792457842 1.327793409598887 1.2279278335114214 1.6122814396983516 1.8943639461844937 1.9324712823549914 1.7161871614684026 1.5721735524793916 1.3099499391778633 1.7592950362646451 
1.235703152019418 1.3980337778276966 1.3885624755354125 1.2005222019600905 1.06923095053897 1.3638102010101492 1.7494347722947288 1.8049785561970746 1.548812801273261 1.282897442090487 1.4259401566802088 1.2565910544121266 
1.6023359972299742 1.6738741048906234 1.3710106346045077 1.2816663948374871 1.5053663020919055 1.8035659157218757 1.7007911049740727 1.6280158905960005 1.798729692073497 1.5179153095065576 1.5522525039867128 1.5888685155004314 
1.40191036899411 1.4102785708733987 1.693536932817595 1.8663331521557565 1.835659426177631 1.4674408983932141 1.4364978572532356 1.3457195938263333 1.497619067741069 1.5248839796288869 1.6176959834829605 2.1927162289931386 
1.6583364098372169 1.6902147473115567 1.8175845537328055 1.9356897961747743 1.9088650791180297 2.0775796971516542 2.0259085080847634 2.086262122574815 1.8717226622656504 1.4678280283805898 1.5074056435092114 2.0958017949690544 

0 0 0 0 0 0 0 0 0 0 0 0 
0 0 0 0 0 0 0 0 0 0 0 0 
0 0 0 0 0 0 0 0 0 0 0 0 
0 0 0 0 0 0 0 0 0 0 0 0 
0 0 0 0 0 0 0 0 0 0 0 0 
0 0 0 0 0 0 0 0 0 0 0 0 
0 0 0 0 0 0 0 0 0 0 0 0 
0 0 0 0 0 0 0 0 0 0 0 0 
0 0 0 0 0 0 0 0 0 0 0 0 
0 0 0 0 0 0 0 0 0 0 0 0 
0 0 0 0 0 0 0 0 0 0 0 0 
0 0 0 0 0 0 0 0 0 0 0 0 

0.3939868762158286 0.7670251885436037 0.5378448029291701 0.5373421339497831 0.5440205029842109 0.22241223866827997 0 0.29917354553326336 0.6358457600863884 0.5670571259044304 0.47821322982891407 0 
0.10700971766220113 0.36477937588050036 0.30680716830226534 0.6973446404517891 0.832033767807113 0.7023183109587057 0 0.019909660967585605 0.34047455716553143 0 0.1698528529731196 0 
0 0 0.3147854463739764 0.7327558626335497 0.6952240282068823 0.693981531077291 0 0 0 0 0 0 
0 0 0 0.1689631084395507 0 0.24483875870888647 0.18009007345687866 0 0 0 0 0 
0.13639105330625828 0 0 0 0.22422792152619608 0.8843908676222398 1.002002528400392 0.23058454499957148 0.0118813299792676 0.17063215273748641 0.005235000516134211 0 
0.14425323644289118 0.3297679651822501 0 0 0 0.778332533113883 1.312836641213527 0.5205466443730222 0.18985225102236758 0.029812267121169217 0.0470666794423468 0.05387601049255308 
0 0.10150201712666349 0 0 0 0 0.5957316824734269 0.5214860208589938 0.42395625052105995 0.3229170263972585 0.525099094799546 0 
0 0 0.03534271378073653 0 0 0 0 0.46174330581917966 0.6850791617719143 0.4350421513535118 0.4971213625379093 0 
0.1547690181412686 0 0 0 0 0 0 0.42260192008511255 0.6622448966501726 0.15749961465319487 0 0 
0.3929873570685105 0 0 0 0 0 0.2212481946488194 0.19086204815887167 0.19872544269226408 0.039611990192049945 0 0 
0.18885020713175185 0.5118040403342494 0 0 0 0 0 0 0 0 0 0 
0.26200063200076984 0.2653504825949059 0.3588115303951575 0.22196951559232334 0.2538940801192783 0.027942937012298108 0 0 0 0 0.14086810769318292 0.23134706129967858 

0.28933114021616935 0.006971037776946951 0.36435849214677835 0.3841227359521371 0.29746814518022047 0.38603740740693304 0.46253589704895015 0.63080959483728 0.5597555467258419 0.13539417016136276 0 0.4191847046353793 
0.16274189740448458 0 0.34342673473726654 0.46804642431976146 0.31499619457291594 0 0.1197212050624656 0.4346982463931731 0.015415242493613666 0 0 0 
0.6872551824802022 0.00025969728539895764 0.40452468893016247 0.2511277373912082 0 0 0 0 0 0 0 0.0728810822651733 
0.03248121225287343 0 0 0 0 0 0 0 0 0 0 0 
0.3663578089288545 0 0 0 0 0 0 0 0 0 0 0.005724388121384245 
0.6528112925251983 0 0 0 0 0 0 0 0 0 0 0 
0.54625844323349 0.26498051048224036 0.1949449148471185 0 0 0 0 0.36322878014814874 0.011030121665564573 0 0 0.7917040542575384 
0 0 0.15379479812758806 0 0 0 0 0.2900088402237445 0.05812722058181737 0.28519760400778715 0.21211515341032028 0.9883314474383975 
0 0 0.1296442065242583 0 0 0.22110652187779725 0 0.3387881108178417 0.1612608813597868 0 0.2865228484248094 0 
0.23297336470783292 0 0 0 0 0 0 0.10523607204262612 0.25808792845294803 0 0 0 
0.5591593945579674 0 0 0 0 0 0.17285032977191353 0.04010211545205588 0 0 0 0 
0 0 0 0 0 0 0 0 0 0 0 0 

0.17088922535125156 0 0.4522182927218632 0.4961014982399327 0.19971928887769147 0 0 0.14510271665380997 0.5942536432489741 0.0013484143451551328 0 0 
0.5688767438970721 0.43879333617712285 0.256831313234935 0.6281685812683009 0.5169362108498148 0.04471765175937088 0 0.004756909772872901 0.5837332491603986 0.48926056838640586 0.11334441945921238 0.18593912722448178 
0.7097823338340762 0 0 0.31318446139304407 0.4629378162448789 0 0 0 1.0109091512568598 0.3523544868509869 0 0 
0.5473404800272045 0 0 0.46723987171294384 0.06041816054574186 0 0 0 0.4837225478439163 0 0 0.19386077884426026 
0.6868976292327417 0.54298641517244 1.138416197847703 1.625712766414562 1.3627851300643 0.9301375256583245 0.43126066425362797 0.24922468797733946 0 0 0 0.06506825029605283 
0.34248898799814553 0.9328982621997038 1.532719695592185 1.9602086997569144 2.201660246787896 1.4031299409319866 0.6145318383280806 0.10626586042320965 0 0 0 0 
0 0.09252877607837717 0.7329665996074246 1.5779082479942168 2.785182364873906 1.9329879747997905 0.531811885133425 0.37896892158305745 0.2084126800324894 0.2913112855583543 0.5317932646694845 0.4074427522600377 
0 0 0.09044064428011839 1.0724488096954405 2.201133871425642 1.4976369542009231 0.4574426547087757 0.3665071029700462 0.5063083086196167 0.43174991034409915 0 0 
0 0 0 0.3273722995319999 0.9453670004676061 0.601913116826659 0.4349596774785231 0.47465802444333494 0.2407492458670058 0 0 0 
0.013135248086331763 0 0 0 0.0871846849415478 0.1748299687459895 0 0 0 0 0 0 
0.31468160465428996 0.35398468203012123 0.10996430679960828 0 0 0 0 0 0 0 0.04029888721892725 0.35791324101937144 
0 0.03222431092349362 0.5480560699674204 0.6789381379119618 0.30844907862645227 0 0 0 0 0 0 0.45477683945639313 

1.069111902786568 0.07404393301615074 0.5793235097423584 0.6513578164025844 1.0335406444683706 1.14853638097109 0.7368839543949975 1.08612196453447 1.1239471615350964 0.7532693409079562 0.7244483194447053 0.33886036683403387 
0.8166071348768346 0.2591467878377481 0.6879279659452272 0.8399408116407728 0.7926452190356472 1.0411381120905372 1.110604983383919 0.3553822583280186 0.32154342542311587 0.7220463966782839 0.3205178794061208 0.15800718794742968 
0.9548364358573805 0.9603823595670296 1.080203837940646 0.9940132892844136 0.9549291531595928 0.7617272118331101 0.47083263015926297 0 0 1.2161652297422023 0.4605215936548607 0 
0.4227116559585423 0.2812666923683864 0.023121792764152355 0 0 0 0.17225465625380215 0.46945924420712454 0.4869509230665199 0.4497286113624887 0.21350122236173436 0.1614789637141826 
0.11020040914916378 0 0 0 0.48628194859021695 0.35760839722245086 0.19665106139529484 0.3922015990550625 0.43089309277670873 0.4375142673037502 0.559084132046519 0.5363318422073498 
0.9911729682197837 0 0 0.27159115272891143 0.7327463454487896 0.30147213673103035 0.13387936807659062 0.4854915542312523 0.5230290004530188 0.27765094207654417 0.25143466454455066 0.31556683901031335 
1.0997775160855654 0 0.29884789520717014 0.37489996966575656 0.11932561698755645 0.058463751675660196 0.40788014983279774 0.3833736776957982 0.32106878857843335 0.36872220475824485 0.8788275042006087 1.3239933092222722 
0.7338430563966543 0 0.4620118559743768 0 0 0 0.5885363333983743 0.6647445476987445 0.9212581978128296 1.5683173207076135 2.255361603496771 1.3767084855487044 
0.7039464654332073 0.3473815090244492 0 0 0 0.5788404712820308 0.9288972101694296 1.110475609264304 1.502385814198526 1.8558842484169422 0.5539221910616058 0 
0.6334822890947728 0.37735415103435044 0.24611534473809474 0.23088284764169156 0.4080507887063678 0.4800696204073235 0.9708561065069953 1.2319427735546675 0.5521877083739315 0.27981964495496414 0 0 
0.8583381171923099 0 0 0 0 0.5400984340005268 0.49371485310176383 0.2698712659499909 0 0 0.39485523280202045 0.09158387369405172 
0.6127137719856007 0 0 0 0.16977280927524324 0.4624633206633556 0.27263127725804803 0 0.3589298024603091 0.807815126386029 0.05222214225911998 0 

0 0.4736390373105078 0 0 0 0.23118705598263492 0.4652146558598442 0 0 0 0.5043103204369874 0.21117232227681568 
0 0.006204780113880213 0 0.05682514467786454 0 0.44081048928047684 0.33103659614442194 0 0.220843104557641 0 0 0 
0 0.26813365568129155 0 0 0 0.40982975350485745 0.7489276697741268 1.0363053104949211 0.30154609795918136 0.2009612560373406 0.8835380462852088 0.6357421320377888 
0 0.2953606483845094 0.6542781408037868 0 0 0.2960643712300388 0.8775058422989261 0.9555888358942726 0.17780058784884603 0.39507914746181283 1.06456356366631 0.3601955011729049 
0 0.11065732125787721 0 0 0 0 0 0.3443919244208801 0.17270868191361738 0.29816755554843605 0.2883232594300843 0.033960278468733354 
0 0 0 0 0 0 0 0 0 0.20377392516107765 0.2407643806357541 0.31974258769274383 
0 1.0527715278743437 0.4582165582042459 0 0 0 0 0 0 0 0.8326240835972749 0 
0.6551939649533385 0.6799267852126364 0.27639838742680684 0 0 0 0.08252908218405126 0 0.524152114544138 0.3848887323419016 0.467099572251827 0 
0.47256801356434613 0.30468281242791945 0.40098955862488034 0.8664824885449068 0.25924146553970967 0 0.3510483485104827 0 0.2308787476278245 0.4528447813060967 0 2.0689685924450436 
0.1096553064896203 0.681449746749756 0.9347488070133146 0.6519696209142883 0.5236925287265257 0.42392309938169687 0.42489267409494635 0.2857830810878942 0 0.45744133332304004 0.9199148919720778 1.3930141231618431 
0 0.30434343639661676 0.417771222598635 0.39158776723192246 0.6879398164997881 0.5166711659665985 0.2546492454899102 0.2078984954878549 1.1095770035205035 0.7297598570389398 0.07060621631322446 0 
0.23313080220383867 0.4642191835624274 0 0 0.21925144964972415 0.07337519163651668 0.43795304575954963 0.44997650587879484 0.21515974374671415 0 0.638768950160179 0.5649818090902246 

0 0 0 0 0 0 0 0 0 0 0 0 
0 0 0 0 0 0 0 0 0 0 0 0 
0 0 0 0 0 0 0 0 0 0 0 0 
0 0.1951719644813363 0 0 0 0.1059027008837569 0 0 0 0 0 0 
0 0 0 0 0.11539697892845688 0.32488004595569764 0.1292030662036488 0 0 0 0 0 
0 0 0 0 0 0.11464990668930448 0.11353438342764649 0 0 0 0 0 
0 0 0 0 0 0.574169528887421 0.7699774486772666 0 0 0 0 0 
0 0 0 0 0 0.7050497903188868 0.9109264901931706 0 0 0 0 0 
0 0 0 0 0 0.3901048633345565 0.5260667257648474 0 0 0 0 0 
0 0 0 0 0 0 0 0 0 0 0 0 
0 0 0 0 0 0 0 0 0 0 0 0 
0 0 0 0 0 0 0 0 0 0 0 0 

0 0.3575368695466758 0.22676937987236717 0.2332539898967318 0.2955176303883918 0.23132939723548018 0.38538131596616454 0.142060211945663 0 0.3870012164696367 0.4755838856320322 0.21065904593013327 
0 0.5828446345165668 0.6811723658416149 0.20427559997355704 0.09953874744854121 0.12052907642753238 0.29385806724802815 0 0 0 0.2087216757839979 0.002994575701101704 
0 0.5337596552238413 0.26311012015144114 0 0 0.2766437426252807 0.02208400864218378 0 0 0 0 0.1006393219860142 
0 0 0 0 0 0 0 0.16972418948063078 0 0 0 0 
0 0 0 0 0 0 0.22572272682641192 0 0 0 0 0 
0.4719120327881409 0.10013378337931492 0 0 0 0 0.4786494162291806 0 0 0 0 0.06161888437786191 
0.4301988854415286 0.5573833020273364 0.1299724873430158 0 0 0 0.4779494572300432 0 0 0 0 0.3521752298740524 
0.17396731968177026 0.5767947062384734 0.44164401713522444 0 0 0 0.10854029821469531 0.13107530384906466 0.09750727455981305 0.2756753624681448 0.2678894780389543 0.04716481316269701 
0.30979681288475847 0.6368223446678943 0.6940912527267333 0.37959412837281176 0 0 0 0.1523214669571645 0.12990913229583248 0 0 0 
0.3421031549500065 0.5359088266535728 0.6805214570414742 0.4987098488287419 0.0625426876629809 0.014453423374522576 0.08937745422651351 0.09343667839000756 0 0 0 0.1993567794551523 
0.378228668178022 0.4182873998949445 0.5684953014427538 0.26823052848470497 0 0.19253028793142654 0.1849001037449025 0.14129183989751706 0 0 0.10239311052617471 0.08431214915094554 
0.11281951086782563 0.2252745012927859 0.1574598579837601 0.0572302309278344 0.0616378910696595 0 0 0 0.007213598220185902 0.036053243883678615 0.17289307383540062 0.4387894349946876 

0 0 0 0 0 0 0 0 0 0 0 0 
0 0 0 0 0 0 0 0 0 0 0 0 
0 0 0 0 0 0 0 0 0 0 0 0 
0 0 0 0 0 0 0 0 0 0 0 0 
0 0 0 0 0 0 0 0 0 0 0 0 
0 0 0 0 0 0 0 0 0 0 0 0 
0 0 0 0 0 0 0 0 0 0 0 0 
0 0 0 0 0 0 0 0 0 0 0 0 
0 0 0 0 0 0 0 0 0 0 0 0.018441199971190356 
0 0 0 0 0 0 0 0 0 0 0.14020414550716515 0.17333976974728768 
0 0 0 0 0 0 0.039285465779613116 0.02332186784923168 0 0 0 0 
0 0 0 0 0 0 0 0 0.04376943701186908 0.052210215451787785 0 0 

0 0 0.03275525752135967 0.05105394223629201 0.36467601463150867 0 0 0 0 0 0.028440047522625488 0 
0 0 0 0 0.0980937828100391 0.21241417431790305 0 0 0 0 0.055501215269042184 0 
0 0 0 0 0 0.08043978391945059 0 0.12648150127816898 0.8109153569282203 0 0 0 
0.2939765150733626 0 0 0 0 0.5375586758855302 0.3386763633230732 0.5316577735056565 0.8886703227369411 0.4235466400524741 0 0 
0.49312459769424166 0.7468211312596398 0.26983741962026564 0.467459371996569 0 0.026419389240158575 0.4011940031902623 0.5626187794942679 0.4887396388125491 0.2763986083280833 0.06352736734028121 0 
0 0.31821118638194357 0.6015463928761127 0.37583392405126237 0 0 0.29224261907416416 0.588698070733033 0.4696661019117121 0.26488960368630454 0.18607374036274688 0 
0 0 0.6091259995818541 1.2254849131590173 0.26053229438208525 0 0.37933402346248485 0.2511024133314268 0.3724232725317226 0.46153606107284334 0.7244695131880643 0 
0 0 0 1.6010716888884569 1.036506639700472 0 0.45881219377275634 0.05958192628194851 0.3162152185404446 0.246494012985366 0.22508256248242708 0 
0.15380227148813197 0 0 0.8739237497503953 0.9099418800546023 0 0.33891349479964694 0.047932401388439266 0.2564956630230946 0.17617660089590484 0 0 
0.08796068836793478 0 0 0 0 0 0.187159087924802 0 0 0.48963528375239723 0.23453277636060557 0 
0 0 0 0.10535397688982506 0.17338795525379536 0.1337129060320134 0.04646372918522428 0 0 0.30306618743532615 0 0 
0 0 0.23445818904870022 0.3278472930340498 0.5714116265345638 0.3112533316246155 0.3424884399624424 0.11652471606335846 0.4877419939369326 0.14783612096903156 0 0 

0 0 0 0 0 0 0 0 0 0 0 0 
0 0 0 0 0 0 0 0 0.1182472744854849 0 0 0 
0 0 0 0 0 0 0 0 0 0 0 0 
0 0 0.05613029338862792 0 0 0 0 0 0 0 0 0 
0 0.11388031996037402 0.5817008114104482 0.4452154007547881 0 0 0 0 0 0 0 0 
0 0 0 0.8385614401853998 1.068391708412222 0 0 0 0 0 0 0 
0 0 0 0.7724639158654986 1.3603057045919265 0 0 0 0 0 0 0 
0 0 0 0.43202352583570064 0.32370617802463103 0 0 0 0 0 0 0 
0 0 0 0 0 0 0 0 0 0 0 0 
0 0 0 0 0 0 0 0 0 0 0 0 
0 0 0 0 0 0 0 0 0 0 0 0 
0 0 0 0 0 0 0 0 0 0 0 0 

0 0 0 0 0 0 0 0 0 0 0 0 
0 0 0 0 0 0 0 0 0 0 0 0 
0 0 0 0 0 0 0.2738810982167602 0.5378387466459388 0 0 0.11219389946237568 0.1679255634402321 
0 0 0 0 0 0 0.45757836498519006 0 0 0.39320551347800237 0.7064171873715197 0.07070441870555869 
0 0 0 0 0 0 0 0 0 0.20326928611377063 0.21384860794147076 0 
0 0 0 0 0 0 0 0 0 0 0 0 
0 0 0 0 0 0 0 0 0 0 0 0 
0.053539052224570005 0 0 0 0 0 0 0 0 0 0 0.34578093916383307 
0 0 0 0 0 0 0 0 0 0 0.23188776277304618 1.765710871587724 
0 0 0 0 0 0 0 0 0 0.37929933342916416 1.0184221877688873 0.8128943284710934 
0 0 0 0 0 0 0 0 0.22409751238262296 0.6045737833773512 0.5721940359352045 0 
0 0.07941923807707123 0 0 0 0 0 0.13742719039489296 0 0 0.19573970389673154 0 

0 0 0 0 0 0 0 0 0 0 0 0 
0 0 0 0 0 0 0 0 0 0 0 0 
0 0 0 0 0 0 0 0 0 0 0 0 
0 0 0 0 0 0 0 0 0 0 0 0 
0 0 0 0 0 0 0 0 0 0 0 0 
0 0 0 0 0 0 0 0 0 0 0 0 
0 0 0 0 0 0 0 0 0 0 0 0 
0 0 0 0 0 0 0 0 0 0 0 0 
0 0 0 0 0 0 0 0 0 0 0 0 
0 0 0 0 0 0 0 0 0 0 0 0 
0 0 0 0 0 0 0 0 0 0 0 0 
0 0 0 0 0 0 0 0 0 0 0 0 

0 0 0 0 0 0 0 0 0 0 0 0 
0.10305499559927342 0 0 0 0 0 0 0 0.011061959269964651 0 0 0 
0 0 0 0 0 0 0 0 0 0 0 0 
0 0 0.07236441839117343 0.36071141308482063 0.4024685100223193 0.16298884953336945 0 0 0 0 0 0 
0 0 0.037202756867688924 0.12672593180905006 0.13073049302942763 0.2279663860111608 0 0 0 0 0 0 
0 0 0 0 0.2738614962717324 0.6265933588191568 0.08284971533060928 0 0 0 0 0 
0 0 0 0 0.3115187395010081 0.5828541677530231 0.16772984773311136 0 0 0 0 0 
0 0 0 0 0 0 0 0 0 0 0 0 
0 0 0 0 0 0 0 0 0 0 0 0.5324924528832357 
0 0 0 0 0 0 0 0 0 0.1808807799521074 0.18424005994700385 0.21647352166004444 
0 0 0 0 0 0 0 0 0 0 0 0 
0 0 0 0 0 0 0 0 0 0 0 0 

0.5642699337445414 0.5579849801215593 0.41273546692874213 0.4367542347182449 0.4773583761364966 0.4563699424880632 0.6954983465780002 0.46580748089062923 0.5132455666155692 0.6957588603543174 0.4150703345590008 0.49125363160327024 
0.3792290150306334 0.9540145199346696 0.6192405595543173 0.7240755470439653 0.825326119872287 0.7196003351473363 0.645227262648371 0.02222554620634658 0.27360614809761374 1.0849876260000646 0.5098914358975867 0.49924579114853057 
0 1.1150555311380732 0.8803870406847735 0.8851471122078372 1.0527900627501283 0.6580298522530014 0.39612448629483343 0 0 0.35983133926183014 0.5005507484595519 0.4454586604365098 
0 0 0.03453872873739193 0.03559060040522245 0.5877774134401408 0.517534756090177 0.41705921709481636 0.21037967244371514 0 0.0880034275436831 0.5599895982853774 0.5742753243349532 
0 0 0 0 0.587086479176654 1.1129048226739469 0.49352111688470734 0.4791764328921232 0.6619285797606195 0.6749268338847179 0.7401176361605991 0.6265567236170434 
0.24650174737197061 0 0 0 0.23923827079230842 1.2563483436620106 0.6966401213560794 0.3777847867438505 0.36768023978715203 0.39998895089444725 0.38215531231114974 0.48145415336322167 
0.20126147699027636 0 0 0 0 0.6629900063147225 0.7982305747073029 0.3566052421256475 0.3738397393131441 0.5090280910522802 1.0960367290085404 0.9292990321755418 
0.18721589805027597 0.44608559631085914 0 0 0 0.08256455848335614 0.6486678762643882 0.4869851860375 0.795473025582931 1.1240409551006478 1.3237693972333875 0.7456010033992958 
0.1256582344414756 0.27292834829845575 0 0 0 0.1390381712022913 0.7481528304991073 0.8352556327860068 0.9657478543565358 0.8514068389613193 0.20705961537445203 0.5058842086526144 
0 0.28374955126167817 0.22499588091255393 0.013162375831277322 0 0.639231021464947 0.7782183849706357 0.7890896032718554 0.5251185900130754 0.1333926172285024 0 0.757735841154114 
0.33614973358380723 0.09514937405307561 0.24961410326084207 0.022249628492524966 0.2627438837954467 0.49845569726983174 0.48183966670476674 0.27033465519744776 0.6873516742444951 0.8773394752307649 0.6125573860523176 0.4676528108154557 
0.15093940186088287 0.3021254014781528 0.1271142802147624 0.19270706781190655 0.14868649394451003 0.22350752244474026 0.34364129255898473 0.34130253800789323 0.677269181489219 0.5838579380424804 0.23409176574123006 0.25356036938378024 

0 0 0 0 0 0 0 0 0 0 0 0 
0 0 0 0 0 0 0 0 0 0 0 0 
0 0 0 0 0 0 0 0 0 0 0 0 
0 0 0 0 0 0 0 0 0 0 0 0 
0 0 0 0 0.33738472180075935 0 0 0 0 0 0 0 
0 0 0 0 0.5290588608925758 0.47510794660687594 0 0 0 0 0 0 
0 0 0 0 0.3748919049578451 0.6678675183873521 0.08638407542268084 0 0 0 0 0 
0 0 0 0 0 0.11273056212293628 0 0 0 0 0 0 
0 0 0 0 0 0 0 0 0 0 0 0 
0 0 0 0 0 0 0 0 0 0 0 0 
0 0 0 0 0 0 0 0 0 0 0 0 
0 0 0 0 0 0 0 0 0 0 0 0 

0.7251426284052386 0.25645014084957396 0.4689234095053979 0.4972716197889284 0.585531441920001 0.7515162656679402 0.5896790797279652 0 0 0 0 0.2761272379072015 
0.35378117709401397 0 0 0 0.35086421419135255 0.7263632061312104 1.0092732018244541 0 0 0.12281161639060806 0 0.11061449476121998 
0.37660122598585666 0 0 0 0.12146612470590912 0.18059050282238373 0.583359574420172 0 0 0.2472831683779021 0.26030118455936757 0.7351793383693852 
0.08077179409617738 0 0 0 0 0 0.3616309730528741 0.5016147003780911 0.2818026432080102 0.2166057164641999 0.3062181817299356 0.6002922450250041 
0.2421123585894931 0 0 0 0 0 0 0.6514485374566579 0.7711186714067472 0.5242105796900499 0.4334309534772097 0.4130214989423397 
0.7499665838662057 0 0 0 0 0 0 0.3654368103483977 0.3759348021131414 0.36904694735460863 0.34149003850989607 0.3166163986823011 
0.9191110674933076 0 0 0 0 0 0 0.48853422583242057 0.4516553194736857 0.4081127191081767 0.6686789622939437 0.8457629901339669 
0.5742120129888495 0.048885484042262575 0 0 0 0 0 0.5155168458583561 0.6898347346720097 1.0436774511804405 0.9112902594784624 0.9878291361783916 
0.6988866748250695 0.44923024273361434 0 0 0 0 0 0.812317104234811 0.6825350106428785 1.0615210324130036 0.7190152033959223 0 
0.5950193778674943 0.5567552724124658 0.23883670664462256 0 0.19269884832220202 0.1408393594955902 0.23275573287511336 0.6479083080661686 0.4713988856249651 0.46527503052162367 0.40759473404402813 0 
0.6660937336403135 0 0.39709273285910396 0.797192765192395 0.9523522620797698 0.6494246100669999 0.11108871225799305 0 0 0.013161353515939354 0.2952787470930355 0.5617821779393793 
0.5114319997776186 0.4095119779656282 0.549030817810877 0.4918394077248821 0.4158513634728542 0.507789260118839 0.48731754981468245 0.5911109681019436 0.31725737477317967 0.15055740357033257 0.45436711858176043 0.7720992573532581 

0.31906359540755325 0 0.46235617646520605 0.4745009407466326 0.8070170745158638 0.34791278846664286 0 0.06789721084021473 0.7607992476078331 0.5829053736042807 0.4672280043830429 0 
0.572162822033904 0.611161537207468 0.30645694495673087 0.5004374338879264 0.7188450941961774 0.4054946119679005 0 0 0.7319210387611879 0.4381309221210025 0 0 
1.196986128516889 0.10027403563840964 0 0.17238401968779093 0.45009527669214916 0.39737988820016307 0 0 0.7164614633074295 0.6586025975965543 0 0 
1.6575933699059637 0.2804179329329651 0 0.2209748166023297 0.39201245410340063 0.5631714162856812 0.35083832028381 0 0.33559942380149665 0.41318127115936615 0 0 
1.1675173470937124 0.4472053021970149 0.790957417234997 0.8428489905299051 0.6718277203841982 0.9508704478925448 0.583884710208373 0.2872648361119272 0 0.003017055967764533 0.097827743466818 0.05746775628793529 
0.5002215001153474 0.3680516849767442 0.7793573692333433 1.0821978729408297 1.1379980052439107 0.6776630074800065 0.1403773082908486 0.6527836248784541 0.5367532049004177 0.30613378287260895 0.2903859465076715 0.14673819413776026 
0 0 0.618013969931173 1.0633939953304394 1.5948146204173306 1.193190390453458 0.44622097951748196 0.4897875906013322 0.3853977734872438 0.5003703908949619 0.4204461868574733 0 
0.059105371363021214 0 0.38591823652901613 0.5599163522459724 0.8947022550703013 1.3888000759989352 0.7535262223300359 0.4068225192438719 0.42609039562930323 0.2041751514499723 0.37602535188070557 0 
0.5451718312966365 0 0.11036400670210766 0.1596322548657325 0.21457316779432833 0.4639601099203954 0.7337222520284027 0.1794921023348186 0.5670445129733934 0.3699161396294569 0 0 
0.8032406723619885 0.13654452435483 0 0 0 0 0.4753051986466319 0.1277620519192645 0.2160682547801151 0.4220930413281406 0 0 
0.49538966883707974 0.37130543823279344 0.07652733123970286 0 0 0 0.3469225544325053 0 0.02028980561134663 0.2755503217409463 0.26199143897534555 0 
0.3371806937683739 0 0.14405226213757616 0.08579950506897546 0.6167858501120295 0.6012312861076343 0.12310200688003425 0 0 0.4780673590222172 0 0 

0 0 0 0 0 0 0 0 0.008498026772198464 0.2891204022163404 0.02263490037425661 0 
0.0617743568330614 0.5296745941243655 0 0 0.21844550219750886 0.0313240440600656 0 0.0678523408388798 0.3390121126150046 0.6737856170307619 0.7190363274536127 0 
0 0.20832505756171407 0 0.06169718616474839 0.3584319445983331 0.6023981866067903 0.2580661040176051 0.033339760505144506 0.6477106847570203 0 0 0 
0.07514679205299907 0.0679469171602442 0.23304416355943713 0.8699636811210772 0.6645420040482631 0.48498595293304325 0 0 0.6395657595893914 0.5136745854876068 0.11039598717025283 0 
0.12161556661948017 0.2612461454526807 0.59636663081305 0.8604438785055614 0.7134131401673909 0.632635798517051 0.23976416793898964 0 0.2643184928149917 0.277908517813598 0.11734098050303747 0 
0 0 0.24754881908773352 0.06117520833774881 0.21578792574290995 0.376742492880045 0 0 0 0 0 0 
0 0 0.10070900746974008 0.324550315259689 0.7589826475577581 0.6502611705682902 0 0 0 0 0 0 
0 0 0 0.38301698764324976 0.9783210373175599 0.34846794122831354 0 0 0 0 0.2616902878349411 0 
0 0.09634628314353055 0.4310237984280854 0.4771752647455374 0.5310261084561954 0 0 0 0 0.34559687237145315 1.2569527684016264 0 
0 0 0 0.09027073435076133 0 0 0 0 0.47830777326262147 0.9045814124528855 0.8621761860712767 0 
0 0 0 0 0 0 0.7636627094497457 0.624845650487037 0.9015191897808157 1.158365563512552 0.06502770587764445 0 
0 0 0 0 0.016617309163267674 0 0 0 0 0 0 0 

0 0.21264514734164094 0 0 0 0 0 0 0 0 0 0 
0 0 0 0 0 0 0 0 0 0 0 0 
0 0 0 0 0 0 0 0 0 0 0 0.1160593369989308 
0 0 0 0 0 0 0 0 0 0 0 0.04064353793544774 
0 0 0 0 0 0.13235356367340825 0 0 0 0 0 0 
0 0 0 0 0 0.761904261850427 0 0 0 0 0 0 
0 0 0 0 0 0.6574386052024933 0 0 0 0 0 0 
0 0 0 0 0 0.34647422098647657 0 0 0 0 0 0.3523560403213668 
0 0 0 0 0 0.38316663546426905 0 0 0 0 0 0 
0 0 0 0 0 0.2077627145278465 0 0 0 0 0 0 
0 0 0 0 0 0 0 0 0 0 0 0 
0 0 0 0 0 0 0 0 0 0 0 0 

0.11134665469344893 0 0.1096668147367256 0.12069414665129896 0.28536031061269074 0.14009906729203747 0 0.045026915952938965 0 0 0 0 
0 0 0 0.03921357247775313 0 0.02858270739125883 0 0 0 0 0 0 
0 0 0 0 0 0 0 0 0 0 0 0 
0 0 0 0 0 0 0.04287978979789343 0.18749322970916904 0.0968833514857128 0.3385879702699597 0.1404370709148428 0 
0 0.050365757995983584 0 0 0 0 0 0.24012253605077052 0.03820037727652269 0 0 0 
0.121438093167478 0 0 0 0 0 0 0.23542034998126932 0.15217051091439487 0.022005230321365088 0 0 
0.002637501212331479 0 0 0 0 0 0 0.0981536940100984 0.01618178431151559 0 0.06127685673784862 0 
0 0 0.037197256884328886 0 0 0 0 0.08887053101803162 0.09680993938997716 0.16940380946906317 0.42251465489931644 0 
0.296695301474613 0.035309035285532135 0 0 0 0 0.2961820857085773 0.05523088536761528 0.26663016823522145 0.34314720113823305 0 0 
0.19449347691157032 0 0 0.004336689543128561 0.03925830027273444 0 0.4098640935363433 0.09012630653845699 0 0 0 0 
0.05565696196991253 0 0.2912067950010759 0.2162536139583916 0 0 0 0 0 0 0 0.11183343392832595 
0.03289319126135188 0.05649065070369416 0.30965569712014096 0.033837206759504655 0.028068408834362235 0.16488174891390436 0.0986078837275792 0 0.31987944303493165 0.3355643286741153 0.01921072829280085 0.02527947924299695 

0 0 0 0 0 0 0 0 0 0 0 0 
0 0 0 0 0 0 0 0 0 0 0 0 
0 0 0 0 0 0 0 0 0 0 0 0 
0 0 0 0 0 0 0 0 0 0 0 0 
0 0 0 0 0 0 0 0 0 0 0 0 
0 0 0 0 0 0 0 0 0 0 0 0 
0 0 0 0 0 0 0 0 0 0 0 0 
0 0 0 0 0 0 0 0 0 0 0 0 
0.024577231470677585 0 0 0 0 0 0 0 0 0 0 0 
0 0.05387766765675894 0 0 0 0 0 0 0 0 0 0 
0 0 0 0 0 0 0 0 0 0 0 0 
0 0 0 0 0 0 0 0 0 0 0 0 

0 0 0 0 0 0 0 0 0 0 0 0 
0 0 0 0 0 0 0 0 0 0 0 0 
0 0 0 0 0 0 0 0 0 0 0 0 
0 0 0 0 0 0 0 0 0 0 0 0 
0 0 0 0 0 0 0 0 0 0 0 0 
0 0 0 0 0 0 0 0 0 0 0 0 
0 0 0 0 0 0 0 0 0 0 0 0 
0 0 0 0 0 0 0 0 0 0 0 0.18989605784010705 
0 0 0 0 0 0 0 0 0 0 0 0 
0 0 0 0 0 0 0 0 0 0 0 0 
0 0 0 0 0 0 0 0 0 0 0 0 
0 0 0 0 0 0 0 0 0 0 0 0 

0 0 0 0 0 0 0 0 0 0 0 0 
0 0 0 0 0 0 0 0 0 0 0 0 
0 0 0 0 0 0 0 0 0 0 0 0 
0 0 0 0 0 0 0 0 0 0 0 0 
0.13467674292947668 0 0 0 0 0 0 0 0 0 0 0 
0 0 0 0 0 0 0 0 0 0 0 0 
0 0 0 0 0 0 0 0 0 0 0 0 
0 0 0 0 0 0 0 0 0 0 0 0 
0 0 0 0 0 0 0 0 0 0 0 0 
0 0 0 0 0 0 0 0 0 0 0 0 
0 0 0 0 0 0 0 0 0 0 0 0 
0 0 0 0 0 0 0 0 0 0 0 0 

