0.18206000397763134 0 0 0 0 0.45886778015449126 
0.7739054591397817 0 0 0 0 0.21614224672116356 
0.9371241998353171 0.3766380271175685 0.34218677440741263 0 0 0 
1.053636344410576 0.6651479800611547 0.8565573788531896 0 0 0 
0.7744684764022374 0.2787889312750359 0.3915050178913947 0 0 0 
1.2880538730003035 0.8982408120669538 1.4196492170484354 0.724612867900351 0 0 

0 0 0 0 0 0 
0 0 0 0 0 0 
0 0 0 0 0 0 
0 0 0 0 0 0 
0 0 0 0 0 0 
0 0 0 0 0 0 

0.6083872948509595 1.7041496769329556 1.915443094804348 3.1729927086478784 2.989744654726479 2.335761522581366 
0 1.2699826272370829 0.9834354076413871 2.6462845654753067 3.1181735590642554 3.5113818118056246 
0 1.129125125172422 0.15239819733979065 0.2804308213488356 1.5433465953133068 4.049973494520061 
0.009901720370067146 1.6054146390659734 0.8037145629158734 0 0.1306141820210546 3.9252070935388086 
0 1.663502702825748 0.9720027998163843 0 0 3.727982062898107 
0 0.5860409818541428 0 0 0 2.1080152948197686 

0.13966572105522373 0.027222694240264564 0.10418014703509 0.17611406325362228 0.24296821934577123 0.009179642958904635 
0.061837202822537435 0 0 0 0.6931104716590504 0 
0 0 0 0 0 0 
0.06022910335507066 0 0 0 0 0 
0 0 0 0 0 0 
0 0 0 0 0 0 

0 0.16715383357129943 0.032311027142156445 0.5555053829496808 0.5307014407485311 0 
0 0.01699223597676694 0 0 0 0 
0 0 0 0 0 0 
0.31194432151320994 0 0.18140708077622617 0 0 0 
0 0 0.004334410544336087 0 0 0 
0 0 0 0 0 0 

0 0 0 0 0 0.4554881394017601 
0 0 0 0 0 0 
0 0 0.1641042972571304 0 0 0 
0 0 0.7657577415625835 0 0 0 
0 0 0.10599603478114174 0 0 0 
0 0 0 0 0 0 

0 0 0 0 0 0 
0 0 0 0 0 0 
0 0 0 0 0 0 
0 0 0 0 0 0 
0 0 0 0 0 0 
0 0 0 0 0 0 

1.250574435541492 2.110411208699323 1.7080502143913627 1.543097644390268 1.4476571008290646 1.0588673399083712 
1.6617121124481815 2.408794660181198 2.7298064203546137 2.4739568067234137 2.0685196477862595 1.642311707434805 
1.6414913613814244 2.0130382184418005 2.1804603907942837 2.72133695962772 2.26678067640611 1.3930704151928528 
1.4400373550566752 2.003947720368157 2.7149032551286507 3.8310780597059093 3.8649029013093195 1.874718168066411 
1.2958063892820786 1.8685013477277563 2.5985042897129187 3.915753173605747 3.8779140751487207 1.938490595372213 
1.7147509291464078 1.5453502689056409 1.9633979411335425 2.6897800623135755 2.745798451391038 1.1905763405711975 

0.7177849231430357 1.300979076596032 0.1383797807093664 1.5083663688385833 2.6995063602872094 2.7246793861633587 
0 0.6160004569268984 0 0 0 1.9089385417489506 
0.09882603078774682 0.7218885162513835 1.085350783836689 0.049577137660285736 0 1.2738168725246262 
0 0.9666697396579068 2.0546978507496045 0.9564057824280243 0 0 
0 1.0622587786203421 2.2277485036381743 1.0282146162235546 0 0 
0.6827323888719152 0.7895793811558325 1.5836136979243909 1.090382364554323 0 0 

1.370480247024968 1.1648422505833687 0.8665221530721348 0.5277724567598415 0.8405446132026869 0.40619193118263247 
1.6429162861149609 2.5567786364734175 1.7992887234195702 1.2593206854972256 0.8339052354641009 0.0901536526238308 
1.7804293125141946 2.3489438523108177 2.284863315605247 2.184963072054879 0.7560141579074878 0.11888877273200951 
1.6463118878452474 1.6262093453781599 1.852501824100182 2.3124686117418354 0.5262758165501555 0.30464172129689215 
1.68087166411824 1.7445181373540526 2.0085266638654033 2.2954840917680084 0.7420039854135891 0.30375751140198604 
1.9485586171927478 2.907079860968146 3.4131471903338966 4.211485137486942 3.07485373353909 2.0605939472023542 

1.3247889972454039 1.51493399913372 1.0611293929798347 1.0222313337871467 1.0475096127004997 0.9533830369879381 
1.0815093249548855 0.7803556885543184 0.6508894947863475 0 0 0 
1.2037237055197596 0.9756340911199777 0.6089795867976363 0 0 0 
1.1903467203406584 1.0209056126585796 0.6781786266829887 0 0 0 
0.9232201111981416 0.8854328725543936 0.466130142174059 0 0 0 
1.0984919892902503 0.6866598128098562 0.06912189909203681 0 0 0 

1.2227472908238501 1.13824032653732 0.8729057096387516 1.1749187460377997 1.0843860525605185 0.4437464791543289 
1.653086774109571 1.42057121954466 1.1629979991292934 0.8269590945493844 1.4295112172512372 0.7073360397906322 
1.5604302096067264 1.5845157204850593 1.1339113344114353 0 0 0 
1.7912306541831864 1.5153473310107461 1.16696470293726 0.07543407128384383 0 0 
1.4178547576820613 1.041186898993434 0.509886575646157 0.05785295207946081 0 0 
1.1140838140583986 0.6658454051338207 0.5024131937393489 0 0 0 

3.0225915285584666 3.208443438496038 3.462856675245977 3.5392487079786408 3.171161343269649 2.4728189641928675 
3.2750310877349387 3.363757121970608 2.8804471273192793 2.723790553191095 2.9297928881444992 2.0740356034692238 
3.1776968239515297 3.3256448307403432 2.90426114886967 2.490724210304383 1.9800395941795088 1.642630552909942 
3.2898484996648305 3.024891595292753 2.6334475640080055 2.573161723073245 1.367926351715868 0.8414943382363431 
3.351908722663107 3.0351204771976144 2.5395404876894783 2.577013693256115 1.521029329271298 0.8258536698247305 
2.7834333871526526 2.6034542494687387 2.643390840612157 2.246160838958609 1.1480713748918867 0.7559099462702349 

0 0 0 0.3938061060529798 0.3378553679510556 0.7186089862628695 
0 0 0 0 0 1.360989259403819 
0 0 0 0 0 1.5093216592862715 
0 0 0 0 0 1.924290409535803 
0 0 0 0 0 2.08111751130985 
0 0 0 0 0.06591896549345 0.8619681321182617 

0 0 0 0 0 0 
0 0 0 0 0 0.1763987982009858 
0 0 0 0 0 0.04231725480465 
0 0 0 0 0 0.06260069342765316 
0 0 0 0 0 0.09895554009447834 
0.3215791994824577 0 0 0 0.2672860118028668 0.19666135549288427 

0 0 0 0 0 0 
0 0 0 0 0 0 
0 0 0 0 0 0 
0 0 0 0 0 0 
0 0 0 0 0 0 
0 0 0 0 0 0 

3.6258840833165547 4.379490992348741 4.879171595472644 4.541257728606985 3.631803946590604 2.6167776263308355 
3.06288388665482 4.531617551522865 5.2888218292457685 6.401823667613484 5.751295299214482 4.1638275966277085 
3.0076940049708463 3.864483893523286 3.8858959510571505 5.71695840181447 6.961303916878125 5.530030438935902 
2.5887458969612966 3.8183844559062448 2.507570974633721 2.595079991930048 5.152188216339315 6.048368130871167 
2.813614272998657 3.841620530128458 2.4891650814347908 2.0101146313792104 4.444567048777387 5.854039778702219 
2.7229158905401016 3.7914877737154216 2.477898857100214 2.0145362352436407 3.676752394369836 5.284605106767795 

0.08187808116764692 1.113668885016813 0 0.03776529734716595 0.6128945206173467 0.26805591041666293 
0 0.5577492242010327 0 0 0 0 
0 0.4325885813161491 0.15539112423040807 0.6208489021539267 0 0 
0 0 0.12821863267807856 0.8646493126392334 0 0 
0 0 0.17749543186832653 0.883683653932187 0 0 
0.2306164382836362 0.6942452315978543 0.6848306640227022 1.1975425329245264 0 0 

0 0 0 0 0 0 
0 0 0 0 0 0 
0 0 0 0 0 0 
0 0 0 0 0 0 
0 0 0 0 0 0 
0 0 0 0 0 0 

0 0 0 0 0 0.3894695138366231 
0 0 0 0 0 0 
0.1715849361494223 0.09395016204070412 0.2651522186620182 0 0 0.056417701407690146 
0 0 0 0 0 0 
0 0 0 0 0 0 
0.6371060484892839 0.4427035581369209 1.2061005045259048 1.6806637102384543 1.356279891402254 0.6817428514314744 

