1.2144395271802484 1.9423611246329762 1.3937597384000688 1.361811198554795 0.9376026335343226 0.44174478296863245 0.6257563903702466 1.0728259603226709 0.3232472555555907 0.3419372829955108 1.3240750072061596 1.3706043460621198 
0.8028134179236195 2.6786214138521722 1.5303500522929596 1.6791932705006578 1.2117350656864114 0.7668626580928597 0.5453840328759523 0.30722527745998834 0 0.9311907451648447 1.8533844489708573 1.3229097793012126 
0.810713414890375 2.6570947173264936 1.6159626076746292 1.6915504072144043 1.629644227474888 1.9484608355988424 1.6696265137665394 0 0 1.6175129156213461 2.2213122041957956 1.3291380144554041 
0.8135228838907315 2.6621544419144616 1.275632570000155 1.2610744032932824 1.2267471372079488 1.7786053782528617 2.0791116093339017 0.14563141106337138 0.2050857358162196 1.7590054978736858 2.1944853104393136 1.3422427632235223 
0.8629555219473137 2.670569773582542 1.3857737538738526 0.7770279665727382 1.006014728332732 1.7557727955551448 2.149668944555472 0.660141272621178 0.736233926094855 1.9967706880103897 2.0645415455587854 1.3712252076449356 
0.8760499110168011 2.918715860862956 1.592997382310172 0.9505397654293064 0.9730747814048922 1.4518886250610141 1.403553809027628 0.5476075324126357 1.5119093414286187 2.589536159621384 1.8405972667505428 1.38078177 
1.120420326621665 3.0562059487841355 1.4034458857470546 1.075587810644788 1.0542092876502218 1.407759603855841 1.0915539682925997 0 1.8537541115809233 2.946322758052127 1.379924556403798 1.38078177 
1.0837446261422765 2.858177727308202 1.3547136414597567 1.2409370020399386 0.6269369013963396 1.3646157770029699 1.2119251728149025 0.2542168933361372 1.8288717025101935 2.835271066710798 1.3762270871736193 1.38078177 
1.0400765124038804 2.286873016149797 0.9647218671216089 1.4156141657652028 0.5088094968299411 1.8711792938530143 0.34964793819989426 0.40647628447837786 1.781123771161051 2.574561872928936 1.3574726727290363 1.38078177 
1.544995702337834 2.168662132445451 0.4411535592909823 0.6649955026952075 1.102446658380678 2.4144478948536365 0 0.17536342093911006 0.9763736982159946 2.1189505206324353 1.1628887431314292 1.2233652245874997 
1.7408262108256183 1.804575062050024 0.7735810143263775 0.6194881309642382 1.2843547960322097 1.9466722358041195 0.4572136892704696 0.7288498803895423 0.2373202498125275 1.7278248819517024 0.9370641356159402 0.9003733811343867 
1.8524625980533576 1.4762770923563675 1.0294843575842811 1.0278511452753933 1.733184457263655 1.8800303810400105 1.0923982371388008 0.8447428039048985 0.5460341148807767 1.9203644772594664 1.4666186630928484 1.2830500804274794 

1.0999801631123343 0.4468341842773736 0.49528953016950616 0.5152010314719254 0.43398339169062045 0.1296100721922792 0 0.22605438321085555 0.9721688466728259 0.7783117794687306 0.4850120182989892 0.6079624928202839 
1.3655267512084461 0.19638166852280617 0.4791535044730748 0.25880166166333074 0 0 0 0 0.7163861036510287 0.43588844124606135 0.22840918881165484 0.6124095873898032 
1.3489132599880105 0.1358205384447349 0.3297090287339901 0 0 0 0 0 0.6023287531556788 0.24003702877871858 0.08725180326761767 0.6137192135834442 
1.297404174886213 0 0.16025134216565495 0 0 0 0 0.06366485561047217 1.4297866172439708 0.370345217395211 0.08840641906518878 0.616914836208153 
1.16083602779536 0 0.2252157937441681 0 0 0 0 1.1580165880762276 1.1914142658514668 0.02680481382310808 0.1542386866733786 0.6162033887770253 
1.1961504611586002 0 0 0 0 0 0.24041068315089503 1.2805369848858335 0.5710567915499836 0 0.3927911436188512 0.61497229 
1.2840942200936158 0 0 0 0 0 0.5658234499322689 1.6906145906829133 0.5848217749593897 0 0.6150827182660149 0.61497229 
1.044818387554646 0 0 0.04215903053324821 0.2329074760990768 0 0.5475608814887238 1.6263370896411165 0.5986273338326401 0.03553500163494464 0.6118747582338868 0.61497229 
1.0633261900439364 0 0 0 0.11828501304589037 0 0.5195123608612036 0.755402276060864 0.16366352367982887 0 0.6155444707703384 0.61497229 
0.7904840237069389 0 0 0 0 0 0.2554106914317971 0.7274717693757442 0.351363263887698 0 0.4204955116047851 0.45383633473156926 
0.3325048595124918 0 0 0.02407046033254394 0 0 0 0 0 0 0.47186042334031375 0.4617714481992645 
0 0 0 0.15347432983225962 0 0 0 0 0 0 0.21036771624505418 0.07343561027505757 

0 0.1886826791444561 0 0.01694500315219514 0 0 0.14833723902625273 0 0 0.0712248577917598 0.3316949177375946 0 
0.04176299232574188 0.5305122548708155 0 0 0.5052787487732406 0.5397779703831228 0.24966239716943267 0.6958016087064237 0.5392011591566493 0.8526001637275302 0.5672000559768074 0 
0.04744390027270948 0.45618913524189403 0 0 0 0.06541105384031454 0.08116226544626354 0.47272957874710464 1.0862626855586668 0.9188778182756087 0.65142119289908 0 
0.008004386490317143 0.48677996723706024 0 0 0 0 0 0.4304000326904695 0.6321938561389225 0.881572551796328 0.5503280404146186 0 
0.03494381754722996 0.5178595305686949 0 0.2086012432118051 0.10970346050722711 0 0 0 0.772949303171769 0.879586254328286 0.4294822367518618 0 
0 0.48539356582815196 0.4016309288638952 0.3176850301698105 0 0 0 0 0.9973937562168217 1.085795126186607 0.1663106389481171 0 
0.0586582077691453 0.6331896124433175 0.30613170072209595 0 0 0 0 0 0.7005015625032166 0.7979396411324915 0 0 
0 0.7117404789647533 0.14121477418303852 0 0 0 0 0.1822508600065137 0.8855117559353638 0.834876303630103 0 0 
0.12837301370548077 0.5044549377589794 0.23920842719084254 0 0 0.010446388251031669 0.04095185944328242 0.5551912159986667 0.8385301824715112 0.6515863275282061 0 0 
0.1628441001445111 0.46081271310348765 0.5387009833975644 0 0 0.5541769244068144 0.4996965424128853 1.3839826795479075 0.6436298049680786 0.5827127139989929 0 0 
0.3843049904557456 0.34621989398091024 0 0.08526507774705719 0.16905601705759973 0.3413506606563366 0 0.6012381070481372 0.7208024764715657 0.3555560708586197 0 0 
0.006480095475050129 0.08217271600127377 0 0.01871736207204018 0.048853738705515154 0.2356252117211089 0.013660456386519873 1.132697404484693 0.8648348141569359 0.14612091951308764 0 0 

0.3169138242317059 0.614958014675216 0.027113824451413943 0.1993826485934788 0.5620502463639295 0.44084978040201606 0.6760682835696512 1.4909381552787415 1.8533768655207923 1.706169187314323 0.6464088273270803 0.1333908261830507 
0 0.5918972826384739 0 0 0 0 0.9946664172566764 1.2977961380144074 0.4790737794593627 1.0005334078197903 0.6524012207509607 0.12161767522986677 
0 0.4306350003381848 0 0 0 0 0 0 0 0.3393114617370584 0.6647334060616086 0.0999154946851118 
0 0.3632449354567534 0.033689811409927606 0.5450882242540473 0 0 0 0 0 0.4978978646482579 0.6139158670302018 0.09646523438807578 
0 0.5652438349194646 0.4712346132673746 0.5047194000557982 0 0 0 0 0.1122699089974264 0.29148505570005007 0.3401608169017138 0.09728696474202969 
0.008882401652521408 0.3975805110734364 0 0 0 0 0 0 0.15093493131088642 0.4609071742777033 0 0.10951276 
0 0.2759829508511853 0 0 0 0 0 0 0.7560123414457832 0.7411744247337406 0.10841611901863707 0.10951276 
0 0.2729403374880862 0 0 0.3927419488769724 0 0 0 0.906878020036141 0.7951915818294174 0.12013415031394825 0.10951276 
0.012665356902012995 1.0688551637900365 0 0 0.10095647511731366 0.47435054842847024 0 0 0.39851496084536 0.8381282704035793 0.10885188431704126 0.10951276 
0 0.7005513349982472 0 0 0 0 0 0 0.2884935103856875 0.4138066518683643 0.032581091407596977 0.23012010487903178 
0 0.014063122187828792 0 0 0 0 0.3603469591713755 0.6490399095216786 0 0.13406725016839607 0.18898111812283308 0.6970443839818725 
0 0 0 0 0 0 0 0.14500179889872575 0 0 0 0.31862874077664527 

1.0982067814829366 1.761774506111111 0.8842404338291987 1.0942557388271958 1.2908621974616967 1.7088467602813358 1.7715340120757623 1.4892896398017947 1.5057407678865276 1.9887389781648412 1.6065417466322511 0.9386261711969481 
0.9782307579284595 1.5037335319398888 0.8089050778047607 0.9606083462745717 0.7808611265543327 0.5751043601561652 0.968654778677059 1.1171308110416904 0.2261345146744188 1.2382037108574946 1.3099417533105042 0.9527368311657687 
0.9786897177466859 1.5054892932829422 0.8247787340380133 0.9162495989284088 0.41296927837128833 0.1645014949890706 0.31018158857517913 0 0 0.9468987817287146 1.2309234028011846 0.8933845638762499 
0.9879599782304775 1.4380597888947404 1.1188923660665948 1.1125426512712058 0.9050167169174543 0.28858150584998166 0.03573914461008026 0 0 1.5397495939840884 1.1517154948401733 0.9175918699057202 
0.9217489676883984 1.429292083709772 1.2042346299001987 1.2428059392283566 0.5574671565173134 0.12569644781605604 0 0 1.4191872847700768 1.6251096604785378 0.923758932645238 0.9100245718133696 
0.7772726767475732 1.4630661027441265 1.1668849763364366 0.47880783818436523 0.08202506390437223 0.18702759363242688 0 0 1.261080094975416 1.2732388561433714 0.5122169665909526 0.9395951 
0.7853736562057942 1.4567743260211028 0.829290813080983 0.31471592790212094 0.29642326297077276 0.6193586800565969 0 0.05762796949086551 1.5005948031518517 1.5482973701921738 0.9369426547098774 0.9395951 
0.8394758937138264 1.6447621576376357 0.603165016421243 0.1858060373249738 0.921654316311874 0.9603167592468801 0 0.044596777206950725 1.4545926612972897 1.5869402027671828 0.9390792606933464 0.9395951 
0.7372089537888397 1.8734949809672925 0.8947501480848651 0.21326065091612562 0.687534056733226 1.0451944686028232 0.6728565599726035 0.8265475218870536 1.5391964025181577 1.4131588669271467 0.9456810907034845 0.9395951 
0.9405760686180633 1.6171243646167106 0.3063569967489044 0 0.4711671132762621 0.9802289731991732 0.35553757385444457 0.622848454187216 0.832260423425158 1.242609917648952 0.9802997015931609 1.14805250528494 
0.9832199954298787 0.9016892358573685 0 0 0.45627377786446927 0.7627416734328113 0.3334434329536913 1.1294280790520304 0.9934548417745953 0.8726546101669763 0.8546445932176673 1.223865170644531 
0.7251520215143875 0.4235068904833897 0.23733406030064044 0.15123926477676036 0.278864601399111 0.01643042312104151 0 0.8139538270411688 0.035323295728901624 0.38746591566537947 0.38912021434382965 0.8152087767079441 

0 0 0 0 0 0 0 0 0 0.027209878233107224 0 0 
0 0 0 0 0 0.24786988729827264 0.25464613079989695 0 0 0 0 0 
0 0 0 0 0 0 0 0 0 0 0 0 
0 0 0 0 0 0 0 0 0 0 0 0 
0 0 0 0 0 0 0 0 0 0 0 0 
0 0 0.005864490381975368 0.08449574043070793 0 0 0 0 0 0 0 0 
0 0 0.1681330728097502 0 0 0 0 0 0 0 0 0 
0 0.06774955682259234 0 0 0 0 0 0 0 0 0 0 
0 0.13003452291881765 0 0 0 0 0 0 0 0 0 0 
0 0.20411039419196036 0 0 0 0 0 0 0 0 0 0 
0.01156759121640373 0.1376707131804389 0 0 0 0 0 0 0 0 0 0 
0 0 0 0 0 0 0 0 0 0 0 0 

0 0 0.41303919553093493 0.3273829708380065 0.043518729993378635 0 0 0 0 0 0 0.2966726611636336 
0 0 0.5329611685480804 0.25593318577158053 0.8145075349178758 0.4884254959521817 0.08236564802252504 0 0 0 0 0.29933189380797337 
0 0 0.26108609956758977 0.251290660321958 0.4097505027781322 0.13338351423793174 0 0 0 0 0 0.3308891164830487 
0 0 0.1256528582894704 0 0.26791579493422857 0.23833984382074674 0 0 0 0 0 0.336635978234483 
0 0 0.044953339190559057 0 0.394980330010442 0.45618282344776173 0 0 0 0 0 0.34294811434939215 
0 0 0 0.17922087564340256 0.6804506067850082 0.5670431290179538 0.0794850719145326 0 0 0 0 0.32815254 
0 0 0 0.17209200671690303 0.19001278851387926 0.16735020088029762 0.3432619458125875 0 0 0 0.329479687464192 0.32815254 
0 0 0 0 0 0 0 0 0 0 0.3141067044541696 0.32815254 
0 0 0 0 0 0 0 0 0 0 0.3230760118593551 0.32815254 
0 0 0.5737506117578552 0.07312540873357487 0 0 0.3355007713984398 0 0 0 0.27349048179862673 0.2926305682594825 
0.13537363647904185 0 0.6295289340439538 0.7333911476267279 0.10151484088243479 0 0 0 0 0 0.385274245804513 0.28238806470684197 
0.29246614460348125 0.20223805709243103 0.3271450951226901 0.741518413351353 0.43690102147708415 0 0.04895874407449888 0 0.10614682137092506 0 0.3459794203381458 0.2159953650768422 

2.5914390711084234 2.1516952918720396 1.7786448918487743 1.6405347272418227 1.3222320376214927 0.9217201889736683 1.004924545606923 1.6341391620645866 2.5290287032141046 2.7119242692927084 2.175067514675776 1.9937729248038736 
2.1140036452952673 2.146048239443657 1.7726853664831996 1.6347961125671333 1.3704302013583165 0.7512638084262221 1.1056181597301775 1.5673582987144028 2.0372477901633075 2.180231885105893 2.188577609330022 1.9910144887109913 
2.0967902099492326 2.027976707935564 1.655352021654822 1.6073775505468397 1.0469767776215968 0.811451318299003 1.2264645873706626 1.390390070547501 1.948914258001071 2.3337912149486315 2.1285631875985147 1.9974690452803017 
2.0369509177479954 1.7859494421592224 1.4335706719315329 1.3859160210080004 1.224662973371038 1.0860024315726076 2.090073117679721 2.5539539853572513 2.2950716900216452 2.058840189861913 2.109019143215627 1.9968629250290466 
1.9159153504552078 1.6126087364116546 1.5142119365961022 1.4642189469454325 1.211793477267208 1.5724003166284186 2.1622360777590357 2.9479112544005215 2.091086406831534 1.744210420225159 1.9115750631089732 1.9989761025278698 
1.7195619340826276 1.7039737917594138 1.4903448075523602 1.6436263929963675 1.4415265682278606 1.4192674573560906 1.8849065289586888 2.3053493182310008 2.2928021000180903 1.8674297617437685 2.0662732477565724 1.99629569 
2.007899468248507 1.667020643344768 1.353322410182313 1.7173940226860511 2.0105051665453644 1.7745583701898802 1.7146710100473244 1.9177097304980601 2.3433265704659956 2.328969921356379 1.9965361201857668 1.99629569 
1.7060999780303654 1.4992806436473984 1.2817764183497473 2.0688446748900993 2.095349931215011 1.982249177321264 1.9198567957729724 2.3154115780686024 2.3752429094154683 2.1882420499885176 1.995160968784921 1.99629569 
1.4711981568355772 1.3263799175512008 1.081451487994617 1.9306141957090803 2.02441542201212 1.5997233311770875 0.9928581076045009 1.005557198433947 1.7639564028248338 2.093514767260462 1.9945961694504328 1.99629569 
1.206586453142 0.9988183182935103 1.415875302778455 1.1475805847085057 1.225228675801377 1.494416316744533 1.0076716630773892 1.0889834387756125 1.4724336919490537 1.7960173327347488 1.7111096043817402 1.967765582882733 
1.665901634132696 0.9566410947524936 1.317432782578839 1.4298653599617783 1.1814234575148934 0.9633092668554609 1.0951216657092309 1.360319812485254 1.3470700982641275 1.854028195762017 1.6645197698318035 1.8841251960203658 
1.5180640005497927 1.776391705984768 1.8849235308181893 1.650246853507431 1.3359271688972847 1.5521949412883422 1.5479949734305922 1.040710531732418 1.5375605939241659 1.837064675189353 2.0121812369855405 1.9128772146325859 

0 0 0 0 0 0 0 0 0 0 0 0 
0 0 0 0 0 0 0 0 0 0 0 0 
0 0 0 0 0 0 0 0 0 0 0 0 
0 0 0 0 0 0 0 0 0 0 0 0 
0 0 0 0 0 0 0 0 0 0 0 0 
0 0 0 0 0 0 0 0 0 0 0 0 
0 0 0 0 0 0 0 0 0 0 0 0 
0 0 0 0 0 0 0 0 0 0 0 0 
0 0 0 0 0 0 0 0 0 0 0 0 
0.01081520007679196 0 0 0 0 0 0 0 0 0 0 0 
0 0 0 0 0 0 0 0 0 0 0 0 
0 0 0 0 0 0 0 0 0 0 0 0 

0.4759921701625518 1.104281447216989 0.605806504551251 0.25118580659882284 0 0 0 0.0655203509317954 0.33531416025564786 0.7705348935501225 1.1170565712670582 0.5601049424767094 
0 0.5679620756199514 0.561202378255846 0.3141837014214768 0 0 0 0 0 0 0.4383598116972738 0.532662449553961 
0 0.45370908023195616 0.709067118361049 0.21942149358941881 0.027384730571778537 0 0 0 0 0 0.20820408903579002 0.5086858683185922 
0 0.6530474842184558 0.2160588717197747 0.027564794093431558 0 0 0 0 0.12508085676059055 0 0.10586970336509252 0.507650328164856 
0.06201977220927509 0.5236760645464705 0 0 0 0 0.007313003047047406 0 0.045636413371133916 0 0 0.5163312917171622 
0.20977396223413938 0.3377322691695597 0 0 0 0 0.5138088263328067 0 0 0 0 0.53359699 
0.14670012471412344 0.28706621963631973 0 0 0.014803644399997429 0.37316819130968104 0.6047348559810747 0 0 0.41331267650299264 0.5320482750158796 0.53359699 
0.2048125358971992 0 0.16658655491139326 0 0.20675254372150095 0.792753499130938 1.1089628527244888 0 0 0.4343608626492824 0.5455501828433542 0.53359699 
0.30375691877777655 0 0.16909696245774486 0 0 0.18853565206024103 0.047253383091107715 0 0 0.10151524186830325 0.5266153351435554 0.53359699 
0 0 0 0 0 0 0 0 0 0 0.3716714848185023 0.14306781909327526 
0 0 0 0 0 0 0 0 0 0 0.1385724226444936 0 
0.4268517872566099 0 0 0.2750367727789922 0.16959454100448126 0 0 0 0 0 0.16757283211927543 0 

0.7373240416362633 0 0.22901830572266396 0.3681222086945992 0.028102911534412522 0.387266225437229 0.4870294713622407 0.716009153071712 0.9826392927007044 0 0 0.416339031026104 
1.0828800081765955 0 0.2790245834481013 0.07690006919056133 0 0 0 0 0 0 0 0.3957022347842137 
1.0740105054202083 0 0.35364933770024587 0 0 0 0 0 0 0 0 0.37364612556399723 
1.0562889683630914 0 0.3339317973222644 0.489301897068315 0.061803548856496436 0 0 0 0 0 0 0.3698521401205483 
0.8994649659532103 0 0.3032363563981421 0 0 0 0 0 0 0 0 0.3742851780284585 
0.6155013441067578 0 0 0 0 0 0 0.013113213654176115 0 0 0.16149045398698592 0.38837066 
0.7898615301156047 0 0 0 0.17352957607587724 0 0 0.3283466669599588 0 0 0.38710720707556373 0.38837066 
0.6280311205494401 0 0 0 0.07860915844832767 0 0 0 0 0 0.4007816376703253 0.38837066 
0.2673876342948706 0 0.21109136178540197 0 0 0 0 0 0.22793680520178156 0 0.38480539441028994 0.38837066 
0.5293386706998967 0 0 0 0 0 0 0.08860773385118477 0.8236697379028354 0 0.40908352839711826 0.6971747082355759 
0.7438104836532754 0 0 0 0.3368760684839054 0 0 0 0.0320424187972147 0 0.2855556129900007 0.5353379470502359 
0 0 0 0 0 0 0 0 0 0 0 0 

1.7046036540607292 0.7990437940672632 0.39685166119544474 0 0 0 0 0.07370399858450244 0.7244712248905925 0.7048009413103319 0.4144330750025673 0.4985772025735676 
2.0962784139186788 0.6130272578073087 0.15663434435770457 0 0 0 0 0 0.754497059177468 0.8315410491797852 0.49041635143058915 0.44128854701392906 
2.06528655299788 0.5215452468506979 0.4736611792166968 0 0 0 0 0 2.0648236191608276 1.8433946241718673 0.3763840911141377 0.46830904579241966 
1.976181961564983 0.5649058401493211 0.05441499899066585 0 0 0 0 0.8345829035899792 2.6913769201651196 1.3684150333852307 0.4218584172275381 0.4526498710587968 
2.0293144925485964 0.17146547098521603 0 0 0 0 0.434087184210973 2.655076118121069 2.4934534416133727 0.8169444912102837 0.353855544789665 0.4785557173521269 
1.7995511883378632 0 0 0 0 0.0376191220741417 1.7143658327633369 3.7937208880535276 2.639653802367759 0.8683481893749557 0.41022702830175833 0.47508544 
1.6669059288839585 0 0 0 0.3962349481835121 0.07415568075345433 1.4716698986958054 3.562903445188809 2.363323464210526 0.7408150307623727 0.4753967202300985 0.47508544 
1.8332097264284513 0.13748105185764814 0 0.14096866171473915 0.49013666394749184 0.31355190858472465 2.0986787009263237 3.6338342644478576 2.3108433709693514 0.5553626293751669 0.4855856714117643 0.47508544 
1.23299235611084 0 0 0.37552907369631494 0.545150240568918 0.20414854404019295 1.6606984486960308 3.0596095298457238 2.20405744965906 0.546833403257061 0.4542506932009437 0.47508544 
0.3425620269132097 0 0 0.6270786527222614 0.7272456350272143 0.19684447799924018 0.5038573081288976 1.2064525006814835 0.8804396160827594 0 0.4331588004972451 0.3904922852757572 
0 0 0 0.6248766062812487 0.15020993063247806 0 0 0.21303568330894287 0.08142649534239788 0 0 0 
0 0 0 0.46366849007051425 0.22212514889546073 0 0 0 0 0 0 0 

0.32124739157909477 0.3994640523798576 0.9098706143181036 1.4091884774625745 1.2932498323605228 0.998896057481397 1.656095055363521 2.3420381899206166 1.0663014408276537 0 0.15488305379326653 0.5994005837358375 
0.5287074487465695 0.6042744635932394 0.8730100547669145 0.5827250017303346 0.49337664171552054 1.6611267549641349 1.5524560871822548 0.3592538176945904 0 0 0.1931042371048004 0.5533117080006162 
0.5292921217900105 0.6921728452477595 0.5204273227173856 0.6643155135642684 0.7017715781032046 0.2555047132231691 0 0 0 0.007502658542806498 0.309680923093788 0.572495731236851 
0.5981180357455133 0.9628169250416425 1.3971462950518405 1.139059257621931 0.5058030863166131 0 0 0 0.11515680383759616 0.17636873258577632 0.2999642549589485 0.5728236052443656 
0.758686033094947 1.5629986332316033 1.389015312799559 0.21927112051436118 0 0 0 0 0 0 0.41571089330652483 0.5982720854236171 
0.9405237340837874 1.0971161975936399 0.21062377660843348 0 0 0.07022416870441398 0 0 0 0.3277286750828706 0.6668817313663477 0.5987981 
0.4963434829055386 0.7029963667968376 0.10386272806075378 0.32263125117057634 0.48725840626257916 0.23069864526609832 0.35951301959831145 0.07448202040715149 0 0.29108729610883305 0.5987509170455104 0.5987981 
0.575535452250492 1.1220108427854756 0.9536128423312986 1.0544963038982764 0.22560527704796834 0.2508993461846751 0.5792258428894065 0.019243650244211104 0.12584478619603479 0.44132987426715903 0.5989379960257957 0.5987981 
1.3052253527062034 1.8222634457706395 0.09333637113322228 0 0 0.5470129359046653 0 0 0.11624754824174693 0.3284872294433008 0.5783311893670893 0.5987981 
0.7691640639698585 0.6283912067715558 0 0 0 0.2953006732494917 0.46958053815789547 1.12213791254643 0.6208785720587534 0.404535180364343 0.6517744210652228 0.7165022808532707 
0.6292633969760322 0.48790429872485674 0 0 0.5863292502819051 0.6379923077546983 0.932766130286954 0.4159237778269166 0 0.5533043731797077 0.7891668450850302 0.7223474807205273 
0.35908739269533146 0 0 0.06049051083025289 0.3074430331733748 0 0 0 0 0.2818426701322363 0.05419652278712651 0.25348396563657516 

0 0 0.16301267798377064 0 0.2517780016752361 1.42328015487957 1.2827143568421508 0.27802504011158347 0 0 0.03475939544142159 0 
0 0 0 0.003961610754609314 1.1531479303835583 2.1748389058078277 1.627841420941456 1.5927834482282648 0.19200507958673912 0 0.009352884751831533 0 
0 0 0.0006013436591243934 0.16804896304521255 0.3543094681391382 0.9710068828063938 0.8861359212726051 2.192431372781435 0.417671964137524 0 0.01663230896240275 0 
0 0.5525926078105965 0.05579673129663861 0.04356669080141138 0.40838303808509946 0.5402827406511248 1.7595995122319732 1.005299393406859 0 0 0.03777764893226908 0 
0 0.1761036475398644 0.13418560360504034 0.6170377627831466 1.1027498556349513 0.5657238278769363 0.446787871842669 0 0 0 0.13728358213349814 0 
0 0 0.35554283262417335 1.0473926195977967 0.6722413722106969 0.0605765492042107 0.37271556875437395 0 0 0 0 0 
0 0 0.7751895652274984 0.9328882783479284 0 0.10708525642689536 0.48701794032187123 0 0 0 0 0 
0 0 0.5377121648217986 0.3834679844115766 0.020549267207910758 0.728145202917741 0 0 0 0 0 0 
0 0 0.9109587797999027 0.447182199864559 0 0.5082549345795806 0 0 0 0.022289071250466697 0 0 
0 1.0461091449786832 1.422932723894087 0.3312041609348504 0 0.668834911916558 1.7949776751516713 0.05635208926896657 0 0.32724176874736993 0.1495000371460806 0 
0 0.7288151284566383 0.4584744470747542 0.8057040472606977 0 1.4142476796203671 0.9728858178512498 0.09700056612829375 0.9360717608068586 0.4367651609542306 0.5450171457411745 0 
0.055785223923138144 0.8430656224901286 0.4468818127778086 0.3291124676556695 0.12376263580199837 0.6095037251015718 0.1777953333984356 2.0632450251151995 1.0098219508534871 0.3163349795383938 0 0.3099079038369441 

0 0.1250504019280621 0 0 0 0 0 0 0 0 0 0 
0 0.8957221840939039 0 0 0 0 0 0 0 0.5132725005480215 0.583214133874981 0 
0 0.931886978251593 0 0 0 0 0 0 0 0.8028777274561723 0.8652003567246989 0 
0 0.9197444818009876 0 0 0 0 0 0 0 0.7279832159548382 0.7765130941314589 0 
0 0.5685139345494309 0 0 0 0 0 0 0 0.9328999626108603 0.5631743482114868 0 
0 0.6300468182833209 0 0 0 0 0 0 0.5890126995367986 1.2779211951081522 0.2907733417747145 0 
0 0.7300560657349752 0 0 0 0 0 0 1.0432116018361315 1.2639738989458114 0 0 
0 0.2990364461369188 0 0 0 0 0 0 1.0802413842273957 1.298458404581282 0 0 
0 0 0 0 0 0.12499061251357987 0 0 0.6085250730747418 1.0534247669708918 0 0 
0 0 0 0 0.11483010534964433 0.28131639501651456 0 0 0.4144544546852493 0.8630958758125493 0 0 
0 0 0 0 0 0.02376875382627862 0 0 0 0.34502608484670627 0 0 
0 0 0 0 0 0 0 0 0.015799043214450824 0.19555040886094252 0 0 

0 0.7340516958144825 0.24969912583187254 0.3869132148705007 0.06458266168152593 0.18695491059277036 1.0289763287152232 0 0 0 0.65205626856585 0.2134491129078932 
0 0.5084376210862432 0.23256664440068678 0 0.0434848037303105 0 0 0 0 0 0.48880421740477686 0.22107913749714847 
0 0.508438697222525 0.04907601191123816 0.1818483480818496 0.0023924336536683515 0 0 0 0 0 0.4094647153031214 0.203434729240055 
0 0.5347688723336772 0.4467579238532656 0.28418455044498925 0.2841368074617325 0 0 0 0 0 0.3527313200452181 0.22029267842457603 
0 0.6154600986241023 0.0015198302156761209 0 0 0.02617390211972771 0 0 0 0 0.08337221134649878 0.21996444885756875 
0 0.04382490631780679 0 0 0.48149650230242125 0.5570077101037083 0 0 0 0.1549107197130989 0.03526197276047192 0.22966208 
0 0 0 0.32229352819080975 0.4284844502606593 0.7071472061736205 0 0 0 0.6196189490928254 0.22879221268188027 0.22966208 
0 0.26728674271903397 0 0 0.09002893074220547 0.9919832333789325 0 0 0 0.5218506784407597 0.22236874932275882 0.22966208 
0 0.28752639876322966 0 0 0 0.4391857776505204 0 0 0 0.40989478705424853 0.2299260582481193 0.22966208 
0 0.1670962105848841 0.05375354468920629 0 0 0.1592098683953235 0 0 0 0.4972062668517656 0.42427998136777567 0.5108128768059992 
0 0.054630463629544275 0.22743337089577922 0.18969301132355626 0 0 0 0 0 0.3671446786909349 0.46854910744263256 0.4188708337982391 
0 0.20622451075882453 0.34020832045270355 0.3632747269812577 0 0 0 0 0 0.1170397443580717 0.07852468308508713 0.18090825545249412 

0 0 0 0 0 0 0 0 0 0 0 0 
0 0 0 0 0 0.22272702185528176 0 0 0 0 0 0 
0 0 0 0 0 0 0.10383425780216451 0 0 0 0 0 
0 0 0 0 0 0 0.04480087915095296 0 0 0 0 0 
0 0 0 0 0 0 0 0 0 0 0 0 
0 0 0 0 0 0 0 0 0 0 0 0 
0 0 0 0 0 0 0 0 0 0 0 0 
0 0 0 0 0 0 0 0 0 0 0 0 
0 0 0 0 0 0 0 0 0 0 0 0 
0 0.017954171589535217 0 0 0 0 0 0 0 0 0 0 
0 0 0 0 0 0 0 0 0 0 0 0 
0 0 0 0 0 0 0 0 0 0 0 0 

0 0.39011707146428865 0.34244889369009185 0.3341297223029522 0 0 0 0 0 0 0 0 
0 0.5584263546296085 0.4157255783452172 0.4571953072551103 0.8684784375482766 0.7141861786834585 0 0 0 0 0.02085034222692815 0 
0 0.5840052598089336 0.46927557128056474 0.28249802919276523 0.25855939290697333 0.8154135027764101 0 0.3192652603536804 0.4225115957399934 0 0.16711476341841713 0 
0 0.9144089285774729 0.1954233880199373 0 0 0.20681639914631872 0 0.6947888619774658 0.7669296731160355 0 0.1446110089860189 0.02214473338899932 
0 1.0181635700857532 0 0 0 0.0353457941342018 0.7094939909846092 0.11158508163084731 0.6990395830914661 0 0.26949785468505727 0.03975385532833617 
0 1.037100258545879 0 0 0 0 1.577697481539533 0.3536450136684966 0 0.7399206824470542 0.17774368888307202 0.03621775 
0 1.207011148485783 0 0 0 0 1.8327498146521934 0.3703052058199713 0 0.48891443561765796 0.0365349349303579 0.03621775 
0.18070700426890193 0.8592965768429226 0 0 0 0 1.4197026068578888 0.4282555288969138 0 0.4245517981860836 0.013992354233964673 0.03621775 
0.6555561682281161 0.025327899147987828 0 0.1298239609596099 0 0.29831324918651 1.2814987132912699 1.0496007388248734 0 0.08615639272109121 0.02205563412833086 0.03621775 
0.9221388908721073 0 0 1.1831793837490046 0 0.9701948774305492 0.6813987597481103 1.3161224120677615 0 0 0 0 
0.7839074326458824 0 0 1.2720912180978803 0.216172239001919 0.8864627790340659 0 0 0 0 0 0 
0.23795518442467375 0 0 0.7058010135232705 0.24294779729920743 0.9416319913291007 0.96442686492024 0.5768912256804586 0 0.03564429913165578 0.2940284726344194 0 

0.01936282023829433 0 0 0 0 0 0 0 0.1590039754532459 0 0 0 
0 0 0 0 0 0 0 0 0.2745691755157627 0 0 0 
0 0 0 0 0 0 0 0 0 0 0 0 
0 0 0 0 0 0 0 0.2126725611686659 0.16593786756757842 0 0 0 
0 0 0 0 0 0 0.6614114010749577 1.4149992511860745 0.2904484875429289 0 0 0 
0 0 0 0 0 0 1.0439876768186183 1.3450044063896973 0.19543840390609957 0 0 0 
0 0 0 0 0 0 1.1980567670734008 1.3153289708431952 0 0 0 0 
0 0 0 0 0 0 1.1140989807331954 1.044851791119099 0 0 0 0 
0 0 0 0.45414245438204387 0 0 0.5542797344938306 0.4297100520147775 0 0 0 0 
0 0 0 0.2662304459185215 0 0.003273097116007531 0 0 0 0 0 0 
0 0 0 0 0 0.2831431711318023 0 0 0 0 0 0 
0 0 0 0 0 0 0 0 0 0 0 0 

0 0 0 0 0 0 0 0 0.8272867643812728 0 0 0 
0 0 0 0 0 0 0.3416401136668571 2.3098820567464093 2.167036728513494 0 0 0 
0 0 0 0 0 0.17528600183475107 1.3233371406528884 2.7261658932427157 1.1136626612012448 0 0 0 
0 0 0 0 0.318826640349282 0.1859662550131268 1.3719056066143696 1.09154151023908 0 0 0 0 
0 0 0 0.5927382722270353 0.7974534627813962 0.2121396039885651 0.3422189426195953 0 0 0 0 0 
0 0 0.4552913686849403 0.6502121178635393 0.1381390464301682 0 0 0 0 0 0 0 
0 0 0.46314467267782017 0.08464913427899226 0 0 0 0 0 0 0 0 
0 0 0.13612098732436673 0 0 0 0 0 0 0 0 0 
0 0 0.5338935581531135 0.28978492791571486 0 0 0 0 0 0 0 0 
0 0.1453872042030656 0.807599511615148 0.13324580677987977 0 0 0 0 0 0 0 0 
0 0.6507256696772652 0.25731195561323794 0 0 0 0.11936645457779047 0.294024834983053 0.45743226589273345 0 0 0 
0 0.2767596076256273 0 0 0 0 0.20695071498155532 1.3582911823604868 0.5078355023297083 0 0 0 

0 0 0 0 0 0 0 0 0 0 0 0 
0 0 0 0 0 0 0 0 0 0 0 0 
0 0 0 0 0 0 0 0 0 0 0 0 
0 0 0 0 0 0 0 0 0 0 0 0 
0 0 0 0 0 0 0 0 0 0 0 0 
0 0 0 0 0 0 0 0 0 0 0 0 
0 0 0 0 0 0 0 0 0 0 0 0 
0 0 0 0 0 0 0 0 0 0 0 0 
0 0 0 0 0 0 0 0 0 0 0 0 
0 0 0 0 0 0 0 0 0 0 0 0 
0 0 0 0 0 0 0 0 0 0 0 0 
0 0 0 0 0 0 0 0 0 0 0 0 

0.06691589624973399 0.0074505885600033425 0 0 0 0 0 0 0.3374119426439131 0.6260175996316009 0.025668534129872883 0 
0 0.023086735849566924 0 0 0 0 0 0.44128300918585983 0.9759923205676723 0.7874351056098111 0.11301161731018647 0 
0 0 0 0 0 0 0 0.5981710843501509 0.5454763398028458 0.3265856123707516 0.11610342864547141 0 
0 0 0 0 0 0 0.08303786938458108 0.6600408775845411 0.5258918345090795 0.4183961420547214 0 0 
0 0 0 0 0 0 0.18440097810353187 0.42190045303562485 0.937194004129953 0.2753975629756812 0 0 
0 0 0 0.02597833028612235 0 0 0 0.14366924927327954 0.5998575736305325 0.0873927997569348 0 0 
0 0.2120237232385829 0 0 0 0 0 0 0.5464243710819019 0.18598248850445012 0 0 
0 0 0 0 0 0 0 0.1704086654793108 0.45362128220464104 0.2612060341684625 0 0 
0 0 0 0.03601781274348431 0.08312349193906751 0 0 0 0 0.12682383832491703 0 0 
0 0.11543970435200433 0 0 0 0 0 0 0 0 0 0 
0 0 0 0 0 0 0 0 0 0 0 0 
0 0 0 0 0 0 0 0.3149102332947866 0 0 0 0 

0.5527498273746245 0.6634376045317558 0.5471100004083799 0.5946245425013356 0.5239269136016643 0.9359557105599237 1.468811083222427 0.7471774802002954 0.7267693804444456 1.3195848213863623 0.7645229792655415 0.3917390291642261 
0 0.6580281201829367 0.37725644206988224 0.15412993662877106 0.005081569415397294 0.7190504907654198 1.3138205639258167 0 0 0.9371090191304186 0.8398573633520146 0.3946495480516124 
0 0.6194391913165339 0.40747165330650714 0.5839634471496173 0.4742786848088767 0.19154809703241601 0.34478836603796675 0 0 0.5282163514996565 0.8243462398493823 0.4039661332836961 
0 0.8558018683489111 0.9127267229286814 0.7270570174518259 0.3887941200535061 0 0 0 0 0.36041058284201855 0.7480014515645154 0.39710556231387956 
0.15801229233307604 1.0524792652625559 0.4807850884789134 0.5166877648138878 0.27011478637090536 0 0 0 0 0.19639670784354596 0.5153255773967544 0.39456556214935407 
0.1997970925897396 0.619013379887682 0.15227565722190206 0.39127865737914136 0.5800921252869015 0.1123398197141803 0 0 0 0.45720144095866705 0.4361284236698366 0.38830507 
0 0.45319599592721027 0.2890181983922957 0.7772573757402342 0.7016324376715689 0.30324191738176914 0 0 0.40046588646726666 0.8226469155695781 0.3888666295639888 0.38830507 
0.19783483492742768 0.7689711591614842 0.25986715982584974 0.3643174981714185 0.9133035481859658 0.8429239639856385 0 0 0.4828189413577889 0.8126360160004619 0.3897751107254335 0.38830507 
0.4395546354402213 0.7893811894185675 0 0 0.7214368353911161 0.6732898568376885 0 0 0.03467320576297871 0.7879792924825985 0.39034786218282375 0.38830507 
0 0.457265675951506 0 0 0 0.022193590365832808 0 0 0.03769728312835349 0.7743184552766462 0.6151464856513507 0.5876653086809595 
0 0.6653862472624223 0.20435778504695135 0 0 0.011515241110506023 0.997607289742827 0 0.08350300736243732 0.6246404128735578 0.6630444403649326 0.6195284966911956 
0 0.27169123019769614 0.3996535220156973 0 0 0 0 0 0.10035434705021425 0.33538196346742966 0.250476764733434 0.42677435970333855 

0 0.11368048650998784 0 0 0 0 0 0 0.13146612293658896 0.585709173579564 0 0 
0 0 0 0 0 0 0 0 0 0.2497433453981937 0.08806357695465754 0 
0 0 0 0 0 0 0 0.2445352787559068 0.06903875475273676 0.428595651046297 0 0 
0 0 0 0 0 0 0 0.15920965975451196 0.9462632876200772 0.2894258393103938 0 0 
0 0 0 0 0 0 0 0.32114289619946706 1.113221595919767 0.3834908496877405 0 0 
0 0 0 0 0 0 0 0.546404779396665 1.1197185480202456 0.4102551629133859 0 0 
0 0 0 0 0 0 0 0.7080381582260942 0.9735555801120064 0.3037611429065054 0 0 
0 0 0 0 0 0 0 0.7409060683488506 0.8405633451502236 0.1619620498549069 0 0 
0 0 0 0 0 0 0 0.3227972447729365 0.14275699667206931 0.12308440089567049 0 0 
0 0 0 0 0 0 0 0.004582975429954297 0 0 0 0 
0 0 0 0 0 0 0 0 0 0 0 0 
0 0 0 0 0 0 0 0 0 0 0 0 

0.4615569430234991 0 0.6383439471092418 0.7477084457387799 0.5155029551489956 0.8695496744799669 0.22333046462835052 0 0 0 0 0.4430194122506142 
0.3155563336345888 0 0.481329653224706 0.6046731337317776 0.4796349832620064 0.5636983152091921 0.2573761189002312 0 0 0 0 0.4508906089842632 
0.31497108010919184 0 0.3989175241534253 0.557807444452944 0.6124600530331878 0.429032096038101 0.02730861281729441 0 0 0 0 0.43794892876628033 
0.4008638413559179 0 0.7133995774705312 0.5083637922347232 0.2858070232325435 0.2517748914121013 0 0 0 0 0 0.45210578709274757 
0.46986701888376853 0 0.960627865243966 0.37762308966505986 0 0.1955557874679924 0 0 0 0 0 0.4514587143147771 
0.28513968129993583 0 0.6037130755030853 0.01802101762811005 0 0.20738295175780763 0 0 0 0 0.08565612207880755 0.45829785 
0.2882119440245228 0 0.48014214841846226 0 0.08805961944462323 0.13851269023738466 0 0 0 0 0.4576843867191858 0.45829785 
0.4967920302135402 0 0.11095239091887484 0 0.08265325399119858 0 0 0 0 0 0.45135857395319395 0.45829785 
0.5253906465246607 0.1349468890473052 0.16269960313138196 0 0 0 0 0 0 0 0.4588182575302897 0.45829785 
0.4682711512941138 0 0 0 0.2285562917168576 0 0 0 0 0 0.20535093232524368 0.29443744215345496 
0.8488854635688199 0 0 0 0.6549024601780797 0 0 0 0.021977513296521978 0 0.2285930477792226 0.3835729997744524 
0.3946312756509259 0.5484813558168972 0.596032627026336 0.24331967329330442 0.2985879262953567 0.06143026502123652 0.3952180410627292 0 0.07465147524186982 0.08621091330677055 0.5763782442573128 0.6318528897521491 

1.455636896980152 0.3502242468004265 0.6697222990450399 0.562945256684285 0.21603718586701104 0 0 0 0 0 0 0.4895920249992068 
1.8519608770597733 0.6863995959741959 0.9677019928710114 0.6104265311769518 0.11999331694528956 0.4635428668524434 0 0 0.23512373204358297 0.2719924163927459 0.2873472499596773 0.44529201386271217 
1.8260906470579075 0.7686472167530498 0.7264585856549506 0.5048953573754797 0.5133131997325322 0.7593157102743607 0 0 0.6963430034439874 1.0834551072126268 0.38613378994220077 0.4950222440360655 
1.8439872389929137 0.788558955942541 0.4622433903853986 0 0.397460466350788 0.48819540878545387 0 0 1.7785622295972146 1.0332868571363611 0.3887921438873371 0.486781932523326 
1.834098701139364 1.0825274696328715 0.06816165506803032 0 0.05994232909509495 0.3047864447506482 0 1.4514534828626158 1.4417226378210497 0.4983134608486493 0.524476410928265 0.5133501896668303 
2.137072259572162 0.9741741980762498 0 0 0.19319978449843603 0.5476174454031005 0.243834013601765 1.815810244751636 1.8018878758706793 0.3371671695837274 0.7444128163032058 0.49750188 
2.07555471649127 0.9274189089439604 0.0531440892068306 0 0.29747030699866656 0.1568629930406732 0.6501014022901708 1.8384978069073794 1.424823694479003 0.3966243083995733 0.49892345671539984 0.49750188 
1.7693278445666378 0.6107785995174793 0.48578617154628884 0.1875625088569775 0 0 0.8280197138760989 1.476344726103918 1.168061937612724 0.5958720467858151 0.4940631515875056 0.49750188 
1.8850258811925102 0.26535227547947837 0 0.1038332937280593 0.6161518310000264 0 0.6602309416645498 0.8304229012024522 1.3344954447850803 0.6311237117693007 0.47613439004389496 0.49750188 
1.6310714987025146 0.04959292925107435 0.2129356709903985 0.18559233579718395 0.754006163091743 0.16850000238379936 0.6207366535557466 0.37177510770602307 0.919791797454014 0.14921141262139398 0.3930115555432859 0.21821694896263683 
0.927283439772429 0 0.24863435841049558 0.009346088649348896 0.8185468764940955 0.2180793418178203 0 0 0 0.13311259130102804 0.16468239321144956 0 
0.8879767460413607 0 0 0.16867182871852837 1.089754504955922 0.3761304298176895 0 0 0.2581042602550501 0.358496293598612 0.14563327792010777 0 

0 0 0 0 0 0.12318093368072824 0.9544011971887668 0.9152548158283106 0.694785014500082 0.5554671873299545 0 0 
0 0 0 0 0.8148516605705951 0.834645767878377 1.4577845801270577 1.4965106164410873 1.2915452600714437 0.6387297425338709 0 0 
0 0 0 0.22134683689307366 0.9153849676430686 1.8464897275840593 1.8862567063211642 1.8850926055914747 1.9189369258165205 0.8905173732445901 0 0 
0.017658857258945698 0 0 0.28010899716729876 0.7649708100168142 1.2310412686424852 1.1269432556904273 1.7131677273175556 2.157536041030647 0.5518561568520324 0 0 
0.054242550784734736 0.028042943236336257 0.1335700002331506 0.35142050977658934 0.5314133640354418 0.7101625073975699 0.22012926483842093 1.4384671617134435 1.502904260179849 0.18749545634949974 0 0 
0.2405341370745003 0.5478942510880573 0.5904307992787495 0.42764322320895043 0.27876328569862574 0 0.41827281701815755 1.585465498261265 1.3209007252885943 0 0 0 
0.4943087047861124 0.575776844222677 0.35805604618797504 0.2567926403558002 0.21329642416789601 0 0.30642385087462476 1.212068040692622 0.835712333739826 0 0 0 
0.4278565894507048 0.6664825074836583 0.17614485954207404 0.3275644619395237 0.3145729487133321 0.5116854297527402 0.36006810735266376 1.0862492129618184 0.6747841544541067 0 0 0 
0.3625125875519053 0.4119788839867887 0.27969535313000676 0.7236473781562218 0.6728515860851766 0.3344139831390114 0.6947432919950841 1.2309321388275358 0.4291177925727989 0 0 0 
0.9887267015843842 0.6342415199329186 0.6974739136204171 0.5342401891043725 1.0335801922352683 0.8251276858429359 1.3106132170723637 1.2630015085274726 0.31190488904483327 0 0 0 
0.6894756992955617 0.16723816911935652 0.26835965568604403 0.20658850852568977 0.8601604747068359 0.1382100105392384 1.3676746165454334 0.8845110445158374 0.22726765942992394 0 0 0 
0 0 0 0 0.20866162863520993 0 0.8279553476123517 0.034078974513787705 0.16401500724515322 0 0 0 

0.034607443810362126 0 0 0 0 0 0 0 0.21794096403164845 1.163384876597608 0.327310157395355 0 
0.15994267059652817 0 0 0 0 0 0 0 0.007392545632659255 0.6201046713619033 0.2820426197788359 0 
0.1494602938738964 0 0 0 0 0 0 0 0 0.42690912999357966 0.23808473125016683 0 
0.1915471146469542 0 0 0 0 0 0 0 0 0.2554602084143126 0.22423620313888026 0 
0.007792636034791977 0 0 0 0 0 0 0 0 0.1508358943060718 0 0 
0 0 0 0 0 0 0 0 0.26609009608413464 0.1695950514358225 0 0 
0 0 0 0 0 0 0 0 0.9278089410666222 0.2766890276599817 0 0 
0 0 0 0 0 0 0 0 1.1333315984263705 0.1832524798048129 0 0 
0 0 0 0 0 0 0 0 0.37104995742609853 0.32076013162573275 0 0 
0 0 0 0 0 0 0 0 0.6290929105760237 0.0729458603192081 0 0 
0 0 0 0 0 0 0 0 0.37847652540070265 0 0 0 
0 0 0 0 0 0 0 0 0 0 0 0 

0 0 0.2074808328787207 0.3981502259887562 0.10915870646920492 0 0 0 0 0 0 0.09803610751675172 
0 0 0.3125099237645626 0.2991799007327245 0 0.19423440118538804 0.22735030241305978 0 0 0 0 0.08848713284968922 
0 0 0.12863225200889086 0.1582016121309448 0 0.5388220724728419 0.09021742850591262 0 0 0 0 0.09765923357264394 
0 0 0.3373664567295492 0 0 0.364854146509949 0 0 0 0 0 0.10998677504745816 
0 0 0.2863789712249225 0 0 0.023133159038097987 0 0 0 0 0 0.12082338750580746 
0 0 0 0 0 0.2368058968545793 0 0 0 0 0.6474939517954705 0.12052306 
0 0 0 0 0 0 0 0 0 0 0.12054999906152929 0.12052306 
0 0 0 0 0 0 0 0 0 0 0.11048376502452772 0.12052306 
0 0 0 0 0 0 0 0 0 0 0.11180772701405012 0.12052306 
0.024031921855629856 0 0 0 0 0 0 0 0 0 0 0 
0 0 0 0 0 0 0 0 0 0 0.19721045441572593 0 
0.265405568070555 0.09850825282646353 0.09362532862742406 0.17198260514935076 0 1.0637218977177851 0 0 0 0.3546178912397448 0.3493858304333106 0 

0 0 0 0 0 0 0 0 0 0 0 0 
0 0 0 0 0 0 0 0 0 0 0 0 
0 0 0 0 0 0 0 0 0 0 0 0 
0 0 0 0 0 0 0 0 0 0 0 0 
0 0 0 0 0 0.15716135413894639 0.05461858345044948 0 0 0 0 0 
0 0 0 0 0.09002811493838893 0 0 0 0 0 0 0 
0 0 0 0 0 0 0 0 0 0 0 0 
0 0 0 0 0 0 0 0 0 0 0 0 
0 0 0 0 0 0 0 0 0 0 0 0 
0 0 0 0 0 0 0 0 0 0 0 0 
0 0 0 0 0 0 0 0 0 0 0 0 
0 0 0 0 0 0 0 0 0 0 0 0 

0 0 0 0 0 0 0 0 0 0 0 0 
0 0 0 0 0 0 0 0 0 0 0 0 
0 0 0 0 0 0 0 0 0 0 0 0 
0 0 0 0 0 0 0 0 0 0 0 0 
0 0 0 0 0 0 0 0 0 0 0 0 
0 0 0 0 0 0 0 0 0 0 0 0 
0 0 0 0 0 0 0 0 0 0 0 0 
0 0 0 0 0 0 0 0 0 0 0 0 
0 0 0 0 0 0 0 0 0 0 0 0 
0 0 0 0 0 0 0 0 0 0 0 0 
0 0 0 0 0 0 0 0 0 0 0 0 
0 0 0 0 0 0 0 0 0 0 0 0 

0 0 0 0 0 0 0 0 0 0 0 0 
0 0 0 0 0 0 0 0 0 0 0 0 
0 0 0 0 0 0 0 0 0 0 0 0 
0 0 0 0 0 0 0 0 0 0 0 0 
0 0 0 0 0 0 0 0 0 0 0 0 
0 0 0 0 0 0 0 0 0 0 0 0 
0 0 0 0 0 0 0 0 0 0 0 0 
0 0 0 0 0 0 0 0 0 0 0 0 
0 0 0 0 0 0 0 0 0 0 0 0 
0 0 0 0 0 0 0 0 0 0 0 0 
0 0 0 0 0 0 0 0 0 0 0 0 
0 0 0 0 0 0 0 0 0 0 0 0 

