0 0 0 0 0 0.39891344476095103 
0.09587917705502139 0 0.798334079643642 1.0991670910507316 0.9459599118165687 1.3832628612419948 
0 0 0.6336037244851306 1.2041239174014222 0.8886448516812903 1.1763179846447462 
0.035903959313780986 0 0.29072007784473886 0.6631592509619078 0.38189672560694815 0.8360401998180772 
0.30799802507615415 0 0.25672264151987145 0.38044629862274104 0.2768164901705592 0.6084772819374733 
1.3600521941155217 0.8174647094167306 0.9075088165263111 1.2583354945233196 1.4141366988682922 1.4475823275956194 

0 0 0 0 0 0 
0 0 0 0 0 0 
0 0 0 0 0 0 
0 0 0 0 0 0 
0 0 0 0 0 0 
0 0 0 0 0 0 

0 1.9821390328805812 2.040634787488948 1.9478847235408074 2.5185377663822663 2.4559630777226484 
0 2.0357659924687943 2.0794989863973097 1.1861435227670674 1.755318334217772 2.6806734718318426 
0 2.2648383377992087 2.286655801257281 1.227210635458543 1.2837073568434878 2.281841227931173 
0 2.5171771804636642 2.6444957637873348 1.680391959196964 1.2148319466274777 2.099616283854216 
0 2.038967827032381 2.488693683101317 1.9606235834959516 1.5084101773128242 2.0064336048811775 
0 0.42154668925661365 0.8363896241229968 0.9445409093994428 0.5580246671626918 1.3111696403617437 

0.0721037123166168 0.014873942733175674 0 0 0.06400266018470245 0.12680539923980652 
0.06402611634964539 0 0 0 0 0 
0.21371183384460624 0 0 0.02206548060901989 0 0 
0.1418341254099518 0 0.14274198359419046 0.12001541279438557 0 0 
0 0 0.1745816960995747 0.168680745690134 0.12745436041855518 0 
0 0 0 0 0 0 

0 0 0 0 0 0 
0.21307398938310057 0 0 0 0 0 
0.261396774203861 0 0.23112386726295725 0.15686663765306302 0 0 
0 0 0.08684473394685902 0.2500068814699805 0 0 
0 0 0 0.1487147360972349 0 0 
0 0 0 0 0 0 

0 0 0 0 0 0.23482370762474283 
0 0 0 0 0 0 
0 0 0 0 0 0 
0 0 0 0 0 0 
0 0 0 0 0.019710687966553102 0.05796902061636014 
0 0 0 0 0 0 

0 0 0 0 0 0 
0 0 0 0 0 0 
0 0 0 0 0 0 
0 0 0 0 0 0 
0 0 0 0 0 0 
0 0 0 0 0 0 

1.4345724418530104 1.553216756987362 1.480819516331665 1.4232495200840392 1.2822941838760302 0.7912222436880897 
1.811338897721028 2.137605642158765 1.9328555338516544 1.7376824775165192 1.4273246179628671 0.8091447077940123 
1.7541210169451327 1.5723839953916974 1.1712601152384083 1.4240134278427552 1.726410356011868 1.0584231587256923 
1.7306022141220962 1.4589661238617666 1.2974597667991465 1.6998983616854073 1.8529793762473694 1.135868203184925 
1.2931967115078997 1.7162769049310906 1.4323512649892287 1.5846372425353263 1.7208702232955446 1.1161330111904058 
1.7739755982482057 1.440486000875123 1.1123205920557258 0.9807171679015158 1.2653142974556064 0.989691879648413 

0 0.9948532055854944 2.0166482002717765 1.355547394561659 1.6990113188067304 2.283313486389327 
0 0 1.4897468402646479 0.754237614673976 0.5067199212610124 1.5538154140857863 
0 0.1450941636142187 1.2838923853107254 1.1624631173240165 1.0507266760391798 1.3816150260000355 
0 0 0.8897148084514984 1.8053214023911537 1.3725406084110656 1.326550022543437 
0 0 0.7653931340780368 1.4419629985716658 1.2545778010672317 1.215170651256213 
0.6505775946544843 0.44027874457550403 0.4243128556483495 1.0495941124026593 1.364725935055424 0.9993417601073642 

1.421670161401741 0.9703310889705189 1.7523391807824213 1.3323666855314125 1.0834551381807103 0.7829089877929964 
1.9123234368891608 1.6880934884247862 2.7588692441661182 2.3627883055838392 2.2039076870095315 1.3453769998415561 
1.9377330869774072 1.5547593797433887 2.0869953463409807 2.043608180307647 1.8455293886150026 1.12057949412795 
1.7425930970640253 1.4655106039236288 2.023971376551034 1.771795354728278 1.692955819246396 0.8877895423214738 
1.7505495904845965 1.7385206115377776 2.0003627856622366 1.8593161802318634 1.8288602350524132 0.8559684021165143 
2.3003310616432957 3.0027204646953956 2.7595848369602183 3.0169141383664204 2.8125928078471683 1.7434633418370649 

0.48722071926124894 0.5379769897506997 1.244815200914103 1.5682899934380823 1.243252961257477 0.9616307525132122 
0.5250433515215366 0.06948278605793089 0.6312885449828242 1.2135455808465074 0.5740211468990483 0.37614578901629275 
0.9523795538464762 0.6349084832646379 1.2394641703553824 1.3342808828707347 0.6557475063566306 0.07905056406736477 
1.133444826277055 0.6443898080516983 1.0434716169694818 1.3547845324418122 0.8656459918231774 0.1584214864539638 
0.7989554435208681 0.38971398206811586 0.8314033643074704 1.2073855794747606 1.0089513025335324 0.18791587815894414 
0.8721377075940878 0.5091008623242477 0.7530493606075468 0.8506070872337796 0.8415749334094078 0.8684451759827461 

0.40098964894279066 0 0.4985712948313559 0.5737332587272644 0.6645504366704487 0.712410270138295 
1.7685496937474017 0.7218018961604821 1.7409383363336546 1.8366876126955043 0.9556295645895528 0.04899048497479942 
1.9920079534687933 1.113949823945498 1.8266610200387845 1.8744707872990989 1.2152594862031554 0.07810599931705453 
2.072836285083379 1.300288295437538 1.732881575568057 1.875778302286727 1.299691485811114 0.03475347065598594 
1.6077776121113998 0.762927098168332 1.3016147600491745 1.6719660264369443 1.184828767758785 0 
0.9398118150902806 0 0.34943347440445677 0.5769480144373131 0.35445233925907627 0 

3.0286260186895064 2.6375520294119283 3.1121776050109573 3.0309464678993634 2.9016087250890323 2.5384451937818824 
3.8428970272542635 2.876338336351573 3.43213462542176 3.3761475791697277 2.9722537363919566 2.243927289586865 
3.8344942160787534 3.216844547362635 3.733283238280615 3.6272930812033635 3.1361620525422738 2.078737317647342 
3.667423798587894 3.212415380435474 3.5199839611514996 3.6349466949412657 3.212511699145996 2.072541806962847 
3.6267417158753474 3.133060304490377 3.429925190441573 3.4874878551033355 3.0102562403039497 1.9076880874476365 
2.912056550776433 2.5115317473249217 2.588681940987585 2.79032810441556 2.6315486455977157 1.7381255193181415 

0 0 0 0 0.03917091001561589 0.5869245490866344 
0 0.22251186113923646 0 0 0 0.8010465513304672 
0 0.23509424820349561 0 0 0 0.6950625886130298 
0 0.07910043696181357 0.1313651429763324 0 0 0.7392149866588502 
0 0 0 0 0 0.7884960432036837 
0 0 0 0 0 0.14230262662091356 

0 0 0 0 0 0.02276030356009809 
0 0 0 0 0 0 
0 0 0 0 0 0.04836618229830162 
0 0 0 0 0 0.16080722020469485 
0 0 0 0 0 0.34918426948565034 
0.2695149696643991 0 0 0 0 0.38460552912290136 

0 0 0 0 0 0 
0 0 0 0 0 0 
0 0 0 0 0 0 
0 0 0 0 0 0 
0 0 0 0 0 0 
0 0 0 0 0 0 

4.131292889393551 4.271829972411808 4.020885578557049 4.290573660597293 4.050324152863439 2.864375015338615 
3.1683760331609876 4.664766559350227 4.0687788386787345 4.050342670355422 4.518675252200257 4.297798623293803 
4.171122626646091 4.918198105646233 4.134637275623954 3.5945775115717664 3.806533368077603 3.822948626461924 
4.134838124281032 5.788100070090263 5.225271209777872 3.795754953670762 3.4602130544576952 3.5961423166206905 
3.4997172533705077 5.801573307504895 5.460831513947008 4.257496049204401 3.8366965202033882 3.672792142911416 
2.5760836278060983 4.29941738096752 4.514967903715614 4.195862166849483 3.386632898937677 3.319979193230472 

0.3019736652389426 0 0.9136181885611432 0.6042956844850702 0.43691479929682675 0.35641618810945447 
0 0 0.4124058594427355 0.238737221083592 0 0 
0 0 0.9781733526768159 0.4377923891720016 0 0 
0 0 0.4111293586994825 0.5306605034271962 0.5497750248824721 0 
0 0 0 0.4724763036722838 0.5243318836748134 0 
0.3918553484403999 0.46227286100871173 0.3460459816492913 0.8459797219417312 0.6104475332882443 0.18829530526254473 

0 0 0 0 0 0 
0 0 0 0 0 0 
0 0 0 0 0 0 
0 0 0 0 0 0 
0 0 0 0 0 0 
0 0 0 0 0 0 

0 0 0.11209475471661172 0 0 0.436854109083753 
0 0 0 0 0 0.08212095187388352 
0 0 0 0 0 0 
0 0 0 0 0 0.021577196153262694 
0 0 0 0 0 0.04215311636361224 
1.017041489811755 0.9306865775140394 0.7888890530882726 0.8954804906203582 0.9985803211019156 0.5505132321178678 

