1.4657839732864155 0.7781584215880962 0.7725143651104788 0.8749543067102586 0.8359714011116883 0.8887045337707622 0.690117857182515 0.33092057689739524 0.9090878156814162 1.1645660789709298 1.7020055057763412 0.7629154285415549 
1.9171345725148206 0.7335778015096708 1.3833967382558041 1.564997975789376 1.4886241178085864 1.7326677832529191 1.3050690058537442 0.9515733100641472 1.440282702871832 1.2708672020423366 1.4913866400898983 1.0629520801528483 
1.8352139748683456 0.620957727402063 0.7360576540527454 0.9140381506024273 0.8502930358834931 0.4971325516182338 0.7446483735259207 1.1790997291993581 1.4086541993299682 1.0149965343054084 1.1685308007616049 0.827397483337803 
2.1436872335472548 1.0535316506690842 0.8065276968687999 0.9112434632129462 1.132543144796228 0.26917842517858953 0.45059280790201967 1.2980712340181462 1.6237643191717162 1.130086432193159 1.2036193700802718 0.928264900758885 
2.1979596517196613 1.783422415125912 1.7693514696747277 1.562132458382297 1.2075446169881419 0.8427408304730806 0.843951446594071 0.7593412372072387 1.187250611303219 1.0196492455704915 1.4604668272264145 1.2152684966345964 
1.6685911829877993 1.2359505844044378 1.3917441849166594 1.1790855605806896 1.0400925804777805 1.4934897943495575 1.0230721286021462 0.7977750928398865 0.6683541842883557 0.6616173552959788 1.4178957402527927 1.4336665019684125 
1.8311723720446296 1.3600923349645218 0.7693954357682625 0.9841418437311076 1.3713421164436275 1.7770813898890265 1.1911475334748036 0.503692419801219 0.5357744024296017 0.4122985119965098 0.9112306432286719 1.2506260763261074 
1.652309675186931 0.888460055604911 0.5102615450737789 0.772401235898847 1.6319818485899775 1.8267239652578366 1.3224791797386988 1.0408742481024362 0.7618474091915004 0.5569581964480379 0.7673951954921778 1.0898408084778344 
2.0832353498041796 0.8160139024968213 0.7123982710883915 0.9091430184729113 1.4551269250348282 1.554538043743514 1.4358285950530896 1.6375010684726878 0.7979172624083185 0.17476078267476663 1.2149114999149073 1.2273750677589261 
2.000617908990006 0.9903558700537063 0.6242321721712489 0.9143535790647499 1.2964016755438479 1.0094651571280473 0.7527625355292329 1.4163265536399328 1.0529073893145453 0.3386215060494245 1.336736854892185 1.3297426559972683 
2.150233464429908 1.2913468302148843 1.0852819047184548 1.3998099332627354 1.321450568692693 1.1391167219695988 0.5153954913646218 0.8892136980116216 0.9243048921035055 0.692919505807174 1.4267056980491246 1.267881963975802 
1.5104786429227153 1.2394931084608822 1.7073068568080532 1.4094882463525542 1.4156175772344273 1.522170469513017 1.3380726355032087 1.2926296411832712 0.931416050712723 1.0112929011025795 1.0721934780401634 1.3394241578093948 

0.01098151439254022 0 0 0 0.02610565384431146 0.13694175024135047 0.5343568498985979 0.40829873396237015 0.40754365075862947 0.49565273465668963 0.8703776022162567 0.9763831960574082 
0 0 0 0 0 0 0 0 0 0.036913628192017 0.5745560565133963 0.517211845732527 
0 0 0 0 0 0 0 0 0 0.28383568756619 0.787929668128512 1.0246269622211626 
0 0 0 0 0 0 0 0 0 0.578800108386062 1.0437931083419991 1.0730841011074186 
0 0 0 0 0 0 0 0 0.20812967868899165 0.6409569244293906 0.8892106984903823 0.9344851992769981 
0 0 0 0 0 0 0 0 0.05873949194862187 0.5558862145284773 0.7788648788032096 0.8505344794637649 
0 0 0 0 0 0 0 0 0 0.7054177170533026 1.0359324769435119 0.8606080138135648 
0.01825249560962089 0 0 0 0 0 0 0 0 0.6038344041926474 0.8511128609065329 0.7645300514786189 
0 0 0 0.1945237385706403 0 0 0 0 0 0.38405250202272395 0.4088331888443797 0.540635387477307 
0 0 0 0 0 0 0.020430025393072218 0 0 0.35185912561105814 0.30309308786539224 0.44402977993216036 
0 0 0.10713094261314209 0 0 0 0.014960027015015353 0 0 0.050360605793134894 0.34785014771677314 0.6192642609311665 
0 0 0 0 0.15773024238727382 0 0.08425941149516103 0 0.08051390797348397 0.28252077699262174 0.5754297289608906 0.4759718033753631 

0.13515287744584836 0 0 0 0 0 0 0 0 0 0 0 
0 0 0 0 0 0 0 0 0.06741595160005115 0 0 0.11533003790298946 
0 0 0 0 0 0 0.23283879874872357 0.28083463429871564 0.13495831444138923 0 0 0 
0.005713087487055568 0 0 0 0 0.18516249323238676 0.5809255455327071 0.546736718413854 0.23590584662017103 0 0 0 
0 0 0 0 0 0.02522350966132128 0.21006940754266712 0 0 0 0 0.04592154037376159 
0 0 0 0 0.30028607648701794 0.5774536158515026 0.0009246757128807126 0 0.11726570761786696 0.1404294546874652 0.28518253172722124 0.1799475830534068 
0.13981163488355192 0.13545843530732188 0.0756338406853605 0.08653465827707164 0.4477609154511183 0.11777911677443198 0 0 0.13580851806757044 0.24762503383311504 0.39133664078145225 0.253528885838639 
0 0.18314027106401023 0.08187842082892341 0 0 0 0 0.2350186547345049 0 0 0.2728703074086529 0.27476919877064665 
0.37245151090163015 0.1997518021213019 0.01975951018965609 0.1277725030332723 0.17739485984716075 0.42819089159145407 0.23197297394055333 0.14098904051538474 0.5009964721989318 0.3281662923128491 0.5855208558009288 0.3682064041890938 
0 0 0.06898834623569589 0.023054022854416215 0.4508300394310041 0.39406596111346387 0.1150296874898126 0.4848511577785239 0.7532724091773393 0.5216899455818549 0.6612155020047339 0.39376777658239037 
0.37123909107158815 0.1345692161445466 0.023827499716360882 0.08347586531455847 0.38718348957137727 0.6696774598878621 0.7013757758250453 0.6735469306575478 0.7722781946025709 0.622035560511133 0.5639335912267004 0.11059818524959761 
0 0.006456096660252944 0.05882086973750639 0.32493765965312477 0.498589583045999 0.37793140178194073 0.6309857972493841 0.6405639977801265 0.6735489517364571 0.24427904510196322 0.22514396647121335 0.011496189719436287 

0 0 0 0 0 0 0.5598621855328316 0.9659345878299959 0.4116738883979496 0.11660003057455771 0.08615160508203142 0.7926207098009884 
0 0 0 0 0 0 0 0.19076138389232855 0.0364061462547486 0 0 0 
0 0 0 0 0.007318707557786686 0 0 0 0.3271371951280428 0 0 0 
0 0 0 0 0 0.5859822193883095 0.2912860460180808 0 0 0.019010902460867493 0 0 
0 0 0 0 0 0 0.24205692278874524 0 0 0 0 0.02667195305669566 
0 0 0 0 0 0 0 0.47795461317308346 0 0 0 0.01153184148051456 
0 0.18867596328800415 0 0 0 0 0 0.41783810982606473 0.4615667216751479 0.13170521965834148 0 0 
0 0 0 0 0 0 0 0 0.6541126602833375 0.4289074174100633 0.18469088738117417 0.15671140415765641 
0 0 0 0 0.41637883702161266 0 0 0 0 0 0.01125968313417127 0.23497808895353073 
0 0 0 0.15248512800595293 0.4337311716475136 0.5439477817421754 0.3455234719642127 0.19042558213055635 0 0 0 0 
0 0 0.0018393917963435563 0.927508869974286 0.09943380927890957 0.19525384390981293 0.5668214071887865 0.6725743037970299 0 0 0 0 
0 0 0 0.23892479601391126 0 0 0 0.061546168892103736 0 0 0 0 

1.1992993853336527 0.7068224108855523 0.4694849022160246 0.4900611419295242 0.4867449602606723 0.390888961975204 0.7506342942529431 1.141654021280671 1.0845614780599029 0.8577307277155347 0.6440872340327117 1.2993766512248017 
0.8854513101660791 0.06454955119502609 0 0 0.109870449077853 0 0.17052275072148002 0.5399559379180061 0.8654201260450427 0.6717872292417105 0.16676770821405773 0.7230658262655575 
1.0609321635689688 0.297549376285839 0.6939975396250919 0.6193282709855231 0.5939527231263806 0.5146172880110357 0.8511826378914429 0.6683273482111256 0.9630073905198088 0.6595270719677344 0.3426152601465063 0.8865780474026751 
0.9395665504597837 0.05476057040778884 0.43951249474081905 0 0.5250277119764493 0.8198952601133864 0.6282648973786611 0.434808039437375 0.5079642468626743 0.26721587224234417 0.4427710631020673 1.0247199965524003 
0.6749191110728084 0 0 0 0.14655243111519073 1.015479156532555 0.7923404544433631 0.726561760738775 0.6740060327983041 0.610181110249755 0.7561986580380207 1.2450552026845174 
0.7479161695880316 0.643779580013139 0.4950581396342052 0.22054741641421793 0.5920956964083609 0.6580175162453049 0.2587222266215689 0.35109858456696214 0.6619142876945037 0.5623092881248443 0.6437312096552892 1.106066045372956 
0.9907126454966411 1.0784131311260006 0.5077499970413192 0.04941269607835013 0.03060276460420181 0 0.03370881532921636 0.7718544282013357 0.6229334874237737 0.3746511296683446 0.42723263160280867 1.1137936268651394 
1.2854576713844363 1.1997801856099162 0.25859606147765396 0.0985301007722455 0.69987700048509 0.7408677665501278 0.11835500835929964 0.5671338218420223 0.6845334386961714 0.7139721312398579 1.04906984589336 1.3219893121633057 
1.0960412114341636 0.2955012738536109 0.05319325056930874 0.6461416392529729 0.8937041802895457 0.7453342924766985 0.19108638711037637 0.5306297412476549 0.3738507737711162 0.26904513228824795 0.7886274100848432 1.1673948188757646 
0.9418947686873997 0.494092016922155 0.6327898055476544 0.7932615732542199 0.7679126839377057 0.8726680618040854 0.9220181307634147 1.148860956652919 0.5558797096692973 0.21754577333632824 0.5385388054874972 0.8276762747094324 
0.9424571123936706 0.305012726453641 0.38473938412218045 0.7318584487837084 0.5904273547178542 0.8117844481499481 0.6645430263754163 0.8593372371271644 0.7548514017672031 0.3407831725143834 0.1567432255845257 0.6131667642578297 
0.8076235128542457 0.31559461868287336 0.5006273273126252 0.849164902529498 0.49148420228255335 0.5276921059750374 0.29225636279277356 0.6246925624375047 0.42829595513805724 0.3711726422858866 0.4653021933509854 0.8843692886741354 

0.6175322062093891 0.24089439858387918 0.2152147994964343 0.24821084994399834 0.16972702443525262 0 0 0 0 0 0 0 
0 0 0 0 0 0 0 0 0 0 0 0 
0 0 0 0 0 0 0 0 0 0 0 0 
0.1379498981789229 0 0 0 0 0 0 0 0 0 0 0 
0 0 0 0 0 0 0 0 0 0 0 0 
0 0 0 0 0 0 0 0 0 0 0 0 
0.04456401936703342 0.1846726739820454 0 0 0 0 0 0 0 0 0 0 
0 0 0 0 0 0 0 0 0 0 0 0 
0.2509821246740142 0 0 0 0 0 0 0 0 0 0 0 
0 0 0 0 0 0 0 0 0 0 0 0 
0.04884169216994095 0 0 0 0 0 0 0 0 0 0 0 
0 0 0 0 0 0 0 0 0 0 0 0 

0.6936406324271968 1.0423031286026252 1.1114748711191844 1.1132704147604935 1.0096560619597073 0.7511100981838417 0 0 0.0010800708310293936 0.4861099344486384 0.06557737428282864 0 
0.020398628003968508 0.2577313482437531 0 0 0 0 0 0 0 0.21373133863213822 0.2531326622032915 0 
0 0.614534972986321 0.3719931993332577 0.44262105150292225 0 0 0 0 0 0.23550668139209843 0.21557654643264207 0 
0.2482445098546733 0.9496444137600379 0.7966123224680381 0.7067445786884451 0 0 0 0 0 0 0 0 
0.1224087124168606 0.26829803187269013 0.1472120574385642 0.027121584245785896 0 0 0 0.6871354277929131 0 0 0 0 
0.20029651576660382 0.03400589350024885 0 0.10437857642446792 0 0 0 0.4953180138068679 0.20245970222118712 0 0 0 
0.19049866949550093 0.017104533335110902 0.01899782819688653 0.15983220303082502 0 0 0 0 0.23869659433324106 0 0 0 
0.23185379424058594 0 0.23532726876986626 0 0 0 0 0.04533901667865831 0 0 0 0 
0 0.16383644540947534 0.14420252325920652 0 0 0 0 0 0 0 0 0 
0.02036795006440037 0.1401888459918132 0 0.2344049983298815 0 0 0 0 0 0 0 0 
0.22120913040102724 0 0 0 0.031591656283374445 0 0 0 0 0.09661231334382736 0 0 
0.16206544344023344 0.015947949309633204 0 0 0.3950114016051257 0.1738816145456919 0.24306191825400858 0.15214540219226189 0.3125330666694488 0.49488979440984626 0.17281425677231935 0 

1.6551888905803336 1.7996873335276287 1.937335843179099 1.8651375832603423 1.8409340851530183 1.7493544506350347 1.966276172276567 2.216016383607565 1.9547113832359535 1.8258937775236446 2.1829089683802487 2.3603324882334022 
0.6652735477702086 1.2558358293738687 1.0051245282910497 1.066968553889412 1.258784311556901 1.6721234510457093 1.9143060171027326 1.861283546798798 2.0947828860170103 1.9143808402971527 1.9832564396562058 1.945202356028061 
0.7861920930268327 1.0197714423979642 1.2943378637445062 1.379368739416239 1.5562416190494708 1.2506957959160196 1.2370568097397152 1.5706334974851544 1.7340820789790523 1.9448888572950416 2.054421700969953 2.150922190561576 
1.4165902564344823 1.4447934925879535 1.1189910685688873 1.480803013559855 1.8900118657467937 1.7216171303327994 1.3606103572112636 1.5301284526065249 1.9789979467982837 2.4867528871241396 2.4420907478748966 2.2787050543466867 
1.124837121613544 1.584314171131794 1.7067773399400583 1.5375865448632238 1.3183614319204973 1.4721924636177361 1.5189423427911344 1.6945837866387397 1.8657249170782746 2.284613826234077 2.3234215197719523 2.2333030359500956 
0.9016343732533566 0.8268238177595956 1.3536761553495966 1.63257822269826 0.86789189795351 1.218263603101249 1.5249952065051 1.4327286337207346 1.4941163209759627 1.5379035892647435 1.8014613844245204 2.1263581421560356 
1.4273091300277176 1.6278398898345303 1.60880419063354 1.2270596108784366 0.9085022850178902 0.9397911780431536 1.7541570573832108 1.5004496685872926 1.5244642855747204 1.9861630443192806 2.154651494115471 2.1522293484315975 
1.078459466227858 1.1508180837893986 1.5985642033178014 1.2013262016267028 1.1273318708768523 1.3901885966477 1.4839081554905433 1.7670937357826526 2.0465068869409113 2.17359998711139 2.0432686599307335 2.0980236714105414 
1.3744070109417228 1.486761132981776 1.4882062129572637 1.6204656643139126 1.2020535393251548 1.4550920526712738 1.8632215878878493 1.677030301561042 1.4351495808416177 1.545602386301158 1.7330286387894096 2.1097581475159526 
1.0431810335859626 1.4418703333001262 1.6640120985377251 1.8445493500632777 1.4109835430442192 1.3345268937231312 1.4610493537222118 1.3562541895737057 1.4093503654864075 1.301870506708004 1.4503368708754647 1.9875484833629329 
1.8740299416169268 1.9704616596452282 1.7714356510288327 1.7072194823785518 1.6575283665144644 1.40080705826451 1.319660928558037 1.300639743278795 1.3601295817410162 1.4671560492422937 1.6669297242802061 2.0524526707973703 
1.2267959000051238 1.103584111585203 2.034406579615212 2.0233772890086597 1.6796715976018606 1.6057537222804323 1.6525304234111782 1.7096560128098988 1.699831529622111 1.6755883285443833 1.4918627866637597 1.7283711084276883 

0 0 0 0 0 0 0 0 0 0 0 0 
0 0 0 0 0 0 0 0 0 0 0 0 
0 0 0 0 0 0 0 0 0 0 0 0 
0.016324296513657303 0 0 0 0 0 0 0 0 0 0 0 
0 0 0 0 0 0 0 0 0 0 0 0 
0 0 0 0 0 0 0 0 0 0 0 0 
0 0 0 0 0 0 0 0 0 0 0 0 
0 0 0 0 0 0 0 0 0 0 0 0 
0 0 0 0 0 0 0 0 0 0 0 0 
0 0 0 0 0 0 0 0 0 0 0 0 
0 0 0 0 0 0 0 0 0 0 0 0 
0 0 0 0 0 0 0 0 0 0 0 0 

0 0 0 0 0 0 0 0 0.19612099611620532 0.16868146881586177 0.6094303670798128 0 
0.18503685457940833 0 0 0 0 0 0 0 0 0.32775292570521575 0.7671142400473686 0 
0 0 0 0 0 0.03218104689595559 0 0 0 0.29578882345730395 0.8912189473238507 0 
0 0 0 0 0 0 0 0 0 0.6004940504829653 1.351332960802465 0.13307445996126302 
0.43542403660595774 0 0 0 0 0 0 0 0.11221986921840033 0.21353916510820714 0.8966297771827175 0 
0.5691216013773029 0 0 0 0 0 0 0 0 0 0.00028755069587105275 0 
0.3504797806662363 0 0 0.07155833551668828 0 0 0 0 0 0.44839114843935707 0.5650084355510981 0 
0 0 0 0 0 0 0 0 0 0.19760763354024918 0.48614773340397915 0 
0.17359712579220707 0 0 0 0 0 0.25343112755311764 0.1884029690427621 0 0 0 0 
0.07552929632323407 0 0 0 0 0 0 0 0 0 0 0 
0.2794582914650698 0 0 0 0.20299447155506273 0 0 0 0 0 0 0 
0.522542961533549 0.07860130781092796 0 0 0.2018842029404545 0 0 0 0 0 0.104665706819055 0 

1.1331309192150874 1.2992986871166408 0.9238120383373013 0.9266330393408287 0.99481313665062 0.5167670354386809 0.8456754054811512 0.2946505030179902 0.14645358283614715 0.49110689664626306 0 0.5024032061102238 
0 0 0 0 0 0 0 0 0 0.1859060929194988 0 0.0721033958661463 
0 0 0 0 0 0 0 0 0 0.17631669680771475 0 0.6799835325009643 
0 0 0 0 0 0 0 0 0 0.3416809404067878 0 0.3428092892805168 
0 0 0 0 0 0 0 0 0 0.31968554180588366 0 0.190595148179734 
0 0 0 0 0 0 0 0 0 0.24747449469541102 0.20650805268991673 0.4113960233775376 
0.13591186398503166 0.30898837324899675 0 0 0 0 0 0 0.2210933711370831 0.39302019583572123 0 0.3016594565244025 
0.13058740357195292 0 0 0 0 0 0 0 0 0.1499786059453067 0 0.29397252872950164 
0 0 0 0 0 0 0 0 0 0 0 0 
0 0 0 0 0 0 0 0 0 0 0 0 
0.055216856344384044 0 0 0 0 0 0 0 0 0 0 0.25739710999205423 
0 0 0 0 0 0 0 0 0 0 0 0.4219171825479098 

0 0 0 0 0 0 0 0 0 0 0.24041127128277026 0.5206023779399327 
0 0 0.2920927176110518 0.7019392116111695 0.6040914550970506 0.7296844098117397 0.9121967340581968 0.3763791309484021 0.38561231987866756 0.28177980022082416 1.263722301974591 1.3979306334263706 
0 0 0 0 0 0 0.29775408538676706 0.16133804567042118 0 0.18057337834072457 1.4014375507962407 1.5954621394522859 
0 0 0 0 0 0 0 0 0 0.7933781063204106 1.6176395071324052 1.5772753933894224 
0.19332035183883872 0 0 0.0473078368564081 0.039586653714541425 0 0 0 0.35744912627095476 1.2014299461246898 2.173154608946949 1.7771013010104575 
0.05520516887739241 0.018222905282187896 0.2758864782821207 0.43334149824549695 0 0 0 0 0.35950045717673956 1.3316101503537217 2.2350339671589476 1.816106940056271 
0 0 0 0.23788470577906862 0.3698516452310828 0 0 0 0 1.3101864689530536 1.846497495280134 1.569007171161068 
0 0 0 0.667949670621239 0.40039465164292104 0 0 0 0 0.6853651639296684 1.8020477423503487 1.404420474397774 
0 0 0.021799679773189695 0.12279702689326727 0 0 0.25866698042392444 0 0 1.151816026309435 1.7540840002367801 1.184972191023566 
0 0 0 0 0 0 0.0880772242592621 0 0.35279023559644357 0.7484333811336534 1.1816478112108977 1.056998675459418 
0 0 0 0 0 0 0 0 0 0.5305311360849123 1.1905001508044617 1.1410069978259234 
0.24016753587859974 0.4210982712135867 0.34232587072083187 0 0 0 0 0 0 0.4629090674198232 1.0658488564832518 0.9482709562085858 

1.369778307591757 0.7566719049387556 0.6777738653479336 0.989011227539219 1.01100859550718 1.3044698986670877 1.1553125313939663 0.2858961338571816 0.38587961590985714 0.6613629064900123 0.8821041704682967 0.26745736872322573 
0.682231686553154 0 0 0 0 0 0 0 0.07368676093037549 0.09975594782756754 0 0.10437131823654654 
0.598060561767901 0 0 0.3529189469757188 0.7961194345888603 0 0 0 0.29316611610984566 0.17985007176880785 0.41224959054725047 0.269996691616878 
0.4866022556962556 0 0 0 0.38658138579514556 0 0.03567252928343604 0.3580192501159656 0.6588509464274311 0.5719013079273709 0.5172867441581288 0.2693327144933152 
0.271962126938693 0 0 0.2698864742961277 0.27376882156997717 0 0 0.09217293117437536 0.4919225647254617 0.07079876066295951 0.1956422166545333 0.17717779851069515 
0.8485313752667374 0.4389480117317972 0 0 0 0 0 0.3559560147562698 0.10309544057090353 0.15898787405725637 0.3998588656472929 0.3000009683208045 
1.4935526796149772 1.0503956073240588 0 0 0.36142344623326395 0.7710170332462207 0.24538642938970748 0.22551484674331684 0.89053910876141 0.9020767511406738 0.5004557726138799 0.14388749750664798 
1.2343085036523647 0 0 0.32393669456144697 0.6680362203296917 0 0 0.5601947977462014 0.5003556419083476 0.2871870014800928 0.3594060243763741 0.2034939312967105 
0.6827131773412597 0.27097830506547393 0.4014807595682744 0.302315310009837 0.48937148117195683 0.4768941773886489 0.3586737923587749 0.4106631770611058 0 0 0.3231642578732826 0.05565075303106098 
0.8077568292602038 0.01452790514134264 0 0.11881266502886961 0.7863832398943676 1.0895178721776864 0.20343032486514634 0.11737108134095928 0.15685089028974147 0 0 0 
0.6331637102272112 0.36947965014547635 0.5760443302571255 0.6014236987709475 0.47214278071146765 0.5387091185348011 0.5322936919363408 0.6859226932610655 0 0 0.1571611612925843 0.2294959856366477 
0.22394467116845104 0 0 0 0 0 0 0 0 0.23887878849608307 0.09771896669119812 0.16778058953832184 

0.47536943820625055 0.6895493991076561 1.0282966587488094 0.8682976450155541 0.7202627251015665 0.9038943194601428 0.2466027021830234 0.2783588177861394 0.16457076844267346 0 0 0 
0.7653179501276697 1.3470096651363557 0.8718386809548997 1.105937398929056 1.1338769122543333 1.1129511584918377 0.08751488531824873 0.5979883010205905 0.057864799747748843 0.014440644889733078 0 0 
0.3028909123237639 1.560153182985667 1.0849300655531782 1.4286479352101444 0.8241970253552285 0.6720849194951038 0.8004224966515638 0.3440701936827103 0.5629286376456066 0.28658934974791095 0 0 
0.3875154656176935 1.243936496111364 1.3997632677531346 1.6577962113199483 1.0246504694103198 0.4545750700961641 0.9232671632102478 0.49042173355808916 0.31464429772515307 0 0 0 
0.6870619068383446 1.0285549866536132 0.89357077200443 0.5330122857687514 0 0.3460602194278505 1.7006127652115124 1.0980167224469353 0.17307227138943918 0 0 0 
0.6584155338897396 0.42462773078028676 0.8518109777666916 0.5963257745582059 0.9675833801981482 1.7527973615121841 0.8644640232032589 0.24252826859742999 0.49333610689071916 0 0 0 
0.2309498778594031 0 0.5728570058420419 0.8868286570019549 0.7412674627044765 0.8535157511190091 1.4047904630503998 1.0569603500569373 0.9429997422091886 0.12280780578661593 0 0 
0 1.7389548990424744 1.3665587329212632 0.39002580172034285 0.21815261135821332 0.8073784555208926 1.8200365461082348 1.3881314707819123 0.6840004365047625 0 0 0 
0.611138537295009 0.8781311493652878 0.7012743979980411 0.1873499068551665 0.6478445565245943 1.0137700540387071 0.1682149596303383 0.3932011118340185 1.154393135575202 0.09779191183916158 0 0 
0.22532675678399738 0.6710683258833494 1.319313958776251 0.6093326734326254 0.8842222986516914 0.776196688219451 0.3924581016542038 0.6803968434846941 0.46473610932633674 0 0.11338256525148468 0 
0.08813603986353061 0.765433805905624 0 0.00935659555711293 0.6188117333040151 0.7378277583744925 1.2323620962269697 0.2504473230047527 0.8701412839226512 0.45321821386641553 0 0 
0 0.5760350336210508 0.2071756353281893 0.6970502112536433 0.2930411560449207 0.06303677034217896 0.4796328440249093 0.6435679253196099 0.7983527502311087 0.05902136540357415 0 0 

0 0 0 0 0 0 0 0 0 0 0 0 
0 0 0 0 0 0 0 0 0 0 0 0 
0 0 0 0 0 0 0 0 0 0 0 0 
0 0 0 0 0 0 0 0 0 0 0 0 
0 0 0 0 0 0 0 0 0 0 0 0 
0 0 0 0 0 0.1846950160699089 0 0 0 0 0 0.24909541176178043 
0 0 0 0 0 0 0 0 0 0 0 0.2099246949220152 
0 0 0 0 0 0 0 0 0 0 0 0.06009989249814689 
0 0 0 0 0 0 0 0 0 0 0 0.19507443102351685 
0 0 0 0 0 0 0 0 0 0 0 0.31978210655693895 
0 0 0 0 0 0 0 0 0 0 0 0.1578296240357192 
0 0 0 0 0 0 0 0 0 0 0 0 

0.5146949499529522 0.9988142003963395 0.8052771119651635 0.7771902358387093 0.7477354543162703 0.33002581097608 0.0955610940042338 0.5198147638632696 0.6428172813991494 0.38173694658772156 0 0 
0.7434663783499204 1.3542288325955687 1.1574375098216472 1.191216554078979 1.1679544443844334 0.5255217376475385 0 0.2664209520536149 0.629401112709523 0.313090537314195 0 0 
0.27331185809139225 1.367890431332004 0.9411330426340369 0.878119353830605 0.3683914473423231 0.28466503949694677 0 0 0.15414430477923824 0.3111397941319827 0 0 
0.20564777602972614 0.7496805565642155 0.7934703838690472 0.3073738758736316 0 0.11978603615831479 0.06015927635317542 0 0 0 0 0 
0.20027543415786056 0.6383692978625668 0.35412017774968335 0 0 0 0.7359826003352768 0.574273824390162 0 0 0 0 
0.34311616408380513 0.7991883175803498 0.7359678863585882 0 0 0 0.5505929410405348 0.47552866307188274 0.04057877637680016 0 0 0 
0.23124754203095646 0.033310828639759454 0 0 0 0.3634882120900761 0.46586440816453445 0.5132432317060671 0.16926820819401417 0 0 0 
0.011610017487614557 0.2431754334660791 0.2755778254862787 0.05595745123614573 0.12493994710876091 0.13682858278910526 0.14348097989336495 0.24052872993681623 0 0 0 0 
0 0.05462973262713311 0.018087472087655803 0 0 0 0 0 0 0 0 0 
0 0.16417597377453186 0.5568714434999621 0.17635041351482988 0 0 0 0 0 0 0 0 
0 0 0 0 0 0 0 0 0 0 0 0 
0 0.10210815970952906 0 0 0 0 0 0 0 0 0 0 

0 0 0 0 0 0 0 0 0 0 0 0 
0 0 0 0 0 0 0 0 0 0 0 0 
0 0.397094473282958 0 0 0 0 0 0 0 0 0 0 
0 0.4848545337766432 0 0 0 0 0 0 0 0 0 0 
0 0 0 0 0 0 0.022788526128617294 0 0 0 0 0 
0 0 0 0 0 0 0 0 0 0 0 0 
0 0 0 0 0 0 0 0 0 0 0 0 
0 0 0 0 0 0 0 0 0 0 0 0 
0 0 0 0 0 0 0 0 0 0 0 0 
0 0.15448352610905935 0 0 0 0 0 0 0 0 0 0 
0 0 0 0 0 0 0 0 0 0 0 0 
0 0 0 0 0 0 0.054874999806769666 0 0 0 0 0 

0 0 0 0 0 0 0 0 0 0 0.4713063708768605 0 
0 0 0 0 0 0 0 0 0 0 1.4347862765602715 0 
0 0 0 0 0 0 0 0 0 0 1.0078786293693751 0 
0 0 0 0 0 0 0 0 0 0 0.823742925228076 0 
0 0 0 0.8422251709989271 0 0 0 0 0 0 0.6465502523049437 0 
0.2820435602959919 0 0 0.23831898987155098 0.6288707673173892 0 0 0 0.18971511727734677 0.06925376400182827 0.7083770486184175 0 
0.6822759012674748 0 0 0.5089158294425663 0.5929353637393981 0 0 0 0 0 0.375445687176953 0 
0.3173007872538152 0 0 0.19039462069236554 0 0 0 0 0 0 0.2094325061695953 0 
0.658584038046969 0 0 0.2928789240026224 0.15123702246921983 0 0 0.0031258229252727823 0.6214520923010906 0 0.13302285428187344 0 
0.3454411709747222 0 0 0.034706646717028056 0.38301013228559827 0.07764129339506307 0 0 0.6197800831655131 0.2726943143695018 0.5599686273701118 0 
0.5949242893510485 0 0.06503603490471106 0.09451327355613269 0.4477012820524737 0.6648318210638248 0.3578446713592364 0 0 0.36235768167704335 0.975744705953602 0 
0.21466838408710234 0.2732593374430595 0.09610982620860826 0.26534079555893914 0.7529069662903514 0.6792341717087439 0.955801299272249 0.2908362493427426 0.2684835707811416 0.2507798944109418 1.0812254912599653 0 

0 0 0 0 0 0 0 0 0 0 0.3064794567481404 0 
0 0 0 0 0 0 0 0 0 0 0.33927068803817995 0 
0 0 0 0 0 0 0 0 0 0 0.30858193036128984 0 
0 0 0 0 0 0 0 0 0 0 0.4872488066528865 0 
0 0 0 0 0 0 0 0 0 0.10818611861368746 0.8413402708637058 0 
0 0 0 0 0 0 0 0 0 0 0.7293180541732994 0 
0 0 0 0 0 0 0 0 0 0 0.3594858370758495 0 
0 0 0 0 0 0 0 0 0 0.25460421211368217 0.42247132036289087 0 
0 0 0 0 0 0 0 0 0 0 0.3592264937019816 0 
0 0 0 0 0 0 0 0 0 0 0.17372510954908674 0 
0 0 0 0 0 0 0 0 0 0 0.07276526937303661 0 
0 0 0 0 0 0 0 0 0 0 0 0 

0 0 0 0 0 0 0 0 0 0 0 0 
0 0.4695058524143041 0.027396766643802112 0 0.16875397770661832 0.022913978097185123 0.37737340751949333 0 0 0 0 0 
0 0 0 0 0 0.2840520376876853 0.2949762973081669 0 0 0 0 0 
0 0 0 0 0.19923757486797516 0.21991302052755846 0 0.018863074643001354 0 0 0 0 
0.03841512818490346 0.5183116162726573 0.20023056036815823 0 0.07409817796972085 0 0 0 0 0 0 0 
0 0 0 0 0.1595625981370511 0 0 0 0.04931162368860082 0 0 0 
0 0 0.5683236739039665 0.5594123078894562 0.023623986268276692 0 0 0 0.08172243012631702 0 0 0 
0 1.0999111768646295 0.5262442389291637 0 0 0.5833375072224679 0.4240667987546246 0.000562638765489204 0.6159826293372219 0.42720821115675034 0 0 
0.36625516238175787 0.944887711465085 0 0 0.2627491952319321 0.7514057190896589 0.4745480301982381 0.3278312018037214 0.7956742630996418 0.3812715802426068 0 0 
0 0 0 0 0.18338544443153387 0.3553086259790542 0.6660007170789904 0.5424267024176482 0.3674889704615072 0.20884330991229227 0 0 
0 0.48573399901083203 0 0 0.21656363490709202 0.5182401555007838 0.6303645313760806 0.638635349562281 0.6365642273893114 0.12777673609478257 0 0 
0.11218767546732221 0.23998750519420908 0 0 0.12271752119839179 0.2518768600854632 0.10814592881774467 0.61063134909831 0.38601939806393853 0 0 0 

0 0 0 0 0 0 0 0 0 0 0 0 
0 0 0 0 0 0 0 0 0 0 0 0 
0 0 0 0 0 0 0 0 0 0 0 0 
0 0 0 0 0 0 0 0 0 0 0 0 
0 0 0 0 0 0 0 0 0 0 0 0 
0 0 0 0 0 0 0 0 0 0 0 0 
0 0 0 0 0 0 0 0 0 0 0 0 
0 0 0 0 0 0 0 0 0 0 0 0 
0 0 0 0 0 0 0 0 0 0 0 0 
0 0 0 0 0 0 0 0 0 0 0 0 
0 0 0 0 0 0 0 0 0 0 0 0 
0 0 0 0 0 0 0 0 0 0 0 0 

0 0 0 0 0 0 0 0 0 0 0 0.07213840083560805 
0 0 0 0 0 0 0 0 0 0 0 0 
0 0 0 0 0 0 0 0 0 0 0 0 
0 0 0 0 0 0 0 0 0 0 0.03465778129479535 0 
0 0 0 0 0 0.07776537696152183 0 0 0 0 0.1708387302933997 0 
0 0 0 0 0 0 0 0 0 0 0 0 
0 0 0 0 0 0 0 0 0 0 0 0 
0 0 0 0 0 0 0 0 0 0.24748084045111274 0.2581232767275359 0 
0 0 0 0 0 0 0 0 0 0 0.10890878629691207 0 
0 0 0 0 0 0 0 0 0 0 0.014439495929454198 0 
0 0 0 0 0 0 0 0 0 0 0 0 
0 0 0 0 0 0 0.04779788408897918 0.05198446153497047 0 0 0 0 

0.18261456302170775 0.6070290850742296 0.6721166105985483 0.7031942753981915 0.6713599455029836 0.6025227889617294 0.6933090561456866 1.1326478431777853 0.7374564705585137 0.4197163180883712 0 0.5243846580561408 
0 0.7220199308451838 0.27588942066469296 0.3209710093359778 0.4253535642618814 0 0 0.9694890884511868 0.6807303365187267 0.37557047193376614 0 0.07071803228643257 
0 0.7701681987079356 0.45115536513246646 0.6947602986741528 0.7835592688234063 0.2752439405159734 0 0.3499603645794598 0.4518393806435852 0.42256121612140435 0 0.036935423378004144 
0 0.36758635478629187 0.19056499331569612 0.4943159898159945 0.6801007291732638 0.9800664794699486 0.3296721368032297 0.33170000606016015 0.39795796227133906 0.5112210072223572 0 0.16711680614789437 
0 0.5520849367080235 0.4569826184072683 0.03528086823633478 0 0.29930079409170074 0.8545481214298271 0.8183150157652838 0.008406943225640617 0.03441112905946035 0 0.1646269013739318 
0.35265326190024254 0.4651934089592398 0.04906721193383576 0 0 0.07825940458586969 1.1248538081810444 1.051718401012219 0 0 0 0.05140492784158877 
0.7659491975086573 0.5260854800949988 0.19153059561073277 0 0 0.3632391087472595 0.638333041334926 1.1323721219123055 0.2581181091854087 0 0 0.1097071785552662 
0.17188737273748092 0.3835287015946682 0.34047482444029614 0.3190291811158782 0.44066494929468414 0.22046393546476928 0.5072703422497424 0.7976029782096378 0.6070923869983551 0.22709444655378433 0 0.2836263007909025 
0.36602975786165776 1.0118726671056884 0.49370687281355063 0.2562770715775715 0.6882027452459117 0.6794803528860094 0.7756626475226466 0.5962416818113733 0 0 0 0.22819850695993008 
0 0.24028921188697808 0.5853438069420775 0.7278349922286309 0.8056572247264593 0.7191214123417838 0.677812487227133 0.7100152142640034 0 0 0 0.17324035056987824 
0.026325082738657732 0.6133748209526015 0.9157906037970845 0.8777451482255663 0.5875740653079268 0.3093139757392889 0.5875461108985582 0.6309101240960169 0 0 0 0.17102295862901273 
0 0 0 0.4314151785063323 0.14240385582254692 0 0.051563629167871855 0.2857579970003762 0.23605594656210577 0.07314899936597558 0 0 

0 0 0 0 0 0 0 0 0 0 0 0 
0 0 0 0 0 0 0 0 0 0 0 0 
0 0 0 0 0 0 0 0 0 0 0 0 
0 0 0 0 0 0 0 0 0 0 0.13913981808602072 0 
0 0 0 0 0 0 0 0 0 0 0.3120542365879293 0 
0 0 0 0 0 0 0 0 0 0 0 0 
0 0 0 0 0 0 0 0 0 0 0.1761208686571779 0 
0 0 0 0 0 0 0 0 0 0 0.25005139271768484 0 
0 0 0 0 0 0 0 0 0 0 0.2244060276752129 0 
0 0 0 0 0 0 0 0 0 0 0 0 
0 0 0 0 0 0 0 0 0 0 0 0 
0 0 0 0 0 0 0 0 0 0 0 0 

1.044119331369966 0.00920829214634794 0.011219312432431544 0.5580788469629602 0.4646284573090281 0.20356671941627685 0 0 0 0.321219860786904 0 0.32653290935982854 
0.5662501538985207 0.027754423896410557 0.7127482867768119 0.6374235407510063 0.7806853167906942 0.36907510665935084 0.4140382775378082 0 0.11403768723661187 0.34368345299731823 0 0.21418282235533403 
0.7655146848642337 0.07841501954211516 0.18228251860124933 0 0.016005145391837033 0 0 0.0837610415700421 0 0.21444605368234249 0 0.2595318171939573 
1.1330396682271153 0.4495215230431024 0 0 0.029235609414956704 0 0 0.4573738309187816 0 0 0 0.007865938840001571 
0.7824207856970398 0.593964824072506 0.8858745518127117 0.42772435378441337 0 0 0 0 0 0 0 0 
0.5292947286170653 0.6075420373371536 0.18814564226838115 0 0 0 0 0 0 0 0 0 
1.1039436924307786 0.8728927444205603 0 0 0 0.16249943262188177 0.817217437095151 0.8129054639820221 0 0 0 0 
0.8294657286939886 0.09948713870801507 0 0 0.24611145016472905 0.4905429009778094 0.9056298999999011 1.2255611776072175 0 0 0 0 
0.6113783075991781 0.1717241497766778 0.40036333946278013 0.41743398746894744 0.2380761969024502 0.45495863464877795 0.3010128224219852 0.49335327419586816 0 0 0 0 
0.571654551141063 0.3083046229901703 0 0 0.5670248209080238 0.3518267952358541 0.14240875478950155 0.18265621276051133 0 0 0 0 
0.7222199503179026 0.3390311018127532 0.5116925008064309 0.34341202456192915 0.4563275069553019 0.37145423780641235 0.11831348138724088 0.28734310113107275 0 0 0 0 
0.08900417189173115 0.1210289674843957 0.7556792845168226 0.40462641024045515 0.11331140527128405 0.19678570013704594 0.13542838270701207 0.23523306216903853 0.055756503597002814 0.1579677760271057 0 0.3422092461919583 

0.4146667924794709 0 0 0 0 0 0 0 0 0.21416903121863554 0.8465546158632016 0.6420156492897009 
0.5858338817535429 0 0 0 0 0 0 0 0 0.042381484653872606 0.7030368771235689 0.9497021627826744 
0.4446388448637404 0 0 0 0 0 0 0 0 0.14712103413308633 0.6710210028848852 1.1038585859654004 
0.5152611579465608 0 0 0 0 0 0 0 0 0.6861398322597124 0.893298773679254 1.1183988883577929 
0.6722501298233754 0 0 0 0.11193169716574616 0 0 0.18118157062111603 0 0.5857514652808002 1.0964673753162775 1.1993479564600347 
0.9529858996212948 0 0 0.1996458389721597 0.19763625794770606 0 0 0 0.154198118715063 0.4115706604245607 1.208073504265246 1.3966325929277021 
0.6249696030283575 0 0 0.6143107451223817 0.8859430442136921 0 0 0 0 0.631249681455299 1.1086773839120359 1.1965808965628337 
0.6200392867563489 0 0 0.3415627239484503 0.590442018777257 0 0 0 0 0.39810632236600163 0.7450003123102176 0.8110598645809372 
0.23887364462739336 0 0 0 0.028444730432490545 0 0.22384792526412883 0.21209498912709562 0 0.4778406551035783 0.9554680406189651 0.6188589372192392 
0.6442211514822177 0 0 0 0 0.11420560385743964 0 0 0.004800128360710688 0.4767935128143837 0.9123616447996472 0.8028414597489918 
0.4164457860439377 0 0 0 0.367355413027619 0.06978726000725424 0 0 0 0.24703067399263964 0.957199754568927 1.0662510783138388 
0.7836675713332872 0.47259491346620836 0 0 0.7131748325794711 0.5501154826415384 0.2061324855816122 0.04001092139880085 0.1555073670489154 0.6051123550948905 0.8819392530371011 0.5750354702347386 

0 0 0 0 0 0 0 0 0 0 0 0 
0 0.4759373429898681 0.07043613439949371 0.3616855876854259 0.3654503463537365 0.8635092596529799 0.48678113499003917 0.3564056609589068 0 0 0.1408521482916028 0.0074546381214997195 
0 0.862416218328792 0.799676052568101 0.9610326250976378 0.7046492491557648 1.4642632350979936 0.7753167163233533 0.21521332583301953 0 0 0 0 
0 0.7391780374464632 0.33593806407754134 1.0622757649810484 1.145381575654941 1.398950396559124 0.9186170273510614 0.22235385522788276 0 0 0.08439006528913658 0.06454008807711714 
0 0.5250848436729295 0.0826747760619406 0.9259212782344246 1.6569251968880676 1.2202102242462705 0.826548529195442 0.6019232057065067 0 0 0.14529366779037012 0 
0 0.3003978713998363 0.43684237873861276 1.3877431874319892 1.6065576418136813 1.040950717661387 0.5255328966926229 0.5688607311143032 0.04877987416523542 0 0 0 
0.3540767864437826 0.32749766320242957 0.4168779677108856 0.9277249696206172 1.1467247156411948 0.4014880775142695 0 0.20722468343147904 0.39050095254299716 0.4926125214715589 0.5561222897601746 0.12576119259613827 
0.6097029441200517 0.47917841759472085 0.30663019587678203 0.34790080072199026 0.5879153165688756 0.2629429513545278 0.549027442993713 0.5065009784117117 0.4651502684472376 0.5250509151045778 0.6069029887315305 0.11389588447557086 
0.4270198385931593 0.44952315508434126 0.054754686087338286 0.4362941075005354 0.6264112585535692 0.40228495087155214 1.1366044408944262 1.0427450860053225 0.6672040617394704 1.095621891413944 0.5773775645139179 0 
0.18481971707627862 0.6884440046764368 0.8681596420776106 0.8461571553427877 0.5240539349291248 0.5330494098930199 0.9540568506007356 1.0627150813956494 0.6365159403867084 0.7544940329206394 0.27945989489351103 0 
0.10389629460386807 0.15210224879924764 0 0.15041253173825397 0.667703839254036 0.6642728751546497 0.7459044411865904 0.6744580444674303 0.20197540177143425 0.3767791336440911 0.08199549101386001 0 
0 0 0 0 0.3987702750337113 0.29516140957256304 0.5159003928918167 0.25455760012382145 0 0 0 0 

0 0 0 0 0 0 0 0.14901789907218305 0.00638273958385948 0 0 0 
0 0 0 0 0 0 0 0 0 0 0 0 
0 0 0 0 0 0 0 0 0 0 0 0 
0 0 0 0 0 0 0 0 0 0 0 0 
0 0 0 0 0 0 0 0 0 0 0 0 
0 0 0 0 0 0 0 0 0 0 0 0 
0 0 0 0 0 0 0 0 0 0 0.06323085000167483 0 
0 0 0 0 0 0 0 0 0 0.0317859379044838 0 0 
0 0 0 0 0 0 0 0 0 0 0 0.01623237769163899 
0 0 0 0 0 0 0 0 0 0 0 0 
0 0 0 0 0 0 0 0 0 0 0 0 
0 0 0 0 0 0 0 0 0 0 0 0 

0.08037669529610585 0 0 0 0 0.2255105465058454 0 0 0 0.08209896135879391 0.18700758295986747 0 
0.4808802764718895 0 0.21064219614918692 0.17039460425868802 0.05308426454081075 0 0 0 0 0 0 0 
0.5854227578495415 0 0 0 0.15974619093148193 0 0 0 0 0 0 0 
0.44066029455351874 0 0.06782119663935325 0 0 0 0 0 0.09071427275200158 0 0 0 
0.23384954906127114 0 0.2516279595985655 0.24505471957870953 0 0 0 0 0 0 0 0 
0.46240200136012327 0.3189565348677972 0.0006642356011920258 0 0 0 0 0 0 0 0 0 
0.391295620792481 0 0 0 0 0 0.5388056239157769 0 0 0 0 0 
0.41637906566675387 0 0 0 0 0 0.11362672785719402 0.01559628195127001 0 0 0 0 
0.03951195174558699 0 0 0 0 0 0 0 0 0 0 0 
0.564485296393989 0 0 0 0.02944741561854531 0 0 0 0 0 0 0 
0.021360793966517074 0 0 0 0 0 0 0 0 0 0 0 
0.22507069884811753 0.13981133512575944 0.07716093523132207 0 0.06940538952040172 0.0748836364952104 0.055819128441028244 0 0 0 0 0 

0.2006624971645485 0 0.2632604227966133 0.3971572799852776 0.23618517587948284 0.10866439853405868 0 0 0 0 0 0 
0 0 0 0 0 0 0 0 0 0 0 0 
0 0 0 0 0 0 0 0 0 0 0 0 
0.008773477531065721 0.2562957557654352 0.03501668660674431 0 0 0 0 0 0 0 0 0 
0 0.15665006487595134 0.1267472273863714 0 0 0 0 0 0 0 0 0 
0 0 0 0 0 0 0 0 0 0 0 0 
0 0 0 0 0 0 0 0 0 0 0 0 
0 0 0 0 0 0 0 0 0 0 0 0 
0 0 0 0 0 0 0 0 0 0 0 0 
0 0 0 0 0 0 0 0 0 0 0 0 
0 0 0 0 0 0 0 0 0 0 0 0 
0 0 0 0 0 0 0 0 0 0 0 0 

0 0 0 0 0 0 0 0 0 0 0 0 
0 0 0 0 0 0 0 0 0 0 0 0 
0 0 0 0 0 0 0 0 0 0 0 0 
0 0 0 0 0 0 0 0 0 0 0 0 
0 0 0 0 0 0 0 0 0 0 0 0 
0 0 0 0 0 0 0 0 0 0 0 0 
0 0 0 0 0 0 0 0 0 0 0 0 
0 0 0 0 0 0 0 0 0 0 0 0 
0 0 0 0 0 0 0 0 0 0 0 0 
0 0 0 0 0 0 0 0 0 0 0 0 
0 0 0 0 0 0 0 0 0 0 0 0 
0 0 0 0 0 0 0 0 0 0 0 0 

0 0 0 0 0 0 0 0 0 0 0 0 
0.006255948774932948 0 0 0 0 0 0 0 0 0 0 0 
0 0 0 0 0 0 0 0 0 0 0 0 
0 0 0 0 0 0 0 0 0 0 0 0 
0 0 0 0 0 0 0 0 0 0 0 0 
0 0 0 0 0 0 0 0 0 0 0 0 
0 0 0 0 0 0 0 0 0 0 0 0 
0 0 0 0 0 0 0 0 0 0 0 0 
0 0 0 0 0 0 0 0 0 0 0 0 
0 0 0 0 0 0 0 0 0 0 0 0 
0 0 0 0 0 0 0 0 0 0 0 0 
0 0 0 0 0 0 0 0 0 0 0 0 

