1.5444169041481728 0 0 0 0 0.25678432152632774 0 0.07202496953827324 0.9634127843494018 0.49548796969788317 0.31485919868025647 0.3749237242429794 
3.013858299169932 2.13215950548601 1.5590095261027614 0.06668824455281745 0.14651069496803298 1.6936659062125385 1.1974008864794532 0.7035015754760808 1.2362647153650295 1.347667692444082 0.5025580048898443 0.4212127292362498 
1.7638769074733902 0.8636554185582909 1.4070589227101338 1.1009817590176578 0.542790032912049 0.28066360708071114 1.2228989650890223 0.23189484296084437 0.7956906084012362 1.5685622155278431 0.28955235457165107 0 
2.4192895038076268 0.0273915538667856 0.1572761120089199 1.1025032405009019 0 0 1.2724537299668603 1.1917548956155015 0.8562883682800176 1.1702017301415442 0.3117014849855146 0 
2.5665540417939305 0 0 1.8222834956294929 1.7059104618720637 0.6888395214757342 0.700341212703318 1.3212966128089871 0.8461027932064857 0.7781656558857926 0.8050492314317086 0.7551820031559949 
2.743795346471577 0 0 1.2590059148416024 1.1349837114856849 0.37924579072370435 1.2233098024800806 1.2297972005431412 0.650093581044995 0.6391543371600921 0.16691821218702235 0.24380897972453153 
3.396770378717125 1.644361885874543 0 0.8544340178870953 0.6874831992082271 0 0.3153734700021453 0.9439646758611235 0.4924551877274551 0.19719439328653088 0.03388205436096857 0 
2.08800470693867 1.2408808215547396 0.8188007066160017 1.6281276337286597 1.0986705737652522 0.1257160334864466 1.0123893935509893 1.4493092905088971 0.8924582437376324 0 0.2540543441595375 0 
2.130600771218947 0.18780663320948746 1.4238473133169154 1.9733309110153372 0.43982888835150274 0.006181443577178522 1.2318137046242879 2.1120652427602193 1.8944252454035713 1.855302356369216 2.0279138862770716 0 
2.244155069977042 0.7043982178997812 1.6636294318752645 2.768134171422386 1.631906052951657 0.2525047781775517 0.6700572169935806 0.8481966907792877 1.176961429589122 2.5052756695535687 1.3797295197574038 0 
1.9522172145873466 0.6102754186167355 1.0189412829313462 2.1439290543074065 1.7122015998745368 0.969012866138967 0.9182752172772978 0 0.31923217705510604 1.8120833987997387 0.8056723238303334 0 
1.9880032691718632 1.23719934490033 1.0583100985216034 2.065341253476893 2.11760211562905 1.2305524214562424 1.0802772512174847 1.1722150221277539 1.33483848543511 1.622846032073515 0.4820272656152884 0.053696088596440886 

0 0 0 0 0.303563788228724 0.37975514459007786 0.353765293856846 0.17086533595094489 0.18984053585186703 0.21909228746583362 0.2818631921934661 0.5620897434071151 
0 0 0 0 0 0 0 0 0 0 0 0.019559052313066247 
0 0 0 0 0 0 0 0 0 0 0 0 
0 0 0 0 0 0 0 0 0 0 0 0.2946745862003907 
0 0 0 0 0 0 0 0 0 0 0 0 
0 0 0 0 0 0 0 0 0 0 0 0 
0 0 0 0 0 0 0 0 0 0 0 0 
0 0 0 0 0 0 0 0 0 0 0 0 
0 0 0 0 0 0 0 0 0 0 0 0 
0 0 0 0 0 0 0 0 0 0 0 0 
0 0 0 0 0 0 0 0 0 0 0 0 
0 0 0.11664934914152686 0 0 0 0 0 0 0 0 0.23991273332643204 

0.3022264494367971 0 0 0 0 0 0.2115872728868077 0 0 0.002398691686595067 0 0 
0.02207858710469928 0 0 0.23289243571618312 0.34737869215526185 0.16739827566328147 0.07510059416279583 0 0 0 0 0.10551736194524321 
0 0.37721407988510836 0.6353418744363519 0.6676517977650087 0 0 0 0 0 0 0 0.1529059847163513 
1.0173463548862733 1.2877740177884465 1.0404022324503404 0.2053144719816351 0 0 0 0.06546038780062957 0 0.5674769442607215 0.340594209629843 0 
0.5392215887220608 1.0165802263537123 0.025299080074079883 0 0.4323284770260099 0.1520574710556543 0.06211206649619894 0.11645982371470384 0.1234361958814976 0 0 0.10343822342247616 
0.5846131388297486 0.371299174312872 0 0 0 0 0.05009423939839486 0.20430237008021435 0.2715978222075396 0.17418776140460426 0.278563233859105 0.509533008224027 
0.40068286800382097 0 0 0.28089910744919244 0.1794193770433979 0.32921322366334105 0 0 0 0.12065976464786787 0.2663742913641809 0 
0 0 0 0.04400769717666966 0.9392968820146325 0.3998432753035628 0.14532331510083812 0.05954540507134973 0 0.6469232490207559 0.42489197367647336 0.4674961996133568 
0.11118394254179614 0 0.2839495823973524 0.978694397236902 1.2679930724577857 0.5240430118510949 0 0 0.0027706428711305187 1.1880990989557607 1.7364690723176774 0.8216753895025858 
0.04467689818189817 0.06843361877290033 0.10497937043237834 0.5291920914911326 0.6814806506696667 0 0 0.023587724737591922 0.7820567942051417 0.9558446450840888 0.7098426956601797 0.5935193648329488 
0.11412844460933858 0.15462317831204037 0.15467135795232806 0.33493627403500364 0.09072475254330223 0 0.13428970530008588 0.2332096774916645 0.9701637512028136 0.6388707820164069 1.2142545672816618 0.5607729829915012 
0.08277817102364535 0.21984761972616562 0.17216869916207067 0 0.28416907623483023 0.6656269551375698 0.6943293446915795 0.6388671640481477 0.20846733015183952 0.7560574385574409 0.9029638573755887 0.2961963381622293 

0 0.35779112957691983 1.5116879272689414 2.000447781279693 1.313083364537519 0.832950636974948 0.6946681705698382 0.5095049971321083 0.09765281675836485 0.31170369378038565 1.282208210488054 1.1096660004525525 
0 0 0 0 0 0 0 0 0 0 0.29948486276134406 0.3300747837063726 
0.5143911408640549 0.08172991905168964 0 0 0 0 0 0.24052572138143102 0 0 0 0 
0.34283254772197674 0.8655655149042107 0 0 0.031003729208396225 0 0 0 0 0 0.15938952217273133 0.8648347380532044 
0 0.26289347922316264 0 0 0 0 0 0 0 0 0 0 
0 0 0 0 0 0 0 0 0 0 0 0.3397170868456711 
0 0 0.02492599089379921 0.3850365093536814 1.8050719232438666 1.1094759244332741 0.16603574923595166 0 0 0 1.0239596348669664 2.8132896256036406 
0 0 0 0 0 0 0 0 0.5685598475647938 1.002318989851703 1.114462189426926 2.674313328967686 
0 0 0 0 0 0 0 0 0 0 0 0.4795425000425949 
0 0 0 0 0 0 0 0 0 0 0 0 
0 0.010830876036592857 0 0 0 0 0 0 0 0 0.04732884990248032 0 
0 0 0 0 0 0 0 0 0 0 0 0 

1.511584174419361 1.106984469800624 1.2189506810420982 1.4365795295147221 1.0367085880204034 1.3664304390687396 1.790882215631147 1.1421304783705728 0.9852878721733631 1.3926908527997126 1.0337430066324895 1.2458539249677898 
0.20331605704235567 0 0 0 0 0 0.19833167712205596 0 0.25718342040765013 0.645344382769121 0.3528068123781078 0.5895164738915082 
1.5970197958936723 0.8916900807972444 0.10663975017129143 0 0 0.29787412371788174 0.5154428071904 0.40974699895981254 0.3526266080716787 0.8728094946977158 0.5350465443279109 0.8810839775978485 
1.6903767387498696 0.7007941161023473 0 0.15162793373071817 1.000020439336714 0.08253437568785799 0.2762271934732283 0 0.17283304779711645 0.7800004793413585 0.02355073410783578 0.6626564788522236 
1.7527580129794862 0.7870873204884443 0 0 0 0 0 0.7590873524326532 0.9515974425586292 0.33309655211625644 0 0.2912546548874086 
1.0600720410514697 0.57352938557068 0 0.3192818923950659 0.99441092943352 0.5007459243455068 0.3079058808421687 0.7443819921325147 0.281115116732697 0.3733633219717136 0.3525340723883784 0.9647402505164133 
0.4210371772777407 0 0 1.0065592869597473 1.6216271872411392 0.6948973758556993 1.0337316748813143 0.6881666638294112 0.3551722736062969 0.5954336781350569 0.7798042244150553 1.5293795016447342 
1.0969502958507311 0 0 0.580818004895557 1.4737797971313549 0 0 0 0.17045428691887532 1.1012314437492405 0.9853715618664783 1.3927692436646686 
1.2224026333527487 0 0 0.6992230050558521 0.20358074265219728 0 0 0 0 0.07053973977527211 0 0 
1.0498989000408812 0 0 0.16290696522959455 0 0 0 0.008655149540878163 0 0 0 0.13039396929748878 
0.999262560656029 0.4571224046046682 0.11350613020659674 0.09412140076138659 0.1635259699041998 0 0.13198367690307383 0.3959035117186479 0.12064817102365029 0.4025544158348519 0.34558438172279593 0 
0.7863916138142572 0.56221193628242 0.21419042796254012 0.3191080960620944 0.3940237402252089 0 0.002773573093912435 0 0 0.2986194523732045 0.08231751287937303 0.02157070144383536 

1.4025221381470283 0.465890033346227 0.19518220719846013 0 0 0 0.0333271863955629 0 0.2239350391654124 0.2330416294483062 0 0 
0 0 0 0 0 0 0.14927614065038974 0 0 0 0 0 
0 0 0.1731361197150061 0.3672643526135537 0 0 0 0 0 0 0 0 
0.633831090364456 0.8636516915944802 0.24273777499036558 0.5080522126400142 0 0 0 0 0 0.3440730880698306 0 0 
0.9300453029555861 0.6584863564225059 0 0 0 0 0 0 0.13521091814043112 0 0 0 
1.1574505169379536 0.3664436696913662 0 0 0.2306008685359792 0.036033833650853886 0 0.012793939352273659 0.06764410478299918 0.11173999088371883 0 0.0893135901756631 
0.16937537353530768 0 0 0.1550840715721534 0.5024896838239609 0.24648208680355838 0.2237764931312316 0.06778761088960175 0.36327438919891064 1.1705826938790898 0 0.5993073915807501 
0 0 0 0 0 0 0 0 0 0.5838855342766901 0 0.15372063686718285 
0.19889460249989746 0 0 0 0.41237765623634337 0 0 0 0 0 0 0 
0.04827872644964393 0 0 0.12872726738402518 0.14878328145670905 0 0 0 0 0 0 0 
0 0 0 0 0 0 0 0 0 0 0 0 
0 0 0 0 0 0 0 0 0 0 0 0 

0.8169031207666454 0.18687784335264185 0.18231680384231574 0 0 0.5124168899073875 0 0.6131045101236137 0.445943004816197 0.00026483812555590236 0 0 
0 0 0 0 0.5515881594240004 0.22467508335511913 0 0.37852841723700903 0.13694006495636368 0 0 0 
0 0 0 0.07606209635292926 0.2984165665818559 0.5040546332824329 0 0.007716389262245327 0.3415402576162804 0 0 0 
0 0 0.28806460592623495 1.215170909010228 0 0 0 0.10603408969996982 0.2845885005559887 0 0.5325616700419963 0 
0 0 0.745962804508538 0 0 0 0.41406330285275783 0.017179736697889525 0 0 0 0 
0.8033210612756436 0 0.2333720616299652 0 0 0 0.165738207492122 0 0 0 0 0 
0.26764570711921665 0.17280544547362747 0 0 0 0 0 0 0 0 0 0 
0 0 0 0 0 0 0.27524988729147515 0 0 0 0 0 
0 0.44658099126362055 0.02910558904711011 0 0 0.13190664298214685 0 0 0 0 0 0 
0 0.25271846865572933 0.04157283399671391 0 0 0.7015250762179858 0 0 0 0 0 0 
0.019867712815347313 0.14239886040159175 0.1852060945601759 0 0 0 0 0 0 0 0 0 
0.17102735868327867 0.23359265629459444 0.4192882333901356 0.14431035643122248 0 0.4332300398580463 0.18471129476200587 0.07836515851424308 0 0 0.47570041583802636 0.20892837450486273 

1.6589100190495831 0.6517565750533645 0.5828419281280799 1.0889405473840919 1.3112243181382495 1.2246486002966392 1.2953137451394832 1.7859991433231341 1.4558464520262506 1.5130609291386943 1.8209893951184988 2.073411838657586 
0 0.8431762262227325 1.5897965587040677 1.2011850209605488 1.6346848423374898 0.8727270728809288 0.9443320073905683 1.404687829908903 0.9263847799823226 1.15656166832336 1.8319745155396843 1.9639736842916766 
0 0.5109397776950432 0.7198428009452191 0.6825276698822529 0.9251260535590949 1.1998708064710728 1.4634239456348355 1.2696411729082484 0.7087896043664632 0.7096434658503032 0.9800533135503562 1.5765687780471025 
0.7443914728760457 1.3767830976632496 0.3343392423167979 1.0998917642154327 0.9556918430532394 0.656756120809183 1.017147558276845 1.1783676017568605 0.9185977286364393 1.1792312912839278 1.7753689449122023 2.070438241381841 
0.06266293183248306 0.5907786945974222 1.6900730105937585 0.33991313332564665 1.1559788875665757 1.993147289328439 1.2038937498728153 1.0611764468183151 0.5923708675104609 0.45181785213667414 0.7038526345739813 1.7424384067237115 
0.4877344467507455 0.5826111660657236 1.1600186005780382 0.8435437008212305 1.0796223482086118 1.0488451945448891 1.162558283063942 0.8289480080015041 0.5854851224756661 1.076007130041686 1.0107577292161904 1.7522985584317041 
0 1.5945129680187538 2.154740516072514 1.5515859175233744 1.0478331229023028 1.2120212608440784 0.8439967562111166 0.3083370658983899 0.8837536696571577 0.6045396482350072 0.9705231119144064 2.185489294582195 
0.27200041027747146 0.64764816203741 0.6017307555509073 0.22096120705307837 0.4719838629924034 1.104514276465062 1.143025101940271 1.3190203068272928 1.592221986489129 0.9044483763301627 0.9938072854220401 1.7696719188160148 
0.9897762634208962 1.545658420813509 1.1442067258379176 0.4111348144156037 0.18336097413452673 0.7770319588862935 0.6725598897485825 0.9947713305583767 0.7695573301212637 0.7592010856326132 1.6707162685341215 1.6516270410698572 
0.9158844975968959 1.637369365754061 1.4383685183955222 0.4290547180216399 0.43512986375098917 1.307736097641304 1.4628802608492748 1.173562688172023 0 0 1.1680513352180555 1.790812738984085 
1.3009783268850794 1.7026368486236156 1.1555443106310137 1.0179448156237707 1.1451818621414074 1.0243182577845973 1.2260641030481396 0.7998590385121777 0.3090760749007162 0.7942684389752759 0.9499150800629974 1.7277625138290094 
1.5789147006124367 1.924347524137078 1.7523051867038837 1.1571830759419697 1.3797008281713752 1.4960530200608342 1.2167648066099577 1.0961576432770626 1.2979310884090651 1.2427749005982602 1.4266037964062679 2.0061080355133942 

0 0 0 0 0 0 0 0 0 0 0 0 
0 0 0 0 0 0 0 0 0 0 0 0 
0 0 0 0 0 0 0 0 0 0 0 0 
0 0 0 0 0 0 0 0 0 0 0 0 
0 0 0 0 0 0 0 0 0 0 0 0 
0 0 0 0 0 0 0 0 0 0 0 0 
0 0 0 0 0 0 0 0 0 0 0 0 
0.0439814811739835 0 0 0 0 0 0 0 0 0 0 0 
0 0 0 0 0 0 0 0 0 0 0 0 
0 0 0 0 0 0 0 0 0 0 0 0 
0 0 0 0 0 0 0 0 0 0 0 0 
0 0 0 0 0 0 0 0 0 0 0 0 

0 0 0 0 0 0 0 0 0 0 0 0 
0.45377092465401125 0 0 0 0 0 0 0 0 0 0 0 
0 0 0 0 0 0 0 0 0 0 0 0 
0 0 0 0 0 0 0 0 0 0 0 0 
0 0 0 0.04441454480488233 0 0 0 0 0 0 0 0 
0 0 0 0 0 0 0 0 0 0 0 0 
0.2577475474808265 0 0 0 0 0 0 0 0 0 0 0 
0 0 0 0 0 0 0 0 0 0 0 0 
0 0 0 0 0 0 0 0 0 0 0 0 
0 0 0 0 0 0 0 0 0 0 0 0 
0.1942390639140612 0 0.35021150379194976 0.0873528965647505 0 0 0 0 0 0 0 0 
0.44663480869916916 0 0.14050694279761816 0.556373138625358 0 0 0 0 0 0 0 0 

1.0917711319676036 0.6650113152679241 0.7498474186789703 1.3690605250820875 0.5899957518671299 0 0.2578577851135248 0.22804414543208235 0.5536004497657219 0.6051442407926867 0.3405988575602093 0.7620900045857978 
0 0 0 0 0 0 0 0 0 0 0 0 
0 0 0 0 0 0 0 0 0 0 0 0.6056666912398132 
0 0 0 0 0 0 0 0 0 0 0 0.4574738648349133 
0 0 0 0 0 0 0 0 0 0 0 0 
0 0 0 0 0 0 0 0 0 0 0 0.18151049704421018 
0 0 0 0 0 0 0 0 0 0 0 1.125904666562402 
0.18499136335090638 0 0 0 0 0 0 0 0 0 0 0 
0 0 0 0 0 0 0 0 0 0 0 0 
0 0 0 0 0 0 0 0 0 0 0 0 
0 0 0 0 0 0 0 0 0 0 0 0 
0 0 0 0 0 0 0 0 0 0 0 0 

0 0 0 0 0 0 0 0 0 0 0 0 
0.9082655767999779 0.1399938903855209 0 0 0 0 0 0 0 0 0 0.16154758364483654 
0 0 0 0 0 0 0 0 0 0 0 0 
0 0 0 0 0 0 0 0 0 0 0 0 
0 0 0 0 0 0 0 0 0 0 0 0.019480449786457993 
0 0 0 0 0 0 0 0 0 0 0 0 
0 0 0 0 0 0 0 0 0 0 0 0 
0 0 0.37954840907323106 0 0 0 0 0 0 0 0 0 
0 0 0 0 0 0 0 0 0 0 0 0 
0 0 0.1233591752373045 0 0 0 0 0.03243003791750082 0.5474428788716599 0 0 0.022996478552499325 
0 0 0.20422826196764662 0 0 0 0 0 0 0 0 0 
0 0 0.06722643541560949 0.02471301980553528 0 0 0 0 0 0 0 0 

2.464147945362465 1.5543150739658267 1.8616752886268975 1.2443372285980787 0.3978295682741866 0.9669484120674487 0.21250515145204696 0.2733691104682816 1.4961678579041924 1.1722430670249142 0.8389464923154262 0.4456920871158217 
0.6157044960438872 0 0 0 0 0 0.2854301041186413 0 0.06803654362601508 0.1389490357255296 0 0 
2.064450944571227 0 0 0 0.4298434210991031 0 0.27909050729637674 0 0.37416653205249717 0.39916096846942883 0 0 
1.4632782256736296 0 0.46264800235243475 1.2865698747489622 0.20829273860907654 0 0 0.5037770772707103 0.708090324805879 0 0.5164202406590382 0.267015940183288 
1.506421441479397 0 0 0 0 0 0.40872859074561096 0.7986983647957695 0.24504520444467504 0 0 0 
1.2718591900030027 0.09132149495080116 0 0.028173463502704554 0.15809794439821095 0 0.5100826300646342 0.5816856708947673 0.24549277154017257 0 0 0.28420804731993166 
0.30874280252169156 0 0 1.6341769148216634 1.9923874279615612 0.7219674228660892 0.7472457802351278 0.8188977862547099 0.8831455648971663 0.9601071703681501 2.025532633670152 0.932705611251323 
0.6319342524881899 0 0 0.5910299655181916 0 0 0 0.5204388184354032 1.7284946174270002 0.9205797534361968 0 0 
0.5819864500572528 0 0 0.0970313565932342 0 0 0 0 0 0 0 0 
0.4835785482975513 0 0 0 0 0.04445629997500053 0.12567097822965384 0 0 0 0 0 
0.8307787543955534 0 0 0.5181608723320272 0.46880585757052917 0.08918942465945542 0 0 0.5177222480224064 0.6593032441457434 0 0 
0.25408625975363913 0 0 0.014130688790409351 0 0 0 0 0 0 0 0 

1.5035527176984262 3.737394052501194 3.116068639959342 1.1980382708222694 1.4858071744719044 1.4646184420891664 2.1174622603646975 1.6959278454657039 1.180407155460949 1.0998537611848012 0.8792082316688659 0 
1.9716630449219816 2.7343470962846075 1.7841051065180562 3.9267744719280424 2.00585259487717 1.4180083079262107 1.045909141075883 0.23733137095393061 1.2687053053110808 0.9889830589764707 0.9380373736378481 0.5749837629950766 
0.8382112599465867 1.3942105194305423 3.590518522803048 2.6216534660036444 0.9078056456485558 1.3395029475162685 1.0759480765303293 2.506272452512392 1.1268025238116748 1.0168967700645237 1.7992229129547122 0.2462059994178007 
1.1716922374400827 1.8627088989623806 2.6492563503471853 1.802059166904354 2.715641411658174 1.5962192475921817 2.1882651562218847 1.5996591447137694 0.8726494395733125 2.523681657935367 2.6622217638121906 0.22433949657047786 
1.076232583732145 2.443439123797471 1.4918083454144049 1.3550684392891523 1.703010576316229 1.7718291930322898 1.8366116298404869 1.0810075143129505 1.9963394125756537 1.563662441849653 1.112647152010355 1.572803904948641 
2.2761573256506398 3.0261068097948653 1.4978702031015654 1.6600561052707856 0.9696780510381466 1.6410024724138195 0.8239014975066563 1.399167549920053 2.121369714619795 2.063927234212351 2.67553023748078 0.26664198825102403 
0.8519566548697463 2.319907251099862 3.0462747597546955 1.4741667712801567 1.3630953802833197 2.491150844425046 1.6378138239128897 3.0953794989655585 2.3912778962260677 3.282287221633574 3.008467965075182 0 
0 2.1811853081098125 2.2135817964273343 1.244536977082325 2.85796173298851 2.2168197143206467 2.571254305082535 3.3419931431821843 1.976415690752834 2.134268390640187 3.1624660528769337 3.4591540396032903 
0.8619224972578791 1.7887182469861989 0.4204633685948549 1.6693544757965553 3.640272667735744 2.5186685730367446 1.323532433271618 0.1544220973772799 0.9760011494520902 2.752591888279147 2.393206990036183 1.1079049237166838 
0.8446899338031207 0.9087113336442371 0 1.2998677642045502 2.3943306830563924 2.0863897716683044 1.3380071869062622 0 1.1226775730331193 0.9948302935550868 1.4190041995918026 1.4686711936087524 
0.810863334021393 0.3807070466734674 0.9652669276419517 1.3784006224454717 1.3795940954424073 1.8754476306674257 1.6699409604554571 2.3019137030061243 1.8677795871028318 1.2599719483037664 2.276908933412713 0.5863561586936301 
0 0.5524549133865452 0.09499061411776218 0 0.7535316679386579 1.4672148615555658 1.0842907639670984 1.4755936059028327 0.8297299858213647 2.332087637064819 2.55450087873313 1.135560302237526 

0 0 0 0 0 0 0 0 0 0 0 0 
0 0 0 0 0 0.02790851642026554 0 0 0 0 0 0 
0 0 0 0 0 0 0 0 0 0 0 0 
0 0 0 0 0 0 0 0 0 0 0 0 
0 0 0 0 0 0 0 0 0 0 0 0 
0 0 0 0 0 0 0 0 0 0 0 0 
0 0 0 0 0 0 0 0 0 0 0 0 
0 0 0 0 0 0 0 0 0 0 0 0 
0 0 0 0 0 0 0 0 0 0.3834846935423446 0 0 
0 0 0 0.3381414046409091 0 0 0 0 0 0.7665573474585096 0 0 
0 0 0 0 0 0 0 0 0 0 0 0 
0 0 0 0 0 0 0 0 0 0 0 0 

0 0.8708975213410198 1.4486499982580223 1.049800183224046 0.41867108086684435 0.3499824966479329 0.424766024669624 0.8877317955435319 0.20885116825890973 0.6863799704116157 0.509283003806228 0 
0.18209047034878084 0.563228280216523 0.10030326430812223 0 0.08075025851912812 0 0.46903321896856787 0.5538881824429165 0.18827034259007827 0.35938009410317817 0.3017913524476766 0 
0 0 0 0.49391077698266345 0.8305250852489945 1.3092447023004186 0.3426830682150914 0.4258459782035512 0.1813669137479657 0.0008474189585162689 0.3277795630369257 0.5965954631050097 
0 0 0 0.22194272645589316 0.6052223386775871 0.2213825104842687 0.18119745206134716 0.5616382000515888 0.057054060567527334 0.3503101591689341 0.4491298009936337 0 
0 0.4392707713459357 0.013453577065391228 0 0 0.08575151081182159 0.1602046112428532 0 0.10263524582786283 0.18490932088570763 0.27096300349152025 0.28995242561793366 
0 0.12367605845946612 0.41098876051130595 0.3887235617228574 0.6798931912638646 0.4989549764868327 0.2658679085827633 0 0 0.05646847988360043 0.050706682144370324 0.5625859967002699 
0.06884221370364192 0.19043574492390908 0 0 0 0.0672508540819639 0.08519259215687644 0 0 0.4474117737221589 0.9111113063178071 0.32082768941020295 
0.07513826800218386 0.3195171431645113 0 0 0 0 0.003878869451192441 0 0 0 0 0 
0.12491201955695135 0.27970331812585536 0 0 0 0 0.14071834307612396 0 0 0 0 0 
0.07501837447730902 0.25222104698789194 0 0 0.23235098715819508 0.5471292588495833 0 0 0 0 0 0 
0.07156334314091581 0.1476157097927584 0 0 0 0 0 0 0 0 0 0 
0 0 0 0 0 0 0 0 0 0 0 0 

0 0 0 0 0 0.37706178270048274 0 0 0 0 0 0 
0 0 0 0 0 0.1259404497746568 0 0 0 0 0 0 
0 0 0 0.4967411023989621 0 0 0 0 0 0 0.3009277308870937 0 
0 0.23702400461524617 0.31139072214470237 0 0 0 0 0 0 0 0 0 
0.7854652116798775 0.13350834597295796 0 0 0 0 0.053588814279450114 0 0 0 0 0 
1.2900607207015389 0.21445168083310034 0 0.04215290593349785 0 0 0 0 0 0 0 0 
0 0.38931522913369165 0.013247261980310121 0 0 0 0 0 0 0 0 0 
0 0 0 0 0 0 0.27172923297752744 0.02830294700717728 0 0 0.05124611667054396 0 
0 0 0 0.2938035860696441 0.3275784827551443 0 0 0 0 0 0 0.7448733214673829 
0 0 0 0 0.18760331064251184 0 0 0 0 0 0.011581051103955575 0 
0 0 0 0 0 0 0 0 0 0 0 0 
0 0 0 0 0.03970864533832302 0 0 0 0 0 0 0 

0 0 0 0 0 0 0 0 0 0 0 0 
0.4304943767357986 0 0 0 0 0.7184342682755704 0 0 0 0 0 0 
0.513106994156317 0 0 0 0 0 0 0 0 0 0 0 
1.6122192988566917 0 0 0 0 0 0 0.0956606817163343 0 0 0 0 
1.4988169443782957 0 0 0.4943125272794574 0 0 0.1927796924062424 0.3703337752598253 0 0 0 0 
1.6741168293527207 0 0 0 0 0 0 0 0 0 0 0 
1.2313065259648424 0 0 0 0 0 0 0 0 0 0 0 
0 0 1.0781716443944473 0.3266214003709512 0 0 0 0.8784187042629715 0 0 0 0 
0 0 1.7177251950350558 1.1494742279291261 0 0 0 1.6340027680674545 1.0181757168417325 0 1.1943777797129205 0 
0.02472702176145782 0 0.9459677249724053 1.265607531549771 0.14684093002975143 0 0 0.9668015491144775 2.2029200530762343 0.5462597644630424 0 0 
0.3491021450568647 0 0.33551433558820687 0.8771353202371845 0 0 0 0 0.6799982530371773 0 0 0 
0.5788143368381526 0 0.4429671523726619 0.8700703916693582 0.6399091130004129 0.8266512409380989 0.6310424480432298 0.5737113752819578 0.45653879550971593 0.49990882961640754 0 0 

0.5652170076158363 0 0 0 0 0 0 0 0 0 0 0 
0 0 0 0 0 0 0 0 0 0 0 0 
0 0 0 0 0 0 0 0 0 0 0 0 
0 0 0 0 0 0 0 0 0 0 0 0 
0 0 0 0 0 0 0 0 0 0 0 0 
0 0 0 0 0 0 0 0 0 0 0 0 
0 0 0 0 0 0 0 0 0 0 0 0 
0 0 0 0 0 0 0 0 0 0 0 0 
0 0 0 0 0 0 0 0.3434862613585585 0.041903919893266736 0 0 0 
0 0 0 0 0 0 0 0 0 0 0 0 
0 0 0 0 0 0 0 0 0 0 0 0 
0 0 0 0 0 0 0 0 0 0 0 0 

0 0.18544746587373728 0 0.3881432461021682 0.39961230078965104 0 0.38247391935499747 0 0 0 0 0 
2.3921525988218844 2.396833660484301 1.8882436432757732 2.6153161608731232 1.0608948924751922 0.2662698776199004 0.08342395040753087 0 0.319693722883926 0.05712074762440758 0.47357891017592213 0.3555698238166865 
1.1929552987967715 2.836472352202329 3.0963576994227817 1.027643979502023 0 0.5852072927084365 0 0.8216758744006216 0.3570278087807764 0 0 0 
0.9642110526759486 2.7072853728743467 2.0204915856169627 0.21401226201474893 1.927665959024828 1.2852416006540768 1.0968242000788198 0.23710886671868775 0.3145844477740017 1.013351435231055 0.9998582510494027 0.6999609874953324 
0.23207537646695953 2.2484664036505486 1.5767012152651023 1.9531292493807644 1.3434859034582658 1.2075437059804932 0.3598788122595934 0.06195591858706195 1.4896064509355458 1.6888830363488774 1.4039778251966282 0.69848659995754 
0.24644864633903862 2.289830660153799 0.7483476845327411 0 0.24748151575598853 0.7194158108859894 0 0.9172341284482952 1.6240309614700132 1.0841142826784618 0.9852850778771204 0.5635400712904566 
1.0035813385998988 1.4150205836901757 0.792875039669398 0 0.8364681237703189 1.1325643436782435 0.7553952091208426 1.3219876456150792 1.3658779744719605 0.9015667253525852 1.3315586376942103 1.4850866322475285 
0.7234854436647723 1.3589522383704145 0.704005306203467 0.6141255629566904 2.419474727042631 2.120124243330387 1.3136409681743901 1.6030667459257915 1.810825538614055 1.5766152097461883 2.372103663776669 3.9031335882723446 
0.6096332833721954 0.6964091047803166 0 1.2273907678233338 2.785540306755965 1.8479965445250526 1.0332823735422432 0.785758299633893 2.250161798648453 2.63653826331943 2.4112099701418592 2.574862225983112 
0.5124716783014905 0.372246939753337 0.3770532370938432 1.1225786450967017 1.6171768763027365 1.0772123835430283 0.47138538704140004 0.4326212268161504 1.1083596985762116 1.0848394306593825 0.8602570925818747 1.3256674830220394 
0 0.48186789297142646 0.4825069279860399 0.6973383729169025 1.3470157821435709 1.6282099115545365 1.1029014798943781 0.6774780385527048 0.42859375732810556 0.8866722965703919 1.9755873041621486 0.6805982564182147 
0 0.1282562520965726 0 0.08640726931445275 0.7096523687080807 1.3104652442848783 1.44394172462699 0.7867151645768087 0.9829029078501422 1.7931175288152559 2.092549907150106 0.3923903175962693 

0 0 0 0 0 0 0 0 0 0 0 0 
0 0 0 0 0 0 0 0 0 0 0 0 
0 0 0 0 0 0 0 0 0 0 0 0 
0 0 0 0 0 0 0 0 0 0 0 0 
0 0 0 0 0 0 0 0 0 0 0 0 
0 0 0 0 0 0 0 0 0 0 0 0 
0 0 0 0 0 0 0 0 0 0 0 0 
0 0 0 0 0 0 0 0 0 0 0 0 
0 0 0 0 0 0 0 0 0 0 0 0 
0 0 0 0 0 0 0 0 0 0 0 0 
0 0 0 0 0 0 0 0 0 0 0 0 
0 0 0 0 0 0 0 0 0 0 0 0 

0 0 0 0 0 0 0 0 0 0 0 0 
0 0 0 0 0 0 0 0 0 0 0 0 
0 0 0 0 0 0 0 0 0 0 0 0 
0 0.26130201317397916 0.35353047934719706 0 0 0 0 0 0 0 0 0 
0 0.12793615977055672 0 0 0 0 0 0 0 0 0 0 
0.18793210976838842 0 0 0 0 0 0 0 0 0 0 0 
0 0.17516821977434838 0 0 0 0 0 0 0 0 0 0 
0 0 0 0 0.11635293099528413 0.10315231647110089 0.20136548739729299 0.05214061515348496 0.19944225175857733 0.8466789108672115 1.0231474155095828 0.9276765061011498 
0 0 0 0.4288595159870662 0.4110653528077053 0 0 0.21078891105458447 1.0394481506036966 0.807989787691945 0.9984763122717591 0.8011009806856457 
0 0 0 0 0 0 0 0 0.08216076196559549 0 0.030639246462367792 0 
0 0 0 0 0 0 0 0 0 0 0 0 
0 0 0 0 0.19286150513808206 0.1398707044513769 0.14716332285827247 0.08630639933162504 0 0.47765997218706496 0.29886976203824556 0 

0 1.4194545523610933 2.1486294648559565 1.5008389001297446 0.7821458415020454 0.42183735123376404 0.46860375521954645 0.9568705257524959 0.580559745749156 0.8959367440148898 1.0915992258781018 0.8257174187004998 
0 0.49992909461638335 0.17232804150082054 0.22901903497264167 0.4064925563825139 0.2007694473744004 0.8457627741334922 0.8853523733619711 0.3691783135827758 0.4168566108874765 0.4746601319673793 0.5277110393465516 
0.7931887950686224 0.5332451776403979 0.35141372874731186 0.9861879300304173 0.8792445397202412 0.9872041858449713 0.1230378606862399 0.9154620077868845 0.5217105901296426 0.1299989362072144 0.463177213678443 0.8123983309248359 
0.45134766922324515 1.2727468013473828 1.208453254915095 0.4392956997924673 0.9002130484200006 0.7092364146612428 0.5578334182388189 0.9004877219527786 0.5974670749786578 0.38705638430563893 0.841542044360501 0.899727668382605 
0.17748218694879073 1.1586596429480625 1.044401960739124 0.5423505398087934 0.12554774818713837 0.8744881549315634 0.9774341233499889 0.5102565614138533 0.9589018906368414 0.7896143785432557 0.1641249672782062 0.03544544435994457 
0 0.887383801028833 1.3990333533316908 1.0385823282368918 1.167291655667113 1.3521605519364992 1.0078427608610268 0.6059256739084186 0.9306585430761655 0.8571422749870891 1.1038099190254649 1.152046762032304 
0 0 1.6182522178994947 1.764010903426886 1.4516097259125738 1.5058224369533275 1.0979749211511345 0.8032350418356362 1.6489804709557203 2.2023477227228203 2.529136074774892 1.9335181265502714 
0 0 0.37527131081495385 0.5238257949153807 0.3734700145641702 0.5011987411999074 0.5384654822420971 0.6058143864236679 1.2845351356876178 1.7757826000185803 0.5355390058593124 1.6256532294304111 
0 0.24711058303091632 0 0 0.28561183226776815 0.3768044745319854 0.4635562346852669 0 0 0.4819059631024732 0 1.2745583457561613 
0.027581382329434682 0.3771433369008382 0 0.045497395164954366 0.8396709280226361 0.991612084908738 0.5346845126887247 0 0 0.22059180825965807 0 0.38628096708829995 
0.24372910274175794 0.43088737519900283 0.007709941022185453 0.3737620442112195 0.7493641813694119 0.798823469550318 0.0367838100942709 0.005361413476967752 0 0.3472653879264991 0.07851672186006518 0.5202262333135003 
0.08034505427873848 0.3157350054777836 0.443655088133724 0 0 0 0 0 0 0 0.037641827465210005 0.2541749893170079 

0 0 0 0 0 0 0 0 0 0 0 0 
0 0 0 0 0 0 0 0 0 0 0 0 
0 0 0 0 0 0 0 0 0 0 0 0 
0 0 0 0 0 0 0 0 0 0 0 0 
0 0 0 0 0 0 0 0 0 0 0 0 
0 0 0 0 0 0 0 0 0 0 0 0 
0 0 0 0 0 0 0 0 0 0 0 0.034892154676992165 
0 0 0 0 0 0 0 0 0 0 0 0.24929031331363527 
0 0 0 0 0 0 0 0 0 0 0 0 
0 0 0 0 0 0 0 0 0 0 0 0 
0 0 0 0 0 0 0 0 0 0 0 0 
0 0 0 0 0 0 0 0 0 0 0 0 

1.7214147801279867 0.8510123554414163 0.29037083839404326 0 0 0.056646111536386434 0.06664577367536137 0 0.6739396390549717 0.39019000264683384 0 0.32652789759775536 
0.9026422090887498 1.2462632724442906 2.0422114842226655 1.0682258688900337 0.3152874956217937 0.02033701852415598 0 0 0 0.3765032537754904 0 0.12242596340758596 
1.1770753584977833 0.25151110792567566 0.7719051577612961 1.408574620092958 0.09522906290047423 0 0.4994720202763002 0.4316394997918466 0.47955686726289765 0.8538201293459826 0 0 
1.347639659013397 0.313566976728189 0 0.4394043144213722 0.5402270864996259 0.14575022104507085 0.4110613045043461 0.6718814009594385 0.5751046650200075 0.3467799212924927 0.008928852774143861 0.5880396008932581 
1.7508659263284836 0 0 0 1.0989698469454674 0.7048515090471432 0.8184828525488533 1.0720077462456814 0.3083135447587595 0 0 0.5272496863315143 
1.3846362439140174 0.15494749350635012 0 0 0 0 0.19235786822651602 0.09549760244972941 0.17276222615287462 0.573077522845565 0.5235118850805938 0.08379459248714782 
0.23683079554682543 0 0.6877281318244348 0.6713331724363786 0.3658743715044117 0.09481407208939804 0.09637847327760457 0.014403594998711244 0.04376219097358386 0.35547855361872 0 0.2202866556394854 
0.6135238598117005 0 0 0.6185601944875228 0.05415465757169996 0 0 0 0.39859817799843256 0 0 0 
1.0030037256326527 0 0 0 0 0 0 0 0 0 0 0 
1.0214624869602582 0.21980553638849304 0 0.49087121045411075 0 0.09407945724747968 0.37201074413549506 0 0 0 0 0 
0.8855267419519242 0.443613519077392 0 0.5859365979539953 1.0062137872828179 1.0789497864235111 0.7653207399158106 0.0449096836031421 0 0.29237769594241125 0.1540896431376122 0 
0.3172785315153536 0.5990187685819361 0.1495573519278456 0 0.4399578593592218 0.20549600487371317 0 0.0007302592059543825 0.0695713386706981 0.4085972697289051 0.3496994949761612 0.7568863760133306 

1.20527485734846 0 0 0 0 0 0 0 0.25894927883027175 0 0 0 
1.2597583156545047 0 0 0 0 0 0 0 0.7625285754967078 0 0 0 
0.32191380272961134 0 0 0 0 0 0 0 0 0 0 0 
0 0 0.24968413614246318 0.7691608260701667 0 0 0 0 0 0 0 0 
0 0 0.43336289395676436 0.37591438732827287 0 0 0 0 0 0 0 0 
1.0494606473824546 0 0 0 0 0 0 0 0 0 0 0 
1.5655336654841685 0 0 0 0 0 0 0 0 0 0 0 
0.8029708532050313 0 0 0 0 0 0 0 0 0 0 0 
0 0 0.9180231865502066 0.1861582578704307 0 0 0 1.2388000731944233 0.873967964936401 0 0 0 
0 0 0.7820754162735906 0.32998101951633185 0 0 0 0 0.913995737805143 0.7243616478167647 0 0 
0.2955923370719558 0 0.37550017747847364 0.9943508267447901 0 0 0 0 0 0 0 0 
0.7311147335644297 0 0.3836488891677608 1.4865456734280977 0.10384508200428705 0 0.5520478299962737 0.11193079250929473 0 0 0 0 

0.12312270382979706 0 0.28183401215081627 0.4189936872753256 0.2703798481585097 0.38269472264086307 0 0.2764511953685998 0.045660662911476524 0 0.0024697039470452965 0 
1.9864687830041423 2.5945524314982307 1.7569727565162958 0.6330820047950377 1.7175077056083214 1.9165206432529767 1.2051725295861135 1.4660400029931688 1.5653703399245198 0.7444971602713333 0.8374424133709114 0 
1.5608116110761199 2.698467414422158 2.5959502468116935 2.2258804930836797 1.6628583119100306 2.01735562355009 0.1826867836805967 0.2130132732351936 1.4985288907445136 0.9803550815482476 1.3571131348601129 0.9505371418867073 
1.743880329507276 2.3218759500894306 1.6183232395855722 1.6590558604318748 0.499037141839089 0.9164223974449398 1.0890819398739953 1.2343491189207867 1.942697244910573 1.2625351213775007 0.7483063632850211 0 
2.3274809122985856 2.1951848271619707 2.7507646766430556 1.6227467982143968 1.031162542931099 0.8796711196154665 0.7620433710039103 1.2667304094281981 1.8954101623283912 1.6379048988494016 1.7638769244550292 0 
1.883306814483858 1.1009050002432668 2.321449455306064 2.5159151494685696 2.548584411126595 1.9445000648677386 2.288935581885064 2.061285294360935 1.9540793930760314 1.5011248293418284 1.3725228668061602 0.553081419915479 
2.244728357364675 1.0954167290360568 1.2544272111622445 2.0946502992132356 1.1504559258970195 1.3604929698629544 2.0856833158312194 2.1434425624641076 3.390938956351637 3.483333080351067 2.8381843037068513 1.076489731688438 
1.0884431543412751 1.3942589493261512 2.6667094657573878 3.4638118033123284 2.6779906586252364 2.5855955532164923 2.2015409377762305 2.452874588941486 3.1045480130349614 3.9632907859593187 2.9502327118418803 1.014289848636787 
0 0.9742266966294115 2.5044774397646252 3.061579056798191 2.495204814736536 2.1746609847792167 2.1446565985318644 3.4218848869990715 4.277176259195874 4.674611032282215 3.64323332762104 1.4913185192700258 
0 0.878569125842001 2.0607147354865885 2.214580487492336 1.8762093746655195 1.6226993904648992 1.0743452464310042 2.4659148329906806 3.7965455316583543 3.087515952296504 1.8767442756192065 0.6836936253202901 
0 0.2206416723070712 0.576588950129354 0.9864134057819176 0.6515436053347665 0.9474972141791345 1.1431270620771883 1.416597035366078 2.1795966292227433 1.9251830724867571 0.833823434204749 0.4022445650535497 
0 0 0.16005243733736046 0.7496199004286808 0.6246181985665323 1.210330385971878 0.9740454989137226 0.4952052800052037 0.8613952736253937 0.8870334403114688 0.2959343324963546 0 

0 0 0 0.12541814777249133 0.17057040551978375 0 0 0.2171570970999651 0 0 0 0.4338982343683007 
0 0 0 0 0 0 0 0 0 0 0 0.27448357356261543 
0 0 0 0 0 0 0 0 0 0 0 0 
0 0.3212464384218446 0 0 0 0 0 0 0 0 0 0 
0 0 0 0 0 0 0 0 0 0 0 0 
0 0 0 0 0 0 0 0 0 0 0 0 
0 0 0 0 0 0 0 0 0 0 0 1.516488954683764 
0 0 0 0 0 0 0 0 0 0 0 0.967906606437862 
0 0 0 0 0 0 0 0 0 0 0 0.47279092993737604 
0 0 0 0 0 0 0 0 0 0 0 0.2987403667342452 
0 0 0 0 0 0 0 0 0 0 0 0 
0 0 0 0 0 0 0 0 0 0 0 0 

0 0 0 0 0 0 0 0 0 0 0 0 
0.5915723817202032 0.11138802011663879 0.2902802543854971 0 0 0 0 0 0 0 0 0 
0.6074275292216755 0 0 0 0 0 0.009095116436321382 0 0 0 0 0 
0.44230037295618607 0 0 0.08623900681910304 0 0 0 0.19121111039308755 0 0 0 0 
0.5948681768040177 0 0 0.20811137704214927 0.13936079794978232 0 0.1812803797569334 0.10972578451467364 0 0 0 0 
0.38976861578088556 0 0 0 0 0 0 0 0 0 0 0 
0.3126861442894983 0.016229255500917444 0 0 0 0 0 0 0 0 0 0 
0.43286614418267216 0 0 0 0 0 0 0 0 0 0 0 
0.3969662850800471 0 0.11222296371233456 0 0 0 0 0.13593482387935196 0 0 0 0 
0.4118849723691051 0 0 0 0 0 0 0 0 0 0 0 
0.3947873221014617 0 0 0.34393315189576484 0.41059747428895205 0 0 0 0 0.0196780806086995 0 0 
0.3315765639574425 0 0.08574551625655114 0.5902448025093172 0.44685814234543164 0 0 0 0.2942505761513044 0.21110600474616137 0 0 

0.7652779889001358 0.2656075326911792 0 0 0 0 0 0 0 0 0 0 
0 0 0 0 0 0 0 0 0 0 0 0 
0 0 0 0.2165488464251455 0 0 0 0 0 0 0 0 
0 0 0 0 0 0 0 0 0 0 0 0 
0 0 0 0 0 0 0 0 0 0 0 0 
0.2521038901248529 0 0 0 0 0 0 0 0 0 0 0 
0.20665361969276155 0 0 0 0 0 0 0 0 0 0 0 
0 0 0 0 0 0 0 0 0 0 0 0 
0 0 0 0 0 0 0 0 0 0 0 0 
0 0 0 0 0 0 0 0 0 0 0 0 
0 0 0 0 0 0 0 0 0 0 0 0 
0 0 0 0 0 0 0 0 0 0 0 0 

0 0 0 0 0 0 0 0 0 0 0 0 
0 0 0 0 0 0 0 0 0 0 0 0 
0 0 0 0 0 0 0 0 0 0 0 0 
0 0 0 0 0 0 0 0 0 0 0 0 
0 0 0 0 0 0 0 0 0 0 0 0 
0 0 0 0 0 0 0 0 0 0 0 0 
0 0 0 0 0 0 0 0 0 0 0 0 
0 0 0 0 0 0 0 0 0 0 0 0 
0 0 0 0 0 0 0 0 0 0 0 0 
0 0 0 0 0 0 0 0 0 0 0 0 
0 0 0 0 0 0 0 0 0 0 0 0 
0 0 0 0 0 0 0 0 0 0 0 0 

0 0 0 0 0 0 0 0 0 0 0 0 
0 0 0 0 0 0 0 0 0 0 0 0 
0 0 0 0 0 0 0 0 0 0 0 0 
0 0 0 0 0 0 0 0 0 0 0 0 
0 0 0 0 0 0 0 0 0 0 0 0 
0 0 0 0 0 0 0 0 0 0 0 0 
0 0 0 0 0 0 0 0 0 0 0 0 
0.2733067791644407 0 0 0 0 0 0 0 0 0 0 0 
0 0 0 0 0 0 0 0 0 0 0 0 
0 0 0 0 0 0 0 0 0 0 0 0 
0 0 0 0 0 0 0 0 0 0 0 0 
0 0 0 0 0 0 0 0 0 0 0 0 

