0.30502901426804335 0 0 0 0 0.2271640028214488 
1.1355253367342297 0.8682863921723047 0.6273820762500273 0.42890743683534305 0.6538312005228999 1.0250986802862183 
1.1644858876131308 0.9051982531549967 0.3420358561494321 0.157968309670633 0.48386524380979684 1.2049776732251394 
0.8212201327597498 0.7017920688804151 0.5823330103701252 0.5273132864836727 0.28635794595206043 0.7175640452832639 
0.8704019618364979 0.45673845499891624 0.030773600479261004 0.22479361632509098 0.34433688707070254 0.9801906605028832 
1.4410481057139917 1.0811194863635187 0.7960450228804202 1.0799525774322893 1.1258522420416697 1.2403048225448734 

0 0 0 0 0 0 
0 0 0 0 0 0 
0 0 0 0 0 0 
0 0 0 0 0 0 
0 0 0 0 0 0 
0 0 0 0 0 0 

0.7534388171430701 1.9984356051656427 1.7451301870623057 1.752861175484166 1.6400118553884673 2.020161975260617 
0 1.5770825599669918 1.1607040389679466 1.2357499514036205 1.2150468175156892 2.0741706988397124 
0.03519768980795765 1.7593068729880534 1.0723171318835734 0.9303662301089245 1.3598500642695863 2.288860378337678 
0.03769152612764312 1.9022463330947386 1.4657402193867484 1.056517811511071 1.6974344112266355 2.5191552975281684 
0 1.8578494845380331 1.8821010624550372 1.2870733292054346 1.6154175468211547 2.461080234237377 
0 0.6342352912203364 0.7182896267737205 0.4033533908078351 0.5100278303181114 1.3104259858760734 

0.06597119643421995 0.008626905549861258 0.08956903237991504 0.0386901798613359 0.04226362734489718 0.101971622098258 
0 0 0 0 0 0 
0.00379478189296531 0.07392996205690372 0 0 0 0 
0 0.09512326000248802 0.16976060061601994 0 0 0 
0.06509141341582186 0.23015083725407473 0.24123310747386786 0 0.026943976564111835 0 
0 0 0 0 0 0 

0 0.001957321377009491 0 0 0 0 
0.11001850880111116 0 0 0 0 0 
0.1405295139808646 0 0 0 0 0 
0.04336665322857891 0 0.3442575406341922 0 0 0 
0.19055545203709295 0 0.25851025204072275 0.3758159983598235 0 0 
0 0 0 0 0 0 

0 0 0 0 0 0.004378036135426394 
0 0 0 0 0 0 
0 0 0 0 0 0.16087913081005706 
0 0 0 0 0 0 
0 0 0 0 0 0.053093578118269036 
0.07629765908834163 0 0 0 0 0 

0 0 0 0 0 0 
0 0 0 0 0 0 
0 0 0 0 0 0 
0 0 0 0 0 0 
0 0 0 0 0 0 
0 0 0 0 0 0 

1.0610787660643488 1.4627415498068321 1.5527671488960009 1.7268000843310636 1.5929714101465615 0.9985196052511818 
1.1386209074999656 1.6375380627315042 1.6753225613535327 1.8233901355246742 1.7151554330569387 1.2735951900167573 
1.080178157408501 1.286325733179366 2.017248246317314 2.0127394842281614 1.7214377714146534 1.1593414789565946 
1.1768652231407897 1.3375055826300237 1.8345960193843114 1.8107127592368433 1.59368869574809 1.0139710951451752 
1.3395913952931144 1.4198898028128286 1.876359655343833 1.6598792799954492 1.575555787111445 0.8474968754725374 
1.4208588399829052 1.0841439461014 1.1481716803304336 1.0416147179470974 1.0392394662983753 0.7042276178226962 

0.5955061336077461 1.9921880194263089 1.669529359069346 1.7091286440263314 1.6122166209654516 1.9268593243971934 
0 1.4173607279508884 0.8151719358716798 0.7858609392758203 1.2382178808823103 1.512245380273208 
0 1.460893927897157 0.9372784380785673 0.2944095826920501 0.45297322651670396 1.5339280994473157 
0 1.0743493397998156 1.0815771124725726 0.6260224159569412 0.6586546796889399 1.6377102289406265 
0 0.7726236388012266 0.948585805119435 0.5217274117316096 0.5919267170909394 1.308107926180079 
0.8292360622669852 0.7334200500762051 0.8283729360777339 0.6854343810841362 0.8514773102128396 0.7663553652966697 

1.4576849774775402 1.1009149191061631 1.1241319189956467 1.0479756537108431 0.9734116144711543 0.4929371611678816 
1.8589526636741276 2.1532520731113234 1.9786505832902292 1.9765671572181518 1.8323837956227023 1.0303529865121381 
1.648775968052721 2.059253440041499 2.012062676296594 2.077580545388516 1.674693859739614 1.1940551313324739 
1.6523272609671233 1.7734673379937875 1.9789260135352187 2.0626907283003013 1.7529803946742077 1.248902341018346 
1.7253714789941526 1.735935885484619 1.8713571459798157 1.9499683694316274 1.8061883577680125 1.0922052252840169 
2.1002519406663334 2.643734585349617 2.7734831422430393 2.815709591491872 2.817841849137816 1.7537950592741856 

1.6510420904975713 1.4005630270149896 0.8050519129707092 1.0635867482573265 1.0939710335057533 0.6732028169830943 
1.2024791273334319 1.0378193741331772 0.6276520351728159 0.6426309466706608 0.4195349032004193 0.2762745406705581 
1.5542850507171102 0.9441115163483479 0.8651804165833651 0.8067905638911537 0.758817548506959 0.5634983363223447 
1.454419572886353 0.8224705750636697 1.0827806518106786 1.0359189689845023 0.8327549626236452 0.5241518015173279 
1.414538521112256 0.9052689621152148 1.4752586237054284 1.2679285196000032 1.0999368777947975 0.3997030718326152 
1.4576522702306431 1.0503226617176926 1.3351001259999327 1.1014411879641803 1.0582005203170948 1.0003654413593401 

1.428207080965148 0.9674296142930932 0.6819216757708697 0.8135095128972265 0.7872191251778364 0.2719259571777068 
2.0275749544929025 1.464919045630055 0.9509844179310243 0.9043549641186802 0.5214120977232143 0 
2.059277483115939 1.1869741190831704 1.1892607957958563 1.2353351026695327 1.3351463711342284 0.2717849156881764 
2.1303617626227473 1.6352144316154575 1.718416165661418 1.6468610737058016 1.061348913044644 0.43265642683333005 
2.1250130189910843 1.2520359238654402 1.7617461193793393 2.107936390887901 1.8492795393385766 0.45308235096320854 
1.2764523110575543 0.3758532584289187 0.6865100889206319 0.8409096599063746 0.5591097619935618 0 

3.175941969745115 2.976752207132393 2.7028448548113126 2.594761232105667 2.6332975133678285 2.2648987286227786 
3.667528507379077 3.4186677623694797 3.142730816780098 2.9881376617243687 2.760291340535264 1.8134766446606625 
3.56780253423075 3.2930281579199754 2.985764764352137 2.9640947429717217 3.1062690736319083 2.211269934823669 
3.6334606388604485 3.4711019736483317 3.4692375265965416 3.3917459859155925 3.141277058440269 2.416204796681698 
3.546882703281609 3.282041649781046 3.4215305261668925 3.610308584234165 3.517371516032878 2.508152721859234 
2.8350995094449667 2.5423046895529904 2.720555136317087 2.828830385449993 2.755021741720575 2.0567083377737942 

0 0.11786012977815973 0 0 0 0.5223754802995872 
0 0 0 0 0 0.7054118150448022 
0 0.054649082831959725 0 0 0 0.8375336072567969 
0 0.07884054181607418 0 0 0.09197157472778682 0.9356787571458173 
0 0.1026992349252626 0 0 0.014737733529012628 0.9250418446329925 
0 0 0 0 0 0.06488470338026942 

0 0 0 0 0 0.24043925511099457 
0 0 0 0 0 0.17909019473016727 
0 0 0 0 0 0 
0 0 0 0 0 0 
0 0 0 0 0 0.041368194797635975 
0.3151280089286794 0.09034746115523368 0.05460777157684154 0.04128269313597864 0.07125475299404523 0.3619784031963542 

0 0 0 0 0 0 
0 0 0 0 0 0 
0 0 0 0 0 0 
0 0 0 0 0 0 
0 0 0 0 0 0 
0 0 0 0 0 0 

3.6666275867018836 3.814726361109317 3.680894183064396 3.7105937604511614 3.703816127553403 2.85474942228023 
3.254721547725563 4.1826168746806776 3.82954227174806 3.8237322036795516 3.5435061154206626 3.6778298547370563 
3.299465447678199 4.060793699380976 3.7432158197947563 3.6903000326949345 3.4213215046497036 3.375666622416082 
3.5989781545239117 4.134851499608979 3.6243265414722754 3.799576997697888 4.3881784960807995 3.8147819072552753 
3.6260231485129153 4.966723348422418 4.37616470793778 3.9904369919643665 4.535439308691399 4.264051760033851 
2.8532934152595693 4.321176532214315 4.169052356255129 4.034784268879699 4.363760196852579 4.105483508064303 

0 0.8638383315370567 0.41174161009004173 0.44595247159912516 0.4361527390483336 0 
0 0.49267215171975137 0.28508058432264255 0.05757368207716784 0 0 
0 0.3388139325328042 0.3534254662579926 0.00932469819909747 0 0 
0 0.28959364231700385 0.45129707469635905 0.05518624993793285 0.07490385759560532 0 
0.07427350613529606 0.1704730758743497 0.5826600926991666 0.49670197178634967 0.41187981771444027 0 
0.4847863182642078 0.5567194362184955 0.7390792971618269 0.8380490212291303 0.7380376436793706 0.11455221954909042 

0 0 0 0 0 0 
0 0 0 0 0 0 
0 0 0 0 0 0 
0 0 0 0 0 0 
0 0 0 0 0 0 
0 0 0 0 0 0 

0 0 0 0 0 0.2606488280400856 
0 0.010529875069543296 0 0 0 0.05696495000791124 
0 0 0 0 0 0 
0 0 0 0 0 0 
0 0 0 0 0 0 
0.9607807613521981 0.9771549287989911 0.7540145679183272 0.9264579436870897 1.1653272225953717 0.6733011265717642 

