1.1408911146900147 0.43267656085636674 0.43952392555692077 0.5096491089442824 0.6563709831427895 0.639818957125306 0.5215933902518219 0.7626838500419125 0.6759136899800818 0.7423821056804727 1.1769598836916397 0.5494228131010019 
2.2905921908293494 1.308866159306622 0.866277969840106 0.983165046941446 1.0293954776660996 1.0669226595183998 1.489113341511073 1.2517355865385755 1.2536940698633807 0.848563050785375 1.1736320958560342 1.3030431182988218 
1.8343846521274234 1.669912728150988 1.362051236266442 1.4696057721243658 1.4633345428951459 1.4707848855426113 1.7435168872401083 1.4940279614269736 1.985965683133895 0.8342852363288339 0.27432535332017216 0.741226383794274 
1.8454228416839955 1.7433816906322017 1.6949185253792929 1.643890908389737 1.7441341566508208 1.7052245211610435 2.007661195488031 1.50443204233354 2.6363431351729667 1.486120001428445 0 0.2691099460301065 
1.6548847971997387 1.8580549873507777 1.141631594633414 1.5358031592929138 1.6171172730714602 1.3373471382534494 1.5510957936170986 2.064816467609313 2.634545472525972 1.787625210289197 1.240440512647807 0 
1.4437200745967442 1.4681829711629273 0.8808184215497974 1.6442281273250876 1.1666239659632827 0.7014863610741904 0.8470860641376604 1.5021422152486628 2.1255211852787648 2.4357914304363613 2.147906784986368 0.7647081702442243 
1.5281142741270537 0.7102148487611369 0.10342189891107008 0.6737317535535216 0.07487390416380119 0.284981989202934 0.9690101113381897 1.3969176313328822 1.6006172447627038 2.011039233739552 1.6259685771174535 0.6598637010007079 
1.665610475449271 1.4715699677972793 1.8352323320557506 0.9515735418118015 0 0.45901866204763886 1.4506973636872227 1.1956442099410713 0.4387489288121879 0.5716887740841509 0.9260413519412886 0.8160135359133115 
1.6491127428537207 1.7960066161914363 2.2132209900444284 1.6726690380267208 0.46252430172415343 0.8051658631345155 2.1392784987993516 1.5586947018031219 0.7118091042930534 0.5640894322237375 0.11772559981217008 0.25930783058136736 
1.4124762183776618 1.2675478334015307 1.5161307964639505 1.3182949821897167 0.9394003728037966 1.1964239952107643 2.133148450589873 1.8559610170009333 1.7803434040777784 1.4495817799399566 0.2665388773885443 0.32109442310484293 
1.549565197016384 1.0851433860649762 1.4746441269126045 1.607064825669334 1.4200361217201474 1.3309961453416728 1.4739834734077772 1.3901427245503861 1.5036091317613884 1.8138271969079782 1.5615993833225115 1.0023582354127707 
1.6806848825138925 1.3110971934410773 1.3426522068878517 1.3570985352867975 1.3228798003428213 1.3233845835366929 1.4195737163748534 1.5294162686054098 1.3419576547726433 1.2820065467908472 1.4956339476622036 1.3096625660582943 

0.40913089846483147 0.31465972355464694 0.17378259759882406 0.20471124938921487 0.387494192306839 0.5157773831518315 0.4790125541647568 0.45752204762156407 0.3262815937324038 0.3283934511481448 0.7064457884264304 0.774096027089202 
0 0 0 0 0 0 0 0 0 0 0 0 
0 0 0 0 0 0 0 0 0 0 0.20518871488776655 0.32545441912976586 
0 0 0 0 0 0 0 0 0 0 0 0.1280377824134403 
0.033758038599052465 0.1595391748630838 0.6429097304981412 0.34210172286916357 0.32920623519895276 0.37121865253664427 0.3085896627608416 0.028655570756620334 0 0 0 0.03896175632479807 
0.35422921880342667 0.4542999323766808 0.3605053246251476 0 0.6572409724615704 0.8898378647053884 0.84774546408458 0.4025773815001363 0 0 0 0 
0.2490361505808672 1.0065577429739188 0.6698247305751724 0 0.4501763118147493 0.9198858450727884 0.5602306039727668 0.116465370632004 0 0 0 0.5398059190903062 
0 0.7319694394883827 0 0 0.4512513755075139 0.9470901491595535 0.40202138415784583 0.1737021003749427 0.1601639188048593 0.04404625581704574 0.24794929189008894 0.6057333392604242 
0 0.09162692429182155 0 0 0.22835994984457628 0.7331932578077442 0 0 0 0.09972831396209442 0.05427980041586698 0.39526384883792687 
0.1305266668535308 0 0 0.08459414569520429 0.3356307073295324 0.4723266560796498 0 0 0 0 0 0.5350289752634843 
0 0.02243781337787959 0.12497096912121264 0 0.11693980263961032 0.365360324499244 0.13528006730586753 0.25818842588368074 0 0 0 0.24669582299747084 
0.1509989179602181 0.3394109562718764 0.4935671056762986 0.44550410942578506 0.5455146814225204 0.5879941387610061 0.42577028523513333 0.22887069184930947 0.07615394678564544 0.27778417542094047 0.45920708024526474 0.4047861049081236 

0 0.07382884243403243 0 0 0 0 0 0 0 0 0 0 
0.34938973878660967 0 0 0 0 0 0 0 0 0 0 0.1423530813253692 
0 0 0 0 0 0 0 0 0 0 0 0 
0 0 0 0 0 0 0 0 0.10108440608257593 0 0 0 
0 0 0 0 0 0 0.5245911643230593 0.05180869938602915 0.2858784612749091 0.20144273827129133 0.31995525940449704 0 
0 0 0 0.42391783300342867 0.01997980620368569 0.055562558497818215 0.7830899106457508 0.8287044006510547 0.5596606978895792 0.6233427909890416 0.39007892322598825 0.581835661135678 
0 0 0.07626908238752775 1.3375667228263066 0.7490747524103527 0.2425319457726965 0.9433210767650483 1.0427618465977322 0.6338786559571142 0.207451140213761 0.48793844447834916 0.036444249341191524 
0 0.16032481974125026 0.8919757979286124 1.721832470014932 1.030069424417782 0.2810276539405549 0.6189302838105668 0.748931578821265 0.37903816100155513 0.4864849727202905 0.3774509898446868 0.024108022498142347 
0 0.11290172022612457 0.39021260456183743 0.5719446101872113 0.3253197955890853 0.5521666775235105 0.9862757326250365 1.0001346823805501 0.5974437143066715 0.31937470410123625 0.4011261847318324 0.06463262417475821 
0 0 0 0 0.1877741999246163 0.3377600629270588 0.38739488610999734 0.4389199016524217 0.39613935727084376 0.47350915213984823 0.3775614957023624 0.1587525617030554 
0 0 0 0 0.06519024705858023 0 0 0 0 0 0.199300883315896 0 
0.009000532258013404 0 0 0 0 0 0 0.08628969386474072 0.009956176777517993 0.0006956847045352654 0 0.04300315881484128 

0.07374386842085101 0 0 0 0 0.12068523630100014 0.4384481947440616 0.1945595223537313 0.3791137414246464 0.3794415048344527 0.2550984984519522 0.8682032776165443 
0 0 0 0 0 0 0 0 0 0 0 0 
0 0 0 0 0 0 0 0.05100824339287355 0 0 0 0 
0 0 0 0 0 0 0 0 0 0 0.2651349766032649 0.9219910550417417 
0 0 0.35508248532261966 0.14311316679325967 0 0 0 0 0.05194536894355525 0 0.15604134142087928 1.3649208458917215 
0 0 0.984919603329764 1.67109467902734 1.2011995371890793 0.5821258549306233 0 0 0 0 0 0 
0 0 2.0565579417617754 2.265184386379221 0.6656868317263532 0.29827184022500325 0.5219249633162817 0.5353270749499899 0.42302753755285993 0 0 0 
0 0 0.2025488847656265 0.6097553545900278 0 0 1.1860262277006761 1.6126814432330205 1.3547642874485961 0.6222284311715407 0.36488920950368325 0.002164768625675585 
0 0 0 0 0 0 0.016393364155017173 0.05628679101613453 0.09047168813641532 0.33211369395584034 0.6963428901862772 0.1158427531502183 
0.08526380291188389 0 0 0.037150885741351475 0 0 0 0 0 0 0.5554263769793931 0.22559421197911753 
0 0 0 0 0 0 0.0749151477855409 0 0 0 0 0.08246092074254213 
0 0 0.007799018275102362 0.13372513921543427 0.03678615796700861 0.12670351803656255 0.13128115047794767 0 0 0 0 0.2128782584066961 

1.4428984402612262 1.4631255406500754 1.3032354550720764 1.2061608669533697 1.1528264151561556 1.1857318722891816 1.06473051338118 1.1118470649164116 1.186921640697891 1.1694331960513744 0.7993372851436448 1.390232990633934 
0.9573093046293444 0.14093781091898472 0.1574639111198603 0.01839503923311972 0.1177034086910855 0.25880336290228606 0.14923632928009453 0.45850820720361973 0.7799249528349078 0.6687587119523986 0.14476078117727523 0.5136035631932075 
0.6402417830664685 0.024131586931175043 0 0 0 0 0.02848780225929847 0.6852711580601077 1.0346389608673046 0.5531679450795549 0.5194565759919215 0.9264543626431373 
0.5367144127588507 0 0 0 0 0 0 0.5032551459527234 0.9196810595526983 0.5693859905857068 1.0027100487918903 1.213463394441595 
0.7765422114766212 0.3300931295951044 0.5000077375598017 0.9535136056568477 0.6663245236588434 0.43652566620121164 0.37794068624241955 0.42914554600872823 0.6981846104994492 0.7307009255692967 0.7534464823744494 0.6522548928125553 
1.01085558427399 0.4338639060919612 1.506532625495755 2.1318721880205955 1.026445110018913 0.9379942199487068 0.8713804768252501 0.9728157977537537 0.6804133879681484 0.259564686433074 0.3850416213222033 0 
0.9557914392910373 0.04171389581329799 1.829818750523868 2.8476458688972213 1.1577114107004125 0.5906108689231742 1.300051309361651 1.210575759579195 0.9393288088956137 0.4603529280075126 0.7244624846649934 0.009929057635660914 
0.7796622110541924 0 1.103717648392782 0.7384621770954762 0 0.13627202873177569 1.6445699689473874 1.848740149144799 1.6418127062699952 1.1877038680829966 1.104904500033819 0.7643013843094695 
0.9321203059997731 0.3769302100091494 0.4488551642104425 0 0 0.25238840120835027 1.0924438508393766 0.5579996344218489 0.5973932442789458 0.8485381494758266 1.547223101976453 0.799769241745826 
1.1253458922348536 0.7457122739552167 0.45815428948610626 0.3942392561523775 0.7746772466509966 0.47301189992802634 0.6424236240746212 0.09445079719324753 0.09701088908285628 0.5372688555142816 0.5792593171760129 0.31814136943143045 
0.997993210875105 0.5285553388622234 0.5845889596425679 0.7189978987980485 0.6725434283400243 0.5761953133833881 0.872219057914809 0.799676612347324 0.798049840295679 0.38696522764132235 0.048601675251936656 0.3038524817545367 
0.8407989196658007 0.4988637491191954 0.7831927424227001 0.8786597440898793 0.8621338738914662 0.8820034952419222 0.8566993624063955 0.8347214627231411 0.6839131117182788 0.4897662259755802 0.7007277596823484 0.9258363291725805 

0.07259156322593946 0.0013573830443925905 0 0 0 0 0.04782662161317157 0.00994806513103405 0 0 0 0 
0.6224972668289602 0.5115354120585169 0.09385143191714196 0 0 0 0 0.0960016828370968 0 0 0 0 
0 0 0 0 0 0 0 0 0 0 0 0 
0 0 0 0 0 0 0 0 0 0 0 0 
0 0 0 0 0 0 0 0 0 0 0 0 
0 0 0 0 0 0 0 0 0 0 0 0 
0 0 0 0.25952243071986064 0 0 0 0 0 0 0 0 
0 0 0 0.8319023176669075 0 0 0 0 0.07238076618015818 0.06944797268141499 0 0 
0 0 0 0.058401683474435334 0 0 0 0.15728562441183505 0.1542049117684521 0.09621203907200349 0 0 
0 0 0 0 0 0 0.02281393403318242 0.01009647818052313 0 0.14950940238889876 0 0 
0 0 0 0 0 0 0 0 0 0 0 0 
0 0 0 0 0 0 0 0 0 0 0 0 

0.6123414934615505 0.5259308281519279 0.9358910622213903 0.876706672408174 0.5500334698006597 0.21894432376181977 0.37239860546879366 0.2389810873893961 0.3687141984508033 0.43678286222645246 0.24622104359342756 0 
0.7674148037474715 1.2962410650347969 1.2866400984460715 1.438919416068741 0.7300836013162846 0 0 0 0.0877309847496741 0.2586792671445586 0.22673163625275605 0 
0.7284752802756176 0.5974964784882341 0.6244633309798298 0.6856047079533459 0.33889409160069806 0 0 0 0 0 0 0 
0.2708335520044316 0 0 0.17128659480466724 0.03948009191447749 0 0 0 0 0 0 0 
0.20706887556448464 0.1228192614106576 0 0 0 0 0 0 0 0 0 0 
0.3608330183223038 0 0 0 0 0 0 0 0 0 0 0 
0.4758662232996967 0.2883347761909802 0 0 0 0 0 0 0 0 0 0.002988509166304519 
0.4181563524982409 0.4957221777743104 0 0 0.44365357235314146 0 0 0 0 0 0 0 
0.37573724612151727 0.3413418480240542 0 0.16410002698274856 0.7741654421051205 0.26565063352237955 0 0 0.3901835437356958 0.3716390903234732 0 0.03555014581686003 
0.38635795071050133 0.19100933071522397 0.14468992079009482 0.4381454906018426 0.38341882292225044 0.4360771759292744 0 0.13787389378772533 0.7051125961750045 0.5142839648645747 0.25331836159644217 0.4407004204462597 
0.2069715664918606 0.3423702238649381 0.13211088413248495 0.1717290069884664 0.2803159486499799 0.3272838464792708 0.30494278930798807 0.2685270712638608 0.05459881365037455 0 0.21423855053894103 0.47622959232007794 
0.2179665549803937 0.4021151420364068 0.31585760284096254 0.3614399084116159 0.37424911936153155 0.30999960397609544 0.384618590143992 0.2843386577207231 0.20742210690851542 0.3486046847441921 0.35016964613675783 0.3041155499632608 

1.361734371270888 1.0094786438798544 1.1976043272196621 1.3112775439680484 1.4741136058092783 2.040506389111927 2.171456415120837 1.6886330596181074 1.5733521086060944 1.729566491157136 1.8514847538882129 2.0217959784048536 
1.1230353518911684 1.441185248211569 1.383736784068425 1.5453465043476977 1.5239596881083006 1.6229977039106962 2.064293450384026 2.155009752748962 1.6720633976710255 1.6068621899439688 2.004050218904535 1.887529661657337 
1.0193489594726977 1.276296201817463 1.7763024178899927 1.3908657762354517 1.4253581629023397 1.972426242678529 2.4768078368814326 2.1870013156058796 1.8323586021755427 1.4716223193305176 1.6919937463928671 2.1140562505663585 
1.1862064987602294 1.3998456036490816 1.7746663193238859 1.6030127212121457 1.4467534985769692 1.561322937512991 1.9730256830056454 2.549705516871288 2.081037610481557 1.6382321700453715 1.4949846906557032 1.7857626393961707 
1.5235802432559111 2.5192043280681577 2.7048252684440137 2.0233647380446 1.9468468153134677 1.9463946814271085 1.5079107523048043 1.8742492840565346 1.657214967449475 0.71095044606056 1.494161768838318 2.1588621772301626 
1.6404160486293484 1.7079589104188282 2.0269289740559913 1.9346027804502375 1.8689618776265438 1.8668593370351918 1.413495821400935 1.2014171385464685 0.9538740020411152 0.8986506648586355 1.7694807409851894 2.0967687700080084 
1.7322792263465345 1.1092146307106856 0.7166337842659796 1.1788247298409575 1.5703894864509143 1.824203492824669 1.7058386103896348 1.2172081229842022 1.5236245391496295 1.6080746092764195 1.4955085832430586 2.2488155007827375 
1.63750814798787 1.5114733661228668 0.9256471247590126 1.3466594115218309 1.6800574218719524 1.0869527629949647 1.1454960804997605 1.3777805153476528 1.426973567730739 1.5870716863669363 1.6727361366550069 1.86674929074638 
1.5192681036998283 1.9317022017362646 1.2273291201062797 1.1432694485446862 1.7923679144297793 1.4666143894531851 1.2690258041302456 1.5694703877412872 1.1126410312906105 0.9922670794831239 1.3679398353256225 1.9298714238139294 
1.532814694711006 1.7389518167794045 1.8016941591465863 1.9214179817413117 1.8689311797090187 1.8376133818737004 1.5603091839004 1.580914386766247 1.846059303521288 1.8062767369531982 1.4845935502252026 1.8859874560328227 
1.4659656137369712 1.6752040490294304 2.043733299583052 1.9530363478017272 1.8370054195076688 1.9255228380570424 1.6848979050746216 1.7281846473465323 1.5962955436059556 1.4306233960013333 1.917236760931798 2.2588603379593555 
1.8293701057276608 1.9506285168681678 2.0106808336286095 1.9476218730096289 1.93429253609282 1.9725044701149503 1.8651663139303294 1.8335289844535287 1.8593200293570287 1.9349524684295194 2.035622991560223 1.943131327880121 

0 0 0 0 0 0 0 0 0 0 0 0 
0 0 0 0 0 0 0 0 0 0 0 0 
0 0 0 0 0 0 0 0 0 0 0 0 
0 0 0 0 0 0 0 0 0 0 0 0 
0 0 0 0 0 0 0 0 0 0 0 0 
0 0 0 0 0 0 0 0 0 0 0 0 
0 0 0 0 0 0 0 0 0 0 0 0 
0 0.8770350311683632 0 0 0 0 0 0 0 0 0 0 
0 0.5614115705302289 0 0 0 0 0 0 0 0 0 0 
0 0 0 0 0 0 0 0 0 0 0 0 
0 0 0 0 0 0 0 0 0 0 0 0 
0 0 0 0 0 0 0 0 0 0 0 0 

0 0 0 0 0 0 0 0.04131141755736062 0 0 0.2383469950185857 0 
0 0 0 0 0 0 0 0.09902244529154744 0 0 0.21360067003855288 0 
0.5000239583483964 0 0 0 0 0 0 0 0.24690471351625126 0 0 0 
0.7593163480075038 0.2746598562086587 0.10406451749750029 0.4766373164816637 0.5689237324778608 0.09001708112555915 0 0 0.3701551647080918 0 0 0 
0.5680241135669688 0.6748548073734554 0.7895713274506088 1.400524085607338 0.902760692429466 0.8660181271170058 0.9068129505354806 0 0 0.2526472059698318 0 0 
0.2647187064241211 1.1065298344377714 0 0.7890619705716649 1.1556083365200311 0.6321525444368765 0.6248746441395443 0 0 0 0 0 
0.2685770982038729 0.7774301931149638 0 0 0.36074683574149247 0.12213787324518367 0 0.5396220389896076 0 0.4288799011653982 0.12949734039684266 0 
0.4595294672361998 0.2204712951378063 0 0 0 0 0 0 0.030668596465816114 0.10512307240581523 0.15410299662490096 0.13971391970897754 
0.3381242538156949 0.23998755545013553 0 0 0 0 0 0 0 0 0 0 
0.248527020525689 0.3394247545242909 0.06565089401991327 0 0.032795506625291 0.22545107506353632 0.0510174480209393 0 0 0 0 0 
0.35983645885736293 0.06656372343065815 0.29359814959505104 0.27532488081725776 0.2604196760396198 0.34058340815721944 0.39750194622165574 0.25421379854267856 0.2285479511219826 0.2924452117691957 0 0 
0.5050446941754646 0.16762702905949312 0.3432345227757638 0.42427335612708256 0.4517470909928158 0.4002865036853033 0.43492364327889826 0.40271067518133385 0.11317186618547569 0.17961879954324025 0.3404435919229756 0.299862566978463 

0.2134251054380653 0.5256769030117622 0.5498456976172145 0.44511041838425347 0.5977036119215197 0.5055713377995134 0 0 0.3591655130386763 0.7033777625454959 0.15769347975713974 0.3427417114116161 
0.014744730967578053 0.23117009456827242 0.2542967498361154 0.1020650260651528 0.3490394977220643 0 0 0 0 0 0 0 
0.45616742295323676 0 0 0 0 0 0 0 0 0 0 0.14121899320340656 
0 0 0 0 0 0 0 0 0 0 0 0.876128954734349 
0.05019434144366873 0 0.10564085128453758 0 0 0.4536425775294599 0 0 0 0 0 0 
0.49664997508926595 0 0.6444300224191718 0.4428622167021985 0.7085387605505115 0.5695209197997899 0 0 0 0 0 0 
0.5833335098580379 0 0 0.4703928995587167 0.14459468116003069 0 0 0 0.6745240966557762 0.07938544182006854 0 0 
0.21044371119243918 0 0 0 0 0 0 0 0.06966882148839691 0.12040650745902538 0.5733858728206478 0.7017104950153622 
0.34726876209760243 0.422164984091649 0 0 0 0 0 0 0 0 0.5237289668263068 0.4779843873756677 
0.44523607325676867 0.31364643569474976 0 0 0 0.2089781448787877 0 0 0 0 0 0.009895118062529545 
0 0 0 0 0 0.13496066790237685 0.014341593185607408 0.16268002244384208 0.008502095611029298 0 0 0 
0 0 0.07120485788785885 0.1395248737277368 0.2466611753220871 0.180536143364328 0.13471026070299608 0 0 0 0 0 

0 0 0 0 0 0 0 0 0 0 0 0 
0 0 0 0 0 0 0 0 0 0 0.3928663759864276 0.6013776233960697 
0 0 0 0 0.1397826233379859 0.400730696291711 0.8536759157409055 0.3029332539794024 0 0 0.31826529513695234 0.8002065612424598 
0.37251696094936093 0.6309749629482502 1.1483989587083416 1.3605595927561742 1.6873974275207086 2.030892703773301 2.2848384709875345 1.5262519359112992 0.0033961404689700214 0 0 0.08943840116499359 
0.5577000706649455 0.9797013256878518 1.1810730520459878 0.7989028008033623 1.3532219709025992 2.2551647622935245 2.6002926183127366 2.1311330818551886 1.149898511047402 0 0 0 
0.16725996912585414 1.361154710473552 1.9613517134351766 1.3368105161552222 1.3905027966370551 1.818238675366577 2.1801435030364607 1.8926673549652082 0.9690921809423342 0.14261095973288523 0 0 
0 0.2194283350291431 0 0 0 1.5825443743379584 1.808941276735112 1.403670774711724 0.6934788658682469 0.394072228946552 0.40162247555249825 1.128483898110089 
0.15838266219684144 0 0 0 0 1.0427186259403378 0.3957813482026086 0 0 0 0.5808178736905857 0.8270802599803047 
0.4493771333144592 0.25574158055524865 0 0 0.7137391013374341 0.7028522036274103 0 0 0 0 0 0.16446073362765212 
0.10519732651578934 0 0 0 0 0.20256462324940447 0 0 0 0 0 0 
0 0.07927680618991277 0.5055020350639902 0.4465771968988879 0.38554833394382454 0.5172581220547456 0.2626716646206653 0.08995626015765604 0 0 0.2599299581686315 0.5559238410442655 
0.1802119225701512 0.3002364498797603 0.3354071938551629 0.3271333989939747 0.24668318135057557 0.15254655533243136 0.07766908046354143 0 0 0.2545187410316409 0.3691276950447843 0.23546437153163868 

1.3012521103250627 0.3686774181086347 0.26162232194730184 0.38202781692266186 0.5213249698291521 0.33071076951583156 0.39504833904533815 0.762436111935793 0.8111442471376125 0.7247193292339356 0.865238899510151 0.23188364771600598 
0.6172350646625694 0.16487703469401974 0 0 0 0 0 0 0.318157301866495 0 0 0 
0.6879353728137246 0 0 0 0 0 0.30155612607754756 0 0.2505515390206987 0.5882443296530017 0 0 
0.25608996328163974 0 0 0 0 0 0 0 0.21498389684082864 0.7230758629190597 0.508107986262167 0.34785374232005334 
0.33798863496116555 0.47766751317645556 0.49201068667808356 0.4565894997180928 0.8150522976061516 0.4501839827404793 0 0 0 0.3379170450944389 0.7704222658222308 0 
0.63363885107072 0.795941317366024 1.5801032166565105 1.6954374428687415 1.4024069846861666 0.7555963060701234 0 0 0.1758947255645438 0.1046611281313308 0 0 
0.7183327857113138 1.2334131150966292 2.817610297186805 1.1060456372050032 0 0.30883656510687474 0.9839845847817301 1.3677342435097506 1.3693043194921537 0.017613706260234282 0.1095432881167896 0 
0.5636371880804473 0 0.13851021799639338 0 0 0.7230644468323608 1.8304120189230968 1.258600933081008 0.6475130103941983 0.6444875935026114 0.880497634811157 0.24501838558763042 
0.8065914070957847 0 0 0 0 0 0.5536205111385911 0 0.5880290453046702 1.3071547033571633 0.27236079590775936 0 
0.998469083836238 0 0.08053222358356693 0.3162254726672419 0.1438461266881281 0 0.03028701071480029 0.16638678999434575 0.5568003764060074 0.4165658210743159 0.09036423101050536 0.10146150719430456 
0.5593173693043891 0.07566472037593008 0 0.10690213438648409 0.4379962041069701 0.4512663887324221 0.8154685205583044 0.745748793871368 0 0 0 0.29249851174463976 
0.40759341174085195 0.37538653815004863 0.37097832452703133 0.5320528424078632 0.5830197456290602 0.5319715255119603 0.4673095716604278 0.24959226788695388 0.04507832498052445 0.15747346696443482 0.38437296748590644 0.4602189524424964 

0.15818559254588965 1.271588857652686 0.9634205666867529 0.8629721945082055 0.6861211347810863 0.7305565831587559 0.8106559931572241 0.8344738786431497 0.7558235977845736 0.31674612782422934 0.1949379134147114 0 
0.626222950829293 0.6053878277403839 0.9384583244986721 0.9887676430894413 0.37068901116211045 0 0.03743280086813586 0.35853445842304016 0.5459877178582697 0.6691208153815507 0.03384013127129642 0 
0.2758160616572222 0.9941737075757975 1.02022229486878 0.9299209360274094 0.8144474529456411 1.0372849649627962 0 0 0.825736644258955 0.859302663182972 0.23331642424971938 0 
0 0.24920812672469164 0.2861571881064733 0.24957133086118757 0.4742320332310441 0 0 0 0.6908928077559247 1.204840845943695 1.0193011225796158 0 
0 0.2130098470297106 0 0 0 0 0 0 0 1.3738809193467236 0.6555875466482072 1.4521191634396253 
0 1.1906584362112613 0 0 0 0 0 0 0 0.41184154539398793 0.5720317120633477 1.0181055060288475 
0 1.4874428298929678 0.35758730716423154 1.1032416973652868 1.691039083055228 0.5917055638810651 0 0.29103022756091873 0 0 0.5991532502275503 0 
0 0 0.40284015726464945 2.878833989435977 1.386818376575641 0.028305582921987576 0 0.9817325843020365 1.4984658039894627 1.1790370401778794 0 0 
0 0 0.3478352011391264 1.008602789038758 0 0 0.0022799550440339555 1.2183764302930602 1.8090736119336643 0.9071687687202312 0.8820661681545636 0.5105276581299669 
0 0.29576511850012543 0.23340757937293025 0 0.4323435858427394 0 0 0.2064788929971694 0 0.5088249262195215 1.4828121849085927 0.42275485068184776 
0.12819074444611137 0.35342999552450904 0 0 0.013127330823666265 0 0.028263372162262164 0 0 0.4482276762127444 0.6266389206233021 0 
0 0 0 0 0 0 0 0.03661562126777683 0.1353521028767302 0 0 0 

0 0 0 0 0 0 0 0 0 0 0 0 
0.07367891103866489 0 0 0 0 0 0 0 0 0 0 0 
0 0 0 0 0 0 0 0 0 0 0 0 
0 0 0 0 0 0 0 0 0.3884577469396928 0 0 0 
0 0 0 0 0 0 0 0.4903692991682851 0.6014815697066815 0 0 0 
0 0 0 0 0 0 0 0.0865858975566091 0.37100112511359556 0.27182484728170736 0 0 
0 0 0 0 0 0 0 0 0 0.19242800428076456 0 0 
0 0 0 0.10507153061884375 0 0 0 0 0 0 0 0 
0 0 0 0.26421158449698406 0 0 0.15836492211886538 0.31169190837820737 0 0 0 0 
0 0 0 0 0 0 0.07173035753551965 0.22672045061825352 0 0 0 0 
0 0 0 0 0 0 0 0 0 0 0 0 
0 0 0 0 0 0 0 0 0 0 0 0 

0.1459297760313371 0.7479198055044338 1.1547307508080478 0.9435374585091778 0.6553259026812516 0.7368391906078237 0.7886058386844538 0.623881656091486 0.6662700520637032 0.5762120676613006 0 0 
0.24459532384586213 0.6058748157547905 1.0560071820471761 0.8131185379429436 0.1864333634224594 0.036791663294555 0.3190694899244547 0.6652958027410472 0.8657632995246853 0.39769684372657704 0 0 
0.5924310557970576 1.1069939625636527 1.2560183455370524 1.0213970154313914 0.53051379870239 0 0 0 0.878847767313286 0.3072463377525058 0.5594806041209444 0.3132417079368334 
0.4779457572142647 0.7255985072554952 0.9191640114199146 0.926792341859677 0.2990589787440217 0 0 0 0.423638626702956 0.026879770903810767 0.576113113783512 0.5113972962727584 
0.40623173023188214 0.09694264284553322 0 0.5431607728346463 0 0 0 0 0 0 0.014915205979817995 0 
0.37866942403801046 0 0 0.5622089826427847 0 0 0 0 0 0 0 0 
0.38738105601463146 0 0 0 0 0 0 0 0 0 0 0 
0.35249461916840324 0 0 0 0 0 0 0 0 0.026584874766353704 0 0 
0.47542483186417794 0 0 0 0 0 0 0 0 0.04047915235692391 0.4010970557955378 0.16692713719769345 
0.3646943585612365 0.19951742650196827 0.33596405455887024 0.2128647422849666 0.1026513993338077 0 0 0 0 0 0 0.13990544336961752 
0.1442336355817757 0.394474404164807 0.1987752014188277 0.09952106184047248 0.19295619381326407 0.14274978469598254 0.3460126222595893 0.14716834747640692 0 0 0.1975038997425575 0.18222378342122644 
0.14689934783545078 0.17500602284550554 0.18639411422096 0.2366286349109567 0.21777842848484583 0.2008700349089161 0.10225787637313162 0 0.024306659534149715 0.15826057760975998 0.053860090254950546 0.15025212645908348 

0.5227903867136348 0.08675394703190131 0.22768016188248397 0.3483410089107095 0.12472403726626624 0 0 0 0 0 0 0 
0.28249153104197233 0.362012934979515 0.19349428712426409 0.41224589609079304 0 0 0 0 0 0 0 0 
0 0 0 0 0 0 0 0 0.2995999677114919 0 0 0 
0 0 0 0 0 0 0 0 0 0 0 0 
0 0 0 0 0 0 0 0 0 0 0 0 
0 0 0 0 0 0 0 0 0 0 0 0 
0 0 0 0 0 0 0 0 0 0 0 0 
0 0 0.23114272596565422 0.5498398693208444 0 0 0 0 0 0 0 0 
0 0 0 0.5433627075768137 0 0 0 0.21109641432184595 0.6803941178027858 0.16733995608102298 0 0 
0 0 0 0 0 0 0 0 0.11211716283422371 0.02500654894005342 0 0 
0 0 0 0 0 0 0 0 0 0 0.10508286364186736 0 
0 0 0 0 0 0 0 0 0 0 0 0 

0 0 0 0 0 0 0 0 0 0 0 0 
0.5442970882041487 0 0 0 0 0 0 0 0 0 0.3337371662158128 0 
0 0 0 0 0 0 0 0 0 0 0 0 
0 0 0 0 0.06020667917468816 0.5194234906036553 0.5878059245884577 0 0.376978477890485 0.033859678404360605 0 0 
0 0 0 0.13425430746319952 0.44706517179383365 0.05183229508354438 1.6088154371748056 0 0.5889624671132551 1.081459446162924 0 0 
0 0.9499697688191255 0 0 0 0 0.9925248598861505 1.31695871308138 0.5178759573447473 1.3150961169639674 0.1461566956439525 0 
0 2.6929847158154145 0 0 0 0.12192793923909812 0.27715528564881725 0.8300651605913525 0 0.036963337523394146 0.36160982567850913 0 
0 2.8932372699033735 1.3484988194976677 0 0.59425100105951 1.5010901515531774 0.037791154635248146 0 0 0 0 0 
0 1.0565306119440787 1.1915149038492527 0.3650573342130159 0.47811455687957793 1.574025430463963 0.909227380853578 0.5889681020305595 0.6172480732210726 0.03964224679002982 0 0 
0 0 0.07018138195471452 0.0678885196295872 0.027331545463255114 0.8156343719008478 0.8169164465543733 0.7591230619115691 0.8307233182760911 0.33555976074353927 0 0 
0.018544915416836477 0 0 0.20600072711159392 0.04570945536699531 0.10060083090356853 0.08570749730221859 0.02911693944071671 0 0.10628123200186625 0.30341459281656935 0 
0.17311944043674543 0.0648749695996939 0.07320812076538546 0.056559898102640116 0 0.07158801016559893 0.18689010255991606 0.16916353257644817 0 0.13685739656726578 0.27478364157515894 0.007627512181106007 

0 0 0 0 0 0 0 0 0 0 0 0 
0 0 0 0 0.23821241583576924 0.481707049516361 0.08126833469504112 0 0 0 0 0 
0 0 0 0 0 0.15157500148312752 0.8710960729849071 0.0704119050246433 0 0 0 0 
0 0 0 0 0 0 0.8249624503133535 0 0 0 0 0 
0 0 0 0 0 0 0.6976325611078665 0.13676013179815508 0.3582191555523088 0 0 0 
0 0.22472500280325436 0 0 0 0 0.07280586263563488 0 0 0 0 0 
0 0.189483431254371 0 0 0 0 0 0 0 0 0 0 
0 0 0 0 0 0 0 0 0 0 0 0 
0 0 0 0 0 0 0 0 0 0 0 0 
0 0 0 0 0 0 0 0 0 0 0 0 
0 0 0 0 0 0 0 0 0 0 0 0 
0 0 0 0 0 0 0 0 0 0 0 0 

0 0 0 0 0 0 0 0 0 0 0 0 
0 0 0 0 0 0 0 0 0 0.08953505942589723 0.01005104655278044 0 
0 0.205114049720691 0 0 0.05477491475462584 0 0 0 0 0 0 0 
0.05154444811603074 0 0 0 0.024709460351941895 0 0 0 0 0 0 0 
0 0 0 0 0 0 0 0 0 0 0.11697179900942248 0.645246622912553 
0 0 0 0 0 0.35019626422120487 0 0 0 0 1.2311571064950493 0.6319692219961596 
0 0 0 0.48371858549352953 1.385213930400779 0.3838845024731038 0 0 0 0.16713444139444605 0.3462498202801828 0 
0 0 0.5672152352533321 2.369349253353726 1.2201855795993202 0 0 0 0.7666058808724474 0.4125673884724504 0 0 
0 0 0.6396990273679936 0.9725268512143912 0 0 0 0.6797115730908971 0.5076533850400902 0 0.5335780042389909 0 
0 0 0 0 0 0 0 0 0 0.43294657644780105 1.1109596156788413 0 
0 0 0 0 0 0 0 0 0.09847749045222862 0.6053819275761528 0 0 
0 0 0 0 0 0 0 0 0 0 0 0 

0 0 0 0 0 0 0 0 0 0 0 0 
0 0 0 0 0 0 0 0 0 0 0 0 
0 0 0.1132956244816366 0 0 0 0 0 0 0 0 0 
0 0.19470252318643338 0.1377674790035282 0.19778354638402573 0.05163311016887867 0 0 0 0 0 0 0 
0 0 0 0 0 0 0 0 0 0 0 0 
0 0 0 0 0 0 0 0 0 0 0 0 
0 0 0 0 0 0 0 0 0 0 0 0 
0 0 0 0 0 0 0 0 0 0 0 0 
0 0 0 0 0 0 0 0 0 0 0 0 
0 0 0 0 0 0 0 0 0 0 0 0 
0 0 0 0 0 0 0 0 0 0 0 0 
0 0 0 0 0 0 0 0 0 0 0 0 

0 0 0 0 0 0 0 0 0 0 0 0 
0 0 0 0 0 0 0.005373316457741861 0 0 0 0 0 
0 0 0 0 0 0 0 0.11597428985273105 0 0 0 0 
0 0 0 0 0 0 0 0 0.37033534901513476 0 0 0 
0 0 0 0 0 0 0.21322241149732812 0 0.179830116969802 0 0 0 
0 0 0 0 0 0 0.14823223823029433 0 0 0 0 0.09919931087033956 
0 0 0 0 0.28371207415883165 0.004126552513759313 0 0 0 0 0.13194644205916317 0 
0 0 0.3263414406568305 0.9119551158863739 0.1484088054865579 0 0 0 0 0 0 0 
0 0 0 0.19884013016319724 0 0 0.0430006305448216 0.3015202531812258 0 0 0 0 
0 0 0 0 0 0 0 0 0 0.05335717123601359 0.011287745749564019 0 
0 0 0 0 0 0 0 0 0 0 0 0 
0 0 0 0 0 0 0 0 0 0 0 0 

0.026653784045075096 0.06716233059824464 0.27023483721913755 0.22611699151761558 0.162300364962971 0.4746792872473867 0.8641038678388978 0.6943844871406756 0.757592949983106 0.5827150822726077 0.08328739804135929 0.43126778394218873 
0 0.058678823236145955 0.3736979651693523 0.16523153986347253 0 0.12538496039286062 0.571972313919943 0.9953872469476609 0.8023902693088157 0.6237415543194543 0 0.25770986726241474 
0 0 0.29981722224313534 0 0 0 0 0.9601961118197573 0.7396425037035325 0.6024047071858504 0.13893337831004124 0.3644545236903997 
0.021512605571653402 0.039227445443579576 0.21406039610817562 0 0 0 0 0.2561338722140603 0.8665641027927158 0.4014531574110726 0.9550822344870682 0.9929644747667962 
0.0915465696695302 0.0809552430777848 0.7879434118581132 0.8010748174232415 0.08310915885624741 0 0 0 0.3756992403018871 0 0 0.8265849638152752 
0.147629536450899 0.42534333202176006 1.780024919343596 1.5376047289982442 0 0 0 0 0 0 0 0.7743986178265727 
0.07921640860811993 0 0.9847546784488761 0.8005429421255055 0 0 0.511299764402516 0.3426724563365163 0.46059486021213414 0.39231069162727916 0 0.43162008512028993 
0.04942854216569821 0 0 0.7302424834236344 0 0 0.6623250872685094 0.941608285623279 0.8970118676964299 1.1395461094694617 0.11159771463108097 0.22720431757950332 
0.2029289728005756 0 0.05382589974060727 0.9619807267277917 0 0 0 0.3907038063428186 0.938728248987081 0.935847428905489 0.33707942397164514 0.5171801970812685 
0.35119132914105267 0.1457584507576164 0.3594533677478216 0.466122596343478 0.08753210951274583 0 0.16259372255707544 0.5916872633054467 0.4801767147096762 0.4083955353274469 0.6703900993512603 0.7390261015720717 
0.29081694723904694 0.4520850897646537 0.30371605015897546 0.4145109956926122 0.4697475454980191 0.5372561238576207 0.5519501804162026 0.3824594814358968 0.27043462128989537 0.18735889039213205 0.47922114853919995 0.6788882143802508 
0.2760127065369858 0.4428555629753486 0.36185834808204104 0.41546736082655394 0.35531266667029343 0.34872682910326824 0.3467357399375696 0.2152414715909865 0.3537535727611777 0.45061273540443797 0.3281235311502629 0.42705244697515415 

0 0 0 0 0 0 0 0 0 0 0 0 
0 0 0 0 0 0 0 0 0 0 0 0 
0 0 0 0 0 0 0 0 0 0 0 0 
0 0 0 0 0 0 0 0 0 0 0 0 
0 0 0 0 0 0 0 0 0 0 0 0 
0 0 0 0 0 0 0.15529009919522602 0 0 0 0 0 
0 0 0 0 0 0.07411499651698046 0 0 0 0 0 0 
0 0 0 0 0 0 0 0 0 0 0 0 
0 0 0 0 0 0 0 0 0 0 0 0 
0 0 0 0 0 0 0 0 0 0 0 0 
0 0 0 0 0 0 0 0 0 0 0 0 
0 0 0 0 0 0 0 0 0 0 0 0 

0.975353168870744 0.29189827136895 0 0 0 0 0 0.24578378414473684 0.2825244441073968 0.19443440961890252 0 0.22390198250716825 
0.7182787474059749 0 0 0 0 0 0 0 0.006870105592062692 0 0 0.19312430855002966 
0.2875818845291831 0.08702106995172494 0.6117405210439819 0.6359595816756968 0.23300314226593755 0.14343609998191723 0 0 0 0.42917798058918366 0 0 
0.2760175140832433 0.45086645393526487 0.773284403317736 0.4149007238096936 0.12676560928160124 0.03867343723836672 0 0 0 0.5814634791908575 0 0 
0.4269341040684949 0.031142703217797038 0.49150914196356327 0.11541494332124717 0.07830068312222287 0 0 0 0 0 0.4789434982426562 0 
0.5278586063827948 0 1.2078552965207117 0.08114628516114955 0 0 0 0 0 0 0.3145910047273241 0.2256875139622004 
0.5811496835810711 0 1.1745632385917695 0 0 0 0 0 0.4344313969231499 0 0.0329091568070065 0.28554212327255957 
0.5876874888119141 0 0 0 0 0 0.11220481896456153 0 0.5538724108634974 0.647298032023124 0.2966796086711969 0.13102628936735425 
0.7487370099631068 0.36826644996556857 0 0 0.014158629982126185 0 0 0 0.4710238123477297 0.656598008672664 0 0 
0.604104591874932 0.3190167808858506 0.4161391577891757 0.49065693248858777 0.47455591316441603 0.1610867352540636 0.21942173762280354 0.27827532454644294 0.358256887020557 0.24702594357196223 0.21197569631797583 0.402879821696577 
0.33261946877353876 0.26765243207519124 0.6312976893373193 0.6311390690366412 0.4895528031370992 0.39937439106760136 0.5378729351333948 0.6344346042005716 0.14759012046418413 0.09998975948812858 0.7477091953433712 0.6690404996180949 
0.41942724570735956 0.4621887840515518 0.5178819890889804 0.4508372254478933 0.4491191189688466 0.500961963711027 0.41063201517171205 0.42088913983925524 0.48035738233849856 0.4334929538951749 0.4813299229716007 0.4602732978009394 

0.4826752777229643 0 0.0189588275328246 0.058804276462841476 0.24532280151189648 0.2993048970484514 0.2749969004585925 0 0 0 0.5933593778725671 0 
0.7308102735663846 0.4446437448610652 0 0 0 0 0 0.5877479163932726 0 0 0.18564040180789923 0.17207341942665327 
1.3455396597900668 0.08887383802425569 0 0 0 0 0 0.32990233071002395 0 0 0 0.17912382118854614 
1.1132189538588861 0 0 0 0.21245880415769786 0.7900010375018988 0.6448368918883668 0.3251170681147788 0.1734723823909865 0 0 0 
0.6669263426135572 0.028538399860750928 0.5285555293675754 0.33631254292962404 0.4239130077326133 1.2907747563469958 1.6579348719563058 1.1388323898028385 1.1085440883610724 1.0540397526559566 0 0 
0.5045405422006904 0.49220756238342994 0.2822203884373558 0 0.3288704517185014 1.0746844377612987 1.5380645679393248 1.0537021099158068 1.225371548834142 1.5071003424756348 0 0 
0.5619367688380108 1.0624871607642905 0.33599248516012936 0 0 1.101171482359174 0.929696326758999 0.4861547104752379 0.30264758350893073 0.7530934852956392 0 0.5398926306785929 
0.7804753709163145 1.0117247018731774 0.17399355457401566 0 0 1.3477326563959835 0.9644145160072323 0 0 0 0 0.4401178184256699 
0.6244228614390557 0.5250927313863959 0 0.13490391749521954 0.09259532379131824 0.9493618545903301 0.9438429579741987 0.1884107966021934 0 0 0 0 
0.4741144304841102 0.2215082411106597 0 0 0 0.5404775236382476 0.5832597189848087 0.4440521132222401 0.7014924431785667 0.2656554233636973 0 0 
0.4775604926003295 0.15196844877132437 0 0 0.3027182631097404 0.47050933095252867 0.4444046176195579 0.4532572978841672 0.22438232549497245 0.10300313016452323 0 0 
0.5064046108723109 0.2544037751452398 0.2682617129229046 0.41252796401765307 0.5445138894295253 0.3583913125935366 0.48565193192830625 0.5147150881133847 0 0.16266649636460404 0.4748540188739915 0.23823858307803242 

0 0.031010690903893023 0.5345583278391368 0.5510300608500726 0.6456235828509227 0.6117513410793294 0.4413812670383008 0 0 0 0 0 
0.46205070668518633 0.8215467948777659 0.5563473244662184 0.7779597920948564 0.826745370731532 0.8798555719660957 1.1217679949289499 1.3599080512860653 0.7647719486201849 0.21837927405300991 0.7402128289139749 0 
0 0 0 0 0 0 0.21551406465265077 0.9505674652102818 0.9689526561919012 0.24201987417979615 0.6034379853407423 0.1313927571958587 
0 0 0 0 0 0.49685350285604174 0.4780804314711453 0.9358357131943598 1.1748630673334026 0.7843818854122214 0.6817209542284637 0.23144368615930544 
0 0 0 0 0 0.572653392468209 0.8109723380821792 0.561273073323118 0.9219463567743458 1.1222881028117806 0.024735407251018145 0 
0 0 0.6241762606708604 0.3435918777267093 0 0.19066075555490394 0.5365912901938905 0.3800053273339649 0.2531645954556722 1.0244070902413422 0.4372513156359691 0.02206704421417941 
0 0.3836265795769271 1.2980258488450047 0.5704329847695669 0.43848211409567384 0.6984990622650078 0.7063488057726393 0.43994840667638196 0.08493569300593223 0.6580170427501773 0 0.016692663044766902 
0 1.3293239856590273 2.15977632108364 0.8104946548329902 0.44153677565734945 0.643674769529905 0.3894250225712041 0.26244738171864346 0 0.23256127836299462 0 0 
0 0.957198097746349 1.3738045415936682 0.6787693726954184 0.29741600777851696 0.9763327970028542 0.6433875065480372 0.6862494289607988 0.5903938335314625 0.8586262414692195 0.19875566588977464 0 
0 0 0 0 0 0.2936419591994334 0.29568384448497614 0.44006299884197025 0.9515840427872984 0.6826780607346802 0 0 
0 0 0 0 0 0 0 0 0.3154708882805967 0.2965695383907948 0 0 
0 0 0 0 0 0 0 0 0 0 0 0 

0 0 0 0 0 0 0 0 0 0 0 0 
0 0 0 0 0 0 0 0 0 0 0 0 
0 0 0 0 0 0 0 0 0 0 0 0 
0 0 0 0 0 0 0 0 0 0 0 0.7406582410428925 
0 0 0.11111547029791993 0 0 0.0681794430153737 0 0 0.051814137869064615 0 0 1.0613556117203864 
0 0 0 0.677965776093242 0.31015122807450335 0.40126022726943256 0 0 0 0 0 0 
0 0 0 0.6184767990477371 0.2084693579896604 0 0 0 0.015360791564332975 0 0 0.08132830493728363 
0 0 0 0 0 0 0 0 0 0.04158225252711609 0 0.13484894097706257 
0 0 0 0 0 0 0 0 0 0 0 0.5593561599108049 
0 0 0 0 0 0 0 0 0 0 0 0.36382079390562994 
0 0 0 0 0 0 0 0 0 0 0 0.13061952234814048 
0 0 0 0 0 0 0 0 0 0 0 0 

0.2389279462831843 0 0 0 0 0 0 0 0 0 0.15674394596028418 0 
0 0 0 0 0 0 0 0 0 0 0 0 
0.08774461667451383 0.2577812942609469 0.21832503773694542 0.10966316027943972 0 0 0 0 0 0.06869423164695797 0 0 
0.3153836981592529 0.469067469634316 0.2665441445312745 0.059265102208191846 0.28303050960225873 0.1460179607756384 0 0 0 0 0 0 
0.2752415604686535 0.21781296931542005 0.10055182740983529 0 0.06849217377571772 0 0 0 0 0 0 0 
0.1844135262952963 0.05501910197064966 0 0 0 0 0 0 0 0.13090368772050912 0 0 
0.17962084393842123 0.8508603114744168 0 0 0 0 0 0 0.11140077446629848 0.21380082174815818 0 0 
0.26002855843208694 0.9339035847065345 0 0 0 0 0 0 0 0 0 0 
0.1609936687238367 0.14890203391268797 0 0.09231634329935592 0 0 0 0 0.09954511150498019 0.06233657399739258 0 0 
0.020642924948576363 0 0.2603838522582038 0.18815470594261224 0 0.01321450846942108 0.09020566569546216 0.21648051239213412 0.13861520952636666 0 0 0 
0.08963812714885415 0.06243083508986887 0.1568419906025031 0 0.021083405926098676 0.12160271717457867 0.13816086718140963 0.1953636028912203 0 0 0.1260082318838666 0 
0.18899524011401372 0.1561357223140207 0.1335827903150183 0.06340718661104691 0.15875062414105348 0.21901057621806264 0.10850206813437852 0.1392761539721353 0.03275059061355936 0.1059644839562062 0.17656263948758164 0 

0 0 0 0 0 0 0 0 0 0 0 0 
0.5261310778237427 0.6547236678023858 0.4180190629952718 0.5422218126893703 0.3152308551407399 0 0 0 0 0 0 0 
0.42116336953531286 0.48411707782485824 0.5290646973909765 0.5833830159951858 0.30151176904990534 0 0 0 0.19101519260974908 0 0 0 
0.02194250710590096 0 0 0 0 0 0 0 0.07792815974954556 0 0 0 
0 0 0 0 0 0 0 0 0 0 0 0 
0 0 0 0 0 0 0 0 0 0 0 0 
0 0 0 0 0 0 0 0 0 0 0 0 
0 0 0 0 0 0 0 0 0 0 0 0 
0 0 0 0 0 0 0 0 0 0 0 0 
0 0 0 0 0 0 0 0 0 0 0 0 
0 0 0 0 0 0 0 0 0 0 0 0 
0 0 0 0 0 0 0 0 0 0 0 0 

0 0 0 0 0 0 0 0 0 0 0 0 
0 0 0 0 0 0 0 0 0 0 0 0 
0 0 0 0 0 0 0 0 0 0 0 0 
0 0 0 0 0 0 0 0 0 0 0 0 
0 0 0 0 0 0 0 0 0 0 0 0 
0 0 0 0 0 0 0 0 0 0 0 0 
0 0 0 0 0 0 0 0 0 0 0 0 
0 0 0 0 0 0 0 0 0 0 0 0 
0 0 0 0 0 0 0 0 0 0 0 0 
0 0 0 0 0 0 0 0 0 0 0 0 
0 0 0 0 0 0 0 0 0 0 0 0 
0 0 0 0 0 0 0 0 0 0 0 0 

0 0.15803635934443283 0 0 0 0 0 0 0 0 0 0 
0 0 0 0 0 0 0 0 0 0 0 0 
0.22683451254912018 0 0 0 0 0 0 0 0 0 0 0 
0.031409991521927735 0 0 0 0 0 0 0 0 0 0 0 
0 0 0 0 0 0 0 0 0 0 0 0 
0 0 0 0 0 0 0 0 0 0 0 0 
0 0 0 0 0 0 0 0 0 0 0 0 
0 0 0 0 0 0 0 0 0 0 0 0 
0 0 0 0 0 0 0 0 0 0 0 0 
0 0 0 0 0 0 0 0 0 0 0 0 
0 0 0 0 0 0 0 0 0 0 0 0 
0 0 0 0 0 0 0 0 0 0 0 0 

