1.5835992480256513 1.057643444774287 0.5562024808331432 0.4936376180193495 0.8344446387214812 0.2010661622235516 0.10971608792183997 0 0 0.3740268662854517 1.0256131320673971 0.9605428796849794 
2.126220463561789 1.6933648222581577 1.7632504463105798 1.9873714676836893 2.3680669161362133 2.4749758683664296 2.1641669946385966 1.1087609295440266 0 0.06369588403731932 0.920807065998602 1.3125123778547776 
1.901456422259379 1.2235450986736485 1.2345149023503934 1.219718207555696 1.3414746403540858 1.486006221754732 2.388796545494695 2.1838200799405976 1.2564566471168876 0 0.2487757270640059 1.2469200555225421 
1.7744832494329272 1.2920745945568446 1.3105992973275582 1.4666434500439254 0.9975857513897616 0.9606896086988514 1.6018226131286237 2.059060487167173 2.078320644192761 1.0890295451916974 0.7586729245279231 1.2007626988266673 
1.507687743730737 1.116919565987615 1.6673357458260198 1.8406469342826173 1.3779523888832148 1.1603983950293613 1.39886015806158 1.2188177880237214 1.4121925075493673 1.332402646258316 1.2567186320721062 0.4293864596275169 
1.4130072997445178 1.6047009836794268 1.9627113997420909 1.9318110379922795 1.8756838605160615 1.4344505890803523 1.4444410169663968 1.3622677250896993 1.3876268308588942 1.5215156658961206 1.96898753866085 0.9609606017156274 
1.3194298156228603 1.4996239541476917 1.2663745777680038 1.7081613459681118 2.164189732086433 1.3110274106849742 1.3483214844178961 1.4371212991915818 1.5426349851398375 1.5310107198895986 1.4430735410313402 1.1929890866257684 
1.407552942484783 0.8455568426456297 0.4034587636307903 1.993388614429061 2.6171938772784142 1.1797495237233968 1.0266569465115811 0.9358404166152701 1.1523216360293016 1.21566105570053 0.8119319019508064 1.2491052152625546 
1.5091641008652323 0.6992390480408137 0.1059919182887785 2.1068026535956266 2.91895358639987 1.3268166734139066 1.0101453995249767 0.853550007346995 0.8155017889457825 0.9264453928189204 0.7160991391447312 1.0774479031160873 
1.6489296634190458 0.37577927984441667 0 2.0016816928860646 2.9995915643543674 1.5634674819670111 1.3778420179970396 1.0041710041810283 0.6673579761290954 1.0279341585518926 0.9514480903108109 0.7539877018125937 
1.5475061824509722 0.31198723659701333 0 1.68583014243418 2.3381407286559215 1.122675323801358 1.2047854928464763 0.9390465032829004 1.0671016517722378 1.299545592601671 0.8624186115488041 0.6487948743255192 
1.9078161286112711 1.1619021631077808 0.927062081931496 1.6591647254009136 1.7783392855858848 1.3875534018743736 1.6496496126701823 1.20624127514431 1.413230670431582 1.9656774615209676 1.444037106766564 1.049224515822207 

0.1398608479876452 0 0 0 0 0 0 0 0.0030355996469001514 0.06581403918380327 0.413419714734164 0.5725894425390301 
0 0 0 0 0 0 0 0 0 0 0 0.1281908421368315 
0 0 0 0 0 0 0 0 0 0 0.2978210430140081 0.5620560757895896 
0 0 0 0 0 0 0 0 0 0 0 0.32141905525627296 
0.3799202970157442 0 0 0 0 0 0 0 0 0 0.30057199741332497 0.6542949815758917 
0.20056117598547787 0.24275328816142097 0.46424870090185555 0.09947188439048461 0 0 0 0.1599543574839703 0.15993155190594704 0.19760586044569767 0.6480497640066649 0 
0.24112361510713953 0.7214956940335953 1.5599555577994977 1.0315529419479166 0.14973847608512972 0.22548447209516534 0.1023292730022933 0.1659224222745616 0.305278621792216 0.348901258503301 0.6482392313260659 0 
0.20481100806498537 0.6745821650829162 1.7881771642419517 0.7374412157181135 0 0.351575887700215 0.435928815871569 0.15030809794872627 0.19147005893869887 0.16058756546187256 0.15987312109203147 0.038548894908908435 
0.03493247247911999 0.3147717544404615 1.4543041087929254 0.33597390661132503 0 0.48187021282136777 0.2645468507259858 0 0.22006356962039192 0.027926436975308402 0 0.12706912376504859 
0 0.041643443493656014 0.8971913979451304 0.07456013670603122 0 0 0 0 0 0 0 0.1571447573719715 
0.1672053377324963 0.009254511071090215 0.582423429514663 0.46245942578399796 0.08872466382163369 0 0.06050768580815177 0 0 0 0 0.05654174523478187 
0.043757062688230736 0 0.42639837635705874 0.6638299888166882 0.31216268871618263 0 0 0 0 0 0 0.21053199717882104 

0.24389350108536656 0.021661656918077893 0.020129436804019726 0 0 0 0 0 0 0 0 0 
0 0 0 0 0 0 0 0 0 0 0 0 
0.07547128914610568 0 0 0 0 0 0 0 0 0 0.07924418619085541 0.018793564686837225 
0.0035267933871018196 0.0537843948931703 0 0 0 0 0 0 0 0.20035705191940503 0 0.1702593379812118 
0 0 0.05084700536883574 0 0 0 0 0 0 0.2843347802384195 0.1420638195845499 0.19680238192446936 
0.114477234606194 0 0 0 0.08458953822406293 0 0 0.05302214838316101 0.23561664960746898 0.22129949255253134 0.15038003465852945 0.2926916577767896 
0.20829267454909087 0 0 0.02725847145940144 0.36921932791702516 0 0.03669342213651659 0.093778435580877 0.002739691916335399 0 0.2025529456303112 0.5551646017001853 
0 0 0 0.5324741796767156 0.5116251496864231 0.062097924191645185 0.07867757551759362 0.19633824802364028 0.06072224659156383 0 0.3340662829266491 0.2594793621056377 
0.0929606812064758 0.18522447638199013 0.2944988092889856 0.5479104480448388 0.5761840687697021 0.08043216588971241 0.44767273508575806 0.47075235193189324 0.41748703005036814 0.17698842192571707 0.18836262834346043 0.12063295374040825 
0.0942724472569975 0.3095554887866606 0.6622876401205833 0.6732525946022504 0.4926305665813149 0.30757887602860606 0.48379822913841886 0.059039156150431926 0 0.2200437949647314 0.07005733264181196 0 
0 0.5694878392191077 1.0315539427494558 0.7403344061983826 0.39146425503222304 0.37827078021001626 0.47557859236371747 0 0 0 0.13243848399775465 0.13753608173042445 
0.33691661729110806 0.5971133417882017 0.47896119958390665 0.12153780045824568 0.2831033398653658 0.3257905571641371 0.13362143066923682 0 0 0 0.18887039212351478 0.09558556866248079 

0 0.15381441163106702 0 0 0 0 0 0 0.7573866912556253 0.6074414235651596 0.49504526337148996 0.4068975738806637 
0 0 0 0 0 0 0 0 0 0.7298987319956045 0 0 
0 0 0 0 0 0 0 0 0 0.841244428882593 0.6098549612692425 0.06727621814383587 
0 0 0 0 0.03667774141121255 0 0 0 0 0 0.5228030756938473 0.600628400216418 
0.15587616705985521 0 0 0 0 0.0038086003076903546 0 0 0 0 0.9175520945033895 1.9277217244621325 
0.005845450463312377 0 0 0 0 0 0 0 0 0.009063269308907773 0 1.2519131729809028 
0.09024612146064825 0 0.07922470128171336 0.8519950003084719 0.6997800316674307 0.08971134360216515 0.13707799051607555 0.10583785670913896 0 0 0 0.14080926940289942 
0 0 0 0.3448678736039727 0.8688262323608785 0.6358656450431909 1.122209911878625 0.8170513832662362 0 0 0 0 
0 0 0 0.06797073408059656 0.9078959845055418 0.7595661910428931 0.6941406219863794 0.5861977369224876 0 0 0 0.09635182872487844 
0 0.09705398043358583 0 0 0.5334044186122701 0 0 0 0 0 0.10155918867181749 0.45057219242306124 
0 0.6304945058605405 0 0 0.6193980266290265 0.27345511131106837 0 0 0 0 0.1762250633466703 0.19326395794493698 
0 0 0 0 0.1718781390539171 0 0 0 0 0 0 0.02279174404059777 

1.0212619373626348 0.7893277365483142 0.709674789146198 0.207691311368304 0.1907411903025994 0.2542069455331144 0.3988474329807863 0.937587548771791 0.906072019691595 0.8113207841553581 0.7931322588614061 0.7859115032479025 
0.7382289276898315 0.037102311911679585 0 0 0 0 0 0 0.31077010407247185 0.4839768646456274 0.6926009244601807 0.6248863847024039 
0.8067317149250075 0.2759203568031736 0.2425007685806774 0.834585964802112 0.7958332545403961 0.07166633741418377 0 0 0 0.5089681894816732 0.6617812722016746 0.8034811594652795 
0.8346788006882349 0.29295232968916446 0.33537671241226585 0.7694892016301244 0.5974655243193765 0.399267548803326 0.484260353467743 0 0 0 0.08442810979944483 1.385836313180764 
1.157811128172245 0.5433114392437585 0.013794749293092944 0.0725088167891626 0.10571670935939134 0.4164374053534842 0.8554911198334525 0.35270774354720025 0.45278552090086277 0.6536235367400975 0.4464777410193289 1.810726552429731 
1.1928373550920344 0.395265092349127 0.1528176308108208 0.8358633145847141 0.8223689895397954 0.6370525865131595 0.6625778047021038 0.5368125311635606 0.6291801414153128 0.5649316689977673 0.3291047511219975 1.4431361259013678 
1.1167187525604947 0.31938881288452803 0.4630963498503523 1.8063239470471673 1.783178030828543 0.8588705023250655 0.8563449305481663 0.9412376870114891 0.7367034727031602 0.6680361283264826 0.5701330129909821 1.2502088736435222 
1.3503225921844433 0.43390446807920724 0.26236855089313127 1.686445751514997 1.542197975461566 1.021505224383954 1.1719918120183699 1.3816059765637234 0.8494804198903102 0.7628064404192839 0.8658870743468602 0.8340780274464792 
1.1669082370570734 0.07840450038591545 0.23862474714207693 1.3409248056741434 1.280562592625275 1.0839052311584816 1.0741122007223323 1.0497557364442118 0.6500042613602974 0.8598710273035888 0.778200922547947 0.6838132795598492 
1.1284930344790336 0.18757581573217388 0.5884710674220245 0.9408221319301215 1.092456935677364 1.160445100166649 0.6814229946442171 0.7483948762688939 0.5749145363066638 0.9258726687416149 0.731671887466347 0.7227989237983075 
1.140765760142568 0.6997619952026889 0.5657307574137778 0.30498424520777995 0.9418525664942047 1.1153162264495085 1.0686180945394959 0.7751297463346205 0.09949109062660244 0.42728235338855636 0.7650586195715916 0.787657553985284 
0.848085779551407 0.49322736210064494 0.5002854588248715 0.642381658117923 0.9621428642997737 0.5409542524320935 0.4288819668091297 0.19335235640532794 0.031700990558477894 0.4651162464147267 0.2544515901108694 0.4448182840389244 

0.38837363035897976 0.5652052853529048 0.6918490376776293 0.704762416806505 0.6134166632750128 0.27338644325027556 0.152105791482511 0.158414221701127 0 0 0 0 
0 0 0 0 0 0 0 0 0 0 0 0 
0 0 0 0 0 0 0 0 0 0 0 0 
0 0 0 0 0 0 0 0 0 0 0 0 
0 0 0 0 0 0 0 0 0 0 0 0.562905879286773 
0 0 0 0 0 0 0 0 0 0 0 0.2540521086509941 
0.08178218955892841 0 0 0 0 0 0 0 0 0 0 0 
0.029448136088735574 0 0 0 0 0 0 0 0 0 0 0 
0 0 0 0 0 0 0 0.10315574475181483 0 0 0 0 
0 0 0 0 0 0.2520247479175777 0.04491638224103939 0 0 0 0 0 
0 0 0 0 0 0.36007982942701067 0.3783018726252419 0 0 0 0 0 
0 0 0 0 0 0 0 0 0 0 0 0 

0.7738744147459232 1.1184793566342721 0.87092818437034 1.4928440011771145 1.458304925020318 1.3470776500959118 1.1166985028240117 0.8457404424630296 0.38324886914599965 0.7009396325779256 0.25631297015126936 0.21201673686119235 
0 0 0 0 0 0.2638752599408952 0.3975678343964599 0.5707903898736723 0 0 0 0.1591688969532843 
0.20580953229385357 0.3306555732955531 0 0 0 0.4855829211366532 0.38998613181991376 0.4406608370880398 0.016200151223750014 0 0.28620164726234976 0.34313124621570384 
0.020844374095242837 0.3922853191139431 0.1770851859450565 0 0 0.4760723926465886 0.1537454990244274 0.011424774010063421 0 0 0 0 
0 0.07222371060434575 0.22539001045499754 0 0 0.4027584495302541 0.18681754146765625 0.04279578548335183 0 0 0 0 
0.09461876755794793 0 0 0 0 0.23360518361780752 0.17291594128079385 0.28217129758905035 0.2473118280456472 0.22974810070948312 0 0 
0.07962571159605686 0 0 0 0 0.1484067843434573 0.04514633833882695 0.16960221880193316 0.05113323755917851 0 0 0 
0 0 0 0 0 0.11570207490776624 0 0 0 0 0 0 
0 0 0 0 0 0.1026157818425266 0 0.08630579139816769 0.3377648036933352 0.08300907949938388 0 0 
0 0 0 0 0 0 0.054529742366193484 0.6203516891223113 0.6543221220121329 0.19747695292164155 0 0 
0 0 0 0 0 0.3054600030504673 0.29266359071650044 0.47041443197854965 0.6672070650891989 0.5013383594907345 0.07493956865064677 0.12951369261917872 
0 0 0.2055687681177762 0.14844018015927893 0.049975116278738456 0.5470476071724514 0.32145735084292054 0.29664130358965324 0.2835064469280072 0.18714665079600015 0.34520159571704423 0.4079416331726364 

1.8286273966716673 1.9147432011046852 2.1847702840691827 2.134068771870635 1.9559420363634739 1.540174312400181 0.8852016417198239 1.1286108958115426 1.4361241205593014 2.1508476092264206 2.0082831720426415 1.9720355359950745 
0.8378276097510747 0.7947376786669174 0.7339416374398219 0.8262229427666594 0.7236448900614156 1.4444365058043607 1.4613727111191166 1.1265512221033485 1.274230718330399 1.4417667161068617 1.939797978044464 2.168288234499099 
1.4253089493611564 1.344722262028814 1.461694833184669 1.5167764377131951 1.5301596984561112 1.1564167731642054 1.1922670676468596 1.14801093424404 1.8186901661039037 2.147288337921527 1.890545625088693 1.9844307190174106 
1.6841017546416732 1.4523074887137077 1.1731097496521519 1.157300364938776 1.7701658011811081 1.4338233180860205 0.9012527060773591 1.1773711375039357 1.8727655167408934 2.0997575449955836 1.8011060922233846 1.9971917561209502 
1.8805538427915234 1.6003185956068273 1.7183897022378718 2.092074844371189 2.0843238996852675 1.7847529803603672 1.645207878939462 1.4077786218756074 1.1788072043751945 1.8083788303142903 1.9361979647004617 2.206073341973686 
1.5617261267336817 2.0508177259026072 2.5702327694746825 2.631815831621243 2.420480185703887 1.8609362204339388 1.6826311133834166 1.9753588823883785 1.7362133028068867 1.8414095513739956 2.231198367531456 1.9072525768898412 
1.6333172070400221 2.407332402215554 2.9868076352883572 2.6984900811947305 2.0779545122043914 1.7009652679444298 1.694975971179566 1.955148450111772 2.0472879615246136 2.0098207326063324 2.1146405987070724 1.5986402951605958 
1.5946600378748266 1.9044405926709997 2.312029446871744 2.43954322016907 1.9326936870475833 1.6749889250200471 1.6823312723072479 1.6652287401974362 1.5705190161934814 1.4316357123813412 1.3080490576383106 1.7129559700071 
1.435602033404708 1.6156011691731753 1.5979211246806104 1.9089996196505807 1.9366834789109362 1.8197568251310914 1.6298945978119217 1.467720823269808 1.4883728691610787 1.1817501579868543 1.205665658588233 1.7194924300121641 
1.3415668684549162 1.4094183381602114 0.8811476625674144 1.185423954217526 1.9335068179981925 1.7040281271025834 1.3410369571438494 1.3061037418566772 1.190639536314985 1.1945077151275016 1.7379227486572035 2.014603813477406 
1.473098758031772 1.4490871422333327 1.0903281926924038 1.6381431084849793 1.8629807993387972 1.5871181589940697 1.6419777629309231 1.5613461299639146 1.361193431270922 1.4388197081553538 1.5562736324163908 2.033381877463832 
1.423730864007478 1.8439498478129475 1.7642650278518013 1.971681292145678 1.7783196522554099 1.34618198862989 1.5668349758610156 1.9341124526455682 2.091988630450479 1.8235574506100172 1.8397991924094 1.9302509588697783 

0 0 0 0 0 0 0 0 0 0 0 0 
0 0 0 0 0 0 0.07873386657465685 0 0 0 0 0 
0 0 0 0 0 0 0 0 0 0 0 0 
0 0 0 0 0 0 0 0 0 0 0 0 
0 0 0 0 0 0 0 0 0 0 0 0 
0 0 0 0 0 0 0 0 0 0 0 0 
0 0 0 0 0 0 0 0 0 0 0 0 
0 0 0 0 0 0 0 0 0 0 0 0 
0 0 0 0 0 0 0 0 0 0 0 0 
0 0 0 0 0 0 0 0 0 0 0 0 
0 0 0 0 0 0 0 0 0 0 0 0 
0 0 0 0 0 0 0 0 0 0 0 0 

0.16741421965642722 0 0 0 0 0 0 0 0 0 0.1932010820502671 0.1884588772215105 
0.4377340595340413 0 0 0 0 0 0 0 0 0 0.22139871031471653 0.19267150990174003 
0.39073592024515996 0 0 0 0 0.11961359790852605 0.23206022742204005 0 0 0 0 0.41213793273293275 
0.5266334131773471 0.18356283375690433 0 0 0 0 0.3738883384550562 0.38127939046843584 0 0 0 0 
0.21922438384380555 0.8016982346853513 0.9178432297884196 0.09892016666352084 0 0 0.20742745800813397 0.222665985297093 0 0 0.49027220484164236 0 
0 0.5172262579898511 1.484340206866848 1.5244765069393773 0.7356132179421786 0.26935227252258415 0.3722738716307327 0.05629856657975235 0.022079681496404727 0.06392481740210217 0.6016765590125029 0 
0.21531855323997243 0.769660894854655 0.6901846069274418 0.6974132304588178 0.8794204181834474 0.4601088244336159 0.40113715582228954 0.17726667027410328 0.6241408441681484 0.3632240976855319 0.32563552938579476 0 
0 0.6653776793133008 0 0 0.48980800038023997 0.18705214873938303 0.32800909389393934 0.22654702640729285 0.5546285799384871 0 0 0 
0 0.05188353223053732 0 0 0 0.047277997377712114 0.20992142685010498 0 0.13309974726246143 0 0 0 
0 0 0 0 0 0.04387720979099877 0 0 0 0 0 0 
0 0 0 0 0 0 0 0 0 0 0 0 
0.03015859889500293 0 0 0.21107301961972583 0.2329862228474198 0.12502791955692963 0.1488178518000989 0 0 0.14405356392635127 0 0 

0.8760963654814711 1.2265104334712102 1.246333020283835 0.9336670693542786 1.1178896498268134 0.9104931757245571 0.796178368742544 1.0086612695226518 1.0387455760926865 0.6892361344887039 0.7207172855553825 0.44977334069997005 
0 0 0 0 0 0 0 0 0 0 0 0 
0 0 0 0 0 0 0 0 0 0 0 0.27115034307685926 
0 0 0 0 0 0 0 0 0 0 0 1.1623401924808328 
0.27515337424408265 0.008775071544012532 0 0 0 0 0.02615142425025513 0 0 0 0 0.7430351608659441 
0.039013594909951675 0.08668984327683531 0.0014442040103285069 0 0 0 0 0 0 0 0 0 
0.2604053460926469 0 0.6635945596342316 0 0 0 0 0.49759066003302177 0.38141849067410327 0 0 0 
0.44728480283555017 0 0.7180888713448038 0 0 0.1286961636313106 0.38481578706741226 0.5851870738443814 0.1029272951247906 0.013642451829416528 0 0 
0.22122377740086185 0 0.6732663247345783 0 0 0 0 0 0.21593680365271037 0.20346466800754204 0.07199199774470456 0.11465824262274357 
0.12391275068710403 0 0.2844144599840422 0 0 0 0 0 0 0 0 0.2747018299961919 
0 0 0 0 0 0.11005240690423677 0.6352749355965038 0.36956139210174216 0 0 0 0 
0 0 0 0.23349110018887068 0 0 0 0 0 0 0 0 

0 0 0 0 0 0 0 0 0 0 0 0 
0.004200789023065296 0.32881135533765393 1.1672013808431192 1.805464679605981 1.6953733447563692 0.8837942131525919 0 0 0 0 0.5822199679241379 0.6972458147888623 
0 0 0.42905065230726697 0.043287691533189926 0 0.2981775196699025 0.15882418089995926 0 0 0 0 0.4108861409004748 
0.42375349914520843 0.6205254694070166 0.16858969337466606 0 0 0 0.340990187114905 0.523708249052312 0.1454636165931658 0 0.552869936350889 0.5989913211473681 
0.3817446754470978 0.767018034536154 0.8041024241139804 0.0491177715458591 0 0.03075040197878163 0 0 0.32345575698157236 0.3419443309829766 0.08933993542360551 0 
0.2188549421788022 0.9599688022252456 2.137945439608905 1.7147419819376388 0.8421400127646778 0.3265677256249059 0.1698276870102856 0.19930127677212842 0.10454882355866368 0 0 0 
0.27080617999844103 1.264221140501822 2.721286713632185 1.8279275258754435 0.3545672638227329 0.3496444459844724 0.5451713716346873 0.48291323445778683 0.29669022806054035 0.12482987153033617 0.6910411057480998 0.2737044464975732 
0 1.2182687359172508 3.3692749564372324 2.030875807655954 0.2570531836918142 0.10170348929074256 0.10553974057417641 0 0.22216895499137534 0.6320261578929267 0.8649676393206895 0.5364442260407247 
0 1.015392896290449 3.3420033633882578 2.127686034313995 0.06641535784691818 0 0 0 0.14124350740931477 0.12314675409363926 0 0.1964001283421489 
0.38969782931243213 1.0998242750811122 2.500425840309215 1.5417680287490003 0.3885806459445776 0 0 0 0 0 0 0 
0 0.17961282291654143 1.165833625191281 0.7545684402808076 0 0 0 0 0 0 0 0 
0.029690979033964785 0.009639550940326425 0.3361187199953192 0.4048617954202434 0 0 0 0 0 0 0 0 

1.8483791195329518 1.6933120025499357 0.7558927159548333 0.6710387620130736 1.0979284424450577 1.069196577300728 1.252193783004146 0.9897527637988068 0.33150286880011015 0.4278372710234759 0.8814087307131542 0.5332119213147277 
0.49770063515159496 0 0 0 0 0 0 0 0 0 0 0 
0.35759376458294756 0.14949038987263513 0.0918724773238862 0 0 0 0 0 0 0 0 0.5157478842898178 
0.5730547686442284 0.20736118448010726 0.16428829601752243 0.11256542791859964 0 0.22443138676252244 0.26715078745978155 0 0 0 0.67381712362764 1.3257841166574513 
0.7636993619446879 0.27774132320212686 0.42729324617866893 0 0 0.4275574099760828 0.43621094881706235 0 0 0.12403424996788781 1.5804753637653717 1.454247414623957 
0.6176609170565297 0.5896268699198881 0.4997939744482079 0 0 0.24126975062424305 0.19846694622862113 0 0.3787064322072948 0.8298969322652301 0.45690079765879654 0.1423165343731761 
1.0826784373330516 0.7107027266919255 0.6322743058535847 0.20186719527550823 0.25350061418943004 0.4831093352903641 0.8054391499793905 0.881016513041067 0.5979407580690184 0.6295902928425356 0 0 
1.0077864642658245 0.21227697449018235 0.13396923854672133 0 0.5550392224348679 1.3934194643730708 1.4330760160593972 0.8375332419584688 0.32003398046089715 0.3280356714524483 0 0 
0.6729523542272756 0 0 0 0.8672410708775975 0.8853526619619974 0.2822850502787028 0.6972164141606236 0.6856030739419533 0.6080689611526983 0.27648791325577754 0.16654789241890386 
1.024401017309825 0.0011067606789185482 0 0.1592200062229827 0.7442033045688322 0.45433154166772677 0.29584808055209166 0.4360536045694553 0.20720744742368774 0.5583146329237647 0.5235471276814552 0.23870441408758825 
1.0374486134914034 0 0 0.5948844362066568 1.0415282001115262 0.9967150455475179 0.6057198736951959 0 0.18897835224614118 0.530100886599629 0.045802231730590025 0 
0 0 0.10235168100106054 0.41344056527110296 0.31991911527079475 0.37703009417873257 0.11212818618335993 0 0 0 0 0.14566342817514447 

0.629689339925232 0.944139887193406 1.7587431593414276 2.0591081805386398 1.559529056722115 1.4837335698071534 2.047615111206033 1.2905124965575288 1.366577454363454 0.7622528498788266 0 0 
0.14356087142495474 0.7557147767061945 1.0997550060378152 0.6134870764329148 1.2318926883438683 1.772527422457213 1.7799320069575213 2.915454739457041 2.1183626130801994 0.6065376387000104 0.6064442795250542 0.19217685920128702 
0.14763922273498364 0.5371549232050633 0.378979723161828 0.13752212849733544 0.34647696752083323 0.6151971548670392 0.7478021043370948 1.432895007993787 1.3510264632765077 1.4382721544621755 0.9288252502788794 0 
0 0.2682064358323447 0.29059709152210345 0.4441911145116563 0.9822617344259097 0.5026070218644221 0.023520149947255473 0.8268332283959002 0.9659385407824809 0.9322022950290201 1.0114772329053514 0 
0 0.3262282534091547 0.3091706027898096 0.3529397862918381 0.6988593281177177 0.2717379253920475 0.2869026314067871 0.03617846378931489 0.5245373865917577 0.8171536095969172 1.532946300255122 0 
0 0 0 0 0 0 0.23177178081710403 0.057724636870351 0.06521810171715574 0.19214971336025816 0 0.08219474809574089 
0 0 0 0 0 0.26896762509275823 0.15764153756972055 0 0 0 0 0 
0 0.3974005654852057 0 0 0.6416236419329117 0.16060389467998507 0.01796433661216185 0.17217509594292174 0.43072354237109184 0 0 0 
0 0.8410340974902413 0 0 0.18869967867724427 0 1.0533673674325081 1.0808357817961187 0.4003571073064551 0.36849803929041663 0.4529461278323756 0.2625017478698654 
0.03627521984905414 0.36826873406206934 0 0 0 0 0.040791600813126966 0.21820467744825442 1.344817129979042 1.1737543838272726 0.579523329793843 0.113447702019779 
0.03806988460757381 0.6821361888750432 0.8838042360507816 0.068852478103317 0.009821715088420897 0.7334775953730004 0.4475819816851108 0.3406794207157915 0.5849061734052378 0.40894492593573345 1.260997297793586 0.6252850922296622 
0 0.6295284497515723 0.25013343242167285 0 0 0.4115412613710424 0.6723187724810433 0.7902065353460279 0 0.06751097894590007 0.2070728718953015 0.3126117919997968 

0 0 0 0 0 0 0 0 0 0 0 0 
0 0 0 0 0 0 0 0 0 0 0 0 
0 0 0 0 0 0 0 0 0 0 0 0 
0 0 0 0 0 0 0 0 0 0 0 0 
0 0 0 0 0 0 0 0 0 0 0 0 
0 0 0 0 0 0 0 0 0 0 0 0 
0 0 0 0.4023987547336254 0.3283317458638588 0 0 0 0 0 0 0 
0 0 0 0.9734677460297398 0.8891117237977187 0 0 0 0 0 0 0 
0 0 0 1.1267570302212417 0.901509631969375 0 0 0 0 0 0 0 
0 0 0 0.9847858001755776 0.6596697698679115 0 0.10085839171561667 0 0 0 0 0 
0 0 0 0.5043666372278698 0.13012435376292317 0 0 0 0 0 0 0 
0 0 0 0.025272927561826284 0 0 0 0 0 0 0 0 

0.4381262505303968 0.5009061556955259 0.4059714495066788 0.9184089541451281 0.849951101781894 0.9428107189763697 1.1555872916889889 1.3576627568489306 1.2195566940159237 0.9555675425151704 0.1900776972057224 0.19424958672959508 
0.0679394276638635 0.2649915970919329 0.596018340689126 1.5039716919077895 1.7810299064621007 1.6249123727844241 1.3095079803971101 1.221270675908286 1.4189464578216477 1.163248058077888 0.6297558746012107 0.37978350379489495 
0 0 0 0.9002774479190687 1.0939245909912383 0.7721575270758162 0.4620715106740754 0.6139847752488424 0.24223388614629568 0.48929675366257336 0.3956580272756026 0.1532343486287879 
0 0.11628924746399628 0 0.47544281126047244 0.77470362904042 0.6976567140389811 0.4916157161638827 0.23104939392965096 0 0 0.17382308147364842 0.3872608648775653 
0 0.08265641550868881 0 0.011102545370776554 0.5313393109396554 0.30917813423757395 0.2563234651139752 0.0801338982881617 0 0.13036975337668516 0 0 
0 0 0 0.19133122813024278 0.7481583676454391 0.10095834291191115 0.07203887351413299 0 0 0 0 0 
0.06274761283574258 0 0 0 0.7320965305641662 0.042831058468623284 0.1691252020506723 0.14674378086601966 0 0 0 0 
0.03256903507860907 0 0 0 0.6991108085637445 0.2981217392122511 0.01154146276950132 0 0 0 0 0 
0 0 0 0 0.6005952643303631 0 0 0 0 0 0.08687938410945073 0.23016696136485792 
0 0.0863220909088219 0 0 0 0 0 0.3295017180129908 0.23462969619028173 0.3924336228569653 0.2932121154439426 0.2776443719439274 
0 0 0 0 0 0 0.016938776883451887 0.30460061076064693 0.39498786106440964 0.13918426116262364 0.19753362654364187 0.3177330626565597 
0 0 0 0 0 0 0.07665698995054793 0.49780070127737197 0.07532336660149686 0 0 0.07848565320986142 

0 0 0 0 0 0.24312389891939712 0.5075091022789623 0 0 0 0 0 
0 0 0 0 0 0 0 0.3110851057036542 0 0 0 0 
0 0 0 0 0 0 0 0 0.3466097720051464 0 0 0 
0 0 0 0 0 0 0 0 0 0 0 0 
0 0 0 0 0 0 0 0 0 0 0 0 
0 0 0 0 0 0 0 0 0 0 0 0 
0 0 0 0 0 0 0 0 0 0 0 0 
0 0 0 0 0 0 0 0 0 0 0 0 
0 0 0 0 0 0 0 0 0 0 0 0 
0 0 0 0 0 0 0.31418483598881725 0.36370332575909287 0 0 0 0 
0 0 0 0 0 0 0 0 0 0 0 0 
0 0 0 0 0 0 0 0 0 0 0 0 

0.15214049811514282 0 0 0 0 0 0 0 0 0 0 0 
0.05338147450122253 0 0 0 0 0 0 0 0 0 0 0 
0.5438967393251669 0 0 0 0 0 0.019123850063532448 0.333397497189659 0 0 0 0 
0.17698712266855138 0.2483653710359695 0.40097026463678465 0 0 0 0 0.20943405538403828 0.11476916842707344 0 0.18874204688860738 0 
0 0 0.09079690766793357 0 0.009100648626328464 0 0 0.18152925420454527 0.224661394201067 0 0.4450730877942175 0 
0.12566259145291425 0 0 0 0.35598291828567824 0.041956567582346685 0 0.36084995982507273 0.6650169475911926 0.1687025231629035 1.1214428544165036 0 
0.03959254334107353 0.15959763403013347 0 0 0.47987095966603716 0.15825899166847454 0.09090732513594886 0 0 0.19736329232140976 1.1425358514934965 0 
0 0.7827323378584825 0.023765602641726124 0 0.9010645037180559 0.22349033969424623 0 0 0 0.409496867404288 0.32594798416444076 0 
0 1.497261708753992 0.4657023274526863 0 1.0786124106851316 0.1394863890490218 0.1642752131800115 0 0.07917707586320014 0.15147142143197684 0 0 
0 1.1028298390556395 0.5478408603232691 0 0.9745508668919618 0.07648683861550198 0.45789670929326015 0 0 0 0 0 
0 0.16285534867452728 0.3418789356150861 0.710480397760613 0.7108422204954147 0 0 0 0.14714334376809882 0.09851615980156239 0 0 
0.8330786348157292 0.23172771552219903 0.2402014964069803 0.5672512499638717 0.8312918395132367 0.17421530867093307 0 0 0.23830963812513523 0.611488696082406 0.33937915340263275 0 

0 0 0 0 0.24005055305241754 0.08387910087561483 0 0 0 0 0 0 
0 0 0 0 0 0 0 0 0 0 0 0 
0 0 0 0 0 0 0 0 0 0 0 0 
0 0 0 0 0 0 0 0 0 0 0 0 
0 0 0 0 0 0 0 0 0 0 0 0 
0 0 0.48839711743650716 0 0 0 0 0 0 0 0 0 
0 0.5536126764372431 1.4803739341175544 0.061403026896242316 0 0 0 0 0 0 0.13780405646647134 0 
0 0.8997710881896921 1.3597708145405716 0.18924550095422651 0 0 0 0 0 0 0 0 
0 0.80929605256588 0.995927724372466 0.1183807467588633 0 0 0 0 0 0 0 0 
0 0.029447087399604718 0 0 0 0 0 0 0 0 0 0 
0 0 0 0 0 0 0 0 0 0 0 0 
0 0 0 0 0 0 0 0 0 0 0 0 

0 0 0.3142828567172487 0 0 0 0 0 0 0 0 0 
0.14003776916925564 1.51580628715719 1.223117497469394 0.26486991618431954 0.5942559710284427 0.03124398497004871 0 0 0.3093846621454682 0.10760200373757953 0.04687894531664298 0 
0 0.2072258214522863 0 0 0 0.19958609952550574 0.2955858526394365 0.3707016748671689 0 0.5287304683072098 0 0 
0 0 0 0 0 0 0.006617832603395851 0.31357711849314335 0.738665513926987 0.26376066533324527 0 0 
0 0.1654467581347498 0 0 0 0 0 0.02179623002862246 0.1466518853897403 0 0 0.24278954078678283 
0 0 0 0 0 0 0 0 0 0 0 0.7805991963948546 
0 0 0 0 0 0 0 0 0 0 0 0 
0 0 0 0 0 0 0 0.15570625990138676 0 0 0 0 
0 0 0 0 0 0 0.4326525140907898 0.6090173495814872 0 0 0 0 
0 0 0 0 0 0 0 0 0 0.008122064862294054 0 0 
0 0.175539323056357 0 0 0 0 0 0 0 0 0.4051725540241322 0.030656033284055396 
0 0.19264873643674482 0 0 0 0.447616962006055 0.36650983209513527 0 0 0 0.03572214578052167 0 

0 0 0 0 0 0 0 0 0 0 0 0 
0 0 0.7066079745937616 0.761578820837632 0.9111815365812344 0.27827084777450345 0 0 0 0 0 0 
0 0 0 0 0 0 0 0 0 0 0 0 
0 0 0 0 0 0 0 0 0 0 0 0 
0 0 0 0 0 0 0 0 0 0 0 0 
0 0 0 0 0 0 0 0 0 0 0 0 
0 0 0 0 0 0 0 0 0 0 0 0 
0 0 0 0 0 0 0 0 0 0 0 0 
0 0 0 0 0 0 0 0 0 0 0 0 
0 0 0 0 0 0 0 0 0 0 0 0 
0 0 0 0 0 0 0 0 0 0 0 0 
0 0 0 0 0 0 0 0 0 0 0 0 

0 0 0 0 0 0 0 0 0 0 0 0 
0 0 0 0 0 0 0 0 0 0 0 0 
0 0 0 0 0 0 0 0 0 0 0 0 
0 0 0 0 0 0 0 0 0 0 0 0 
0 0 0 0 0 0 0 0 0 0 0 0 
0 0 0.009660624445966128 0.34861457379736593 0 0 0 0 0 0 0.2354446977609153 0.8156371645715734 
0 0 0.40504068136293586 0.7296104807848053 0.2086483725217246 0 0 0 0 0 0.14177539555411794 0.3915918252474943 
0 0.048366682281453854 0.238905702408709 0.5976830159878477 0.07100316714155147 0 0 0 0 0 0 0 
0 0 0 0.1835947020835853 0 0 0 0 0 0 0 0 
0 0 0 0 0 0 0 0 0 0 0 0 
0 0 0 0 0 0 0 0 0 0 0 0 
0 0 0 0 0 0 0 0 0 0 0 0 

0.45201862807337 0.4364056886881855 0.33043690498026407 0.7072478289026979 0.49550488971723833 0.7786699412622454 0.9659234267693148 1.0633464896186917 1.1826732682157932 1.1915372229797994 0.6205840217201721 0.5590386992578699 
0 0 0 0 0 0 0 0.22897825921049347 1.31979201358816 1.2309045570817476 0.5103942025510508 0.3149482398207931 
0 0 0 0.5736019186415895 0.5209048183175157 0.4528574339056851 0 0 0.07834243743200402 1.1401368405817722 0.9686839488394094 0.4510370629714987 
0.13883331262837034 0 0 0.04727898487140511 0.7227765743554013 0.847617986396604 0.09694840474023807 0 0 0.8942597406685588 1.5487627384486342 0.8459806008504686 
0.21029154391438387 0.07440117342521677 0 0.13620746102657236 0.7258902403717952 0.6556186223096057 0.2967095894565525 0.20258153112119162 0.06553252550952393 0.3905673248212499 1.043189112361563 1.0143309037984831 
0.05299115780767052 0.011146344759654293 0.2629436916249826 0.7674781795594319 0.6879613753373114 0.4474575748792078 0.31640750961465164 0.14134323705428273 0.2331039917931685 0.41641478160907286 0.07082315284550993 0.7946008897651885 
0.3540492836253699 0 0 0.8473393495901178 0.8350160762225316 0.6511234171607645 0.8258799012837188 0.5300641254397968 0.2571634077649791 0.3652952935524675 0 0.37758647716022276 
0.37229322300691786 0 0 0.37591900466285705 1.2148494607239941 1.050740836748962 0.930949143311978 0.6251502555804742 0.1335597570828374 0 0 0.1268699350036375 
0 0 0 0.11100648576923786 1.0060951514344154 0.4362292605988913 0.5624535498747232 0.8897590085285914 0.19049709939327436 0 0 0.3751139043159035 
0.213221138337922 0 0 0 0.6675754728155482 0.49804953823856873 0.3282589974174269 0.472743956196848 0.501653294990658 0.4321654864332872 0.6641883352713642 0.7231801397956062 
0 0 0 0 0.5373230402222051 0.6337959161328727 0.16912921685589305 0.4152536103376484 0.6913621114314735 0.4892894314155274 0.5560631351307022 0.6285672000293673 
0 0.16240812735273139 0.2387729953478322 0.15459149532299343 0.0774969973863592 0.36762999219185327 0.038545003555678206 0.3178176659865021 0.316729349528785 0.20673131743063994 0.41446937605777767 0.48031585604937405 

0 0 0 0 0 0 0 0 0 0 0 0 
0 0 0 0 0 0 0 0 0 0 0 0 
0 0 0 0 0 0 0 0 0 0 0 0 
0 0 0 0 0 0 0 0 0 0 0 0 
0 0 0 0 0 0 0 0 0 0 0 0 
0 0 0 0.013223749739395971 0 0 0 0 0 0 0 0 
0 0 0.024307968568549887 0.558021822530968 0.2852597771373486 0 0 0 0 0 0 0 
0 0.2332634477040561 0.2091291881108523 0.48068098908088464 0.1526051724031903 0 0 0 0 0 0 0 
0 0 0 0.17412820417661073 0 0 0 0 0 0 0 0 
0 0.059083643834460825 0 0 0 0 0 0 0 0 0 0 
0 0 0 0 0 0 0 0 0 0 0 0 
0 0 0 0 0 0 0 0 0 0 0 0 

0.9934165298944544 0.5050405994889862 0.24306798486300107 0.24846506802767748 0.5734029928177297 0.6759371770251679 0.43556992430244595 0 0 0 0.6299233179425591 0.5170016602888072 
0.46830837218164395 0 0 0 0.1306894709716913 1.328479380052063 1.5030014503605829 1.0489505125167227 0.1328167521716227 0 0 0.7498466725147684 
0.3202128063671703 0.12486992061178176 0.05042620380885943 0 0 0 0.5733406300066918 0.6177556543198202 1.0733767271107324 0 0 0.4054594929774257 
0.46051088687055136 0.0747544677754207 0.23142987225179945 0 0 0.16955011579751728 0.2687809123367775 0.0692437234736319 0.6947802317637518 0.9553223149653435 0.7224868668182807 0.9025865844356106 
0.5555008894898131 0 0 0.6379531182687677 0.7011921682800729 0.7030532264349585 0.5930585093968381 0.04660068358030597 0.28933042639254314 0.9004762113040929 0.3372756010382302 1.089524094409973 
0.49508019877701265 0 0 0 0.20151182474132054 0.479210251452195 0.4426922596471704 0.7371382683752215 0.4108679433346094 0 0 0 
0.6762494584572052 0 0 0 0 0.389267842078493 0.6628301148210778 0.8167014109811489 0.25329174812799565 0 0 0 
0.6961423810794468 0 0 0 0 0.760377064737283 0.707144511887256 0.6648450000066837 0.2867784092785841 0.06601852660960217 0 0 
0.53437649811906 0 0 0 0 0.6819171416958038 0.459045032622962 0.5984189134996251 0.45053449454931416 0.23378753300084953 0 0 
0.7585887823403072 0 0 0 0 0.8982818857703161 0.24497251281823532 0 0 0.4490808032522019 0.5611737471524016 0.2645445555360031 
0.7962930945613379 0 0 0 0.022702093520256896 0.8748443289840502 0.61347196035033 0 0 0.2283178794228672 0.6152401350026298 0.5168680093422601 
0.28546908362615925 0.1595122790135715 0 0.22110014757951651 0.12182168269980759 0.015596116269002216 0.29802544979720763 0.8441957934693094 0.664371569696461 0.5284516766753877 0.3904373606259504 0.5040785501293223 

0.7287277306649872 0 0 0 0 0 0 0 0 0 0 0 
0.9973557346675224 0 0 0 0 0 0 0 0 0 0 0 
0.7013637765247779 0.16436783533731922 0.39162843333715713 0 0 0.2156385987123239 0.6013620241914328 0 0 0 0 0.46311167951032045 
0.5549662707646913 0.5685502553686729 1.0482701940345918 0 0 0 0.7441603147151611 0.23516520361915233 0 0 0 0 
0.3967603279345697 0.6731181365523432 1.431755092730732 0 0 0 0.1507965873645485 0.19065442337231328 0 0 0.17780316617641914 0 
0.34142859856304514 0.6652163408345202 1.6840028074803597 0.7047818171047485 0 0.2627037336558498 0.3394575409102991 0 0.08563789591254596 0.7093898662734532 1.2956273311356648 0 
0.373056781749988 0.6007263183142686 1.8919832264450378 1.4446302145717715 0.27141387211307005 0.3691442820314492 0.24320449252442572 0.16726769952347814 0.3912671364154837 0.6713934027526692 0.9121340067835314 0.05814033114917462 
0.4868593836918844 0.4180974311171711 2.1372216684448686 1.7689542784976977 0.3055306707785988 0.15495195200241305 0.07097954818063 0 0.3836832760024217 0.476104200729905 0.44076299812099995 0.21608764661488006 
0.6254495456066705 0.18797423659550705 1.8925158367738124 1.7356491075849223 0.5149027933363178 0.1269023961321804 0 0 0.503653507595941 0.32259482281353274 0 0 
0.43362676928909394 0 1.043692567361153 1.1578400238923168 0.44282346014656504 0 0.2978940921504626 0.5065463679202281 0.7287480451289223 0 0 0 
0.5847455884575035 0 0.30346801166745563 1.1167235881882804 0.49743407046020716 0.32864148134089477 0.20542490439847197 0 0.3984005902648524 0.30860227631391285 0 0 
0.6528209372208907 0 0.4084547241777096 1.0026472286023171 0.5391354356336752 1.0529921284712211 0.8087400020614041 0 0 0 0.09491727543728906 0 

0 0 0 0 0 0 0 0.24964041822137034 0.06902851104650244 0.04903752816187745 0 0 
0.3692113061623573 1.1657543227192908 0.803978480463433 1.3801859219186898 0.9530578570975895 0.9036214805829107 0.9347386232370999 0.8155477358980083 0.7997600836818857 0.7583972948147861 0.07394898832856922 0 
0 0.2623074620220812 0.21640577690317364 0.6578425666181869 0.16742870351034564 0.6016811688498299 0.7461184704883638 1.09033422676292 0.4089607010673967 0.19603833454844552 0 0 
0 0.3032062975062638 0.3691850919443459 0 0 0.12945190004604815 0.10140735378597282 0.9439858400809621 0.8875626426085953 0 0 0 
0 0.011534778767144782 0.2040561351918927 0 0 0 0 0.07565855988176864 0.09832721411341568 0 0.13612491934356352 0 
0 0 0.3273935527074424 0.587706922558654 0.28237412086635055 0 0 0 0.07710533416144423 0.3754354638866108 1.3436040232512017 0.34907115359357804 
0 0.029746303561952625 0.41005433678096936 0.7202194871863334 0.09960697086760889 0 0 0 0 0.1607102547744812 1.1861668870817828 0.1763962601800066 
0 0.3913776987173461 0.9816488637798269 0.8396561081547176 0 0 0 0 0 0.27786074805280503 0.4535201929905964 0 
0 0.5757857976955693 0.9880440655713119 0.4421625358617321 0 0 0.08735420930597809 0 0.27300340692996344 0.16553998077104864 0 0 
0 0.7688909630165366 0.4458663797682731 0 0 0.4923352437038845 0.7332858759757377 0.6843351251101297 0.7363346349384139 0.3940481120289509 0 0 
0 0.20711543913711988 0 0 0 0.2621696928883932 0.22822176850555664 0.17367833122241436 0.42722905571976383 0.2955297097968843 0 0 
0.06267448623389024 0 0 0 0 0.2878810459494477 0 0 0 0 0 0 

0 0 0 0 0 0 0 0 0 0.2922172440620533 0 0 
0 0 0 0 0 0 0 0 0 0.2311425013263635 0.17834238145859982 0 
0 0 0 0 0 0 0 0 0 0 0.6050197501952232 0 
0 0 0 0 0 0.17876497352748755 0 0 0 0 0.10750407951048968 0.1107294057155421 
0 0.09917350479039595 0 0 0 0 0 0 0 0 0 0.34204133754431704 
0 0 0 0 0 0 0 0 0 0 0 0 
0 0 0 0.08798245401078791 0 0 0 0 0 0 0 0 
0 0 0 0.04888907119761022 0 0 0 0.3815203986771161 0 0 0 0 
0 0 0 0 0 0 0 0 0 0 0 0 
0 0.1634813664860497 0 0 0 0 0 0 0 0 0 0.16771345989285152 
0 0.24457206784334845 0 0 0 0.17257718958739027 0 0 0 0 0 0 
0 0 0 0 0 0 0 0 0 0 0 0 

0.2609943211581118 0 0 0 0 0 0 0 0 0 2.853492801285773e-05 0.09936714293839963 
0.49187014053138706 0 0 0 0 0.32031348794715164 0.5340601017161916 0.11258624204800051 0 0 0 0 
0.21233091727503045 0 0 0 0 0 0.20383063863237358 0.38258127457503155 0.19168596511826141 0 0 0.047255579009132784 
0.24007113433764676 0 0 0 0 0 0.26826452392706923 0.18783426171709397 0 0 0 0 
0 0 0.15162638732338218 0.39558457136322867 0.23148711830898624 0.011387790692418891 0.06098453651826424 0.22878015706330448 0.011379674913043834 0 0.35668217315050316 0 
0 0 0 0 0 0 0.08021420671293022 0.18610908296162382 0.061034600175529474 0.11791173450784997 0.49700943468720443 0 
0.057052931034543446 0 0 0 0 0.00782941765293147 0.05771003381617966 0 0 0 0 0 
0 0 0 0 0 0.21504040422418835 0.011461499873714528 0 0 0 0 0 
0 0 0 0 0 0.2103013061080855 0 0 0 0 0 0 
0 0 0 0 0 0 0 0 0 0 0 0 
0.101533442368113 0 0 0.3551432604152495 0.5739799161140229 0 0 0 0.16549048857880538 0.35828467582785584 0 0 
0.07239503078401015 0 0 0.20278469281439673 0.12458994064912547 0 0.1244015274622608 0.12305663281611491 0.26944752582469605 0.15336577972896048 0.08545054740144752 0 

0 0 0.7342293271041264 1.3963220492744162 1.5237204533037503 1.1849926978460945 0.48025324382987 0 0 0 0 0 
0 0 0.1603282726266996 0.16293229892064137 0.20047007635710357 0.4208856585430778 0.8329725774949006 0.30601421407343476 0 0 0 0 
0 0 0 0 0 0 0.3317239817225152 0.40919671235589217 0 0 0 0 
0 0 0 0 0 0 0 0 0 0 0 0 
0 0 0 0 0 0 0 0 0 0 0 0 
0 0 0 0 0 0 0 0 0 0 0 0 
0 0 0 0 0 0 0 0 0 0 0 0 
0 0 0 0 0 0 0 0 0 0 0 0 
0 0 0 0 0 0 0 0 0 0 0 0 
0 0 0 0 0 0 0 0 0 0 0 0 
0 0 0 0 0 0 0 0 0 0 0 0 
0 0 0 0 0 0 0 0 0 0 0 0 

0 0 0 0 0 0 0 0 0 0 0 0 
0 0 0 0 0 0 0 0 0 0 0 0 
0 0 0 0 0 0 0 0 0 0 0 0 
0 0 0 0 0 0 0 0 0 0 0 0 
0 0 0 0 0 0 0 0 0 0 0 0 
0 0 0 0 0 0 0 0 0 0 0 0 
0 0 0 0 0 0 0 0 0 0 0 0 
0 0 0 0 0 0 0 0 0 0 0 0 
0 0 0 0 0 0 0 0 0 0 0 0 
0 0 0 0 0 0 0 0 0 0 0 0 
0 0 0 0 0 0 0 0 0 0 0 0 
0 0 0 0 0 0 0 0 0 0 0 0 

0 0 0 0 0 0 0 0 0 0 0 0 
0 0 0 0 0 0 0 0 0 0 0 0 
0 0 0 0 0 0 0 0 0 0 0 0 
0 0 0 0 0 0 0 0 0 0 0 0 
0 0 0 0 0 0 0 0 0 0 0 0 
0 0 0 0 0 0 0 0 0 0 0 0 
0 0 0 0 0 0 0 0 0 0 0 0 
0 0 0 0 0 0 0 0 0 0 0 0 
0 0 0 0 0 0 0 0 0 0 0 0 
0 0 0 0 0 0 0 0 0 0 0 0 
0 0 0 0 0 0 0 0 0 0 0 0 
0 0 0 0 0 0 0 0 0 0 0 0 

