0.20541794074501177 0 0 0 0.052784401925345385 0.7013455720095958 
0.44584129269846895 0.1602882079273871 0.8189054742571125 0.9606834508378154 0.7320239919637502 1.0388126445449053 
0 0 0.04328414689313753 1.0201873631040808 0.8450936620493785 0.8521342635831209 
0.04618508855725467 0 0 0.416950286848039 0.9647538917449923 1.3753858342007979 
0.22906539802300557 0 0 0.5763768604450813 0.9639321524012148 1.4180085374707248 
1.0397810863751875 0.375061020529678 0.9969399460366524 1.0914532247686002 0.9901757929806584 1.406281615208885 

0 0 0 0 0 0 
0 0 0 0 0 0 
0 0 0 0 0 0 
0 0 0 0 0 0 
0 0 0 0 0 0 
0 0 0 0 0 0 

1.1887463322338165 2.6605781748289847 2.8771458509077914 3.0057259110619756 2.7081488536169633 2.102154110335908 
0.39129590127436475 2.4174302069693607 2.47039966060668 2.811790261815858 2.5857668465645647 2.6395454739350743 
0 1.8189566791919816 2.5369065964445947 2.4194337318300976 1.6417493602559172 2.535899889890084 
0 1.2958588694752953 2.770104292503092 2.423891085947506 0.9758985700275659 1.9991028971940907 
0 0.6666949784767023 2.4868884760168894 2.823534306836557 1.7663081667075802 2.372101619661504 
0 0 1.0268169226883037 1.5456264421920873 0.8783507906560337 1.5432022291007768 

0.33207772091625315 0.28062090394883876 0.30022313447498045 0.18194136195632454 0.18372373093746167 0.04528887750141798 
0.07901159575747181 0.2893967730145992 0.1531061646815451 0 0.1823203865972983 0 
0 0 0 0 0 0 
0 0 0 0 0 0 
0 0 0 0 0 0 
0 0 0 0 0 0 

0 0.48021944945171546 0.5485573384726765 0.5801462431514864 0.4678298463069568 0 
0.1515165339579676 0 0 0 0 0 
0 0 0 0 0 0 
0 0 0 0 0 0 
0.2570957763725537 0 0 0 0.15048429577020123 0 
0 0 0 0 0 0 

0 0 0 0 0.39270096517751313 0.5934884772637232 
0 0 0 0 0 0.028049822597164542 
0 0 0 0 0 0 
0 0 0 0 0 0.01787937691539008 
0 0 0 0 0 0.5274499302405424 
0 0 0 0 0 0 

0 0 0 0 0 0 
0 0 0 0 0 0 
0 0 0 0 0 0 
0 0 0 0 0 0 
0 0 0 0 0 0 
0 0 0 0 0 0 

1.431621829570508 1.6250008358289811 1.291120606841933 1.086456985037638 1.1303238396857138 1.026311207960246 
1.740150493722759 1.9073021712018894 1.7406733978251336 1.497056765318056 1.406107555539716 0.9212534664277241 
1.9561969078742725 1.8648653229932528 1.5714002965971907 1.6669156219206547 1.6183422881397604 1.0381930627502156 
2.6164771379922 2.8592064780889515 1.9175080124195352 1.7403849054710225 1.668472919570137 1.0940967388426737 
2.560767941505807 2.8574782347282053 1.7818065116195485 1.701689639596847 1.707305255204744 1.098859389482016 
2.401695255991589 2.108352201099696 1.3657228860746304 1.2491295220716159 1.167165341288529 0.7829651984027816 

0.5655256043816277 1.3787440564428335 1.28776273802321 1.8560674388480445 2.546505073461525 2.526362029713297 
0 0.34106087344368996 0.8401303089019813 1.3655358803390598 1.351524131253357 1.7260782317479795 
0 0 0.8684377300466961 1.977633854396781 1.2146856802855595 1.4427488116243248 
0 0 0.5438541128696524 2.0712292361187177 0.9731815392066041 1.3064427314750835 
0 0 0 1.2660147301845663 1.0281180963845884 1.9003474110767493 
0.824213115239314 0 0 1.1126499219296881 1.0172870070955458 1.2674028520708016 

1.5424420159642083 1.344120742032104 1.5054794179823618 1.0926492598748365 1.0957557612078752 0.5279545421913039 
1.2253158371554085 1.4409992839395398 1.7197997326993055 1.9855670334185485 1.8745847477808817 0.8446529420476118 
1.3450366123532564 0.9732106791702659 0.9832208981317184 1.856507821438179 1.9004312127058338 1.0525255778378626 
1.897039133962337 1.345104525262369 1.141920942045553 1.9324836970983013 2.117634086415971 1.2946488479006646 
2.4254534896776723 1.9467776422480412 1.7959043056333768 2.1824964286703223 1.8126528651051457 1.1698278947133496 
2.675126989898455 3.106277661135356 2.910546925460524 3.061562684235544 2.4452433191452463 1.7970017872534434 

1.8752468325307867 2.1276136957968026 2.063159060266539 1.9773100062457614 1.677129948463547 1.1721155524450786 
1.2622941807207988 0.7959803876268773 1.2314633853292993 1.1115191665640947 0.8684525279710045 0.3295144614582481 
0.9140689095088911 0.3439530460074462 0.9083882180874433 0.9642464232365126 0.47175881241716083 0.12667026262807068 
0.33325741229848 0 0 0.7732830696344408 0.6776970252809253 0.5839434075574585 
0.45213371168572836 0 0 0.9555694995002111 1.2351547975325339 0.9439925136310546 
0.8386578020984032 0.20753150450639668 0.16353644874516665 0.9053637078302991 1.1160228625937216 1.2157870759872327 

1.6356168393077857 1.7677595611673418 1.7754964723121498 1.7282448129591141 1.170805542845223 0.6232557205548158 
2.3187845963046825 2.3755481101017653 2.3480687336810164 1.5319382305212867 1.395007051871415 0.31212436287697 
1.2524775022412258 0.6543570637508983 1.2518875486936543 1.499506097748742 0.6245475331758256 0 
0.9097276681460013 0 0.23064399897972548 1.0351531367812867 0.9601815811427535 0 
1.2622603040397062 0.16249320459392105 0.07462972898323761 1.1979035002039502 1.5692342704284987 0.6739536375607664 
1.2335427271649293 0.2912730582630279 0 0.3671586425882537 0.8054749834173787 0.5415794129510129 

3.143622570921133 3.3255137131835952 3.5539178025069447 3.471810939930538 3.0569910718673112 2.4484523534453992 
3.438627362957456 3.534617670817486 3.633039339117815 3.4541707531155863 3.2847625662511284 2.2379166499425582 
3.019300809252977 3.061845568088068 3.479396132003174 3.512863197244533 2.973004469753643 1.9859429948147893 
2.936414048242101 2.2926935290672854 2.523573226290452 3.2461450555401785 3.0209556948040395 1.9819692914572244 
3.43548585898134 2.5909130031253658 2.4848727094119156 3.213305166592564 3.1648042362386337 2.364759830696188 
2.959421578517962 2.2816109075318303 1.9700599243656747 2.435781079195575 2.5449901992824304 2.165061307013378 

0 0 0 0.28054569227668036 0.3012074561492085 0.6374291867504934 
0 0 0 0 0 0.9892338582753963 
0 0 0.0215530551122112 0 0 0.9363060266700665 
0 0 0.6450325082415694 0 0 0.7025014689675729 
0 0 0.3497205013198705 0 0 0.9827656100748029 
0 0 0.1100606176365116 0 0 0.032899538953257 

0 0 0 0 0 0.12236461346833623 
0 0 0 0 0 0.0980658180807312 
0 0 0 0 0 0.21022686212660766 
0 0 0 0 0 0.13148287171293788 
0 0 0 0 0 0 
0.31481632452589176 0.19677511896044925 0 0 0.005060386578532555 0.26137623116206227 

0 0 0 0 0 0 
0 0 0 0 0 0 
0 0 0 0 0 0 
0 0 0 0 0 0 
0 0 0 0 0 0 
0 0 0 0 0 0 

4.012473832504657 4.5417580709701255 4.6100478548106825 4.079728393259362 3.36947528352444 2.5958220090336126 
3.2560917377327554 5.183478072654122 5.363153292290058 5.352828640392066 4.548973100553736 3.4138470139035384 
3.342920955817112 5.053625833930985 4.862810264817901 4.5591661254304 4.628859481712972 4.151665681188435 
2.2078292298836004 5.058576447870519 5.089756895097841 3.998605288986856 3.4368554044336372 3.8246962746756465 
1.872571611497924 4.139038876986994 5.290082757442429 4.612557117112792 3.435481539242284 3.3743775821965647 
1.941786889345045 3.4639123187962473 4.781635498733986 4.754506865554773 3.8183124093280503 3.475705314477179 

0.08795479285313741 0.6969825646533472 0.6335978241452246 0.6161480153718544 0.9968357377439122 0.2726322881401335 
0 0 0 0.060235248354315506 0.11925900333872576 0 
0.3299192547057452 0 0 0.3181064010872682 0 0 
0.3701601728402707 0 0 0.609414716681075 0.13293908230605297 0 
0.3951462518611827 0 0 0.4457313474004274 0.018712277287446247 0 
0.5170836749494856 0.12157479258086862 0 0.7001383899718976 0.5373183718193469 0.5164994737825638 

0 0 0 0 0 0 
0 0 0 0 0 0 
0 0 0 0 0 0 
0 0 0 0 0 0 
0 0 0 0 0 0 
0 0 0 0 0 0 

0 0 0 0 0.012320147290275162 0.36556668206766696 
0 0 0 0 0 0.015672339852782824 
0 0 0.04660903941199082 0 0 0.024310359255946268 
0 0 0 0.06024362603743291 0.16424707296295876 0.2220396267432917 
0 0 0 0 0 0 
0.7968488257856915 0.5711807079738456 0.5633926750544875 0.44715755385729344 0.5230560695475194 0.46125816045746726 

