0 0 0 0 0 0.10792648942953437 
0.5521646678403487 0 0.20000297905139372 0.6525513012335453 1.0463126616986755 1.213158360450688 
0.5473900811675186 0 0.34178804005838853 0.5787026738449498 0.8559408902590611 0.8903833120899977 
0.8443651434146556 0.36985951105877174 0.7259227917511653 0.6164315000653718 0.8681483753806303 1.1031813417835614 
0.8729517384721931 0.5238342385073649 0.4825936096801155 0.7668559090030093 1.343158147192283 1.326791844021139 
1.5481918714322331 1.6810075254392371 1.6341495964425232 1.6396921923613965 1.8959907185314517 1.8275583785843927 

0 0 0 0 0 0 
0 0 0 0 0 0 
0 0 0 0 0 0 
0 0 0 0 0 0 
0 0 0 0 0 0 
0 0 0 0 0 0 

0.7955950350317891 2.058532917067692 2.34712663836768 2.02448539354947 1.5818639842389561 1.825886798026832 
0 1.5908179932217983 2.2751833955448015 2.0668901843585554 1.417334974790626 2.1460061625772964 
0 0.8530810941104419 2.0045522435316676 2.1483666951728178 1.825550997572017 2.2331401085187195 
0 1.409476605330793 2.1879049656423564 2.2417218386951046 2.174966451542545 2.5094297945502295 
0.16288327647538936 1.9605945677598253 1.7113675770636219 1.7315501297348546 2.168539848030144 2.6278715044296987 
0 1.0891208554748595 0.6217590295625967 0.5926259023479692 1.0269058778817146 1.7409674475565535 

0.21373678633273296 0.1389694161497294 0.008891966240518592 0 0 0 
0 0 0 0 0 0 
0.06355813012042784 0 0 0 0 0 
0.09535046431587546 0 0.019397236681753974 0.09406121035697597 0 0 
0.04888488303270966 0 0.006297544283545141 0.0744039253143828 0 0 
0 0 0 0 0 0 

0 0.060335040060884554 0.1710956420265068 0 0 0 
0.0976930792700351 0 0 0 0 0 
0.20847309272946102 0 0 0 0 0 
0.6146872648447474 0.0355403247505047 0 0.0201866220740555 0 0 
0.1894193106027537 0 0 0 0 0 
0 0 0 0 0 0 

0 0 0 0 0 0 
0 0 0 0 0 0.033165150823791054 
0 0 0 0 0.3352742059007661 0.314807703614545 
0 0 0 0 0.26405214894321544 0.31583493064078305 
0 0 0 0 0 0.09433021816477746 
0 0 0 0 0 0 

0 0 0 0 0 0 
0 0 0 0 0 0 
0 0 0 0 0 0 
0 0 0 0 0 0 
0 0 0 0 0 0 
0 0 0 0 0 0 

1.5249773393456727 1.399675768151084 1.5405302151347768 1.5946331327543348 1.4844435444585335 0.9950718993503417 
1.9460092780674005 1.961668053348184 1.7126696655630387 1.988521128013617 1.9803783146676177 1.3983140346788014 
1.8607344152646417 1.9625487602436633 1.6264347756072348 1.7385687716617404 1.6192930935981404 1.4096637085777013 
1.5156708729391188 1.7406161693382898 1.5833436369788745 1.6889143245597444 1.5694643062567926 1.2376454364043716 
1.197454747921729 1.4414803255179622 1.6051598464064138 1.5644727873767936 1.279742336955582 1.0918507854431665 
1.2511457211217767 0.8577526804554311 1.073363252596364 1.174439543808606 1.1401731233753583 1.0306334204987593 

0.6449454878048747 0.9669507198797785 1.9294755125561904 2.2415305304622732 2.1853672441856293 2.008720597356375 
0 0.014711729437368065 1.1993346322931737 1.6826972171545302 1.5302259820951887 1.520111821348192 
0 0 0.1616424625553546 1.1800685671440763 1.7099507045577018 1.9892575843114078 
0 0.30038823704357187 0.42789318343267374 1.239817967575292 1.691184993773746 2.108494581814477 
0 1.3125851643432076 0.8021217589250779 0.7371023032582679 1.6275857122468902 2.1710317342431735 
0.5545712969765032 1.1136075903196583 1.2013248601906568 1.1072619464856934 1.300715897897867 1.495150230721181 

1.20963922060006 0.8116253627265081 0.8107210502813611 1.0060600032230003 1.1553688230278434 0.4798933054870929 
1.9077977665162225 1.8485801360355532 1.776564042396543 1.9220498584805306 1.8648544712461146 0.966143150167037 
2.1453339546769827 2.074783534575908 2.1999388267905013 2.370236804675061 1.5879814901923965 0.8955897853344941 
2.0001459191721302 1.9867412152297015 2.0844914328460518 2.339933997373942 1.5467116865335293 0.9514609313342535 
1.8631462180152212 1.9981151378368969 2.1491366340442437 2.313058942339625 1.7736173311746768 1.1950544245481787 
1.873108981050527 2.8416684032865955 2.6660220949983353 2.6898689706124728 2.5122353999731066 1.9086277522283168 

1.653783939162048 1.1321642049674279 1.4443147269544774 1.315620586127811 1.0771038678924216 0.5451086139558258 
1.1468063155417492 0.25646588966787587 0.4385448636856007 0.539612553173954 0.3957493513098962 0.12214144269905337 
1.1352770033735713 0.5753032919628448 0.5185560099218629 1.1259623878611793 0.7336538447482162 0.5684455366376459 
1.481105855218241 1.2354743957609506 1.1582642433938426 1.4202400251904403 0.8823030752135735 0.5953587845204048 
1.52421131688219 1.2258482189350632 1.3552687618885342 1.3198688937749088 0.8735724598139664 0.7767179715414079 
1.4377946388237224 1.0985155227755656 1.4009759101556738 1.290898210780545 0.9344928899337023 1.1144010138304041 

1.290252811354798 0.835617225697008 0.7787877290591881 0.7453842811682877 0.2241498643721074 0 
1.7666699161216202 0.8880482982689422 1.0026820489646444 1.1929811087623194 0.9189988340151889 0 
1.8701493730540257 1.1983774448371676 1.1067963836028705 1.3915345288651957 0.5952057316816611 0 
2.1858952217843006 1.8361970984323501 1.483091006719971 1.6867473709940177 1.014562113817041 0.020564969759005663 
2.04046748335984 1.5270800565604652 1.689921139965726 1.9124827283875965 0.8278128766406628 0 
1.5738714989076474 1.0968397200750892 0.997377600920885 0.7851052107917941 0.3722812749574558 0.22865375985707634 

2.85894206407986 2.9079188498763835 2.8585489810389286 2.8494677499907755 2.457170298867706 2.017475741485271 
3.5305160823239383 3.2478752197552936 3.2373103126170077 3.142173572860632 2.709837263022276 1.6748163783170027 
3.5903754939733745 3.258370662572393 3.18280220138225 3.3279093334316587 2.614235774950217 1.774943138679477 
3.7954611419138122 3.624526465904456 3.3366294012214355 3.515446828484111 2.7738384709087915 1.879832818412364 
3.6118983387850268 3.292904160864153 3.3874543660330056 3.504554994692099 2.929568741657007 1.9747592440897284 
2.9930559713960996 2.891041089728717 2.916589236433597 2.8620303812544665 2.5122984430921877 1.8907043500615597 

0 0 0 0 0 0.39650634579115873 
0 0 0.22150478377318766 0 0 0.8124440215208837 
0 0 0 0 0.20506451426431083 0.8068842010148236 
0 0 0 0 0.1049274949645187 0.8913072502748203 
0 0.20700984356444568 0 0 0.026621103558008362 0.9671030379750755 
0 0 0 0 0 0.24190080643957326 

0 0 0 0 0 0.2922291211430427 
0 0 0 0 0 0.2483496402032867 
0 0 0 0 0 0.2985748852190549 
0 0 0 0 0 0.18698285069338724 
0 0 0 0 0 0.1067334967335221 
0.3675179151095809 0 0 0 0.001384631506230305 0.20021173525464492 

0 0 0 0 0 0 
0 0 0 0 0 0 
0 0 0 0 0 0 
0 0 0 0 0 0 
0 0 0 0 0 0 
0 0 0 0 0 0 

3.6222694690310324 3.9947242082096492 3.8562715183048244 3.747821913168633 3.6071089556175644 2.7678500729200803 
2.9222228150286766 4.626407049617716 4.136192656064617 3.4811138618896895 3.101861460464921 3.337552651984469 
2.8346629827067327 4.542005229044867 4.998510124094645 4.417716696188121 3.29701921930391 3.3167609200205 
2.903501876781374 4.4009527788527665 4.95344427119325 4.63960300580822 3.3398033674973924 3.238436514752587 
3.446994099870293 4.379340256924771 4.583385326924807 4.3101130179316804 3.8387276838012023 3.3815701270283505 
3.0617324297851547 4.088308888316349 3.658076971092994 3.5069749266666266 3.4595744482685817 3.406103540531398 

0.3386003388524387 0.10241908284781213 0.13017098571264502 0.4679773724581709 0.46461310234595854 0.17722315670109762 
0.17074443485240226 0 0 0.3758332772281549 0 0 
0.24824882909629595 0 0 0.4668763399789963 0.05334998746825362 0 
0 0.1543665707669757 0.022886565816618135 0.25993407564314835 0.0756275622145906 0 
0 0.5590367601636387 0.41777770083455107 0.29516539551807625 0 0.01498933560358165 
0.03038552135803104 0.852319634643869 0.7560802411349822 0.5247131553368566 0.2654606637892602 0.24766772769085063 

0 0 0 0 0 0 
0 0 0 0 0 0 
0 0 0 0 0 0 
0 0 0 0 0 0 
0 0 0 0 0 0 
0 0 0.27933166089667827 0.02646332985651245 0 0 

0 0 0 0 0.1581609402020043 0.630107069232573 
0 0 0 0 0 0.057551784198657766 
0 0 0 0 0.04797783740409057 0.21016451320295199 
0 0 0 0 0.0017294027105215007 0.2753807620055856 
0 0 0 0 0.34631434523950544 0.2409456237330772 
0.7521105703476035 0.8590949099887836 0.7193086314895317 0.770687245493888 0.8776684516124958 0.32600682700590583 

