1.4610198850717446 0.047356616040607966 0 0 0 0.6044258961842324 1.0080469334466735 1.0144107895073384 0.8081514696236427 0.5568649337414401 0.23010948524086403 0.3489329804720597 
1.612112616563233 0.8285809495954797 1.003018191320133 0 1.078352396584357 1.8808806665591973 1.2850944715382202 1.6473417350385344 2.23501660257505 1.6568723809059474 0.7295332273590498 1.0301598456482677 
2.332074877710154 1.6460084078450574 1.0095040893393488 0 0.5095065235149628 1.45664562677923 1.0220719332708108 0.9361333822096803 1.8613715355756517 1.3268947005611167 1.1159057528072707 0.8159002451887165 
3.0760019368632037 0.8633951888492191 0 0.606876079148281 0.9083056380461622 1.7021841853710369 1.5496808160890279 0.9205668200744723 1.51106897654027 1.7885816943778814 1.5953598644646962 1.0525015832004445 
3.0989654873675767 0.8845404702307638 0.1419123139132202 1.007629159416929 1.2430414867225372 1.4692662546476274 1.7910627947812265 1.2784451424311596 0.6774478715748027 0.6996293223606682 1.3149416017324789 0.8759974972895359 
2.3089199751420844 0.33742077950463845 0.6491457983502212 1.497995185373492 1.403968864952472 1.0662575159938243 1.7198507978952735 1.7712565119116377 1.21332406511462 0.9249292730934388 1.2185325375880238 0.5451642663614658 
2.1830455988936315 0 0.16206509167925756 1.4672379409812726 1.335761275959721 1.2057829213346447 1.2866170424975678 1.3376672177969675 0.9567761616291935 0.9949471038526958 1.0455174540544914 0.028982030677655105 
1.8464115555912421 0 0 0.2281962822452838 0.8753552277582018 1.404859866200322 1.1935418289218631 1.4329064762734234 1.738076364100949 1.3738958174782252 0.8628079336184472 0 
2.8671499877521036 1.631994732444771 0.7465647144416038 0 0 0.4053884552202633 0.9103176037504455 1.181746893894873 1.0548253338239735 1.316512385731098 2.308349551533566 1.1328510101496836 
1.8850514634845381 0.056453503550080414 0.1883257146231504 0.745991537990459 0 0 0.5444338081141082 1.0624049594752156 0.1528822078334731 0.1161251669220945 1.3541747003008926 1.7224617296101494 
2.6275782607925904 0 0.3237057497355865 1.7596061415107256 1.5907378951031148 0.610906913033263 0.8096545586009396 1.3026100339754885 0 0 0.28530772628548007 0.8910998315806956 
3.28472667005939 1.5958766857665883 1.049742907263738 1.579280914336287 1.6523206576067737 1.6001149053457453 2.052664971952907 2.70404987922091 0.9743244828931255 0.31365809182867205 0.9559373045498205 0.852479813480028 

0.29148365154107087 0 0 0 0.36990303925137646 0.5809548972130533 0.4846869838334043 0.31564955388559324 0.11815491074153524 0.16373416626252818 0.35555078983879257 0.38488768074498975 
0 0 0 0 0 0 0 0 0 0 0 0 
0 0 0 0 0.4807970919515246 0.2604191321184088 0 0 0 0 0 0.12274441884876768 
0 0 0 0 0 0.032301446584317856 0 0 0 0 0 0 
0 0 0 0 0 0.021892997279723988 0 0 0.07300143198221411 0 0 0 
0 0 0 0 0 0.08480749213271699 0 0 0 0 0.25231241318002223 0 
0 0 0 0 0 0.16238067707385367 0.004365317696410201 0 0 0 0 0 
0 0 0 0 0 0 0 0 0 0 0 0 
0 0 0 0 0 0 0 0 0 0 0 0 
0 0 0 0 0 0 0 0 0 0 0 0 
0 0 0 0 0 0 0 0 0 0 0 0 
0 0 0 0 0 0 0 0 0 0 0.06605285085391932 0 

0 0.24137973466950224 0.3435725295342203 0.07684274154146026 0.9005005353157037 0 0.13969348767715084 0.008151862674550342 0.050863362038858356 0 0 0 
0.7815048703356525 0.34809829021853766 0.9671924809945033 0.6185034499098769 0 0 0.06986259744578784 0.1017191877080375 0 0 0 0.0106954238067144 
1.0547190753359903 1.0257279112563804 0.9540704172355338 0 0 0.15090787392907548 0.5192439482147245 0.42174322559375077 0.3524282673358042 0 0 0 
0.43638540700577333 0.2613325982780678 0 0 0.04193698921471052 0.3903399522352944 0.1197042418263842 0 0 0 0 0.11669355122741736 
0.5344998296146323 0 0 0 0 0.11493847978715482 0 0 0 0 0.21746829474903143 0.09019316765255309 
0.11590166707903818 0 0 0 0 0 0 0 0 0 0.14053708406183338 0.7507737661880222 
0 0 0 0.28543412804150914 0 0 0 0 0 0 0.22573547629568086 0.6643410283118071 
0.8187128057292528 0.42373538358359875 0 0.6381495693034362 0.6379898917961808 0.006797733944781656 0 0 0 0.3052444714231083 0.5310411048056196 0.41542343200603277 
0 0 0.18650895405347598 0.7798587323614541 0.5296966432975391 0 0 0 0 0 0 0 
0.38188884819725344 0.39543968041571054 0.6645480390151898 0.6959963143927157 0 0 0 0.14571884396001566 0 0 0 0.00029659181263907985 
0.19002405023223912 0 0 0.02657307571643154 0.2634759451456048 0 0 0 0 0 0 0 
0 0 0 0 0 0 0 0.29386604935905664 0.495737373892142 0.13590692780216834 0 0.4779399647848807 

0.17834912974762407 1.7510425559942182 3.340174574219097 3.7565605285307737 0.32201438422610207 1.2312765464391648 1.0393080629976978 0 0.2592978407358528 0.9470998592116093 1.0325927131333066 0.7497644184551461 
0 0 0 0 0 0 0 0 0 0 0 0 
0 0 0 0 0.4974103715891943 0.21859485289003597 0.11308795857805223 0 0 0 0 0.5370128556062415 
0 0 0 0 0 0 0 0 0 0 0 0.34953884845207384 
0 0 0 0 0.577417350628991 0 0 0 0 0 0 0.7767900290622829 
0 0 0 0 0.5651321887128302 0 0 0 0 0 0.5396722724378257 1.0540783321707505 
0 0 0 0 0.3884777873804997 0.20443756516575662 0 0 0 0 0 0.37259495901197903 
0 0.4387224355445731 2.4183965774538296 0.9543189287735029 0 0 0 0 0 0 0 0.34771517703688426 
0 0 0 0 0.0008884711149094171 0 0 0 0 0 0 0 
0 0 0 0 0 0 0 0 0 0 0 0 
0 0 0 0 0 0 0 0 0 0 0 0.25633689454036634 
0 0 0 0 0 0 0 0 0 0 0 0 

1.8102174849464625 2.232989756769432 3.256976371297154 1.5740246990797715 1.0188203439907824 0.7521371636953778 0.7840210642575043 1.1228640347050705 1.1961982888884013 1.0057333512900333 0.9965316266251165 1.164132772109807 
1.5475750039573384 0.36319171737459094 0.5442174120446663 0 0 0.49851263941364254 0.15097969332253872 0 0 0.019242820978154884 0.022414152124670444 0.3939743730778875 
1.0996666992061883 0 0 0 0.5923696442865131 1.2160295240180719 1.0897382842657344 0.5247868741410152 0.18011145270313114 0 0 0.6632639354395615 
1.052589432752468 0 0 0 0.2762393875870228 0.7463899768215686 0.6126512884751097 0.5546788061655227 0 0 0 0.9329381974299432 
1.093239607686312 0 0 0.11382283926123887 0.5504583091787839 0.5969297017560519 0.4922317458098089 0.6699348118635995 0.6542328380190445 0.6099537482326443 0.7747384675410249 1.333660222726197 
0.7422826825917357 0 0 0.4720769422443074 0.8524698017226576 0.8351953089620603 0.8395105404656322 0.6760697953758772 0.2432371426451737 0 0.663908988584256 1.7302168170258772 
1.899688021880995 0.1940925377776691 0.3065912659036725 0.58379856050567 0.7229029538122481 0.8127251522004305 0.84931363545153 0.615534252042271 0.30374541822114487 0.5060420961976734 1.1420275739131236 1.5922702585891528 
1.2294976770477097 0 0.37268095475685176 1.3775812461906782 1.0796471185684517 0.8102653189737902 0.6137474084469015 0.45233201453553806 0.20316705730629367 0.27786196909217564 0 1.0967191562280967 
0.43735398566904404 0 0.05679255431627314 0.9231170151947014 0.7700212245638136 0.9176878431277652 0.7927183038769338 0.7655793613228997 0.6105068017662766 0.10609592344593774 0 0.08236505912953729 
1.5425821358930296 0.9520906430522875 0.16908808975684286 0.10200279056227286 0.21339524214606492 0.3047061104651315 0.4818270212091886 1.1759428715994764 0.7769480563958636 0.28994983698509286 0 0.5547503789901636 
1.0356737232141737 0 0 0 0 0 0 0.8362136112646948 0.9303637898728919 0.04446749460340507 0 1.0035253772910542 
0.04344532672289367 0 0 0 0 0 0 0 0 0 0 1.147775479557379 

0.31411906203484496 0.7755036193937563 0.0727380387112511 0 0.17019619555720356 0 0 0.18314003721387118 0 0 0 0 
0 0 0 0 0 0 0 0 0 0 0 0 
0 0 0.2797595297660281 0 0 0 0 0 0 0 0 0 
0.12786244886241904 0 0 0 0 0 0 0 0 0 0 0 
0.8036982100372572 0 0 0 0 0 0 0 0 0 0 0 
0.16691995798426407 0 0 0 0 0 0 0 0 0 0 0.08843241123408875 
0.10888803082660342 0 0 0 0 0 0 0 0 0 0 0.00741344707392276 
0.35377679564299525 0 0 0 0 0 0 0 0 0 0 0.11178998665563268 
0 0 0 0 0.15567270725625593 0.037809651037119224 0 0 0 0 0 0 
0.6276652555564572 0.5488085348115079 0.645689296643853 0.8211584181517626 0.23946570027201589 0 0.2661991834828841 0.7665795282336088 0 0 0 0 
0.5481304171613448 0 0 0 0 0 0 0.17279503429454374 0 0 0 0 
0.05109773961015518 0 0 0 0 0 0 0 0 0 0 0 

0 0 0 0 0.022198223486661783 0.15734701053343483 0.5122650256455759 0 0 0 0 0 
0 0 0 0 0 0 0 0 0 0 0 0 
0 0 0 0 0 0 0.34158880064173547 0.7744301484456928 0.4507160330153789 0 0 0 
0 0 0 0 0 0 0.1836324615911134 0.22884626487216692 0 0 0 0 
0.07438685940465417 0.2943599532501845 0 0 0 0.06745624572065584 0.200423797404714 0.507586712520595 0.2278391024610621 0 0 0 
0 0 0 0 0 0.207545565586099 0.2968830934177422 0.3504607068639058 0.3451369858949532 0.02362403929654118 0 0 
0 0 0 0 0 0.14296659333648626 0.7068627514580782 0.5681862600990409 0.6404616622463579 0.0025878508329317262 0 0 
0.3436479755943466 0 0 0 0 0 0.4218322263939479 0.45404703911598077 0.6042243642320987 0.7747447884535668 0.3242825586818794 0 
0 0 0 0.1407804729356545 0.15855115581975784 0 0.40818464908235275 0.2882794852153512 0.6388961328632379 0.507842316769164 0.3869245297571411 0 
0.3137053799126968 0.5159863588567246 0.5623401134431726 0.7880510167626564 0.5994726992122218 0.5292373601629548 1.0105545301114887 0 0.14882520809956062 0.16537570341164545 0 0 
0.29716459707910653 0.447638073017748 0.6276119821664 0.29150041342181054 0.3801775333151168 0.26759737100931125 1.1414505560837602 0.2358612739623585 0 0 0.5462445966572753 0 
0 0.16810651863825127 0.5911035076176018 0.5483013279072566 0.2648747305425035 0 0.8207659308358047 0.2882094429985301 0.24276614894829462 0.4139863707316556 0.5741678442172488 0 

1.1655154757159976 0.7729555765121165 1.2452673002511059 1.4551736255361467 2.02601932002984 1.8348559898682384 1.863289192831888 2.070166834986384 1.9800274555451538 1.9688815976826248 1.8800374627641279 1.9848619123207132 
0 0 0.19745705824905385 1.2727072074772858 1.9621787525036625 2.2630998938182434 1.1763570763822242 0 0.3341491781573028 0.9790863945238223 1.8059983844707936 2.252508895318068 
0 0.4647201948761127 1.7276594026512324 2.6423462635322337 2.0026946135831083 1.6197818668090855 1.2317077133219938 1.3582053980352398 1.4352341220875922 1.4751188848725971 1.5597348726851845 2.1941372851241367 
0 0.6686369652915898 1.6762338994619619 2.1816435008775446 2.111008870892313 1.595929347453316 1.270140685753576 0.7381908859745857 0.61974554326047 1.9650863309378155 2.336792246194672 2.2643433344201873 
0.21482343048023422 0.4269931011867366 1.355213115395119 2.217317198246363 2.161270214452591 1.7663013594824604 1.6029729363287684 1.4820593366910289 1.4394239480241084 1.1206596581715427 1.5763023171842223 2.0756689849967747 
0.7334026063717565 1.7584773009814292 1.5422216887586102 1.9085557337506778 1.9567826595673987 1.6714137274562164 1.556518037031872 1.3211065047813941 1.3945532975760164 1.4114451259294893 1.6212169442472235 1.8857623459206443 
0 0.18265482931117277 1.3626178655439347 2.058275576012812 2.048171520758215 1.7811902952936798 1.5987714171101521 1.3457339454058121 1.146953149564191 0.9557343019030575 0.33465073687339236 1.4571012452448264 
1.0286113831581285 1.3492985846008532 0.35953649461706155 0.7714840521228011 1.6090014351253157 1.6270179200537052 1.3148648824734657 1.4190712825265994 1.638016200693806 1.2849744847922024 0.5470057665233832 1.4434185305686182 
0 0.8883083331343757 0.9824070492864365 0.10335868874765425 0.9359829676608652 1.6011437308420888 1.2432602707528075 0.8492920247984693 0.9397416472707649 0.6922662789621373 0.8016943965229396 1.9589912066349746 
0.009160258168119884 1.2333117845828885 1.6230367433766888 1.0995773347441087 0.49258257044057546 0.7703318207405363 1.2275219497039442 0.7874990316463225 0.8250912529964325 0.84459114494279 0.8412423558770409 1.6684549960355421 
0.05123756099018589 0.39294938180978034 1.0194498716598177 1.3026343092673776 1.6602913642248223 1.8198873333741135 0.1796620365623201 0.08154340980102337 1.019937076467647 1.3071566960815464 1.521524414615943 1.901176940932998 
1.3234437460687343 2.2447555616748405 1.8056280806664897 1.0263310777292722 1.4589429669044982 2.2806192432456753 1.6733909462335979 0.9515366611445499 1.5050443498615922 1.8067250859843744 1.4595103451972429 1.6338911554629252 

0 0 0.16901701727167237 0 0 0 0 0 0 0 0 0 
0 0 0 0 0 0 0 0 0 0 0 0 
0 0 0 0 0 0 0 0 0 0 0 0 
0 0 0 0 0 0 0 0 0 0 0 0 
0 0 0 0 0 0 0 0 0 0 0 0 
0 0 0 0 0 0 0 0 0 0 0 0 
0 0 0 0 0 0 0 0 0 0 0 0 
0 0 0 0 0 0 0 0 0 0 0 0 
0 0 0 0 0 0 0 0 0 0 0 0 
0 0 0 0 0 0 0 0 0 0 0 0 
0.2666238932171596 0 0 0 0 0 0 0 0 0 0 0 
0 0 0 0 0 0 0 0 0 0 0 0 

0 0 0 0 0.05165497085215415 0 0 0.002966743888950185 0 0 0 0 
0 0 0 0 0 0.18265873692117016 0.22599316946058615 0 0 0 0 0 
0 0 0 0 0 0 0 0 0 0 0 0 
0 0 0 0 0 0 0 0 0.4120251391785633 0 0 0 
0 0 0 0 0 0.4122092661458383 0.16755861985547382 0 0 0.01686267016818535 0 0 
0.34543737208067077 0 0 0 0 0.18638361248123697 0.17940426460783623 0 0 0 0 0 
0 0 0 0 0 0 0 0.010876491211363915 0 0 0 0 
0 0 0 0 0 0 0.018326287862287266 0 0 0 0 0 
0 0 0 0 0 0 0 0 0 0 0 0 
0 0 0 0 0 0 0 0 0 0 0 0 
0 0 0 0 0 0 0 0 0 0 0 0 
0.6407984224576582 0 0 0 0 0 0 0 0 0 0 0 

0.6333659980750281 0.23148155821560806 0.5692763949997476 0.5713469684111961 0.4149104652418129 0.1079348372054669 0.3318452033819948 0.5452052506821513 0.529639416460846 0.30248493694130973 0.49818260291415134 0.2408322496588728 
0 0 0 0 0 0 0 0 0 0 0 0 
0 0 0 0 0 0 0 0.6914827239743137 0 0 0 0 
0 0 0 0 0 0.07088491093615115 0 0 0 0 0 0 
0 0 0 0 0 0.02789678753013526 0 0 0 0 0 0.016627661094900353 
0 0 0 0 0 0 0.028038231423152496 0 0 0 0 0 
0 0 0 0.2096598105228296 0 0 0.443620854359003 0.09578600322215923 0 0 0 0 
0 0 0 0 0 0.2896987932290724 0.14697034037610127 0 0 0 0 0 
0 0 0 0 0 0.07615176054816482 0.1930863015151178 0.3637094644704057 0 0 0 0 
0.15298846453244053 0 0 0 0 0 0 0.5344429772323218 0.8633705553980109 0.3842087685181419 0 0 
0 0 0 0 0 0 0 0 0 0 0 0.44056448316388663 
0 0 0 0 0 0 0 0 0 0 0 0 

0 0 0 0 0 0 0 0 0 0 0 0 
0 0 0 0 1.1364912295291312 0.9374128494902816 1.0872486988606764 0.9424463830647531 0.6554698067661515 0 0.13623152499805194 0.2626843116710976 
0 0 0 0 0 0 0 0 0 0 0 0 
0 0 0 0 0.17799614578703676 0 0 0 1.1376453994375768 1.3326468910898361 1.0297302166559146 0.13516278887216607 
0 0 0.1915426779711544 0.44653611606206645 0.23768447184656397 0.23551682401432716 0 0 0 0.3040124640353375 0.8296665552670347 0.7375041576127455 
0 0 0.4719222123848946 0.31292111905397324 0 0.13523040406993614 0.18637377336869526 0 0 0.1250824066270771 0.4733696476207384 0 
0 0.5200827255974378 1.5351663561929343 1.11084492037413 0.05926766314405017 0 0 0 0 0 0 0 
0 0 0 0 0.133487088482154 0.09476651222945359 0 0 0 0 0 0 
0.23522709907745776 0 0 0 0 0 0 0 0 0 0 0 
0 0 0 0 0 0 0 0 0 0 0.6497355098436218 0.46261630093515943 
0 0 0 0 0 0 0 0 0 0 0 0.49021033397330743 
0 0 0 0 0 0 0 0 0 0 0 0 

3.263352885307791 3.0247348303716475 2.048917689401024 0 0.23746425275361302 1.3395399363244818 1.231075225621618 0.9726773880165807 1.130364615771406 1.2089728522754453 0.6839750461420846 0.006605055094934052 
2.0201116801866967 0 0 0 0 0 0 0 0 0 0 0 
1.11733392614512 0 0 0 0 0.3805737583942161 0.6633828211512522 0.1106438945668036 0.0866283073525495 0 0.09005984537530776 0 
0.44643505060178884 0 0 0 0 0.42383212270710474 0.7383919866169543 0.5814228721079133 0.1076491534946179 0 0 0.24208837691659382 
0.02937936247665418 0 0 0 0 0.3377438617092725 0.6599255722006306 0.8114340437430376 0.2518582194369845 0.009135795674507952 0.6694144108453424 0.3357359154002517 
1.194600045012862 0 0 0 0 0.12222671358867432 0.1502800214378786 0 0 1.0256371168434724 1.2969833894687843 0 
1.533211554839583 0 0 0.43134499515477387 0.12029686166363388 0.4020113709130424 0.603128807653383 0.4171580869564757 0.7487044317289474 0.6019447985443156 0.2821143977142293 0 
1.390352412869464 0 1.2351044672535247 0.41552399193686673 0.0321689821539603 0.4432432203845881 0.18797871141131456 0.05106916763880512 0.04215812212083908 0 0.3977719234093443 0 
0.23369969660707562 0 0 0.1689384193607634 0.09706547560814292 0 0.6684494699960449 0.40586873143990954 0 0 0 0 
2.0186865360341186 0 0 0.6104430278861153 0.06394691936550084 0 0.6323223843593048 1.5669320184864866 0.901665029770726 0 0 0 
0.5070438910060275 0 0 0 0 0 0.8314375671579572 1.6393636425449016 0 0 0.054278979360133595 0.5387474421637065 
0 0 0 0 0 0 0 0 0 0 0 0 

0.7292375983173573 2.836505641425637 1.3545476419580302 4.215628617234712 2.7879601508671623 0.41146776828043913 0.8847866816469818 1.1998435633181863 1.2987485831228653 0.9631603236508619 0.6652542368610322 0.389458434297539 
0.8133560340555174 1.9440025249545476 4.563486085885285 3.576108519020002 0.31015149747136295 0.4510536210378967 0.0458922562931116 0.3049875645174957 0.33108939959160527 1.7790645094923179 1.5449736628480262 0.7182237629801722 
1.4860167535164384 2.499421172272769 3.234480318257591 0.608078508815983 0.049525905283172335 0 0.9089907529641074 0.41573887514171504 1.2328903101824864 0.2815188842591129 0.4583850873459172 0.14178302390771733 
0.9003397379360646 3.716345318568371 2.2067073313429617 0.7109704074907561 0.09412357962449427 0.047859300878338985 0.6977305922423189 0.511520153124999 0.7030746017478255 0.2941440156988616 0.8278443807131913 0 
0.7817076290289288 2.260664309142076 0.4383268712354318 0.3657891504666567 0.4892260853881239 0.10700207387980815 0.02783229561857822 0.7861608905762304 0.6399330208374382 1.5000264192222417 0.6658462672019447 0 
1.0744887246008694 1.6875708060498267 0.602409692290368 0.16582370071192434 0.2576972994299399 0.08490683274746805 0 0.4335092598766188 0.9991541598158896 0.7971806823730919 0 0.39121909306136154 
0 2.35524396079635 2.0025361884606974 0 0 0.25934141126669974 0.16242957926909185 0.5421636997868923 1.2633853497062433 0.20219080774513917 1.6530875368990048 0.5775176241793472 
2.4254279856456664 3.222235717085438 1.9513005045862852 1.7672494110119101 1.1730448595649439 0 0.41511460762999886 0.431806721877877 0.25348783179215756 0.9388935558470813 2.8503376471681756 0.5425729700135722 
1.7181489060612656 1.3216354503413807 2.240851825724417 2.8779876395740103 1.9857782804773296 1.7594696527507467 0.4440236975379376 0.4301640427521958 0.8837852554665279 0.6913413227073976 0.7825069038351222 1.0575126652438014 
1.5066627212311077 2.6437194250736327 2.5086479244512336 1.5033845773212258 1.9819851131133706 2.06814369127381 2.525923458387696 2.062338295135299 0.832838758768765 0.7303208333308379 0.7227313848351159 0.38612721375763803 
1.0237726130375693 2.95603923956692 2.8979120379135597 2.0442359425926955 1.4698913100177722 0.5578992079988476 2.7343567304762164 2.3468009410656596 2.3996040884852374 3.709995667703197 1.5881445328829227 0 
0.7809397846219107 1.202975278343799 0.30300104995277877 0.688470544305579 1.0474341140532766 1.1497002769103306 0 0.9222143446135984 2.926563346035568 1.5733206378067344 0.1077330687471595 1.4743239747442982 

0 0 0 0 0 0 0 0 0 0 0 0 
0 0 0 0 0 0 0 0 0.3417644210414312 0 0 0 
0 0 0.07703920561479469 0 0 0 0 0 0 0 0 0 
0 0 0 0 0 0.11609913705509375 0 0 0 0 0 0 
0 0 0 0 0 0 0 0 0 0 0 0 
0 0 0 0.14990308761477766 0 0 0 0 0 0 0 0 
0 0 0 0 0 0 0 0 0 0 0 0 
0 0 0 0 0 0 0 0 0 0 0 0 
0 0 0 0 0 0 0 0 0 0 0 0 
0 0 0 0 0 0 0 0 0 0 0 0 
0.038601843673458064 0 0 0 0 0 0 0 0 0 0 0 
0.09151326091536954 0 0 0 0 0 0 0 0 0 0 0 

0 0.9492160883680416 0.8591419837419334 0.26945076118896616 0.1617236897811355 0.16872468673609473 0 0 0.2719276514714129 0.32786280304909743 0.4625054329472526 0.4673205787234412 
0 0 0 0.5203453759577467 0 0.15548206476875745 0 0 0 0.7010835783494519 0.9003259524857006 0.7031484951371183 
0 0 0 0.08280449861662452 0.027031920048377338 0 0.354062189110641 0 0 0 0 0.3281232673662175 
0 0 0 0.45702486132513137 0.4326457364512947 0 0.08594860763781627 0.442191598396226 0.46715013123049215 0.14209323624292022 0 0.0926685717223668 
0 0.07795784976187488 0 0.3353910277049476 0.8076251278029627 0.10577470744866234 0.15545658322704978 0.38756899762599234 0.09166925170630831 0 0 0 
0.146025549957345 0.5011003652169892 0 0 0.7757197571880399 0.5665987997941114 0.1244157292373738 0.23226015547398013 0.0069986536373139036 0 0 0 
0.005646950836310574 1.4566419292963844 1.222696438994468 0 0 0.4676029332386198 0.4127998961174754 0.42147122712632396 0.566757227997449 0 0 0.2216702855235651 
0 0 0 0 0 0.27667985783957333 0.5463259198148647 0.6914966985906703 0.24559450150764398 0 0 0 
0.002271905486436819 0.09882639581157054 0.16531891897981527 0.35816320270431307 0.5124677838415547 0.6779372284573325 0.7487136462507501 0.7182907184326331 0.9238947673587957 0.5711578319503613 0 0 
0.30350708863728265 0.48529350047881575 0 0 0.035152576819174546 1.0357851507687055 0.9395466499617113 0.7923121602416645 1.3448547763075116 1.0332925658315772 0 0.20929181228723015 
0 1.011521507554737 0.675082929108698 0.23743978041275246 0.46042454487507906 0.27101447186204297 0.7918346451322459 0.6718302048595646 1.1137262906297698 0.9855436278145044 0.7777848261184761 0 
0 0.1748504630165833 0.053547655298489455 0.1924421039020764 0.17048658286625828 0.28084628114659854 0 0 0 0.37738288960646693 0 0 

0 0 0 0 0 0 0 0 0 0 0 0 
0 0 0 0.04804906931877209 0 0 0 0 0 0 0 0 
0 0 0.8896363880130467 0.5687592729275451 0 0 0 0 0 0 0 0 
0 0.39988482953033233 0 0 0 0 0 0 0 0 0 0 
0 0.018791270927370873 0 0 0 0 0 0.0993796656502306 0 0 0 0 
0 0 0 0 0 0 0 0 0 0 0 0 
0 0 0 0 0 0 0 0 0 0 0 0 
0 0 0 0 0 0 0 0 0 0 0.0680567301353675 0 
0 0 0.971661646190216 0.542628779008253 0 0 0 0 0 0 0 0 
0 0 0 1.0809007278116247 0.9691143773989418 0 0 0 0 0 0 0 
0 0.2697080397258777 0 0 0 0.1684903356015198 0.6179223781523104 0 0 0 0 0 
0 0.4279495602724038 0.5365937716694528 0 0 0 0 0 0.11962474380196428 0 0.0006939637756736006 0 

0.007746647407052193 0 0 0 0 0 0 0 0 0 0 0 
1.7342883593790508 0 0 0 0 0.04764723207853706 0.7134687980066056 0.402141555067465 0 0 0 0 
1.6051586192926979 0 0 0 0 0.18312315639252758 0.37568209433898625 0 0.3517747930091385 0.36330441326979995 0 0 
0.8222767866700474 0 0 0 0.36544950213440347 0.36607164653722946 0.45638553483725586 0 0 0 0.2562367031384481 0 
0.8675403750586848 0 0 0 0 0 0.3045282436114797 0 0 0 0.3153024464461812 0 
0 0 0 0 0 0 0.16997552536297367 0.20289305616769504 0.5853434036515797 0.5832825230874381 0.12402693911345504 0 
0 0 0 0 0 0 0 0 0.4246107875796577 0.9015129338064216 0.23070375719639213 0 
0.19497223637137437 0 0 0 0 0 0 0 0.390887235139662 0.960673352871905 1.5210368909376095 0 
1.1700960065301755 0 0 0 0 0 0 0 0 0 1.3183397323995225 0 
0.9681430880878559 0 0 0 0 0 0 0 0 0 0.4204582136149553 0 
0.5619962923275144 0 0 0 0 0 0.6504071830457783 0 0 0 0.3397498413161991 0 
0.0492793121167186 0.27995781546103216 0.5872411713946668 0.08027325894865339 0 0 1.5361182622734968 0.8805534424991941 0 0 0.8371868500416875 0 

0.41266929461715945 0 0 0 0 0 0 0.24128018060959527 0.03618733154809156 0 0 0 
0 0 0 0 0 0 0 0 0 0 0 0 
0 0 0 0 0 0 0 0 0 0 0 0 
0 0 0 0 0 0 0 0 0 0 0 0 
0 0 0.1478038552082992 0 0 0 0 0 0 0 0 0 
0 0 0 0 0 0 0 0 0 0 0 0 
0.16996657349183858 0 0 0 0 0 0 0 0 0 0 0 
0 0 0 0 0 0 0 0 0 0 0 0 
0 0 0 0 0 0 0 0 0 0 0.13260631546923643 0 
0 0 0 0 0 0 0 0 0 0 0 0 
0 0 0 0 0 0 0 0 0 0 0 0 
0 0 0 0 0 0 0 0 0 0 0 0 

0 0 1.2456517266154348 2.872923141858399 1.1427441464351626 0 0 0.3771508182803738 0 0 0 0 
0.6411630155805264 2.7234466657583978 3.8526256490585458 3.389938270858684 0.5171275246516317 0 0.6905007253768201 0.5361105106389719 0 0 0.286729455438232 0 
1.8767622898029641 3.3069118846267296 2.560116933132207 0.1092779378130723 0 0 0 0.05280735197840042 0.1613338888364661 0 0 0 
1.2720925869965716 2.946778834857786 1.69681299253471 0 0 0 0 0.3078589632513437 0.5564207934189818 0 0 0 
0.809865774450825 1.8079617002486597 0.24942983103118138 0 0 0 0 0 0.178285146417891 0.3749829675362789 0 0 
1.2035371657527072 1.102159326474524 0 0 0 0 0 0 0 0 0 0.6918981020262209 
0.021016936909484807 0.09451596463270864 0 0 0 0 0 0 0 0 0.37976736278628864 0.3831463117401662 
1.2268356672528349 1.5929263288876117 0.8458405186773219 1.7031807429160737 0.3698424074107847 0 0 0 0 0 0.4357970573614057 0.7938794151015246 
1.6608000022900842 0 0.28004627115066805 1.130952862854505 0.8858730103254693 0.524826903353782 0 0 0 0.6518363654640535 0.44442625807082387 0.7414446037885525 
0 1.2391449837665982 1.645187360390573 0.9224873187509569 1.0512684058308253 0.5250531916920778 0 0 0.11675193112819054 0.38410021311912984 0.3845143962405058 0 
0.4837852666855452 2.2752086660167623 1.9520451959781986 1.4393651069686926 0.37668611526116336 0.11713159339384681 0.4436552902831325 0.932321263958203 1.6757036394491194 1.6227053865619696 0.11255634451901776 0 
1.5200645826871424 0.6093128397020752 0.2916633630982584 0.8118662402504868 1.0055513188141483 0.04407851080011076 0.1569644952246737 1.897940025657303 2.798232878512897 0.9402078390845555 0 0.5529399034104643 

0 0 0 0 0 0 0 0 0 0 0 0 
0 0 0 0.610513424195963 0 0 0 0 0 0 0 0 
0 0 0 0 0 0 0 0 0 0 0 0 
0 0 0 0 0 0 0 0 0 0 0 0 
0 0 0 0 0 0 0 0 0 0 0 0 
0 0 0 0 0 0 0 0 0 0 0 0 
0 0 0 0 0 0 0 0 0 0 0 0 
0 0 0 0 0 0 0 0 0 0 0 0 
0 0 0 0 0 0 0 0 0 0 0 0 
0 0 0 0 0 0 0 0 0 0 0 0 
0 0 0 0 0 0 0 0 0 0 0 0 
0 0.03993035157764538 0 0 0 0 0 0 0 0 0 0 

0 0 0.12655193711885476 0.30534769324202204 0 0 0 0.10713718242215726 0 0 0 0 
0 0 0.820585263762464 0.1810295905626506 0 0 0 0 0 0 0 0 
0 0 1.0834263681232452 0.10288825928343834 0.14388048141135906 0 0 0 0 0 0 0 
0.21468837231261445 0.3650818599521024 0.10541933492610533 0 0 0 0 0 0 0 0 0 
0 0 0 0 0 0 0 0 0 0 0 0 
0 0 0 0 0 0 0 0 0 0 0 0.34913858458646585 
0 0 0 0 0 0 0 0 0 0 0 0.08527447797924287 
0.11061198823965368 0 0 0 0 0 0 0 0 0 0 0 
0 0 0 0 0 0 0 0 0 0 0 0.02560863620006519 
0 0 0.051068615526222494 0.21002969898908078 0 0 0 0 0 0 0 0 
0 0 0 0 0 0 0 0 0 0 0 0 
0.07280833309179763 0 0 0 0 0 0 0.5819842039775436 0.2922223913931032 0 0 0 

0.7123883486434619 2.289101053231391 1.4816949338193404 1.5974971369308948 0.8320160322398009 0.9725150409381508 0.4184526269994506 0.09058964360635331 0.802801980541257 1.0292297554055425 1.0012097386943724 0.7785106267834945 
0 0 0 1.8543097973113978 0.7012628758254047 0.5331319193424323 0.022434750284255282 0 0 0 0.6517834247577798 0.6912917761757241 
0 0 0.515284500764083 1.3992308471753159 0.7926086619387467 0.43459042110425633 0.2314910516353832 0 0 0 0.5100563134867485 0.8669585490789428 
0 0 0 0.42103263468416785 0.475920607454096 0.12875628655515137 0.6180491252218892 0.6638971199187592 0 0 0.18033646181125862 0.8885740739141036 
0 0 0 0.33442238657806483 0.9083934465958627 0.39030101875497564 0.31033366568829457 0.31477275964821355 0 0.20288940342567746 0.1588168227340192 0.5269133553934641 
0 0 0 0 1.0288173646089904 0.6420421408199974 0.0933990464583334 0.18676504417016465 0.015644671583602436 0.4964472845879437 0.026303329541063042 0.7421334563435678 
0 0.35199163870047045 0.5203320988677309 0.1254067219475557 0.6947617149548653 0.6796370478083883 0.37198698934832386 0.2642933191406649 0.1594052349290615 0 0 0.8167304792416661 
0 1.046010737862129 1.2788739858331553 0.36582081695439583 0.5741347865438666 0.47883163903516784 0.4131154931725091 0.2910939289759298 0 0 0 0.6765244744040029 
0 0 0.5692018109552576 0.745041703095828 0.8560452508635175 0.9248165388742252 0.5908342974222051 0.05858361739009435 0 0 0 0 
0 0.7565332891774212 1.1804208732683044 0.6242432486138709 0.8102785571230688 1.0585586876973883 1.2617595075752166 0.8834595737984487 1.0751557829553355 0.43226526356286665 0 0 
0 0.7171667973164986 0.9792351423295882 0.35341628450024876 0.15374710491585986 0.6412416070517534 1.3714475210947679 0.37354500155569287 0.4798154278467024 1.0087785096687336 0.49822742184186486 0.16834110512765238 
0 0.39730675607096066 0.8983332710194027 0.27029997156131413 0 0 0.5079723034806196 0 0.25613189452165175 0.7570841912467356 0 0 

0 0 0 0 0 0 0 0 0 0 0 0 
0 0 0 0 0 0 0 0 0 0 0 0 
0 0 0 0 0 0 0 0 0 0 0 0 
0 0 0 0 0 0 0 0 0 0 0 0 
0 0 0 0 0.18158196917173663 0 0 0 0 0 0 0 
0 0 0 0 0 0 0 0 0 0 0 0 
0 0 0.4254977116509452 0 0 0 0 0 0 0 0 0 
0 0 0 0 0 0 0 0 0 0 0 0 
0 0 0 0 0 0 0 0 0 0 0 0 
0 0 0 0 0 0 0 0 0 0 0 0 
0 0 0 0 0 0 0 0 0 0 0 0 
0 0 0 0 0 0 0 0 0 0 0 0 

1.2289725172630614 0 0 0 0.6288144204159782 0.8634730663615217 0.2973376962751516 0.5955236120221754 0.29861103835427816 0 0.05809648456605407 0 
0.6792950694091452 0 0 0 0 0.9771538216754796 0 0 0 0 0 0.07650949899033019 
1.0890702034717004 0 0 0 0 0.07395469841530455 0 0 0 0.03503725691353221 0 0 
0.8661461333029423 0 0 0 0 0.10367622289875605 0 0.20338599065724122 0 0.40602966059338 0.23149762261471146 0.29052275162659114 
0.9710462307553045 0 0 0 0 0.12924286493019702 0.5508408068135775 0.8650952087632189 0 0 0 0.1484109175213571 
0.27340053407957615 0 0.049405534609921475 0 0 0 0.6155481246321615 0.27800913533664506 0 0 0 0 
1.2238089456222747 0 0 0.06410075950747247 0 0 0.1722895275876234 0.1451083827929566 0.17192162356354015 0.2158723078067365 0 0 
1.1894243266348115 0.2699506412219587 0 0.6454413205308286 0.9031568235344065 0.3865824969880185 0 0.21237902482886678 0.2623096615200028 0 0 0 
0.49608911631631425 0.9383433798772585 0 0 0 0 0.7604943380789042 0.43043587094087876 0 0 0 0.42700231041968395 
1.1596533688180295 0 0 0.3456298560709161 0 0 0.37861582369623026 1.7362571679914836 0 0 0 0.4835111257612493 
0.5887705840116335 0 0 0.9904174785944996 1.24610922177059 0.058496191136213335 0 1.3685046834882673 0.6886614768687258 0 0 1.1575769986504367 
0.6862822466987734 1.2867667139111139 0.42572051155674673 0.10811771810049958 0.6520967560101416 1.244569251956789 0.1485583472489278 0.25726237334416074 0.8724551427158869 0.5603273537372818 0.2764034650107746 0.8239913047872872 

0.8463240613680294 0 0 0 0 0 0 0.6358374858678502 0 0 0 0 
1.5899129585353138 0 0 0 0.9791238693360256 0 0.11359575352554013 1.6062206893570659 0.7368899477705784 0 0 0 
1.063113948836929 0 0 0 0 0.541663433754231 0.3700662743648628 1.0103521111689997 0.7989856754724706 0 0 0 
0.9897700556115505 0 0 0 0 0.7227775840288405 0.6352558896245604 0.22752612851204979 0.33785393230085364 0 0 0 
0.5547786961783701 0 0 0 0 0.6125839255377926 0.5979556942160958 0 0 0.09200118034004404 0.1272037482541188 0 
0.8324356714879129 0 0 0 0 0.3690897611487739 0.43998068451882794 0.3406535588956253 0 0.3645307073650992 0.7512175357379304 0 
0.1997751768165612 0 0 0 0 0 0.6042612681488244 0.5310017250260506 0.029463037501071696 0.19632024342964122 0 0 
0.6506850582924328 0 0 0 0 0 0.25978694531470176 0.1952133460570502 0.18640123263237096 0.35319761462470833 0.7011720389844636 0 
1.0567124429312598 0 0 0 0 0 0 0 0 0.42559187204346466 1.4307892977098737 0 
0.40440368532879467 0 0 0 0 0 0 0 0 0 0.24149517202008247 0 
0.9556073437511471 0 0 0 0 0 0.2963074666689448 0.10291361563336549 0 0 0 0 
1.0741072891528158 0 0 0.6595856881658146 0.08126589790507815 0 0.520594855994531 0.9789371716998618 0 0 0 0 

1.255991311535416 3.309531042749854 1.0841618914774853 0 0 0 0 0 0 0 0 0 
2.9163081913806606 5.580193893997813 2.5345064871425595 2.7311363953479573 1.8824307946425594 0.6318332007575836 1.491443918152849 1.416903261731126 1.7694075460469891 1.5586861875338758 1.6633591545932314 0 
3.1324437600990467 4.153596683548768 2.1262752177131863 1.6638354296097095 0.793981354137621 0.25627844501306507 0.24001129731017778 0.7679341110595633 0.45086984220980764 0.1272116725060357 0.1667747894679746 0 
2.3427874357338743 2.7072120938294564 2.379641289381579 0.8328829533031139 0.7909444626235462 0.050323483287965876 0.08485965961889588 0.3287537954540787 0.6752627929575292 0.5967760552331675 0.5312291756577188 0 
1.9597406022494048 2.071102242193671 1.8908286879479475 0.6177428394645658 0.29630307265655087 0 0 0 0.15919653451570093 0.46320097662891707 1.1477137272292415 0.17462168143451606 
0.5947852058214375 1.1367589215904563 0.5307391688187648 0.13223520665314892 0.12124453249539935 0.1826438928654761 0.28711619415872996 0.6990297721701942 0.6640280431040666 1.2399730788790497 1.5371290080651085 0.3109607971634802 
1.5803054813249586 2.7572242349842355 2.8883565157435487 0.795251612710738 0 0 0.03940679364158409 0 0.2761251621257628 1.898594450702563 2.4748700323213133 1.4387538497104133 
0.19270517839724138 0 0.45894847196213145 0.31527701744992875 0.041228089858834555 0 0.07088876234537608 0.13247629397798147 0.8264279704710027 1.6389484046946672 2.3111875780880737 0.23583310391388965 
2.0134291925620147 3.057007860874123 3.364774906545986 2.525084401636843 1.7280831157958165 0.6678702125263116 0.2943133855573012 0.3742768920178754 1.4688067875336153 1.7710542850668014 2.4300116283208424 0 
1.518427677351775 2.491055622561053 2.2437504659088314 1.3322268306579839 0.9689094805407612 0.7728712544315968 1.4873512474804298 0.6769390079924458 1.007078286909873 0.6159163275669735 1.6216976209437872 0 
1.4130918438276368 1.7278071513731783 2.081040262015 1.6256256629119707 0.7941615666868689 0.4186002194904046 1.6767214091173361 1.4684167302968545 0.9775065279321387 0.2118624223125114 0.6721340757736973 0 
0.17254037673494033 0 0.47044231515182705 0.3640521167541944 0.19000176476578667 0 1.7110601569493677 1.2947348316883787 0.29627939416485727 0 0.2778057723181726 0 

0 0 0 3.166317273184587 0 0 0.6369919687517052 0 0 0 0 0 
0 0 0 0.49962947957566906 0 0 0.12528846125108098 0 0 0 0 0 
0 0 0 0 0.2762937305733781 0 0 0 0 0 0 0 
0 0 0 0 0.6344520274546939 0 0 0 0 0 0 0 
0 0 0 0 0.6120768148137511 0 0 0 0 0 0 0 
0 0 0 0 0 0 0 0 0 0 0 0 
0 0 0 0 0.18654748236918908 0 0 0 0 0 0 0 
0 0 0.10718141573204257 0.008806176178508138 0.4220654875005317 0 0 0 0 0 0 0 
0 0 0 0 0 0 0 0 0 0 0 0 
0 0 0 0 0 0 0.06933845240615416 0 0 0 0 0 
0 0 0 0 0 0 0 0 0 0 0 0 
0 0 0 0 0 0 0 0 0 0 0 0 

0 0 0 0 0 0.3767039805179617 0 0 0 0 0 0 
0 0 0 0 0 0 0 0 0 0 0 0 
0.021915279119836692 0 0 0 0 0 0 0 0 0.06686072944874563 0 0 
0.6042147129454365 0 0 0 0 0 0.07348270586396546 0.026148470308680352 0 0 0 0 
0 0 0 0 0 0.0004850718681062016 0.5585625028027231 0.22152719765252932 0.024287869400104065 0 0 0 
0.26200966706011564 0 0 0 0 0 0.08706282227582543 0 0 0 0 0 
0.07429408674732965 0 0 0 0 0 0 0.1399816892102261 0.47401668459284163 0.07784780330533961 0 0 
0 0 0 0 0 0 0 0.1607860154226734 0.19317963623225193 0 0 0 
0.6842128188638141 0.2987127578636197 0 0 0 0 0 0.07229677509971157 0 0 0.032446794823363434 0 
0.5275144583775686 0 0 0 0 0 0 0 0 0 0 0 
0.7678094550821097 0 0 0 0 0 0.19135018845283275 0.637943469094772 0 0 0 0 
0.6450641837723603 0.3046370874661055 0.13578655565134992 0.20237013700753959 0.11127536520706688 0.20337348574645037 0.289446083039616 0.5840540522433222 0 0.3453934073362265 0.46536146302182485 0 

0 0 0 0 0 0 0 0 0 0 0 0 
0 0 0 0 0 0 0 0 0 0 0 0 
0 0 0 0 0 0 0 0 0.17551224895863687 0 0 0 
0 0.09701779602835453 0 0 0 0 0 0 0 0 0 0 
0.4837853731534615 0.508420602349298 0 0 0 0 0 0 0 0 0 0 
0 0 0 0 0 0 0 0 0 0 0 0 
0 0 0 0 0 0 0 0 0 0 0 0 
0 0 0 0 0 0 0 0 0 0 0 0 
0 0 0 0 0 0 0 0 0 0 0 0 
0 0 0 0 0 0 0 0 0 0 0 0 
0.44920082924781957 0 0 0.21291302313944926 0.28782169958185033 0 0 0 0 0 0 0 
0.9901053627488355 0.5380404268904975 0 0 0 0 0 0 0.5194068756024497 0 0 0 

0 0 0 0.05337683535240234 0 0 0 0 0 0 0 0 
0 0 0 0 0 0 0 0 0 0 0 0 
0 0 0 0 0 0 0 0 0 0 0 0 
0 0 0 0 0 0 0 0 0 0 0 0 
0 0 0 0 0 0 0 0 0 0 0 0 
0 0 0 0 0 0 0 0 0 0 0 0 
0 0 0 0 0 0 0 0 0 0 0 0 
0 0 0 0 0 0 0 0 0 0 0 0 
0 0 0 0 0 0 0 0 0 0 0 0 
0 0 0 0 0 0 0 0 0 0 0 0 
0 0 0 0 0 0 0 0 0 0 0 0 
0 0 0 0 0 0 0 0 0 0 0 0 

0 0 0 0 0 0 0 0 0 0 0 0 
0 0 0 0 0 0 0 0.09560800107767886 0 0 0 0 
0 0 0 0 0 0 0 0 0 0 0 0 
0 0 0 0 0 0 0 0 0 0 0 0 
0 0 0 0 0 0 0 0 0 0 0 0 
0 0 0 0 0 0 0 0 0 0 0 0 
0.3901851360337881 0 0 0 0 0 0 0 0 0 0 0 
0 0 0 0 0 0 0 0 0 0 0 0 
0 0 0 0 0 0 0 0 0 0 0 0 
0 0 0 0 0 0 0 0 0 0 0 0 
0.11672549025034556 0 0 0 0 0 0 0 0 0 0 0 
0 0 0 0 0 0 0 0 0 0 0 0 

