1.520914114830971 0.8460715520957988 0.6741080932330378 0.5872742824291122 0.6562443327347194 0.7656610628715501 0.8206784466864135 0.8737992495765418 1.17501516356981 1.0441553883692187 1.4535503008084163 0.8382430485203191 
1.4832625673101962 1.8528868232262077 1.4789582300084765 1.1143699197128014 1.135783370944301 1.2010507310769658 0.9484781471822695 0.9911466388388928 1.3914555590385622 1.3904376868153852 1.529688297558218 1.391736089654011 
1.3388684043989492 1.4349595927066494 1.373896566275394 1.3454030167187165 1.6030271841313932 1.7337162839917137 1.565450094433154 0.8233101444954758 0.582586595904657 0.464856555507373 0.5447943561545501 0.9348783354908267 
1.8345848399481526 0.824171545476006 1.0900220408741745 1.2294659774456873 1.2530876218886748 1.7026049293007062 1.8141513219240777 1.6763160751033852 1.0975856404496622 0.7469908862335861 0.5032952758843476 0.5186106749917799 
1.9672828819124877 1.0154032985338954 1.198627875378797 1.3078278106128187 1.3200812662327739 1.1149400347767058 1.5677664401889282 1.9301890720632477 1.5327329455718992 1.3456936531200714 0.9784504995570629 0.38382057845012807 
1.6140058220897544 1.4055098051010673 1.1381541498256085 1.143777251773559 1.3420690897121215 1.2707006188259233 1.2233535851948802 1.588681333865034 1.8807660382062652 1.778712509109628 0.9930256894440037 0.5013758679162678 
1.580881945410126 1.4345830149132093 0.8781926883539395 1.1509107493805437 1.3344728677147268 1.362480128931564 1.4234647600775732 1.3871099384530845 1.4239077291713353 1.5960442812760856 1.461984131142746 1.0166054151383783 
1.6439487700996298 1.556899656327932 1.0736259018106848 1.3236968641983942 1.3138297944328943 1.2190185399673448 1.4155423693608604 1.4607632356459197 1.3316229770231376 1.2079533027478826 1.3685093329419338 1.4684767373475236 
1.4977760402224771 1.1468764584056033 1.0357508554230699 1.3700183586932797 1.345746981662528 1.122425061850662 1.2193367010173874 1.5037907346142634 1.3010265428524599 1.2958336017309775 1.2546401614811238 1.2365904382368762 
1.5445916942500535 0.8779960478582153 1.1002398014472308 1.3505422680708334 1.4530857701624464 1.1434812534040826 1.2954490396476392 1.5364735369470355 1.0934302362251205 1.0324876789408108 1.086037819560088 1.520387640790344 
1.6845810976860798 0.8992450595078395 1.0166850434230035 1.086612036555417 1.0261908284816328 1.0814698431725849 1.4754936992616536 1.5539994984391405 1.2525048488222172 1.051770338089633 0.7089235449133101 1.2205724242825202 
1.7231775273453778 0.9883621707560024 1.2362945224997528 1.3644552376486225 1.2439086949155356 1.2834979395520723 1.1675221974955652 0.8766273863935627 1.5471677090442744 1.7981232444350153 1.1189966229978836 1.1952254951916923 

0.6249681843570427 0.1403143588897428 0.06511011782817494 0.21602426359546972 0.2595389385717999 0.20272710131747332 0.24692678938837537 0.10884077673253034 0.2414290379640935 0.32986331117285594 0.5655617088982322 0.8508389880907318 
0 0 0 0 0 0 0 0 0 0 0 0.12226487609843323 
0 0 0 0 0 0 0 0 0.14743271293822685 0.3673832579617116 0.6799561420720304 0.5835032975808345 
0 0 0 0.19110609218052976 0 0 0 0 0 0 0.5590127994166891 0.7306455841616791 
0 0 0.1933277029725048 0.1424493255008879 0.16361481611063877 0.02068307298793251 0 0 0 0 0.19104645791615882 0.2659865651189128 
0.06165113760536811 0.06561876740790082 0.009911619101407268 0.11574586304682519 0.15089372581482552 0.16134856723228727 0 0 0 0 0 0.04959714283221521 
0.4542151353655433 0.18550497931370724 0.05371766564949737 0.09905408078470829 0 0.05423100930663542 0 0.07371991666601976 0.07626903294809442 0 0 0.10976905239537715 
0.32286523143387474 0 0 0.18329401230049377 0.13672153040480767 0.11650288271493797 0.0605440719939259 0.0632720269673993 0.07966751210657894 0 0 0 
0.3098535749493234 0 0.23780063418573252 0.3166614781133485 0.07663336848534122 0.2529317131324762 0.09641287899961362 0.05072197412358527 0.05484495125075009 0 0.09352104136677353 0.36359423359985865 
0.34020180244263076 0.31540670641167406 0.43511260215751785 0.4448827189539789 0.2760330156651436 0.2760032951484718 0.277692616769126 0.24048260863916587 0.1370961235838104 0 0.03681777303059042 0.24610525353706464 
0 0 0.2846863342652494 0.3533658501135978 0.1574705742881654 0.15855265958237724 0.028161013255359926 0.03796510333779636 0 0 0.38418841413126426 0.5073367388747678 
0.03465461132819492 0.2590585235488669 0.42816896381965835 0.26937105059692124 0.3769475894887211 0.611837020172556 0.41515826695077945 0.11284958241531509 0 0 0.3962236613494376 0.49075776264693427 

0 0 0.0009718801357250159 0 0 0 0 0 0 0 0 0 
0.14750930399121054 0.4712685419672107 0.04701521498362772 0.21373612559010702 0.15777123830538398 0 0 0 0 0 0 0 
0.6927038880153407 0.6247916248950381 0.4579141799411265 0.16422811607958362 0 0 0 0 0 0 0.2643727948263366 0.17105301891603425 
0.17835849495372846 0.5445809635718563 0.15199409798171154 0 0 0 0 0 0 0 0.195608786662939 0.05328356615208092 
0.34945282141970235 0.1302916375564515 0 0 0 0 0 0.05954565442728703 0 0 0 0.1001359324778394 
0 0 0 0 0 0 0 0 0 0.0648128914125704 0.3675294892801597 0.5458835970677616 
0 0.09862396289686878 0 0 0 0 0 0 0 0.020788174036885515 0.36151977555654885 0 
0 0.10851890660092109 0.05899469240900613 0 0 0 0 0 0 0 0 0 
0 0.08576213790654952 0 0 0 0 0 0 0 0 0 0 
0.19150508360855348 0.11360081153599491 0.21708693073818175 0.11890286258238543 0.1841445292132905 0.10796591044620148 0 0 0 0 0 0 
0.03486328472783187 0 0 0 0 0 0 0 0 0 0 0 
0.22408770456849686 0.19751631907825762 0 0 0 0 0.09983648130580407 0.23316569911375185 0.060848484059517455 0 0 0 

0 0.958153177188251 1.1832482181936625 0.8573487438717149 0.534112690529766 0 0 0.16017589290220058 0.10923638402380378 0.16950006792668237 0.13547544947728019 0.41437452289563614 
0 0 0.0003825461536741126 0 0 0 0 0 0 0 0 0 
0.04679634486446392 0 0 0 0 0 0 0 0.7267361966794067 0.6254513597021099 0.1627597274617175 0.012385923384139439 
0.12530191870674193 0 0 0 0 0 0 0 0 0.6967715850632028 0.7563354327581019 0.8699824787231673 
0 0 0 0 0 0 0 0 0 0.05963344082416605 0.4522709095614264 0.7893076501566825 
0 0 0 0 0 0 0 0 0 0 0 0 
0 0.08885076601047703 0 0 0 0 0 0 0 0 0 0 
0.05528116094015141 0.10468375285669906 0 0 0.14765677306974886 0 0 0 0 0 0 0 
0.2456578361370561 0.44096469459719934 0.10329857420129167 0 0.16352734431667473 0.013048740321226368 0 0 0 0 0 0 
0.24730274199249785 0.5498385964318377 0.12465531092909941 0.15468240053096138 0.2841930437975121 0.2007632072671304 0 0 0 0 0 0 
0 0 0 0 0 0 0 0 0 0 0.32433276924440974 0.34622868221078634 
0 0 0 0 0.04248834927698407 0.26066102457978235 0.18371792251033844 0 0 0 0.15588930024874748 0.4022191255960488 

1.1871051810303308 1.6629492122381115 1.328778993974306 1.1852043880940393 1.2093944741472429 1.1155509510570993 0.9937411877724993 0.553200980023759 0.6176993733558663 0.43844552147866817 0.28615348892246456 0.7724684335665638 
0.9086087294528926 0.7198471913961743 0.2896408328547443 0.5870100740949385 0.4529007576877669 0.32374061625909306 0.45454011771697356 0.34347046947047244 0.5901649129516113 0.34773061992523074 0.0625255403829533 0.6165841725135899 
1.1809374914119415 0.508654354139762 0.44938989572777494 0.2077973386910377 0 0 0.49769751695474984 0.9309881100961946 1.2762193232436783 0.9137650538110351 1.051994474620648 1.1150671774362175 
1.320131730945394 0.6177758514146331 0.3290387405327653 0.45211219492853827 0.5361102057228911 0.26364723793447464 0.16618429427732243 0.29886231038295785 0.7034899452668677 0.5598945316848436 0.8557081727876783 0.9582548881205539 
0.9506092092940064 0.1272497582184049 0.6183525260399545 0.7691148154151365 0.7856314818671888 0.5246090771092083 0.3041937951231217 0 0.08224233448570248 0.2055266364142131 1.2195777885398573 1.3057913813546211 
0.807460263999398 0.8151899116431132 0.9624032665290733 0.7588161850117937 0.7262829510103911 0.6982144329471677 0.5161576508125238 0.4065621664564632 0.10397143373839307 0 0.6795224857577361 0.7426656129046961 
0.8344349340886956 1.2099357373710626 0.790563260961 0.5903227670436934 0.7487842860828803 0.6430445417905583 0.6620332376475286 0.705200447787563 0.580060078600559 0.46716221958472015 0.15865413126574365 0.21283630631494854 
0.8792167463720567 1.0747414100128885 0.46040527877625637 0.5115674946649171 0.8647677974233398 0.8300001215279318 0.6818279958424537 0.7003515772081934 0.6820858116432033 0.6345352574784937 0.44718106760750514 0.6278754662055526 
1.118130405100253 1.0943391244613705 0.6563887577783837 0.846367541685916 0.9805901921718568 0.9119150436978242 0.7822368565900754 0.7955042574364877 0.7321741357733069 0.6522522614773849 0.49937014041196187 0.6220252440741556 
1.2356560293454872 0.8028475307032155 0.7778157276375097 0.8624254003956793 0.9360799736479979 0.9058433668013917 0.563217369265334 0.7790409591053686 0.8354308890580786 0.9065864649797343 0.6175213907785781 0.8303029729962992 
1.314161376758784 0.7682505567551875 0.7858021748102562 1.020524563271521 0.9937436005819914 0.8160522511253582 0.732202127661391 1.0960808968259101 0.9481012934224812 1.0352955019324908 0.5697635547523217 1.1518590022975568 
0.9650368690576556 0.44597798728890753 0.5240188470082646 0.5776317122634861 0.4648791277198483 0.495919357006063 0.6686768857559177 0.8421493262586937 0.5023196610735907 0.49311305748688633 0.3502831282518601 1.0020507202408273 

0.024218928021512445 0 0 0 0 0.21943520279961376 0.2894991964446193 0.08971924937343627 0.12392455700660882 0 0 0 
0 0 0 0 0 0 0 0 0 0 0 0 
0 0 0 0 0 0 0 0 0 0 0 0 
0 0.00639361837719634 0 0 0 0 0 0 0 0 0 0.008119515932928385 
0.09476580640311719 0 0 0 0 0 0 0 0 0 0 0 
0 0 0 0 0 0 0 0 0 0 0 0 
0 0 0 0 0 0 0 0 0 0 0 0 
0 0 0 0 0 0 0 0 0 0 0 0 
0 0 0 0 0 0 0 0 0 0 0 0 
0 0 0 0 0 0 0 0 0 0 0 0 
0.10716346802673114 0 0 0 0 0 0 0 0 0 0 0 
0.11929548078146732 0 0 0 0 0 0 0 0 0 0 0 

0 0 0 0.11685978781429646 0.17775296833632626 0.4715673789555236 0.5550824450440819 0.9028551178882185 0.7583487907188657 0.6443988755135956 0.3903418632178432 0 
0 0 0 0.17554495195878633 0.6195164723747995 0.2276970811304348 0 0 0 0 0 0 
0.034983622456482316 0 0 0.4093301768548884 0.7956393721971892 0.42663834131683837 0 0 0 0.39389953574666425 0.2136600259355212 0 
0.06073434578041306 0.2077009870692048 0.5603163390751594 0.601117387965653 0.46275394184584207 0.46253496131043187 0.0942148211179627 0 0 0.12687453561504747 0 0 
0.11779764440982145 0.6154152605823493 0.3620832009649151 0.33529353568975756 0.48517447629983124 0.5914321905628774 0.623110299519941 0.024431247622787117 0 0 0 0 
0.17740992439695694 0.2511199856731433 0.24893226245674208 0.4085155359192265 0.4904783865877934 0.48144266733708607 0.6009989927483929 0.22737049797162648 0.08993954942007606 0.5297489575613263 0 0 
0.45618165171750397 0.2462428144491259 0.3136638412452659 0.44529376435588414 0.3591661677379786 0.3016902814768233 0.4560519165124987 0.4026642842439849 0.4387695955112044 0.6198424617137395 0.3666810057363361 0 
0.30684276261173704 0 0.1990492571078573 0.24571528828868638 0.16962856888901928 0.2082666536097224 0.3073311551193443 0.3973082318755449 0.4606416102305235 0.6712889291613562 0.404441311910414 0 
0.0611233568161309 0 0.10957657608202159 0.09819070352061819 0.17941333839537404 0.1471868631157917 0.34488693205129356 0.3977844809089938 0.2963622006706258 0.4392648197158151 0.4629924069906904 0.23495416555959692 
0.10077178220021296 0.24454613856337581 0.2548462067394486 0.2385116827150299 0.23687815011246202 0.13783885555505157 0.4643865307972671 0.0556089963456608 0 0.05571324119797204 0.30432316871097964 0.19780798081492904 
0.12847636680474828 0.333335134681949 0.716034841964707 0.6245808205131587 0.40833135683041255 0.3226453458677434 0.30990596808513626 0 0 0 0.5463918794566359 0.2731968998016885 
0.5396683876548002 0.7461883066143421 0.6373403837309916 0.5029409827488095 0.4694691084679964 0.5299537250142385 0.6471847470359879 0 0 0 0.49373834922850857 0.2801037803055647 

2.270110124611574 1.765013692620229 1.5373013090319285 1.5882447793628098 1.4691123374298654 1.6304606656203835 2.056200005346974 2.218015313628249 2.184896075732992 2.1274021051017815 2.3417509525213958 2.3979653070460527 
0.2265323111768088 1.090946948551435 1.6295781196077206 1.6757719147248618 1.7433612018382947 1.2806780033838772 1.3869639086509369 1.2300046939153872 1.429161799713946 1.7199848297093034 1.6865566303836546 2.1150924443043375 
0.9369899221933389 1.4558714566179218 1.7545567977086352 1.5959904722731673 1.2959377172830995 1.437914538396293 1.8414587785938872 2.1456978542694634 1.545576528155476 1.7635714893230268 1.54622364004933 1.6997462328618085 
1.387492986235719 1.6120494996059935 1.8228544909683695 1.8786242791902201 1.3948264913177704 1.1287126181800515 1.2650778600319068 1.250867136130925 1.8578820641733274 1.7769227751703096 2.0474703074033678 2.123625114630951 
1.624291482326563 1.784785143887674 1.7644359496658866 1.734177366187083 1.8372582938097333 1.415881851884165 0.9979014059010415 1.2886312863329437 1.6904410295742383 1.632678958660267 1.9900008766462955 2.046087209826019 
1.4978293324823593 1.634297637204589 1.821120677463888 1.8085778357911941 1.7945681334096433 1.9062787133505754 1.3574481863887575 1.2307737106602963 1.60821259824464 1.6414994758985444 1.1599620333537541 1.9588521288448546 
1.7743417309625715 1.733223384278334 1.5754971290637059 1.6873126151521112 1.8280056687968635 1.7851286387806116 1.7578842442039793 1.8506070605017741 1.9153265243620474 1.5096728395651122 1.0059156607655713 1.8845892715668484 
1.7526746554459902 1.6828389548045144 1.864199300020037 1.793691412327328 1.7866146958703653 1.9009489069280183 1.7518821739103927 1.739714320485959 1.8207386888090449 1.5493135095414083 1.4717171856676152 1.7383634105141428 
1.5467914343748008 1.5814958363044909 1.849230371108511 1.8822411999646054 1.6813120707006872 1.7196143387939857 1.802399446693012 1.7801039586861056 1.7719233361747786 1.8178802634770583 1.8788834429548995 2.04299096454969 
1.781913459498552 1.8340537956797638 1.839960802686487 1.866414288215802 1.8368192478942207 1.857173355994115 1.8599274821810388 1.8558379102290694 1.8319648600330798 1.7754165163259343 1.848486905805347 2.0974244802891127 
1.526309561948855 1.4608449540707547 1.5304346457718458 1.616649058415844 1.5474646717677119 1.649362379407494 1.7845835699987398 1.7762177229199634 1.87297788249383 1.872061665081254 1.8240264287648702 1.9385523361229842 
1.9164832413091253 2.251508393835463 2.1515352403060417 2.041641758801115 1.9731931894597823 1.8849716957907567 1.3783100566228024 1.2041563822236272 1.5531144325791373 2.096890118000913 2.2100937586796454 1.8955234235816416 

0 0 0 0 0 0 0 0 0 0 0 0 
0 0 0 0 0 0 0 0 0 0 0 0 
0 0 0 0 0 0 0 0 0 0 0 0 
0 0 0 0 0 0 0 0 0 0 0 0 
0 0 0 0 0 0 0 0 0 0 0 0 
0 0 0 0 0 0 0 0 0 0 0 0 
0 0 0 0 0 0 0 0 0 0 0 0 
0 0 0 0 0 0 0 0 0 0 0 0 
0 0 0 0 0 0 0 0 0 0 0 0 
0 0 0 0 0 0 0 0 0 0 0 0 
0 0 0 0 0 0 0 0 0 0 0 0 
0 0 0 0 0 0 0 0 0 0 0 0 

0.14104512712055406 0 0 0 0 0 0 0.04423598964739994 0 0.09180529931025365 0.32237263360028184 0 
0 0 0 0 0 0 0 0.00012694514665920198 0.23183806774752055 0.13965518773301988 0.6276720727153136 0 
0 0 0 0 0.09075787969424487 0 0 0 0 0 0.32112402302864107 0 
0 0 0 0.011259238967273863 0.356469031458011 0.3687530423378584 0 0 0 0 0.001606519389512985 0.5362794775957693 
0.3452816452417036 0 0.049829356790019305 0.23339100001026122 0.06979250812903405 0.27492867131895815 0.12920688463189306 0 0 0 0 0 
0.5968140738873372 0 0.058318195242695936 0.16324433538366487 0.13374474512063833 0.060339570971436246 0.27262919637196065 0.19391099705258474 0 0 0 0 
0.5678842077782593 0 0.020744241449386636 0.16948106588078435 0.07620301657456374 0.23294412561698463 0.139454543831465 0.058530589771553454 0.0412474361280131 0.1887692514689148 0 0 
0.6088017726900771 0.35632140324136397 0.12242893727349646 0.3999965808952454 0.2622490936766483 0.2906100649758321 0.40184593829815596 0.11914131349745902 0.015986592016720202 0.07995046991596239 0.09397826371153362 0 
0.3592685764060652 0.16545569474992833 0.27343786170155343 0.4835658702492811 0.2357389759967729 0.15444779924659638 0.38981566993476563 0.2621697910139148 0.16482108956207334 0.10166447335285904 0.34253677085057554 0.05287643000519487 
0.04594909841609425 0 0.3295233662022114 0.34412699622696613 0.3829013727589513 0.2807281826187539 0.38976104773129994 0.6356689304429369 0.2567259756217044 0 0.2618936324062963 0.298341994225101 
0 0 0 0 0 0.1342897740550691 0.24275820295304124 0.18049631942631364 0 0 0 0.21346233402992681 
0.30350306100625485 0 0.10911881757031489 0.10966573749160007 0.055625857956590335 0.16772979411501174 0.35435486895782237 0 0 0 0 0.2344448387725156 

0.6956130585958732 0.03505424971086788 0.20556225104874842 0.6470524733839941 0.8207384175689274 0.9391490652786321 0.8971237327498749 0.49968805308940345 0.9331051781468493 0.7574745553285911 0.36912533859113794 0.6072663572732607 
0 0 0 0 0 0 0 0 0 0 0 0 
0.019701474243488455 0 0 0 0 0 0 0 0 0.09345548690816442 0.3701265187052968 0.8004444124504014 
0 0 0 0.061966874639885705 0.0957351601008997 0 0 0 0 0 0.6742432125635371 0.5001591399691729 
0 0 0.2583363646130116 0.2995016021396128 0.23361346515852743 0.19449470246008693 0 0 0 0 0.11660175573393652 0 
0 0 0.2824265024285005 0.29162406525156787 0.2744471265347809 0.19625590747685454 0.1222158474506403 0 0 0 0 0 
0.15484594379405728 0.35577599029346674 0.09374762770098784 0.014674246356596213 0.18342625825529693 0.1415077445283219 0.1235218120377697 0.10973693694924595 0.08505794178521724 0 0 0 
0.3145063800944272 0 0 0 0.08324648672223793 0.3183952726657638 0.21204716057353679 0.10745732887729485 0.14737192975758442 0.09742474993622947 0.05728313425903335 0 
0.21002491702846704 0 0 0 0 0.2767042508707297 0.1665424428692044 0.2753740706959564 0.219328001206633 0.1841691062926037 0.031761932079802685 0 
0.14869369118607273 0 0 0.09656120979223769 0.19626192089519984 0.04589195912844676 0.26686259252204814 0.5157472709142283 0 0 0 0 
0.08413884540281785 0.03110358513796855 0.2520277238797709 0.2646299126191735 0.015204270074701227 0 0.08980850347788105 0.8297230232743436 0.05331131583396708 0 0.06521229394630725 0.5669257923882405 
0 0.21744282553854694 0.5500930806476203 0.26862885400663467 0.03690939674397786 0 0 0 0 0 0 0.11644839786392669 

0.17039164743022706 0 0 0 0 0 0 0 0 0 0 0 
1.1787212601639614 0.2452813566540536 0 0 0 0 0 0.44338919863556725 1.097005956976608 1.2975485820845185 2.155249057040016 1.8657292909976295 
0 0 0 0 0.2500852731385925 0.24421547163004775 0 0 0 0 0.6075023275299251 0.8162761828759462 
0 0 0 0.1325464306384217 0.3506838587377239 0.6088996957512494 0.3110038430279837 0 0 0 0.022763090744267668 0.4485823192897648 
0 0 0.15748125722425216 0.19901629004850213 0.09515219437190402 0.3502676406676693 0.48300834561545136 0.02266880077090671 0 0 0 0.034698025535848984 
0.34721871156452133 0.31468722586717707 0.17111742654595108 0.03743504024848088 0 0 0.19079290517566874 0.386519117632975 0.13919460388455174 0 0 0 
0.1839328876232111 0 0 0.061713106019833944 0.21526892519331445 0.3059412253569858 0.2069231250593852 0.030549282861329033 0.03150054562318673 0.14331715267189815 0 0 
0.29913183554229644 0.03436604519310144 0.14812131242068202 0.3406311328790182 0.32682850541454306 0.338099071996268 0.3294535741803011 0.13090850401073817 0.07619412861138007 0.030773332471525916 0.3199059789587574 0.1261768061668408 
0.16370539589090521 0.008968534252290356 0.4624901958975138 0.3820767740718881 0.15492946793836926 0.28894606305975395 0.34048771334343764 0.2780913402283158 0.0875267540660068 0.0698669910157466 0.24194201063060922 0.24507506460303966 
0 0 0.07609108581151891 0.23290725621824446 0.1254137652027233 0.03677585460288982 0.2052745878565808 0.4007641440147942 0 0 0.44509967986118126 0.7118444166633084 
0 0 0 0 0 0.07849514523808698 0.6242336424104553 0.5899338990836436 0 0 0 0.3163325743869673 
0 0 0 0 0 0 0 0.08765226235401838 0.0037348058449948873 0 0 0 

1.40946457776604 0.8571101247022713 1.1195221195542526 1.371937531175155 1.1196057293248702 0.7921842765966981 0.43078876023673707 0.6198765207380155 1.0704704069471198 0.7943085998801542 0.8719608392960541 0.44361417850291684 
0.4265517669096661 0 0 0 0 0.5108685470017978 0.23676603402927782 0 0 0 0 0 
1.4718619239382151 0 0 0 0.011005097069938491 0.25342907908369133 0.3966296649204043 0.08611736915156659 0.384428605913627 0.44403643400990095 0.3329698180111343 0.5080404376977288 
0.44833660938310904 0 0.00798073941056078 0.3878238892247244 0.20992146848352788 0 0 0 0 0.6623026856378977 1.3421179010753717 0.5932417566142131 
0.32755238855913055 0.506891479205055 0.6106647997813293 0.3574137407287996 0.3461960566634202 0.04494778208702776 0 0 0 0.5787292768423278 0.7086172170118235 0 
0.677273790518554 0.7637693375513545 0.35292475276516866 0.2637222327381689 0.36704217195566397 0.31551151213942413 0.2880393274851493 0 0 0 0 0 
0.9577291367775113 0.8572912920630337 0.18353815704439064 0.2936936406248231 0.39838425658315274 0.2774523691243341 0.2916643400105159 0.20855092891431182 0.018609859409552745 0 0.18930636357245173 0 
0.875868806236266 0.5850296861033394 0.28020433967415015 0.6672282681271153 0.6423535147321443 0.38075505212952865 0.4186118096060313 0.36362940803544297 0.22508932783296776 0.29857114642925314 0 0 
0.8861911883156028 0.5274517976165186 0.3289983937666141 0.33883087634208753 0.7219685661069238 0.47189705120524267 0.29203278755848056 0.5929435617301725 0.3528485337161694 0.2835628865079843 0.2527826420753461 0.2813240744080014 
0.8257257148374066 0.16257311264680785 0.3646836892917916 0.6968584137151365 0.7481074683703853 0.5567868804381597 0.9182451632107475 1.0459655994885177 0.3805956852767772 0 0 0.362917232838495 
0.6675021652513016 0.03214075846361325 0.332832816217152 0.3006347517960939 0.02626437079240035 0.3532416008862291 1.0510070532732996 0.829105479731892 0.026365660505255017 0 0.31568055850489807 0.7023258062600019 
0.6748670958851085 0.3956325272722293 0.5037565921442627 0.43061739910002783 0.48561529958219507 0.7208666108773945 0.6286446877106199 0 0 0.034613680796394 0.25929693090926187 0.5338097579591168 

0 0.48917751792368624 1.208732008219165 0.4260399394763274 0.5039986935788658 0.9416340993668382 0.7462345602320738 0.9031166670767963 0.17104817313193138 0.2838569286347764 0.06567161063710147 0 
0.09143231899058428 1.0139687040123926 0.6164442465518182 1.2875236157919763 1.3643809935034747 0.9540852186970212 0.27177015874063665 0.3869922333525341 0.5719459443933843 0.48463654806679346 0 0 
0 0.47720029448299733 0.8572098187974738 0.3125547473966886 0.2840959298133801 0.41358726254598177 0.611594422712438 0.43380381106078025 0.7907018575662514 0.44081614982837675 0.3378859169431129 0 
0.08285448010552166 1.280112006931472 0.33337644583332166 0 0 0.09185006707967272 0.3386687597056413 1.078038631841822 0.8310351731685388 1.4036013385264772 0.0632529330631636 0 
0.4338934276779939 0.22558574983346788 0 0 0.0014185663575010058 0 0.32980088452749584 0.35240104235891245 0.961279177704426 1.4774501662057566 0 0.3634262358787561 
0.20920193494944728 0 0.19451475188828776 0.16914031289234982 0.05783243872675714 0.01315441862824467 0 0 0.3940050896192141 0.0034832957704784683 1.475694726523893 0.20267478021386268 
0.07853674541016205 0 0.5310647330633343 0.46680207076628394 0 0 0.017244069783197657 0.04061935682391739 0 0 0.36536874528712043 0 
0 0.19315142513728012 0.31311668973785667 0 0.10149796390614184 0.014171946342893049 0 0.008830537924676887 0.013636971007982928 0.16593273108586146 0 0.252098833633071 
0 0.36014677750551816 0.10261899042645937 0.12820315559887518 0.22018182553499774 0 0.28770878850994464 0 0.0986431172778965 0.008496625092180396 0.09258573419777301 0 
0 0.3218104093846545 0.40899573379267323 0 0 0.1385914322515987 0.0962746072939052 0 0.13421299860585947 0.03301981614551789 0.3215963857453675 0 
0 0.31344144073053104 0 0 0.3529081089414129 0.8040729528502042 0.1355960083415024 0 0 0.4236460628542722 0.35724904142501124 0 
0.5078201455046323 0.5861806269518287 0.04162687164484702 0.021501156025217127 0 0 0.1593666979514049 0.49267220282234137 0.5455119980483185 0.4674127351584124 0 0.022517228081404786 

0 0 0 0 0 0 0 0 0 0 0 0 
0 0 0 0 0 0 0 0 0 0 0 0 
0 0 0 0 0 0 0 0 0 0 0 0 
0 0 0 0 0 0 0 0.0901932905522193 0 0 0 0 
0 0 0 0 0 0 0 0 0 0 0 0 
0 0 0 0 0 0 0 0 0 0 0 0 
0 0 0 0 0 0 0 0 0 0 0 0 
0 0 0 0 0 0 0 0 0 0 0 0 
0 0 0 0 0 0 0 0 0 0 0 0 
0 0 0 0 0 0 0 0 0 0 0 0 
0 0 0 0 0 0 0 0 0 0 0 0 
0 0 0 0 0 0 0 0 0 0 0 0 

0 0.3381159958334929 0.7712316199651439 0.3555075152336517 0.2872415454846324 0.4791807640194358 0.8694737130040029 0.784041788971949 0.4127490197747908 0.27897029558485487 0 0 
0 0 0.06117155114926546 0.05801413009503924 0.01828819805584194 0.11884013413099925 0.649197140600583 1.2141525199203784 1.191680577028608 0.9448695983166424 0.13619367776139982 0 
0 0 0 0 0.2841163737447914 0 0 0.40199313671781695 0.7538033396635931 0.6403639643720472 0.11541037481024236 0 
0 0 0.2657832630224051 0.3647518746360823 0.41242215402422105 0.13531100036519778 0 0 0.6123245365881084 0.4549200378839726 0.04439922548676668 0 
0 0.08752124558555473 0.2695432106455682 0.4696579180173129 0.5697708330707146 0.4042788885546481 0.1403953452826048 0.028904493729746933 0.11923585062643408 0 0 0.14807968317641085 
0.1922237324686998 0.36948928147950016 0.4548476072916019 0.47017337756287264 0.5499656886715945 0.5425211924047164 0.5430902024020103 0.21512467148713021 0.37775192582828687 0 0 0 
0.159206839673597 0.118571225561627 0.290999430403671 0.4758584365272165 0.5840015038344866 0.45760971876244727 0.5694815247170447 0.5471120470655801 0.3428029620177242 0 0 0 
0.04144979389436445 0 0.22448818417624664 0.2853856528465558 0.331688208049371 0.40794825527173323 0.36370670283260714 0.5152638561217798 0.6048133915645115 0.6541463503983203 0.04566171404823598 0.32095151167064 
0.022726909464216467 0.26337082662357747 0.13834873170697443 0.11739617190137064 0.25773108292687796 0.2549323754843437 0.44976738995617027 0.46639528741282604 0.5365225741479799 0.6735777579427975 0.4658605281377398 0.2598503666701462 
0 0 0 0.000527736022995072 0 0.04128274157471026 0.09885150157464251 0.050195463621857325 0.7048843936231196 0.9729172743994292 0.6056002900351344 0.4061493842567624 
0.004699446564213242 0.36444481404980833 0.6112409211356634 0.507438981479385 0.38431283129855637 0.3966246000725839 0.004156352359119559 0 0.4380040683427539 0.8960083497541792 0.6597047889317542 0.3659265644340177 
0.16194385343591083 0.2401378494716308 0.10791216004530566 0.07113599686656259 0.07487853310565867 0.10880082044146376 0 0 0 0.4336564871745215 0.2801180883289683 0.1450998880730044 

0 0 0 0 0 0 0 0 0 0 0 0 
0 0 0 0 0 0 0 0 0 0 0 0 
0 0 0 0 0 0 0 0 0 0 0 0 
0 0 0 0 0 0 0 0 0 0.0010662952306588758 0 0 
0 0 0 0 0 0 0 0 0 0 0 0 
0 0 0 0 0 0 0 0 0 0 0 0 
0 0 0 0 0 0 0 0 0 0 0 0 
0 0 0 0 0 0 0 0 0 0 0 0 
0 0 0 0 0 0 0 0 0 0 0 0 
0 0 0 0 0 0 0 0 0 0 0 0 
0 0.15987577273172215 0.15527671393735054 0 0 0 0 0 0 0 0 0 
0 0 0 0 0 0 0 0 0 0 0 0 

0 0 0 0 0 0 0 0 0 0 0.1678252003865627 0 
0.5985426703744284 0 0 0 0 0 0 0 0 0 0.47783020927329484 0 
0.6304831209656641 0 0 0.17836001389658399 0.41273809063024636 0.289644802076291 0 0 0 0 0.37395897535872935 0 
0.3145065395323996 0 0 0 0.0075353472355942155 0.8091928194605708 0.5440659564486121 0 0 0 0 0 
0.5494574915994895 0.011575733308646776 0 0 0 0.24654062496295287 0.603050253762937 0.4240100214235304 0 0.721245743771863 0 0 
0.36412476969173585 0 0 0 0 0 0.0016827957652836081 0.07278189938828131 0.26174139238898564 1.5235548721096621 0.3605229735265482 0 
0.592695578652836 0 0 0 0 0 0 0 0.07482511834231263 0.9373463817604071 0.9301131554133718 0 
0.5057587007563172 0 0 0 0 0 0 0 0 0 0.4427533381791756 0 
0.311221176963884 0 0 0.06815999032837501 0.010909900962727937 0 0 0 0 0 0 0 
0.20644324975507905 0 0.14130401690931613 0.2919610256794727 0.06368651508358719 0 0 0 0 0 0 0 
0.057919905226614554 0 0 0 0 0 0.20393252124830802 0 0 0 0 0 
0.02130593046729172 0 0.03073019457531022 0.15495773057454773 0.1740741908030891 0.41628714076146633 0.8673926011967749 0 0 0 0.20717732108186107 0 

0.5393165815232325 0 0 0 0 0 0 0 0 0 0.18317164077289982 0 
0 0 0 0 0 0 0 0 0 0 0 0 
0 0 0 0 0 0 0 0 0 0 0 0 
0 0 0 0 0 0 0 0 0 0 0 0 
0 0 0 0 0 0 0 0 0 0 0 0 
0 0 0 0 0 0 0 0 0 0 0 0 
0 0 0 0 0 0 0 0 0 0 0 0 
0 0 0 0 0 0 0 0 0 0 0 0 
0 0 0 0 0 0 0 0 0 0 0 0 
0 0 0 0 0 0 0 0 0 0 0 0 
0 0 0 0 0 0 0 0.014625907025076166 0 0 0 0 
0 0 0 0 0 0 0 0 0 0 0 0 

0 0 0 0 0 0 0 0 0 0 0 0 
0.21186475530821097 0.012915627216471437 0.22316899353029573 0.493698544690393 0.2629404036826057 0.08863202276946053 0 0 0 0 0 0 
0 0.7488541594722027 0.5036335384610743 0.21872594189160816 0 0 0 0 0 0 0 0 
0.09182765214108943 0.742275173510977 0 0 0 0 0 0 0 0 0 0 
0.09204512681714219 0 0 0 0 0 0 0 0 0 0.08351361674404761 0 
0 0 0 0 0 0 0 0 0 0 0.5885646620673177 0 
0 0 0 0 0 0 0 0 0 0 0 0 
0 0.04609289863319912 0 0 0 0 0 0 0 0 0 0 
0 0.052646784683570036 0 0 0 0 0 0 0 0 0 0 
0 0 0 0 0 0 0 0 0 0 0 0 
0 0 0 0 0 0 0 0 0 0 0 0 
0 0 0 0 0 0 0 0.5260829001065797 0 0 0 0 

0 0 0 0 0 0 0 0 0 0 0 0 
0 0 0 0 0 0 0 0 0 0 0 0 
0 0 0 0 0 0 0 0 0 0 0 0 
0 0 0 0 0 0 0 0 0 0 0 0 
0 0 0 0 0 0 0 0 0 0 0 0 
0 0 0 0 0 0 0 0 0 0 0 0 
0 0 0 0 0 0 0 0 0 0 0 0 
0 0 0 0 0 0 0 0 0 0 0 0 
0 0 0 0 0 0 0 0 0 0 0 0 
0 0 0 0 0 0 0 0 0 0 0 0 
0 0 0 0 0 0 0 0 0 0 0 0 
0 0 0 0 0 0 0 0 0 0 0 0 

0 0 0 0 0 0 0 0 0 0 0 0 
0 0 0 0 0 0 0 0 0 0 0 0 
0 0 0 0 0 0 0 0 0 0 0 0 
0 0 0 0 0 0 0 0 0 0 0 0 
0 0 0 0 0 0 0 0 0 0 0 0.17143566242999547 
0 0 0 0 0 0 0 0 0 0 0 0 
0 0 0 0 0 0 0 0 0 0 0 0 
0 0 0 0 0 0 0 0 0 0 0 0 
0 0 0 0 0 0 0 0 0 0 0 0 
0 0 0 0 0 0 0 0 0 0 0 0 
0 0 0 0 0 0 0 0 0 0 0 0 
0 0 0 0 0 0 0 0 0 0 0 0 

0.3035428389095308 1.1213713826041836 1.3064907362935188 0.9463466105249632 0.5445998039628173 0.42097345456006713 0.6006969779792317 0.9388786460515823 0.6219821800290568 0.5748115090187204 0.24051945474382694 0.6671303419628215 
0 0.1564655096227523 0.4895064503922778 0.19839967698888827 0.23434742580239604 0.3144919263240678 0.6643125616698655 0.8605284338241732 0.49166641037747005 0.41188341610314133 0 0 
0 0.14412714767073234 0.2517115619852983 0.4543142322664361 0.0712985626622086 0 0 0.8537097086709186 1.0048217876917243 0.9721512062597633 0 0.15247932771708883 
0.04414189021740991 0.46340930293512345 0.544058665292847 0.4317051528500635 0.17514760769046783 0 0 0 0.7969557782909719 1.2841402274724378 0.6867617742915321 0.7507424025132281 
0.3665899239116122 0.7927697337956673 0.4474331915481063 0.29478288910837225 0.29185271155223885 0 0 0 0.24428034972575763 0.779887899344152 0.35332134403953297 0.8729049709570957 
0.4520024122657345 0.4734148872980443 0.4040027240569761 0.3573480999351048 0.29630805122239456 0.35587240022357963 0.16906966339813573 0 0.06748475865517417 0 0 0.7046869053433767 
0.4646674350737762 0.32273976427130063 0.47032064334843204 0.482826838525031 0.4172684702481313 0.2708540840968133 0.2942492286206167 0.2367590359978593 0.32891793535330666 0 0 0.1355093891069134 
0.5603671217898033 0.428930016033923 0.6590337209524941 0.575128582834039 0.4903013441596278 0.418793427027413 0.2988796871020717 0.202043619604171 0.3008415334723996 0.2201353501716548 0 0.15754136251124934 
0.5437827975898094 0.6146083626126717 0.5041019855984452 0.40412217164082803 0.5418052472497599 0.40107240206062983 0.42923860051612195 0.28060480417854156 0.39972564568238683 0.5095591377906353 0.18594714456006503 0.2592580006817393 
0.3439130256332081 0.5891900465849629 0.5711932327661098 0.5990990216041958 0.5056851665041321 0.51577889925203 0.4714452907855978 0.21737293002337016 0.5242659043596472 0.5601667652517193 0.571694154138939 0.3522447350684267 
0.10315249129009015 0.42812165105426814 0.3859725286424404 0.3199032881846191 0.4463084641910176 0.6722568830554497 0.5257884977012682 0.03225206447504825 0.44052583044369925 0.6143456684678035 0.8885608437285465 0.4967253224609565 
0.17355315804464538 0.4972656607513322 0.4399924947031705 0.4727083553974836 0.5440303043523088 0.49953005317020227 0 0 0 0.29952456052230597 0.5751182225251003 0.4281225235417835 

0 0 0 0 0 0 0 0 0 0 0 0 
0 0 0 0 0 0 0 0 0 0 0 0 
0 0 0 0 0 0 0 0 0 0 0 0 
0 0 0 0 0 0 0 0 0 0 0 0 
0 0 0 0 0 0 0 0 0 0 0 0 
0 0 0 0 0 0 0 0 0 0 0 0 
0 0 0 0 0 0 0 0 0 0 0 0 
0 0 0 0 0 0 0 0 0 0 0 0 
0 0 0 0 0 0 0 0 0 0 0 0 
0 0 0 0 0 0 0 0 0 0 0 0 
0 0 0 0 0 0 0 0 0 0 0 0 
0 0 0 0 0 0 0 0 0 0 0 0 

0.7189673508498569 0.08667933812948142 0.11028814256330582 0.7325056074216 0.5825111002982917 0.13647861930807456 0 0 0.852859495361371 0.6211472074097706 0.04936521183259478 0.6363223127185162 
0.3451701381225197 0.09894473402349142 0.12405380477283756 0.5102492257896022 0.5694531250011889 0.18814256475401797 0 0 0 0.5245943553535062 0 0.8938287205719234 
0.7182901547280235 0.00889649761452159 0.23989800886481713 0.04309565994510196 0 0.12642428308751444 0.7254474267338675 0 0 0 0 0.19464463105582167 
0.6142879493568802 0.12930834144648692 0.1253769451803362 0.2876899696961012 0.029391207508850915 0 0.14526131771233847 0.21319789020487326 0 0 0.02588171075687798 0 
0.39706582355057224 0.40124264144741617 0.6010227804639665 0.419087688348244 0.37536185210000433 0 0 0 0.34412700807737917 0.3175221553571198 0.5456053731774042 0 
0.5877305133757549 0.7776103626005563 0.3727043829227251 0.32051107687600355 0.3299556333380192 0.3485347380740222 0.06029086259112153 0.07049017140832418 0.24056026968963248 0 0 0 
0.6835325520200504 0.6767254790138759 0.059770066177634154 0.3208442283772114 0.4839012788960044 0.4574850515202554 0.4077028253153555 0.41666352173889903 0.3912549901441377 0 0 0 
0.565245556717007 0.6417124541283404 0.5627507556250821 0.5633886593153696 0.7673430267615039 0.6057536380412669 0.4634058656546326 0.6074234841513981 0.36721694622371237 0.09859434460482204 0.07904151493869815 0.1805294827812698 
0.5671080298260465 0.29718973456310727 0.5037219711393099 0.6206825893631013 0.7213974034083553 0.490155523731783 0.33142313436602805 0.679026881343248 0.38173843541337515 0.17190652262447118 0.27696898173353807 0.7145959422351876 
0.5973264089407956 0.08167185818040923 0.42581120098862607 0.5665620167822498 0.5108496376665662 0.4938176814073053 0.38360165822867787 0.418893985002085 0.14738887592485408 0 0 0.7605587043731107 
0.9650584938378679 0.11318532464595554 0 0 0 0.15433819265952245 0.44144958122503924 0.23664104294882066 0 0 0 0.35295869115597694 
0.616207494990958 0.6541878531220235 0.6035510695200434 0.5368986215500303 0.4292048169744022 0.356621142838976 0 0.05255941521396594 0.15482352813222044 0.491762566898782 0.6601453403898171 0.49072403661654507 

1.355270149175183 0 0 0 0 0 0 0 0 0 0 0.031686897266416617 
1.2957249324195061 0 0 0 0 0.25534989773928884 0 0 0 0 0.04415478066792827 0.14030573127758672 
0.5408655931916332 0 0 0.15360692535802592 1.0150073666635209 1.1156092597407492 0 0 0 0 0.13423965273882657 0.5839455267927013 
0.1161752961706361 0 0.1710702292041385 0.41010758718832824 0.6097868365566704 1.0257744205954424 0.8017648477417484 0 0 0 0 0.053063996668278525 
0.24750967707030633 0.29492747269626124 0.17816566746736434 0.151227113539453 0.20967411397908312 0.5330330181488283 1.0043300524701246 0.8601401267417728 0 0 0 0 
0.6612189356036182 0.10828662273544598 0 0.20394060577294415 0.1993390523722388 0.11965468160427475 0.5538967459543376 0.5476268242441719 0 0.6980796071422923 0 0 
0.8271148613862489 0.17265627395463662 0 0.22974765045600581 0.07424118982703946 0.09112364099825185 0.2523694730738357 0.10080293510237653 0.0059329438761549155 0.5985048219649328 0.929862309978555 0 
0.8013102545646115 0.08098503981166862 0 0.3295822062202582 0 0 0.38058816082337843 0.14924279998244488 0.053374379887676994 0.3909228063869442 0.4603945778200454 0 
0.4293643798823261 0 0.12546290263370022 0.2242872859027223 0.15819885450854423 0.07960605197743728 0.31508051619836863 0.336828812279945 0.067450733896178 0.020564944832483556 0.25682057984396855 0 
0.18036742054921986 0 0.3023030866176078 0.4394964326371919 0.4158989084246609 0.16893876661422969 0.43875086675718866 0.7604039591629483 0.16061468900994008 0 0.09804553297529212 0.01607431562554676 
0.04329414586171644 0 0.6348345442506962 0.4988375845890966 0.3462169120614693 0.27397922983915257 0.5171983776214967 0.7470738034741145 0.20185328020117688 0 0 0.2292618711443266 
0.4104453890131603 0 0 0 0 0.40277138820036923 0.9521456141239051 0.705981647550459 0.028604636323525667 0 0 0.02276508184617322 

0.03306576312210768 0 0 0 0 0.05980534822047451 0 0 0 0 0 0 
0.8418071724818854 0.5015396020474855 0.4533961522476101 0.2101754375518481 0.35999230009645217 0.26462500297276714 0.3283495130299353 0.6994253514230693 0.4197413060682411 0 0 0 
0.63159216468203 0.4717123710820582 0.2940177649319848 0.38503161710704265 0.38582171356483397 0.42049992250881196 0 0.7504067920060808 0.06950186815794443 0.13894926072059038 0 0 
0.23189551553483062 0.32309953383269974 0 0 0 0.32568279366809627 0.6850104962369901 0.41309693283884175 0.4310110350995726 0.4719166957840778 0.18818889284933943 0 
0 0 0 0 0 0.017186624382621543 0.484782567326883 0.3780931608231288 0 0.35810698894759074 0.3167739365362485 0.04733812063155565 
0 0 0 0 0 0 0 0.018917161636408233 0.16906988055236905 1.1986660116516206 0.4975769357155088 0.10932098540455162 
0 0 0 0 0 0 0 0 0 0.611307506642405 0.4150866745642624 0 
0 0 0 0 0 0 0 0 0 0 0.119794931207692 0 
0 0 0 0 0 0 0 0 0 0 0 0 
0 0 0 0 0 0 0 0 0.09750859732501185 0 0 0 
0 0.17807246945352725 0.3623344302503765 0.2547428976480633 0.12581907617198035 0 0.2891653239835295 0.18779745141722362 0.3570975022954608 0 0 0 
0 0 0 0 0 0 0 0 0 0 0 0 

0 0 0 0 0 0 0 0 0 0 0 0 
0 0 0 0 0 0 0 0 0 0 0 0 
0 0 0 0 0 0 0 0 0 0.06404957197092445 0 0.08742155096429341 
0 0 0 0 0 0 0 0 0 0 0 0.6972098372008456 
0 0 0 0 0 0 0 0 0 0 0 0.34621055245916044 
0 0 0 0 0 0 0 0 0 0 0 0 
0 0 0 0 0 0 0 0 0 0 0 0 
0 0 0 0 0 0 0 0 0 0 0 0 
0 0 0 0 0 0 0 0 0 0 0 0 
0 0 0 0 0 0 0.03375751364493636 0 0 0 0 0 
0 0 0 0 0 0 0 0 0 0 0 0 
0 0 0 0 0 0 0 0 0 0 0 0 

0 0 0 0 0 0 0 0 0.037500638759709326 0.06169013732921505 0.07563494668937643 0 
0 0 0 0 0 0 0 0 0 0 0 0 
0.13936775934085718 0.10702560164564229 0 0 0 0.11891954282719674 0 0 0 0 0 0 
0.04812696782514035 0 0 0.06710745074870618 0.13980657034799215 0.13876306097136573 0 0 0 0 0 0 
0 0.010166669190776696 0.07897829095357355 0.03500586389720103 0.0914131232003852 0.08772608902882299 0 0.19087054770933776 0 0.06606958405178857 0 0 
0.3366799710774082 0.14592974161328393 0 0 0.08859947608659167 0.08452917882984987 0.06569511276540768 0.2628022506644471 0.34232549963947667 0.3738774302191647 0 0 
0.3338596590970347 0.02374340964349797 0 0.06489859761130976 0.08202500986913389 0.047736924714958634 0.0382414391443565 0.13682984855986416 0.08555430090248105 0 0 0 
0.21679530092804117 0 0 0.23612703527252502 0.05630716043982045 0 0.09638943252482729 0.2096998937767543 0.08820119017767569 0.03583934414505623 0.1110532097742575 0 
0.19372578719074615 0 0 0.13666001218544135 0.08211445587972305 0 0 0.12559518076339882 0.07132645867463022 0 0.12440519705571035 0.17505559907353763 
0.18791836068987786 0 0 0.136765640022066 0 0 0.12407897166825313 0.2546288539782324 0 0 0 0.11014280790852243 
0.15148679054113912 0 0.01248270656067623 0 0 0.022744645550732953 0 0 0 0 0 0 
0 0 0.13370994307524686 0.10360978487435138 0.19572610282372419 0.3733180984817057 0.03010946443713597 0 0 0.03900936279667893 0.16513946150687758 0.04513637479871421 

0 0 0 0 0 0 0 0 0.07680078399906515 0.07234076506006604 0.063774563687657 0 
0 0 0 0 0.11307745635403815 0.12007167684834785 0 0 0 0 0 0 
0 0 0 0 0 0 0 0 0 0 0 0 
0 0 0 0 0 0 0 0 0 0 0 0 
0 0 0 0 0 0 0 0 0 0 0 0 
0 0 0 0 0 0 0 0 0 0 0 0 
0 0 0 0 0 0 0 0 0 0 0 0 
0 0 0 0 0 0 0 0 0 0 0 0 
0 0 0 0 0 0 0 0 0 0 0 0 
0 0 0 0 0 0 0 0 0 0 0 0 
0 0 0 0 0 0 0 0 0 0 0 0 
0 0.006586175466300137 0 0 0 0 0 0 0 0 0 0 

0 0 0 0 0 0 0 0 0 0 0 0 
0 0 0 0 0 0 0 0 0 0 0 0 
0 0 0 0 0 0 0 0 0 0 0 0 
0 0 0 0 0 0 0 0 0 0 0 0 
0 0 0 0 0 0 0 0 0 0 0 0 
0 0 0 0 0 0 0 0 0 0 0 0 
0 0 0 0 0 0 0 0 0 0 0 0 
0 0 0 0 0 0 0 0 0 0 0 0 
0 0 0 0 0 0 0 0 0 0 0 0 
0 0 0 0 0 0 0 0 0 0 0 0 
0 0 0 0 0 0 0 0 0 0 0 0 
0 0 0 0 0 0 0 0 0 0 0 0 

0 0 0 0 0 0 0 0 0 0 0 0 
0 0 0 0 0 0 0 0 0 0 0 0 
0 0 0 0 0 0 0 0 0 0 0 0 
0 0 0 0 0 0 0 0 0 0 0 0 
0 0 0 0 0 0 0 0 0 0 0 0 
0 0 0 0 0 0 0 0 0 0 0 0 
0 0 0 0 0 0 0 0 0 0 0 0 
0 0 0 0 0 0 0 0 0 0 0 0 
0 0 0 0 0 0 0 0 0 0 0 0 
0 0 0 0 0 0 0 0 0 0 0 0 
0 0 0 0 0 0 0 0 0 0 0 0 
0 0 0 0 0 0 0 0 0 0 0 0 

