0.010043188235594181 0 0 0 0 0.5113470574842811 
1.0264569829238321 0.5923339785930313 0.9869382281031972 0.8691523692075271 0.9059599273788183 1.3863778789269379 
0.6618863204147298 0.550474840506406 0.989376685832115 0.9347801277671512 0.889141567245703 1.4077927726246529 
0.26968875548309307 0 0.37876490446505584 0.7059488186943987 0.2861887705172804 0.44765206896090476 
0 0 0 0 0.0005392048971028518 0.43619166708304574 
0.7529192442538605 0.30060369773619006 0.8956229164115492 1.2780627025418563 1.2838292853506867 1.3206778216116895 

0 0 0 0 0 0 
0 0 0 0 0 0 
0 0 0 0 0 0 
0 0 0 0 0 0 
0 0 0 0 0 0 
0.13019468190754313 0 0 0 0 0 

0.7331516857610348 2.1968265848596924 1.7861868789904012 1.801011942497672 1.8275950039973117 1.92887948858224 
0 2.4876237816008673 1.524809639870702 1.4346367438209728 1.428513094089333 2.0503021872595903 
0 2.009961437620847 1.459867664257565 1.0426202507153146 1.3047824180770211 2.0577138986153813 
0.002404149634147701 2.985319166522752 2.6259457449741928 2.073976778150911 1.8851934089109588 2.2174665151130957 
0 2.932884604907591 3.246205536628235 2.723263837441345 1.9670796416304501 2.16982104773523 
0 0.8734325808456525 1.2467110096944045 1.286484775978589 0.8585124712313535 1.5173397566022495 

0.17237319299272358 0 0.04206318054085327 0.025076369138943025 0.049121973095328064 0.01013823914055245 
0 0 0 0 0 0 
0 0 0 0 0 0 
0.26314762559716487 0.16334865525987952 0.09379106081301958 0 0.08524947943287937 0.10687369583837249 
0.39544110918473363 0.11489386953636967 0.14552094258622353 0.10978322208538283 0.19281505558241843 0 
0 0 0 0 0 0 

0 0 0 0 0 0 
0 0 0 0 0 0 
0 0 0 0 0 0 
0.29170149782209454 0.6443723943610068 1.1386555942648333 0.6291446369885055 0 0 
0.15010171846204232 0 0.20745994949093952 0.5375327838145946 0 0 
0 0 0 0 0 0 

0 0 0 0.027644977261039372 0.023309510204320195 0.3366732623592729 
0 0 0 0 0 0 
0 0 0 0 0 0 
0 0 0 0 0 0.0958352936206523 
0 0 0 0 0 0.2461909960598418 
0 0 0 0 0 0 

0 0 0 0 0 0 
0 0 0 0 0 0 
0 0 0 0 0 0 
0 0 0 0 0 0 
0 0 0 0 0 0 
0 0 0 0 0 0 

1.2424237102047782 1.6379160232323222 1.5330122340162424 1.5422590821428022 1.4784882633619125 0.8922895298967528 
1.1138229542285447 2.4334961671926685 1.9151583940923393 1.6836765806609355 1.5775535566172287 1.2410832396253968 
1.5304172009243837 1.5455759743958286 1.9880186313819304 1.5683417902818295 1.5842298087877968 1.136416422225256 
1.421504486885441 2.1707221707967164 1.7332041399724054 1.8307238161779449 1.7732067042343966 1.2931368292566092 
1.695685539325166 1.9258509041726968 1.203685699841488 1.2728938341533822 1.3346185402152728 1.0067113323267296 
1.763094909067455 1.083816222052845 0.6921123016390996 0.8224032838834252 1.0300215291458836 0.8102426010195433 

0.7874396557810336 1.9528025865593812 1.8236922560045334 1.8527908991768958 1.8345953674298323 1.991531192098485 
0 2.0434907616678917 1.2349551345853869 1.1114736176505418 1.3499724903624375 1.6536515901703235 
0 1.2398467015906576 1.5550688906357588 0.8882429004134655 0.9433198693012927 1.6714335631235477 
0 0.5616058633563825 1.3826314846978647 1.5279981887657943 1.262470641943994 1.6848354177749363 
0 0 0.8174496305771105 1.349363140085991 1.3070707147834193 1.460262054248692 
0 0 0 0.775418678365696 0.873863696555337 0.917679637179843 

1.0483249640748007 0.8197574904341789 1.0484458085995458 0.9679801385357565 0.944072540576737 0.6127030965513522 
1.4936211572946079 1.715336187729674 1.8488725934368089 1.7561211748400645 1.7110935566537164 1.1760453315981474 
1.4079698057749932 2.291522610982356 1.8878689621182791 2.0583020882843845 1.676522578184636 1.3249586521268735 
1.3309790717328522 1.3174667761338803 1.5195747026939757 1.3287582619923357 1.409761070466226 0.9174830541787354 
1.762225710662299 1.7046427545806606 1.8209834444040205 1.6965604059088646 1.6953966257874566 0.8854743343837846 
2.525745081545047 3.7789659152496506 3.548002857986028 3.5793702633014046 2.8834835301821222 1.926959613830345 

0.8742099070313488 1.4392808620286444 1.6103005643905592 1.6926214586886972 1.6488044466078933 1.1293696127447295 
0.34348387295208854 0.8271078998181829 1.1061003384330348 1.07527637087126 0.7533892136423632 0.3633586448397526 
0.8063634025665091 0.32478553012921374 1.1577788659508947 0.9260348464382844 0.8234424193753102 0.4216014966346088 
0.9503310452727433 0.9562465883379907 1.2926932490262057 1.3241264006280689 0.8482285781228718 0.4598761549968283 
1.1008844938409552 1.1352109798385297 1.2367979651214496 1.2494324733677167 0.6253030251034455 0.4704861122966397 
1.1188300843699692 0.5361117675141972 0.46875972844274316 0.4978269141881768 0.5913692245998301 0.9026462174028016 

0.41799224484051395 0.28596395532528107 0.6870873898775667 0.7343895685123455 0.6777987058921954 0.3655079030920578 
0.7642307792793004 0.701938839524302 1.1425263360118774 1.0927784057399583 0.7552476158326016 0.01787710390416758 
1.232923505210936 0.7613773972912824 1.3803360918522722 1.291434349102616 1.3222704754266545 0.4099241713654017 
2.2073393212401986 2.4106530202949052 2.399122638699448 2.2581411206811923 1.4486501872037145 0.674086282369479 
1.8925190495991326 1.4102179338295606 1.7082668268264911 1.7123438853421755 1.1299645524470447 0 
1.045187045327864 0.1310041166525287 0.3772572789305995 0.4729998037504107 0.08958341443425995 0 

2.5403604773720803 2.3116106653110813 2.5192113995737473 2.545782927416633 2.532227639760962 2.2992166580453595 
3.08842569394239 2.400247611810569 2.7452715097439198 2.8622790717871864 2.7204552947854284 1.9017690818024484 
3.1377475195885745 2.813908903623494 3.022470291125946 3.1884469737856485 3.172502952966077 2.3169382112980244 
3.9363747887068006 3.7635277567602072 4.048940800608933 3.7121498865247675 3.16944749399005 2.383588418666861 
3.985124753171688 3.9198272556976987 4.184494212250846 3.8316047593812517 3.300332846929034 2.262510694827393 
3.0546194736241317 2.8571027529759734 2.998230395867793 2.9563024936694573 2.5574249795109787 1.8482017421300738 

0 0 0 0 0 0.506879089826947 
0 0 0 0 0 0.5646510963225985 
0 0 0 0 0 0.530156476767757 
0 0 0 0.3134931286051513 0.4391228891081147 0.7859833863994999 
0 0 0.4300328052470356 0.29492793176357046 0.10905750460356958 0.5886399400037974 
0 0 0 0 0 0.06861140553148463 

0 0 0 0 0 0.26499641458401907 
0.16389611967403683 0 0 0 0 0.07399190752919113 
0.05144502810538015 0 0 0 0 0 
0 0 0 0 0 0.09676797912248716 
0 0 0 0 0 0.19957099025597735 
0.5500299508448623 0 0 0 0.07742626541428085 0.2533348146974019 

0 0 0 0 0 0 
0 0 0 0 0 0 
0 0 0 0 0 0 
0 0 0 0 0 0 
0 0 0 0 0 0 
0 0 0 0 0 0 

3.5404687827560593 3.6886689113139344 3.549212803544261 3.5599227864109793 3.5178683363379117 2.7768726403260224 
2.606701509397812 3.8094131170085253 3.26460855203637 3.2760944302119266 3.128756130248772 3.3385177883473 
3.006290853206668 3.2952382870523795 3.118344197966852 3.3689650548954595 3.239245269047828 3.0748440978150344 
4.011677052461323 4.84955968483388 3.6128210445524873 3.7961629418582525 4.321686523123186 3.7231323279103257 
5.054953501238619 6.637903459393454 5.656895656968799 4.827972319714625 4.55234101605044 4.034523991466061 
3.7454708707196853 5.877266084939362 6.123914258065248 5.422318864497981 4.230375091319791 3.8226220952068775 

0 0.7025764083344036 0.5818258629098327 0.6090670291695556 0.6111774601818125 0.12264665944560035 
0 0 0 0 0 0 
0 0 0.12117304778358098 0.03235490082397558 0.10902991248771628 0 
0 0 0.050579771228040735 0.23758344105881293 0.16808947123212448 0 
0 0 0.3858319725164024 1.0087876959227502 0.39963894776639713 0 
0 0.28626414706286185 0.3313125620022723 0.7569512431184918 0.5995667332089245 0.23414301004094773 

0 0 0 0 0 0 
0 0 0 0 0 0 
0 0 0 0 0 0 
0 0 0 0 0 0 
0 0 0 0 0 0 
0 0 0 0 0 0 

0 0.4874397057235311 0.29159376566152795 0.3053974844590328 0.24821944613724367 0.5613338930950711 
0 0 0 0 0 0 
0 0 0 0 0 0 
0 0 0 0 0 0 
0 0 0 0 0 0.231146315866526 
1.3117951037746283 1.2825354703105323 1.277508595912495 1.3076276769284734 1.0907537561814793 0.5419542076024115 

