1.1588650926556325 0.10642980782689782 0.3903386911752069 0.26684926179824775 0 0.31973564391139 1.0227207946190184 0.656618886870484 0.14222054305128198 0.4998287861376999 0.5587518924606879 0.13579932364691502 
2.4090581493161793 0.9511636364999777 1.7981798538292582 1.2580788264852911 0.11785916739018241 0.4453505206749464 1.7806104480761438 2.181751108709566 1.031369484160269 0.5809247908452937 1.0876682764807115 0.3291899125865663 
2.271443613677263 1.1194429007637436 1.5777870752836034 0.5896642382444371 0.25150166066695395 1.7674555479925596 1.0003233170795427 0.7071051654794768 1.1839911136288128 1.2900955779091283 0.8179385086115027 0 
1.874886336859095 1.187569729523189 1.1314492661654234 0 0.6756269929714342 1.7896629950692486 0.9308700574910058 0.5853569861882753 0.7941127743265289 1.9643109040946443 1.2592110457174774 0.12649096155595405 
1.9354525934823743 0.9851428630589093 1.683184460289315 1.7416958737301365 0.7646997275784032 1.1895037472480126 1.1820773470624932 0.7382606937312195 0.8663200385083734 1.4592481810940003 0.30034917988471527 0.5964832101731432 
2.2327012928537084 1.3977689045536164 1.5957323378902482 2.529661954601073 1.4160846574729633 0.8906867470992335 1.3673705050048348 1.4578986493616068 1.7044483448942733 1.940848081047438 0.4727059944190538 0.5839482828941213 
1.9573955422368963 1.561367622581551 1.6026630947298728 1.416436567275551 0.5460306871068202 1.490802972435642 2.347743574174111 2.294029935912491 1.7128172995020685 1.133578691636156 1.1662337780707932 1.53790908401246 
1.6621867012526428 1.4662906531726938 1.7073193095171773 1.5766333468236096 0.5861574424207242 1.1558327111904572 1.7120933682391963 1.759201833501868 1.7708636357500442 1.5395721553821042 1.0835882693933383 1.6056104696043783 
1.3712404281441841 1.350803548538619 1.527393156774767 1.581512815723521 1.3037779279021675 1.5854416681230032 1.4199329195512598 1.234244322678974 1.2637523039951795 1.3578987283522628 1.4465638528720555 1.4393972890480837 
1.4147047966785382 1.304525159351584 1.2739460185246232 1.23998564771906 1.204216223153069 1.3637176904874087 1.439973459458975 1.4088770613098216 1.4137968051914862 1.3981756179078633 1.3596256436694798 1.372754128079149 
1.447848744655201 1.3299251028984063 1.3049746072747614 1.2618003160261808 1.3047509311046555 1.4171824467496876 1.4298114825458983 1.3948962589520122 1.3353759481463292 1.3521693532409587 1.2942502221111898 1.309937506529645 
1.5131836128841372 1.4568446372411814 1.467206593263679 1.3638789903764819 1.3153597566133013 1.3512059806708023 1.3740820367225364 1.3907980964625404 1.3822752652539134 1.3785091582165079 1.3453329762064823 1.33042707814789 

0.30241355658463936 0 0 0 0.6629708955897198 0.6559434386039662 0 0 0 0.07566384695800014 0.12376515524861827 0.36680598854612606 
0 0 0 0 0 0 0 0 0 0 0 0 
0 0 0 0 0 0 0 0 0 0 0 0.25843513130346235 
0 0 0 0 0 0 0 0 0 0 0 0 
0 0 0 0 0 0 0 0 0 0 0.0010577215000132367 0 
0 0 0 0 0 0 0 0 0 0 0 0.2203139767316018 
0 0 0 0 0 0 0 0 0 0 0 0 
0.27775632959325125 0.38673161787328364 0 0 0 0 0 0 0 0 0 0 
0.5237344938066346 0.45417838199901467 0.22680518356188425 0 0 0.05021421975520893 0.23230143798177869 0.326056379562635 0.33181533633710064 0.2844659824285835 0.25277741003216436 0.3396549191651403 
0.5449374120383698 0.5457562936628426 0.507367205024457 0.5102613120046912 0.570623500652089 0.47985386574050237 0.3331341539600879 0.29110924658093 0.38781340112054374 0.45382850943128883 0.5736367049404371 0.5414138899258177 
0.5339501817412339 0.46034437463059047 0.42916182906672523 0.4585939072155112 0.4433261998635731 0.4932752304077684 0.48316072968114043 0.4848288513179236 0.5810374124199148 0.5542922375177824 0.5551091651262643 0.5924236979736004 
0.46782668314995335 0.469434982919814 0.4460499922567919 0.48457843388635363 0.5922588714486559 0.6058900183152603 0.5953076807548658 0.5821464169942321 0.5821769125614634 0.5598924241914691 0.5899222455580672 0.6185491788215977 

0 0.024772869731504832 0 0 0 0 0 0 0 0 0.02412255072383272 0 
0.319848685014184 0 0 0 0 1.3515094834969164 1.0224827344677303 0 0 0 0 0.31097361545546404 
0 0 0 0 0.7252528923951285 0.9303175789550056 0 0 0 0.5126604862489498 0.606835177982071 0.49447141403087375 
0 0 0 0.021178468450113758 0 0 0 0 0 0.3400898720670791 0.5991949774554567 0.7318753949643425 
0.06533006660907645 0 0 0 0 0 0 0 0 0.3771846890436792 0.9257991046914663 1.23444645139219 
0 0 0 0 0 0 0 0 0 0.5240540717446918 0.518747029457439 0.5782790622737106 
0 0 0 0 0 0.13361481243259704 0.23394091646193976 0 0 0 0.060703061769629314 0.4442216056053025 
0.10559667765575079 0.08576140115372537 0 0 0.43607197106561074 0.7079655789456136 0.22809270921736852 0 0 0.0955604396844781 0.5499316387971045 0.6380788684605786 
0 0 0 0.1551305597041342 0.3350556194329679 0.21542204816880234 0 0 0 0 0 0 
0 0 0.001687552354372979 0.06509041344799239 0 0 0 0 0 0 0 0 
0 0 0.00632880392411244 0.01879515394818957 0.004269359329527397 0 0 0 0 0 0 0 
0 0 0.005214212161512275 0 0 0 0 0 0 0 0 0 

0 0 0 0.12857996761306528 1.1651548982341557 0.9545130081252668 0.4567462557937717 0.5460829945514971 0.295739364067142 0.8357013432994215 1.209927366845575 1.2445626431014123 
0 0 0 0 0 0 0 0 0 0 0.21183196160790055 0.23540577608242938 
0 0 0 0 0 0 0 0 0.29246250417272507 0.5248910800150647 1.4257336819967075 1.7615635112425725 
0 0 0 0 0 0 0 0 0 0 0.2214231783014271 1.1572942774813566 
0 0 0 0 0 0 0 0 0 0 0 0.03991607483923715 
0 0 0 0 0 0 0 0 0 0 0 0.6928846920877086 
0 0 0 0 0 0 0 0 0 0 0 0 
0 0 0 0 0 0 0 0 0 0 0 0 
0.09102850389423997 0.1004407378776368 0 0 0 0 0 0.06128306103776197 0.040498768012706556 0 0 0 
0.16242529588070767 0.3217184054679831 0.3486821041821244 0.31077386916698124 0.2510790541414071 0.049196337026391625 0 0 0 0.07784751060489886 0.07871882471608409 0.10956950006813601 
0.010275067931258978 0 0.02274059187013891 0 0 0 0 0 0 0.04991591654243056 0.11068944075644559 0.11350167310657196 
0 0 0 0.044764001700532095 0.08720886022634589 0.10664949485922423 0.12009985445115837 0.07084631553945184 0.058932353907333944 0.08363398770479166 0.12722041101813336 0.16810821344371674 

1.6985826820068144 1.2510402726842855 1.1408797006585878 0.6506545103199435 0.6618340902540109 1.984738911212604 2.6801599734257757 1.841666374172849 1.1103983957651498 0.8240322896889887 1.2651284442246964 1.3117472563456944 
0.9781540458426694 0 0 0 0 0.10924694775242733 0 0 0 0.38401243835755716 0.908165897141991 0.7143895203438654 
0.5286427752790207 0 0.009323830874035682 0.32267911540197497 0 0.10738318763905463 0 0 0.4019431125386469 0.5035660068028176 0.7500955263033908 0.986027990413941 
0.7779610034602868 0.02684575681016113 0.5281753481132194 0.8371357698232982 0 0 0 0 0.1362722871425019 0.4087779203637745 0.33375344795944756 1.2937222016726733 
0.9004992881835574 0.0013292168845003421 0 0 0 0.5394354346644319 0.3220901415042949 0.21609765182136506 0.08346939555259775 0.13728947597000424 0.2891616459198702 1.197295525290987 
0.5600185543581675 0 0 0 0 0 0 0 0 0 0 0.7074432597952425 
0.6671610755595437 0.41100902169059406 0.16278101362494965 0.20077586010990817 0 0 0 0 0 0 0.019765605510479355 0.72665584817966 
0.9132245153853905 0.6502899484970193 0.3596682320225111 0.2156371007173642 0 0 0.015151608893918672 0.25741508516836037 0.3102521932279841 0.02578755915360412 0 0.18646099059670804 
0.9482363970097685 0.9620375342408162 0.8179825506771334 0.7644901901720674 0.3415741408476262 0.3399583596937508 0.5679756202098195 0.8237730535572523 0.7665602062158795 0.7933883727118716 0.7968337824226008 0.8325461017654165 
0.9726659311034045 0.95225050297888 0.9819404407222332 1.0161679124339582 0.8837315243396462 0.935097375675913 0.852705522300748 0.7871485911560339 0.7569095239825209 0.8192698097744748 0.8777717971975489 0.9187089255148464 
0.9737543414099583 0.9362606431038544 0.9157817899710442 0.9090742826840531 0.8521075838073954 0.824852344228886 0.8347161604293082 0.872133276661146 0.862037506539467 0.9646450488808734 0.942486900328433 0.9348635964557457 
0.9120211005903112 0.7483130411506059 0.7698810169511848 0.7594687103049397 0.7776227903858579 0.9019264858226862 0.9034169946577731 0.9156529829815812 0.8897989469133716 0.8823665340915797 0.8594123130786968 0.9013161297251084 

0.2885577417404217 0.4790489203160238 0.6876075730005202 0 0 0 0 0 0.09808055982084868 0 0.301522672049761 0 
0.7788700265892475 0 0 0 0 0 0 0 0 0 0 0.0401809833807575 
0 0 0 0 0 0.42739504946933327 0 0 0 0 0 0.5656206122646401 
0 0 0 0 0 0.07878904811461307 0 0 0 0 0 0 
0.08148128573949073 0 0 0 0 0 0 0 0 0 0 0 
0 0 0 0 0 0 0 0 0 0 0 0 
0 0 0 0 0 0 0 0 0 0 0 0 
0 0 0 0 0 0 0 0 0 0 0 0 
0 0 0 0 0 0 0 0 0 0 0 0 
0 0 0 0 0 0 0 0 0 0 0 0 
0 0 0 0 0 0 0 0 0 0 0 0 
0 0 0 0 0 0 0 0 0 0 0 0 

0.6308250799098587 1.574501583226687 1.604580782832887 0.9500205371350873 0 0 0 0.15178556141296462 0.6837888188727042 0.3828891107535725 0.2717330207966408 0 
0.5462900255482541 1.4030146372985186 0.7549308451820331 0 0 0 0 0 0 0 0 0 
0.15533495069424214 0.26043136230149505 0 0 0.8025427368976006 0 0 0.09303174523107018 0 0 0 0 
0 0.5548084986753854 0.23769389823454878 0.13893441403806744 0.5199088400258647 0 0 0 0 0 0 0 
0.43673295559378617 0.7225358596799676 0.553789793968051 0.9492687557558133 0.11531582295199527 0 0 0 0.08877729037725549 0 0 0 
0.1528289050322892 0 0.4874704771903921 0.03799129767910875 0 0 0 0 0 0.0855423190654737 0 0 
0 0 0.7827558748623199 0.44308338210717757 0 0 0 0 0 0.10110590725136245 0 0 
0.2737020128946086 0.41197816209146493 0.44167157696082104 0.26737558572804476 0.09637375438916904 0 0 0 0 0.26848791950563805 0.503106362416071 0 
0.29625031725414497 0.22821756587779737 0.15575016499842612 0.08592527748411671 0.28710911358927654 0.12181665160129859 0.20263368434655799 0.25030736781417423 0.1458412024793266 0.1824547929731475 0.18695069421280075 0.23369748495314183 
0.2982852493811567 0.2149533920041317 0.21144323106156573 0.2007874480508142 0.282755861344057 0.250744371323683 0.23697145403102826 0.2537710137973308 0.27634331619577956 0.3298776547383836 0.3219490851318131 0.3015485858381268 
0.29775457095586155 0.34112084843094825 0.35190002927099007 0.34905868729422146 0.36422172091352195 0.36442932846572773 0.3792732684062241 0.3742319263482872 0.4121018819330117 0.36437355606676886 0.349918813123372 0.35156810423889606 
0.319600284490073 0.40415864817237024 0.3950211766949075 0.3998190877044764 0.42124467437617574 0.34722184395372574 0.37635157051608126 0.38557969479773885 0.3789828766965214 0.354204640251653 0.35115930446597154 0.34799983565991904 

0.9446352752502253 1.0641889292823286 1.0745930120130192 1.5467057228327779 2.484868125816573 2.0275878975196644 1.170596948010928 1.0158173004309248 1.4004698184201294 1.4567478128398765 1.8773991233315543 1.8978525461980842 
0.9182492743171072 0.7415038641082068 0.835345340110633 1.0958386731431766 0.16641204913415691 0 0.38733836060008364 1.426734087524302 1.5354944741817962 1.1116678935886406 0.9626052828029462 2.2324322841611557 
0.8560298858071513 1.0592639562079982 0.47461450210282713 1.1884850944602035 0.9936541801589722 0.32795881803764954 0.7441955873365754 1.5940073244608977 1.6850726762527473 2.1535689912931812 2.203606520979653 2.4677418027894955 
0.22175347190076056 0.9561482217593886 1.1340273134131573 1.0514985744125653 0.470110471902662 1.2366973021705436 2.067446925167774 1.9333757693729328 1.0051186508418084 1.0103065186204518 1.9652331983916422 2.3797589261792953 
1.0663213943607646 1.3781725261203086 1.024868166582148 1.390468032120553 1.3811674101077744 0.9194911244216247 2.025849352548046 2.036180798573764 1.5203557622911865 0.8447882261039645 0.8005927727376618 1.6552745619271305 
1.524267133897878 1.6592036879718726 1.3154040033499235 0.8356067473183794 0.9509325679283509 1.1081849885655157 1.3149506087951426 1.5410667133266873 1.7626220558215786 1.5851516334828384 1.3920397271217118 1.8197030672462922 
1.1795151888436444 1.9126308737120794 1.5309414580841016 0.8325450405362695 0.3952074503139058 0.3521777414627569 0.8992372576337528 1.7135285792770434 1.7013767732003293 0.9123140065653869 0.5558890992909727 1.576231880137996 
1.9310720953054694 2.0063739328413326 1.3383762277375812 0.6892641252614053 0.7192363315885124 1.14188613367529 1.3840493997934684 1.450531361090857 1.5472881169459949 1.7598001267947567 1.4064657979198076 1.5747355606613658 
1.8289560963945282 1.8185496115763833 1.8079414564486238 1.642983587771588 1.6464783501697962 1.781943030704026 1.911186083702329 1.854758508183523 1.821737923007389 1.8402084368157807 1.8878508723172625 2.0200474127996957 
1.9516461030011243 1.9034187149375537 1.875555107241534 1.9093844596830496 1.903101678427082 1.8425206647906671 1.8438940809979814 1.9200182073310135 2.02432711460877 2.0125955066875343 2.0025356653823545 1.96866387155903 
1.8342162715126356 1.8979028580573205 1.8519884992273714 1.8994587120005455 1.9580466445714586 1.9661686088778823 1.9661471890558508 1.9001651277697649 1.930423001712402 1.9244853949221055 1.9435413091637614 2.001210850871192 
2.0204352647523827 2.0160824914211717 2.011909433070998 1.9840755216654524 2.0052165375574313 2.005009293373449 1.9983193697692179 2.019559034153267 2.0281068169962646 2.0067518444811023 1.9816477098933225 1.9834813301305496 

0 0 0 0 0 0 0 0 0 0 0 0 
0 0 0 0 0 0 0 0 0 0 0 0 
0 0 0 0.06796802360869758 0 0 0 0 0 0 0 0 
0 0 0 0 0 0 0 0 0 0 0 0 
0.1699441126347683 0 0 0 0 0 0 0 0 0 0 0 
0 0 0 0 0 0 0 0 0 0 0 0 
0 0 0 0 0 0 0 0 0 0 0 0 
0 0 0 0 0 0 0 0 0 0 0 0 
0 0 0 0 0 0 0 0 0 0 0 0 
0 0 0 0 0 0 0 0 0 0 0 0 
0 0 0 0 0 0 0 0 0 0 0 0 
0 0 0 0 0 0 0 0 0 0 0 0 

0 0 0 0 0 0 0 0 0 0 0 0 
0 0 0 0 0 0 0 0 0 0 0 0 
0.5111958953210572 0 0 0 0 0 0 0 0 0 0 0 
0.09651653807273791 0 0 0 0 0 0 0 0 0 0 0 
0 0 0 0 0 0 0 0 0 0 0 0 
0.5476661126538612 0 0 0 0 0 0 0 0 0 0 0 
0.5853623973128697 0 0.20966255308537393 0.3750741114878938 0 0 0 0 0 0 0 0 
0.5124550064806376 0.35894980262393456 0.7553821431489052 0.543160750200219 0 0 0 0 0 0 0 0 
0.5319886122383097 0.501120844400612 0.578879471340696 0.5321914304409031 0.07383243974605551 0 0.17788067785350398 0.3097328893464342 0.3584360129342046 0.35776777599677545 0.4705876297316075 0.369617702769739 
0.494777133112012 0.46224937137724 0.41627961200447633 0.37830807672741357 0.43902663766044914 0.5031068902702092 0.4400487757849839 0.35751574777389217 0.38586116463520087 0.38534909058771516 0.44837933197402585 0.5072453765885551 
0.4223711394420784 0.2672511176658485 0.22498695703222238 0.22486574717412938 0.3077068198904906 0.3926272646918775 0.40098511028267636 0.37675854652976465 0.3654621765938804 0.39387368718616866 0.4187153150417987 0.44799957608106206 
0.5129625350986792 0.40533224544466245 0.41119366977658534 0.3682483757900924 0.4080592269141051 0.4883321393535999 0.5054359421083594 0.5170465075713678 0.49007211881602125 0.46653014427777123 0.4506120296951129 0.46081947076797664 

0.6257742068667792 0.7986681404153649 0.8294954951847687 0.5896098920124018 0.11445723103987195 0 0 0 0.5672409314502896 0.5880079119290584 0.8849488463942271 0.7045111987076311 
0.04495829731971304 0 0 0 0 0 0 0 0 0 0 0 
0 0 0 0 0 0 0 0 0 0 0 0 
0 0 0 0 0.09034015662662218 0.10069663616665739 0 0 0 0 0 0 
0.17955469667785348 0 0 0 0 0 0 0 0 0 0 0 
0 0 0 0 0 0 0 0 0 0 0 0 
0 0 0 0 0 0 0 0 0 0 0 0 
0.08826444867195574 0.12167095838386308 0 0 0 0 0 0 0 0 0 0 
0.3238070662834374 0.27376001161428676 0.22741418213168568 0 0 0 0.02636475944422921 0.1974168466872676 0.03598372188893793 0 0 0 
0.3554255613872019 0.29163491793105173 0.285398211482117 0.2622913939665922 0.25615087345157855 0.16360056274347803 0 0 0 0.11265570820992846 0.3365744544794455 0.2946249978750365 
0.26530917412268995 0.10126821259192044 0.06520714296137954 0.152453326461436 0.17572371947431775 0.24022061871448086 0.23504203003628768 0.24377458047639042 0.36313164511671403 0.3546255326931596 0.31385030335811165 0.389891386347427 
0.30465775364866315 0.2514554856830345 0.23026261642585324 0.20649281534798763 0.33942771699028634 0.3918748092941353 0.40888443436873345 0.4296419217271975 0.43078792197475385 0.3731344752631628 0.31543193066796854 0.3523849545677242 

0 0 0 0 0 0 0 0 0 0 0 0 
0 0 0 0 0.6465064891529009 1.2360401355567778 0 0 0 0 0 0.04633464832843197 
0 0 0 0.17670297427761233 0.363295216423615 0 0 0 0 0 0 0 
0 0 0 0 0 0 0 0 0 0 0.6279317874382058 0.5877204527597075 
0 0 0 0 0 0 0 0 0 0 0.14890486170219658 0.3636579793602485 
0 0 0 0.246937657725543 0.6549860554337377 0.5911839469098046 0 0 0 0 0.2582600452512337 0 
0.5643273022820448 0.6716026170901742 0.30153007276909316 0.19548601871267038 0.8783852584780996 1.5020489758003828 1.4387441566462356 0.8484620962454442 0.05017084031696383 0.19025844891098076 0.750585774867691 0.4101437758893225 
0.32218806083755774 0.33463380474059157 0.24560156950618764 0.43407738362242 1.1021094326529342 1.1175792186848204 0.8717057083216841 0.899372755238934 0.8599045928477747 0.836707886233566 0.983991697804515 0.3893662933219245 
0.44885746369527535 0.46831529958342893 0.5661503095434441 0.6108528419646403 0.7627964014879648 0.5500129387865493 0.32413131794981465 0.18943780584585243 0.2480177250831186 0.4070972928307078 0.5455176588721298 0.5403352334754562 
0.34161148339725567 0.2514829655649396 0.22397144852201148 0.18418059022747982 0.26759667049423913 0.26536358267444204 0.31222199287836183 0.41724395825692456 0.45547759976609836 0.4537048250575309 0.4297727564332371 0.42775558937649183 
0.2596833975829416 0.09691608129193967 0.0747354120182225 0.14361594504927017 0.2707298103537767 0.38844465781855614 0.3888089391170493 0.37716173954705434 0.3798963085965679 0.3284731883903616 0.3664929158143204 0.43004271961336066 
0.2971313341958381 0.2446484740923855 0.22643842004457765 0.22682337685594173 0.3220868975107133 0.3644083148873652 0.3830689871192634 0.3569213728000299 0.2923105545542468 0.26794054067599776 0.29782476884425424 0.3882732871930362 

1.4126185142588665 0.3444238118604101 1.0131859931727851 1.1819915890053825 0.6148081973277629 0 0 0.2940262853288962 0.851964705558959 1.376278708651907 1.7384432327932684 0.5083281580829898 
0.4814804804891134 0 0 0 0 0 0 0.06412022775184109 0.8662560109769046 0.5310344480385653 0.15104820944053546 0 
0.48810112105774356 0 0.0658631200467496 0 0 1.1181343968734148 0.11927394244143308 0 0 0.6174430309944078 1.243270364542496 0.4243502624231767 
0.44462575091586887 0 0 0 0.9637267038913142 0.5417150398715557 0 0 0 0.0636806697996391 0 0 
0.5831673879824428 0 0 0.7097217517598517 0.3055500518821139 0 0 0 0 0 0 0 
0.3493332736307442 0 0 0 0 0 0 0 0 0 0.4595405345792249 0.27257802516763624 
0 0 0.28364665434112446 0.3854522728921959 0 0 0 0 0 0 0 0 
0.44168261761974315 0.522262195186016 0.49255749339918525 0 0 0 0 0 0 0 0 0.3168107903141068 
0.6908671787813295 0.6513771247500837 0.3281535710042397 0.03660400993319018 0.1442166812324851 0.6293916804107356 0.6434800455702683 0.5313293323302591 0.39970902711734857 0.3208914996064375 0.25325118327691937 0.33239453443642336 
0.7820771736470147 0.7702497051059423 0.7005473521192361 0.6576697521558479 0.5407213448431429 0.4148446936516831 0.3242001800566775 0.2305063147666026 0.27236384657551443 0.5299734327142627 0.5357651784307593 0.5539939660972726 
0.5719682511827895 0.3679260021925795 0.4066213428465681 0.3105064072266853 0.3150163742760266 0.43777679739282466 0.46532514569634653 0.5752698287521205 0.5639562055983648 0.5405835036015043 0.5276897280126881 0.5673458390582994 
0.4933062262027262 0.4704427188325693 0.49034839235025574 0.5711184645936392 0.60610574162772 0.6022381689899559 0.6182237580830297 0.6313872280816439 0.5959309854883107 0.5739171589776999 0.6071467275771523 0.6016208733794336 

0.48002897626571295 2.5385790193385898 2.347941060832063 2.7578861728440978 0.9742045966236204 0 0.39206411064849095 2.5195790536041653 1.5117430482771705 1.7274265283734682 0.6784817141039903 0.4281711138165216 
0.8653518656388245 1.2535338638232756 1.8643779097510738 0.7235706096744312 0.2671624229242858 2.3578332317291566 2.3790340856777266 1.7275727153579183 1.4082770753217781 1.0149526458232843 1.2767105172622109 1.26129036627825 
1.0251378919217267 1.6716378515793948 0.9083425836247676 0.7625236599239669 2.6189225067728445 1.3012759816999104 1.4721287904269 1.7351834383122635 1.6045453915408165 1.9318088103695137 1.6834395860047733 0 
0.5329464260878284 1.2567494908430017 2.3153147140625676 2.7942210177781215 1.9576612286883661 0.689846972363794 1.5669877427796353 0.957618284713413 1.2370621904351466 1.1186129869315216 0.3338054619629963 0.3108135790263683 
0.7378012145965768 0.8868567209301432 1.1989387875171877 2.083708518925184 1.1248134221820993 1.3131056640165844 0.7294750882691529 0.9103807026344697 0.3795919996987534 1.009328877111004 0.9337323595614351 0.23207917049765453 
0.3310456726640084 0.5981433868170182 0.7514986485978833 0.8520879983443199 0.3937308007278716 0.49386227257250526 1.355232074556156 1.6749313554688547 0.578340485843479 1.1266617592193935 0.43330015042891473 0 
0.0023516914096221864 0.649219313287355 1.139439025416659 0.937478202608118 0.2561380240957652 0.3927441639545353 0.9797788110819626 0.5621836033896972 0.41193870982089376 0.44250292417520515 0.3332204076396144 0.6804505340946299 
0 0 0 0.14218114819130792 1.088178792729454 1.1169496934651626 0.4760791703065513 0.07217732807871324 0.14058591816533894 0.19683640364621896 0.21810967389600122 0.19086469395067102 
0 0 0 0.005869996667528087 0.05491561026936051 0 0 0 0 0 0 0 
0 0 0 0 0 0 0 0 0 0 0 0 
0 0 0 0 0 0 0 0 0 0 0 0 
0 0 0 0 0 0 0 0 0 0 0 0 

0 0 0 0 0 0 0.09805863565175707 0 0 0 0 0 
0.10211336943909385 0 0 0 0 0 0.4738022384641146 0.07749812774283066 0 0 0 0 
0 0 0 0 0 0.4376571171801504 0 0 0 0 0 0 
0 0 0 0 0 0 0 0 0 0 0 0 
0 0 0 0 0 0 0 0 0 0 0 0.022791038547553863 
0 0 0 0 0 0 0.04328349567092002 0.08435950197153472 0 0 0 0.2679977064274073 
0 0 0 0 0 0 0.5644610594749485 0.3153148114963584 0 0 0 0.07408907710473675 
0 0 0 0 0 0 0.1750605630153892 0 0 0 0 0.16426186145301216 
0 0 0 0 0 0 0 0 0 0 0 0 
0 0 0 0 0 0 0 0 0 0 0 0 
0 0 0 0 0 0 0 0 0 0 0 0 
0 0 0 0 0 0 0 0 0 0 0 0 

0.41242632862871015 1.3909454216850774 1.3408146434942658 0.7460750416543036 0 0 0.3964142608178148 1.144151514207623 1.0288427167889955 0.7111217337260385 0.48023542989448315 0.08035740592813645 
0.2305115376241391 0.9683025055841008 1.061703565149403 0.18958101668883745 0 0 0.27156371948785774 0.7839591996828237 0.5534535733354056 0.20119183414853364 0 0.5044163588652442 
0.6780849678530786 1.3197146732187899 1.0335422076164014 0.6931361309873151 0 0 1.1545592875965702 0.9122796071881157 0 0 0 0 
0.680535799951041 1.425402293620553 0.5956185403687907 0.3055326998620439 0.5227425828787619 0.15373177643640212 1.3209382003325338 0.728648065760165 0 0 0 0 
0.3849955100183396 0.4796640047736047 0.15335493061698566 0.11584520663300726 0 0.045867640070643714 0.8498014760158692 1.0180899741529963 0 0 0 0 
0.22637248892988893 0.451366349621275 0.21808074552600692 0 0 0 0.06696057421264787 0.4627304273480082 0.10325259052469773 0 0 0 
0.23397417632155634 0.5111257530616448 0.6543868668733248 0 0 0 0 0.24085891244217766 0.48975755732050646 0.15604009066412355 0 0 
0.04014229024988275 0 0.010004838433778293 0 0 0 0.1432511414322995 0.2500448889223519 0.3038675641164321 0.20277960793369978 0 0 
0.24788106398937104 0.29989548279104994 0.048873742381813565 0 0 0 0.2018991200386825 0.2793336377859826 0.23675217122442016 0.28872184413092583 0.2732575597948859 0.28127676769144844 
0.208115934486347 0.13553508314547139 0.10450686069800963 0.1671554479551998 0.13332903134024127 0.1335393402828742 0.15286499717693916 0.14399668830752227 0.16245368212067718 0.18676063083005368 0.11807278192457 0.19696689626007538 
0.16496390219488208 0.1820258713723973 0.14357875441353493 0.12603189065641504 0.16860544461009444 0.13401666273904697 0.13237959014181588 0.2128355473225672 0.24609770464793368 0.27437965862060876 0.2721157861447057 0.26749140469203103 
0.1109850254666838 0.07863095079739044 0.08376720020869227 0.1683143911907594 0.2083637100247693 0.23017775277988795 0.24676101123967412 0.24158529808965476 0.21277239677582652 0.20502904947345651 0.22159734761923272 0.21422141198520475 

0.5909704298791381 0.20839961629677184 0.32213937102375156 0 0 0 0.5659204166106568 0.28196867705033535 0 0 0 0 
0.003921268012354817 0 0 0 0 0 0 0 0 0 0 0 
0 0 0 0 0 0 0 0 0 0 0 0 
0 0 0 0 0 0 0 0 0 0 0 0 
0 0 0 1.3304227750295348 0 0 0 0 0.2411042416200228 0.6935018844743582 0 0 
0 0 0 0 0 0 0 0 0 0 0 0 
0 0 0 0 0 0 0 0 0 0 0 0 
0 0 0 0 0 0 0 0 0 0 0 0 
0 0 0 0 0 0 0 0 0 0 0 0 
0 0 0 0 0 0 0 0 0 0 0 0 
0 0 0 0 0 0 0 0 0 0 0 0 
0 0 0 0 0 0 0 0 0 0 0 0 

0 0 0 0 0 0 0 0 0 0 0 0 
0.18727987298572424 0 0 0.3396828983765628 0.9896782069980075 0.9008895602796044 0 0 0 0 0 0 
0 0 0 0 0.5111723099909168 0 0 0 0 0 0 0 
0 0 0 0 0 0 0 0 0.6342713348783986 0.712315462824393 0 0 
0.20976901258706201 0 0.1722292477723834 0.026286972532001365 0 0 0 0 0.567832080763571 2.0635104511561266 0.8936456824763005 0 
0 0 0.10342627837426463 0.8648147592556585 0 0 0 0 0.10416145075338594 1.9638470799519454 1.033822546279149 0 
0 0 0.353947061452101 1.0197207537018307 0.07587754754302922 0 0.1954436862536002 0.28414985342111204 0 0.9992202480080662 1.409803301531101 0 
0.34128610641884893 0.22172027821791945 0.4666223884332345 1.0342591709355218 0.7315620769910406 0.2728641336737493 0.14704111434642192 0.07143140831063097 0 0.5545205209276043 1.3097175047231984 0.20778309320818855 
0.0754794238047852 0 0.0937892409692587 0.45902679413926817 0.4597678965364215 0.1432059253512892 0 0 0 0 0 0 
0.13797240491594698 0.03815561775265169 0 0 0 0.02428473158900865 0.0668449009180348 0.003162124542292085 0.1252217329395553 0.13377212122092177 0.035873730422724036 0.02796508589209088 
0.10883389998687994 0.08063711111059055 0.09214276630540216 0 0.048824123295389085 0.12951244933790343 0.1407830633799947 0.08963054328542645 0.050030206194625206 0.012484503850665076 0 0 
0.14548781250741147 0.1941930065785265 0.17927771892406552 0.08684762207685848 0.04180943572761304 0.019347485417452757 0.03920845966616267 0.026116185433018156 0.03842847000470961 0.052150206314448534 0.06325292707577417 0.016620088681071503 

0 0 0 0.22793958485693605 1.4347705380918914 1.469510074341691 0.23352941952571793 0 0 0 0 0 
0 0 0 0 0 0 0 0 0 0 0 0 
0 0 0 0 0 0 0.07034361672990543 0 0 0 0 0 
0 0 0 0 0 0.39343208639025884 0 0 0 0 0.11589607594198933 0 
0 0 0 0 0.7390419180408374 1.117917950435124 0.2761622278064737 0 0 0.0160315660758468 0.09349789204988126 0 
0 0 0 0.0811362364864407 1.1254793275381942 0.6397488414749009 0.03890227748525728 0 0 0.11239933906858526 0.2672658670148922 0 
0 0 0 0.2092435816485715 0.21568809711266773 0 0 0 0 0 0 0 
0 0 0 0 0 0 0 0 0 0 0 0 
0 0 0 0 0 0 0 0 0 0 0 0 
0 0 0 0 0 0 0 0 0 0 0 0 
0 0 0 0 0 0 0 0 0 0 0 0 
0 0 0 0 0 0 0 0 0 0 0 0 

0 0 0 0.09723235687091913 0.8407889624691328 0 0 0 0 0 0 0.43564949004710496 
0 0.35091915792839273 0.7428601953080833 1.2416405293627741 0.48833926494021807 0 0 0 0.02492339640701896 0.3790472495164491 1.2936305335555154 0.7564636995981004 
0.29812001334809457 0.056251731589429366 0 0.16535799054117234 0 0 0 0.12945342507055238 0.9040413027188416 0.9269815849143821 1.8305859025128666 0.8324289640847988 
0 0 0 0.7473630071749825 0.695246596166911 0.2644905017878101 0 0 0.31943246556446747 1.264251222589725 1.8065991695733927 0.8186669204357486 
0 0.24381606368559927 0.7143166227026594 0.21849419129140124 0.8903004413035607 0.730771307272305 0 0 0 0.0720375575326776 1.3274353770736245 0.2040335105840921 
0.27789411671033787 0.42161452040148645 0 0.3807509861177144 1.0783909888179877 0.4457218002185675 0 0 0 0 0.5501435679099401 0 
0 0 0 0.6796659922308911 1.4059673445486591 0.6565891058337373 0 0 0 0 0.04928829849928762 0 
0 0 0 0.4903470334509308 0.5555194392927325 0 0 0 0 0 0 0 
0 0 0 0 0 0 0 0 0 0 0 0 
0 0 0 0 0 0 0 0 0 0 0 0 
0 0 0 0 0 0 0 0 0 0 0 0 
0 0 0 0 0 0 0 0 0 0 0 0 

0 0 0 0 0 0 0 0 0 0 0 0 
0 0 0 0 0 0 0 0 0 0 0 0 
0 0 0 0 0 0 0 0 0 0 0 0 
0 0 0 0 0 0 0 0 0 0 0 0 
0 0 0 0 0 0 0 0 0 0 0 0 
0 0 0 0 0 0 0 0 0 0 0 0 
0 0 0 0 0 0 0.3695841835363076 0 0 0 0 0 
0 0 0 0 0 0 0 0 0 0 0 0 
0 0 0 0 0 0 0 0 0 0 0 0 
0 0 0 0 0 0 0 0 0 0 0 0 
0 0 0 0 0 0 0 0 0 0 0 0 
0 0 0 0 0 0 0 0 0 0 0 0 

0 0 0 0 0.49657468025956486 1.2123103441402736 0.614285876430293 0 0 0 0 0 
0 0 0 0 0 0 0 0 0 0 0 0 
0 0 0 0 0 0 0 0 0 0 0.2792219220205813 0.4447724766765444 
0 0 0 0 0 0 0 0 0 0.16848657336956135 1.0172131253964378 0.9017071016061988 
0 0 0 0 0 0.43799252579873366 0.01626837376995932 0 0 0.2856737254189366 0.5193091668115049 0.745504958892227 
0 0 0 0 0.05606210004701895 0.32060105384364623 0 0 0 0 0.03466021218646166 0.04470960075044982 
0 0 0 0 0 0 0 0 0 0 0 0 
0 0 0 0 0 0 0 0 0 0 0 0 
0 0 0 0 0 0 0 0 0 0 0 0 
0 0 0 0 0 0 0 0 0 0 0 0 
0 0 0 0 0 0 0 0 0 0 0 0 
0 0 0 0 0 0 0 0 0 0 0 0 

0 0.2713005804453309 0.23055847944588748 0.5416187880674971 0.8839552720396633 0.49294843317185844 0.23192538064191467 0.7954514982735433 1.078477843806999 1.283136815913253 1.1661336709027987 0.7705123452775751 
0 0.6629765921629203 0.4087401501121288 0 0 0 0 1.0384674079173517 1.207377457341276 1.1943533070922476 0.7463595025126828 0.9592651089334229 
0 0.9437965307345652 0.5750326222534484 0 0 0 0.6449891894980736 0.7467789265952425 0.9321952810318143 0.9536515499019084 1.3322463853924118 1.6967471096748512 
0 0.06636040399331657 0 0.3934777039352584 0.6256447286404704 0 0.46472461494604167 0.45873203654165595 0.41472474968583034 0.36254465349628223 0 0.8646304763141972 
0 0.38373284571730637 0.12126055884147131 0 0.0010750545043670678 0 0.27363895347378475 0.22495431243864072 0 0 0 0.7376884768065332 
0 0.5387086460196727 0.3700910930107951 0 0 0 0 0 0.13342932762679893 0 0 0.6174557375012505 
0 0.06203718778856286 0.5137041713919777 0 0 0 0 0 0.06910501607650513 0 0 0 
0.4002484015829632 0.4611276679735906 0.4857945448726836 0 0 0 0 0 0.05585946092173807 0 0 0 
0.43715097687522303 0.46513757617469337 0.4115543715744358 0 0.12285742262698587 0.35980738657731626 0.4377628024756869 0.3369305304457356 0.35982566195754356 0.3742382144925792 0.3160167151588489 0.3105537765872157 
0.4818401435781202 0.5249779912827481 0.5185392051936621 0.44908561805672054 0.4162022219564786 0.31636913176889103 0.30679476383684173 0.32337002782821384 0.3670233318523591 0.45809901100476536 0.40227623226301035 0.40836343715010637 
0.266469319229822 0.32598597437960763 0.35859951074271784 0.3567334331971092 0.4112626100946013 0.38826217955229325 0.38980057174592114 0.3899764485521161 0.37560578015772245 0.37150978473904356 0.4285147878326761 0.43180984960046365 
0.3441636454295535 0.4011365584721505 0.39649967098373007 0.44647046559780645 0.4379057152797288 0.4016480009627955 0.40203480449240026 0.38330894986723085 0.3845131149744561 0.40059131546129206 0.42238881289181623 0.40879485212732264 

0 0 0 0 0 0 0 0 0 0 0 0 
0 0 0 0 0 0 0 0 0 0 0 0 
0 0 0 0 0 0 0 0 0 0 0 0 
0 0 0 0 0 0 0 0 0 0 0 0.6127815796133645 
0 0 0 0 0 0 0 0 0 0 0 0.12205741072613813 
0 0 0 0 0 0 0 0 0 0 0 0 
0 0 0 0 0 0 0 0 0 0 0 0 
0 0 0 0 0 0 0 0 0 0 0 0 
0 0 0 0 0 0 0 0 0 0 0 0 
0 0 0 0 0 0 0 0 0 0 0 0 
0 0 0 0 0 0 0 0 0 0 0 0 
0 0 0 0 0 0 0 0 0 0 0 0 

0.8342103349448325 0 0 0 0 0 0 0 0.20225919905777004 0.039597154540836385 0.6526664379207151 0.49591716278028175 
0.6032261140079405 0 0 0 0 0 0 0 0.6440238172642783 0.46698375803684145 0 0.01608200902468808 
0.543839548735424 0.6412090465658082 1.0204279043461288 0.004293291601877858 0 0 0 0 0.14312501706578173 0.3718492254889593 0.1375277351343136 0.13807450579392114 
0.5536371465125344 0.099126909150489 0.21981661481078835 0.5186207614475895 0 0 0 0 0 0 0 0 
0.8253393907734964 0 0 0.17176290914270698 0 0 0 0 0 0 0 0 
0.8515679702677392 0.8782296315486028 1.1935702628517362 0.026984451883964256 0 0 0 0 0 0 0 0 
0.4614970180830674 0.922628201481815 0.6151216372733384 0 0 0 0 0 0.24943226312156858 0 0 0 
0.430026067341965 0.4163289205513622 0 0 0.006345044380078636 0 0 0.09783748111375469 0.26670085174113733 0.17934535441533145 0.0439696412962821 0.2889097907810208 
0.4634601935579249 0.45817827228037095 0.41875209149936793 0.37458049293863466 0.302160193468609 0.317375245055447 0.4553214827352431 0.5372008018698249 0.46712634768613553 0.5186455055444708 0.5115006830445453 0.5982962837060553 
0.562992974882422 0.5235874461824523 0.5262764975247397 0.48922566784324034 0.39088170564471086 0.4071368440128843 0.43652609413774907 0.48424436573022844 0.5260435402188572 0.4960733806085525 0.44907556265810594 0.4262949263835317 
0.4445720875467148 0.3676882482364842 0.34669512119869716 0.30507235330237564 0.3057193925822376 0.33118577578755615 0.36761002421276556 0.4078748581630733 0.35653409659961816 0.330034436136648 0.33573534542370836 0.40222572780466914 
0.46124799942698286 0.4322880557400934 0.4304296975437619 0.4268525355249469 0.44646663690037885 0.46926422342760715 0.46767566771365077 0.47956627792135087 0.4846341600796374 0.47311988746909733 0.4490503804556655 0.4588428998682799 

0.18718176630438416 0 0.13020952496952493 0 0 0 0 0 0 0 0 0 
0.5135141274574604 0.16332827496407382 0 0 0 0 0.02267804565965731 0 0 0 0 0 
0.8941102596392585 0 0 0 0 1.106945147096513 0 0 0 0 0 0 
0.8280664098907491 0 0 0 0.15518799022926916 1.3916663541788152 0 0 0 0.10898485584520431 0.2853525982010124 0 
0.573386944026619 0 0 0 0.6935646135422563 0 0 0 0 0.48784775764166594 0.5538123589464863 0.018962496686147634 
0.7957449590060219 0 0 0.2953271159172428 1.1180878374089382 0.39568749145768256 0 0 0 0 0.9728683749374516 0 
0.7461617842876657 0 0.5455555516830533 1.1552681233409512 0.19586658609123483 0 0 0 0 0.20354011396089813 0.3105451132688456 0 
0.4461718078243911 0.5981486704356098 1.3743541365234013 1.1045697547865143 0 0 0.22578879729520446 0.3702730341185499 0.09453177914728739 0.0991769718137464 0.3447372028398086 0.12137923895471628 
0.5453952808915541 0.4393478960034857 0.5668737655213604 0.25728959484780217 0.32943604776926366 0.6529911279108216 0.3883407007655324 0.16292754006199395 0.1841066033740409 0.15884311424232878 0.31358266850742134 0.16183476446892753 
0.4811643320941827 0.3663951764707739 0.30380162891883566 0.29082518970124505 0.42703344272717486 0.4908677067313926 0.4108117512939071 0.2937279587897935 0.2875901271262723 0.37723553385559594 0.47846967494138976 0.4546674621414856 
0.5212415774584411 0.37382577110254894 0.38292298196887387 0.3478974038357692 0.3990057911576398 0.5213071934500006 0.545549156225575 0.5098624311391384 0.5644607940641425 0.4845813040821287 0.4402828696542642 0.4614913377915194 
0.4922037315054839 0.44276420460285776 0.4671135891173575 0.41211814236083083 0.44479804185448424 0.43539320654676084 0.4549291183112465 0.4992574184877583 0.4446257009366242 0.38705799381107436 0.41433889442830063 0.423154845900666 

0 1.035878452533513 0.8042613147251038 0.4693872257644233 0.8168290896782991 0.9228923692273067 0.16330916224109226 0 0.008985701920811856 0.18923891296655254 0.07133858353266644 0 
0.3274100922002773 1.703041966412836 1.5388710357698214 1.5180586968422647 2.466357294907553 2.4885101568621537 2.00225848445488 1.3653678395331077 1.0390102322553318 1.8641573972836452 1.534837476310652 0.6048689344729433 
0 0.6689814097780038 0.9780040719480696 1.352695351968873 2.547281666169055 1.3163941511286623 0.6167670840396816 1.3535941327871435 1.404291215757958 1.9667274668368895 1.2524085092193293 0.6865134036597781 
0 1.5063417866130129 1.4712447855692123 1.0241160823010673 2.389954836133403 2.2845073123911397 1.8850412475166678 2.4541081949567802 2.625580451154855 2.764005323116266 2.3722738628723494 1.0008225735938114 
0 1.422317104165486 1.5088786150078926 0.9407947170645238 2.3602321263402675 2.3547147028568123 2.2630351844039396 1.8540580953531676 2.0324003538389905 2.175090274998797 2.869460943863534 1.7323941073330174 
0 0 0.6346812133176407 1.5631266044377692 2.610019480168691 2.5515258131454326 1.1691844161133533 0.37274671909692575 1.180412468923819 1.7142743334989086 1.8005679844697635 0.2426962238043686 
0 0 0.5326555678666668 0.6926731884109141 1.172961861291519 1.0073428214416706 0.46251444972160194 0.0035903972341248536 0 0.3243518351606014 0.8708649079803119 0 
0 0 0.28927200826457344 0.30581259884019496 0.49964513568001595 0 0 0 0 0.013057541987172114 0.4248022165883161 0 
0 0 0 0 0.0266907678294108 0 0 0 0 0 0 0 
0 0 0 0 0 0 0 0 0 0 0 0 
0 0 0 0 0 0 0 0 0 0 0 0 
0 0 0 0 0 0 0 0 0 0 0 0 

0 0 0 0 0 0.6321187180290114 0 0 0 0 0 0.07097534611704487 
0 0 0 0 0 0 0 0 0 0 0 0 
0 0 0 0 0.7813739411344173 0 0 0 0 0 0 0.9972441559856802 
0 0 0 0 0.025745379021712755 0 0 0 0 0 0 0.6011724006954531 
0 0 0 0 0 0 0 0 0 0 0 0 
0 0 0 0 0 0 0 0 0 0 0 0 
0 0 0 0 0 0 0 0 0 0 0 0 
0 0 0 0 0 0 0 0 0 0 0 0 
0 0 0 0 0 0 0 0 0 0 0 0 
0 0 0 0 0 0 0 0 0 0 0 0 
0 0 0 0 0 0 0 0 0 0 0 0 
0 0 0 0 0 0 0 0 0 0 0 0 

0.2039237547211598 0 0 0 0 0 0 0 0 0 0 0 
0.057638884285003605 0 0.17569706208730904 0.13265015618382656 0 0 0 1.1448943279123955 0.13887015450189322 0 0 0 
0.4237137120906899 0.24551708484865514 0.22179705112864237 0 0 0.00470174941727125 0.5726267909339273 0 0 0 0 0 
0.7913090293855893 0 0 0 0 0.06352861424633033 0 0 0 0 0 0 
0.5630737054206861 0 0.15275359194496274 0.12379784948551892 0 0 0 0 0 0 0 0 
0.4796941178271239 0.14378757650582397 0.14753882261978502 0 0 0 0 0 0 0 0 0 
0.4992427000629157 0.10225484432748783 0 0.09875599065957794 0 0 0 0 0 0 0 0 
0.018571768896691453 0.05877795478622479 0.24262663830132938 0.454134122347169 0 0 0.33880114534986894 0.37803820673482735 0.049679907046511665 0.21325627302678138 0.023949732094359147 0.2770842647328382 
0.15315856049185067 0.13496914895686504 0.10300001545216927 0.04755499351904439 0 0.261962217654862 0.2718908570820646 0.10685251781666051 0.1807677149512039 0.15659115342469354 0.13456798687518837 0.08898386818533773 
0.15867731025659687 0.13408902940740913 0.06290435822753283 0.053168917476476125 0.07416427752617052 0.14157302381932185 0.13922082343042316 0.065999178656218 0.09538339491928544 0.08153226263281378 0.07706737288523553 0.07745315077121834 
0.18759506137043372 0.10474253002182772 0.0649742065983803 0.0011459103255090112 0.011266964436573379 0.07168195848161915 0.08386279016925269 0.09620516681731726 0.12442619843546271 0.09493353256325537 0.062350099971708525 0.08205522661601715 
0.09634268334435665 0.08553046602224605 0.08508758602045369 0.10559240815996605 0.12186712818062577 0.1305511354471097 0.10880388154674543 0.10866678636415693 0.12023752252047215 0.12185275468465766 0.15292298329648765 0.11838733086560543 

0 0 0.22514373488244077 0 0 0 0 0 0 0 0 0 
1.0653675155889408 0.793906121657042 0.5692024021252289 0 0 0 0 0 0 0 0 0 
0.5470926958468393 0.15122214433824965 0 0 0 0.0030260364788821104 0 0 0 0 0 0 
0 0 0 0 0 0 0.07278902023431744 0 0 0 0 0 
0.05751811352801728 0 0 0.4901058347114552 0.24722243819937845 0.12297730466593038 0 0 0 0 0 0 
0.018553916054897424 0 0.1327221965514515 0.5090796439203957 0 0 0 0 0 0 0 0 
0 0 0 0 0 0 0 0 0 0 0 0 
0 0 0 0 0 0 0 0 0 0 0 0 
0 0 0 0 0 0 0 0 0 0 0 0 
0 0 0 0 0 0 0 0 0 0 0 0 
0 0 0 0 0 0 0 0 0 0 0 0 
0 0 0 0 0 0 0 0 0 0 0 0 

0 0 0 0 0 0 0 0 0 0 0 0 
0 0 0 0 0 0 0 0 0 0 0 0 
0 0 0 0 0 0 0 0 0 0 0 0 
0 0 0 0 0 0 0 0 0 0 0 0 
0 0 0 0 0 0 0 0 0 0 0 0 
0 0 0 0 0 0 0 0 0 0 0 0 
0 0 0 0 0 0 0 0 0 0 0 0 
0 0 0 0 0 0 0 0 0 0 0 0 
0 0 0 0 0 0 0 0 0 0 0 0 
0 0 0 0 0 0 0 0 0 0 0 0 
0 0 0 0 0 0 0 0 0 0 0 0 
0 0 0 0 0 0 0 0 0 0 0 0 

0.032720854205351924 0 0 0 0 0 0 0 0 0 0 0 
0 0 0 0 0 0 0 0 0 0 0 0 
0.09893571495724937 0 0 0 0 0 0 0 0 0 0 0 
0.349308861166302 0 0 0 0 0 0 0 0 0 0 0 
0 0 0 0 0 0 0 0 0 0 0 0 
0 0 0 0 0 0 0 0 0 0 0 0 
0 0 0 0 0 0 0 0 0 0 0 0 
0 0 0 0 0 0 0 0 0 0 0 0 
0 0 0 0 0 0 0 0 0 0 0 0 
0 0 0 0 0 0 0 0 0 0 0 0 
0 0 0 0 0 0 0 0 0 0 0 0 
0 0 0 0 0 0 0 0 0 0 0 0 

