0.5395499675288397 0 0.18873303833084185 0.13666998517263224 0.10604057515828696 0.6925137413040628 
1.0345026165395512 1.0129124793685924 1.240283251458619 1.1422451617472633 0.9967410208968054 1.6067866095606471 
0.7024486538264653 0.35032057036777164 0.8651933304232406 0.9929613026471478 0.8195962674178896 1.2665352481993244 
0.7502262580321128 0.368726203102999 0.6699602638004335 0.995705941439817 1.2183766137022476 1.7403712540469218 
1.0388827219415948 0.5528613017025453 0.6399780559141823 1.0032870416421669 1.1652397194555502 1.4438097232159168 
1.7529834350221694 1.6888844986643539 1.469681366863626 1.5055428667722683 1.8168316925652896 1.8068166131974914 

0 0 0 0 0 0 
0 0 0 0 0 0 
0 0 0 0 0 0 
0 0 0 0 0 0 
0 0 0 0 0 0 
0 0 0 0 0 0 

0.867360062782103 2.229712440856907 1.9793741313388449 2.0722189960388326 2.0269868529756714 2.012024363255522 
0.3427237532809527 2.515345256329917 2.1297894198266007 2.2770370044129544 2.2595870144810752 2.8935324634646964 
0.17055487510520825 2.525503765709402 2.1973641217698963 2.200976502486242 2.1804329393216 2.9656754012219935 
0.04690409475816405 2.2874683022312894 2.0955002009326122 1.885146650560537 1.67047873182282 2.501490902801193 
0.030554886629121245 1.8799239270249228 1.804709283645687 1.7186120394767779 1.616597370172448 2.170211690422679 
0 0.538337842485419 0.6655036928416312 0.8157730185455537 0.7081523236583174 1.35497537812269 

0.163468812468907 0.06941727368118299 0.010499023429660567 0.07120817254206514 0.0391327334071858 0 
0.06009375976559098 0.01136082191267699 0 0 0 0 
0.042260585736152684 0.059265478492366144 0.15840903514461363 0.12012870602740852 0 0 
0 0 0 0 0 0.0075390958458300406 
0 0 0 0 0 0 
0 0 0 0 0 0 

0 0.261484655005359 0.22192605239336016 0.2117028978132985 0.028344277186945908 0 
0.0851405957168231 0.0761472618498668 0.15166669671428432 0.2029398366876983 0.17967247798578181 0 
0 0 0.18724220543338532 0.03734299429945996 0 0 
0 0 0 0.020272675380831592 0 0 
0 0 0 0 0 0 
0 0 0 0 0 0 

0 0 0.015649120426199398 0.1893491478517281 0.301131238819923 0.6366644699611322 
0 0 0 0 0 0.44295978045815493 
0 0 0 0 0 0 
0 0 0 0 0 0.13954673646603338 
0 0 0 0 0 0.3053718054860795 
0.2689764204464503 0 0 0 0 0.12074520968115857 

0 0 0 0 0 0 
0 0 0 0 0 0 
0 0 0 0 0 0 
0 0 0 0 0 0 
0 0 0 0 0 0 
0 0 0 0 0 0 

1.0631726789144187 1.338273572866864 1.3565218389547207 1.2682595771954412 1.3335767682328097 0.9057364388584039 
1.3179655875227705 1.8799915192875127 1.6322062376968296 1.724048694442928 1.443844208553137 0.6849903727239709 
1.2764439230321123 1.6477800581354551 1.5993859951197136 1.609546177144517 1.5550430977180272 0.7527541303028334 
1.4821027845930113 1.5699521567920431 1.3847787675483534 1.3130443996482382 1.245031758193007 0.5948704827734179 
1.6333968421853806 1.7254954397803894 1.441521341555196 1.7369969655533553 1.514296496159907 0.7750418800695612 
1.463314240833976 1.2014935698186429 1.2828598009569385 1.2384635499886185 1.1128397677627795 0.8391036793932208 

0.6967389862544296 1.9663064915146564 1.9195496762032247 1.9134999434293083 2.1144776702158934 2.2917687655547487 
0 1.4167335688623073 1.3511358364661286 1.2671811790326013 1.0519431956864473 2.0371960988531304 
0 1.1972407389054192 1.2180173942777213 1.2378039751634962 1.09163511733652 1.787137881800407 
0 1.1178567890359428 1.1463931254044475 1.0876661723228473 1.0581757395319822 1.5921590499062732 
0.1811298834378755 1.1027885618389914 0.8443842458370054 1.1445145629870408 1.3508100228314763 1.4700822512247254 
1.1848914515026854 1.2394321607090701 1.1265129433190637 1.2407883981327463 1.3841217228606464 1.2781927290588186 

1.4298579646522978 1.298476669733329 1.3349746824765187 1.2042047094993933 1.0186741449799883 0.625475526222088 
1.609173454064668 1.7712144104540481 2.126040754637578 2.011585436241084 1.7795551230350128 1.0824329503057906 
1.4116632967902465 1.5828162541347903 1.7810224523663079 1.9681246306188813 1.9537522383591912 1.257755532636787 
1.6472435943257624 1.700294171894091 1.7269739271670086 1.977951066848474 2.0611843394072675 1.22318799756185 
1.7528442054326945 1.70574736584981 1.7555697908006096 1.8822985329037627 2.075863970974712 1.1908087795784141 
2.0741162694183295 2.6802500148598503 2.443431047298928 2.443423546497288 2.5162067026052815 1.7223248116002452 

1.7293498492872086 1.8514661722429693 2.0277808478996797 1.9820006151021397 1.8323330099617037 1.4080602025900468 
1.1471606029681005 1.420412680065756 1.5462473168640767 1.798337241908671 1.6824069334074931 0.9440394777212622 
1.2809506251104699 1.4376355090011959 1.533214301052432 1.7415188297332025 1.28503597776884 0.4766798616452192 
1.3158789017024493 1.3252447648358112 1.5244824811025368 1.7166922164970517 1.3695565174857074 0.5490497432794084 
1.4048391331510646 1.0866459710085463 0.9046195659520834 1.2711495117639775 1.2027531876879436 0.753745896977284 
1.5118306875393863 0.9301949336046731 1.082079770379974 1.2851313355217486 1.1729573316656734 1.2601833967773948 

1.276345440258271 0.9989143681749676 1.136462837088186 0.9832181366296392 0.7894283250502468 0.48453053380956906 
2.0062668178865044 1.968832903440441 1.9596460343362565 1.9835547019737698 1.7535657499307244 0.4503807556971221 
1.7010966432873642 1.5599593681284136 2.166265951455284 2.1222789236113324 1.720950179597469 0.6544085533947986 
1.6812996328976553 1.2087976578496613 1.4975684824386868 1.9445036175498625 1.8794165050550262 0.2065865731266157 
1.6377353571205533 1.0703372063204062 1.2432254352259307 1.6178006854636846 1.5132498800366425 0.33370148219109336 
1.2932079788233792 0.3575153449951514 0.3570251749897791 0.7731276842425718 0.8220288144460994 0.15888838149209944 

3.0085125148990866 2.970729183906689 2.9810945666821715 2.9405951389851666 2.738921345694036 2.3998281148661924 
3.5134912295384546 3.25894008241432 3.4436495612743756 3.466380048461682 3.4746750347058617 2.5467469931180724 
3.3644517263998286 3.265833357519254 3.558648265924908 3.6243208098999973 3.42383127059106 2.5141085827653398 
3.2971908082036316 3.0429385897737204 3.379751989537499 3.7142084851055785 3.687943596116322 2.538608735906855 
3.132881967099762 2.814306578966318 2.972267400101187 3.0195113575713775 3.192684500999957 2.339646634818236 
2.7988378663626867 2.4769484643235216 2.541233502083628 2.640345044179653 2.62913345808245 2.038298560463642 

0 0 0 0 0.0029842539662868948 0.6052935997916263 
0 0 0 0 0 1.3628592021153578 
0 0 0 0 0.0821853493581275 1.2327763440709711 
0 0 0 0 0 0.9000710653143661 
0 0 0 0 0 0.7158780362783422 
0 0 0 0 0 0.07979337351712698 

0 0 0 0 0 0.20978870607890884 
0 0 0 0 0 0 
0 0 0 0 0 0 
0 0 0 0 0 0.021787346328202256 
0.02717175735100484 0 0 0 0 0.1835928113611072 
0.33688590115423506 0 0 0 0 0.3085182653875243 

0 0 0 0 0 0 
0 0 0 0 0 0 
0 0 0 0 0 0 
0 0 0 0 0 0 
0 0 0 0 0 0 
0 0 0 0 0 0 

3.4410059404511926 3.6416366304506522 3.510351753745179 3.455451029611886 3.396067251323295 2.686247365192104 
3.084694033093755 4.0188294084273 3.745078712890622 3.8323390820410563 3.5647308866151493 3.3252961594976056 
3.451237278380481 4.6215220952468306 4.099825977404428 4.250587924904348 4.507281965193111 4.047087924190307 
3.478376138631951 4.5271177068215795 4.256994041438283 4.24723158230244 4.337270678655814 4.419588721669746 
2.9435138743767753 4.092031745980845 3.9766539199786632 4.061485764828844 3.980420881735302 3.8988058498711005 
2.2074892032960833 3.3813607522912106 3.4568250353130887 3.267724084770885 3.1959620502536894 3.4730333980767947 

0.062260715995489775 0.6960700395731982 0.6850954627563951 0.8127370631061702 0.6102772346698606 0.3319045834106294 
0 0.03787866794457767 0.1690401266534758 0.30946789212878134 0.04975450707147108 0 
0 0.11128075694648827 0.25079388798385666 0.29813313905784244 0.06104890849533337 0 
0 0.08431690995996835 0.3875676347884662 0.30378797195362345 0.3688377920031157 0 
0 0 0.13951717302015246 0 0.21108725716318313 0 
0.3693999399146143 0.3999716422122394 0.5171622722143541 0.5783499872011312 0.5884698691769722 0.18612395987002106 

0 0 0 0 0 0 
0 0 0 0 0 0 
0 0 0 0 0 0 
0 0 0 0 0 0 
0 0 0 0 0 0 
0.001613530639129316 0 0 0.08195659995235298 0.07126743016711479 0 

0 0.1237594667317142 0.1506927763164868 0.2526956640835028 0.3620431341206414 0.6655456972289868 
0 0 0 0 0 0.054792995029021796 
0 0 0 0 0 0 
0 0.011886800685382337 0.10840354563929838 0.1478125700640534 0.23700739632570886 0.4352769823069188 
0.042202058561820154 0 0 0 0.17139003590011118 0.41137267319913295 
0.7928068846915547 1.0280605594720487 0.7672929979219031 0.7046380488812853 0.7309933136587944 0.5509139103379229 

