0 0 0 0 0 0 
0 0 0 0.08612841569775614 0.0026398696961394408 0.5413755638551223 
0.12885685247973364 0 0.0842364807446557 0.2541537446737739 0 0.36387863617287475 
0.5187324021282383 0 0.2131498724310027 0 0 0 
0.5898133787110396 0 0 0.28371117572208115 0.3447046527425627 0.6024381861644438 
1.2265788191247762 0.8298870500675024 0.8798329889298381 1.1335052543555626 1.2351235690494857 1.251481546208515 

0 0 0 0 0 0 
0 0 0 0 0 0 
0 0 0 0 0 0 
0 0 0 0 0 0 
0 0 0 0 0 0 
0 0 0 0 0 0 

1.0921551369770588 2.9625657804673815 2.090261866611373 2.5507612260706107 1.7611580625208805 2.8305852800982727 
0 2.5249928465063256 1.3458356644776037 1.3875092405022835 0.6654364935664312 2.4820205337361907 
0 1.832814316324465 1.2682243094179455 1.1995790252856189 1.1839959783835952 2.4607207699697597 
0 1.2815072335800424 1.40607607560311 1.2464724064656227 0.7150910657387721 1.6592917943320655 
0 1.7407238137606598 1.5885613273853885 1.8668779904738957 1.4100628726936626 1.7981914444945228 
0 0.8127688614790571 0.28710748216202014 0.9317220683961207 0.97017759982921 1.148359267426075 

0.3793306813188547 0.39815054876310785 0.11439889772354771 0.08563591049756322 0 0.24405270396151596 
0 0.06625518300714527 0 0 0 0 
0 0 0 0 0 0 
0 0 0 0 0 0 
0.19061842384547395 0 0.11309711719516681 0 0.03546982279077979 0 
0 0 0 0 0 0 

0 0.8153151402912784 0.04002084207861009 0.024508409828988775 0 0 
0 0 0 0 0 0 
0 0 0 0 0 0 
0 0 0 0 0 0 
0.23256191027765843 0.5153579236166974 0.08283708358069287 0.2342770392253278 0 0 
0 0 0 0 0 0 

0 0 0 0 0 0 
0 0 0 0 0 0 
0 0 0 0 0 0 
0 0 0 0 0 0 
0 0 0 0 0.2577980563789552 0.21046359374864454 
0 0 0 0 0 0.027656598691149496 

0 0 0 0 0 0 
0 0 0 0 0 0 
0 0 0 0 0 0 
0 0 0 0 0 0 
0 0 0 0 0 0 
0 0 0 0 0 0 

1.035189826433245 2.119673227326764 1.867961353459066 1.7462691325630997 1.5306443588633432 0.9280933831471497 
1.2264337216088799 2.0048101611958358 2.072390074549942 1.6623865375603477 1.7888836766155474 0.9991160209877903 
1.584465271741109 2.2339984299413937 1.5190106627956517 2.262334631660168 2.22839585637534 1.5684273086278477 
1.6120373407352382 2.1881686491296284 1.5410217414511618 1.795546103701615 2.135621732663382 0.9704571249220443 
1.4853927395345514 1.95502870522605 1.8862286145116147 1.817604056289779 1.8598889946655957 1.4434437820059904 
1.2896613986480738 1.1729448936386115 1.1308214418482807 0.9886897846569007 1.2445789786921697 1.1309893184426778 

0 2.1151037956343304 1.3728433532525968 1.728353446091508 1.2840531172831224 1.703810568284843 
0 0.8720892786338509 0.5474049857149851 0.10053829556900351 0 0.5935521872463021 
0 0.2907230908352322 0.24847328723961673 0.16992752146345763 6.777722033474154e-06 0.697716373983993 
0 0.16800243822363112 0 0.978461484321119 0.8708639663144846 0.20351178373117298 
0 0.1460833640939329 0 0.8790716958068723 1.276723485493787 0.6725551398935411 
0.5714832025278448 0.879081145056141 0.44377738062795546 0.7207232098189394 1.3473298004827652 0.9725135270335075 

0.9489131754691064 0.9636161688373225 1.0051509993949275 1.1023474745159543 0.9362080841531228 0.05677816371075027 
1.2456397036145281 2.3642915614920503 1.9290895056749398 2.4102559263937087 2.6997942203144896 1.2300666073062243 
1.855307186398302 2.0907398518973856 2.502149851342582 1.8912729270171413 2.1477340316380396 0.8748982485487591 
2.0709622977176494 2.2866582928582955 2.5734872974052774 2.2008035961955446 2.043438036503778 0.9088980573006208 
1.6496658916344034 2.267454236835785 2.2663572103774574 1.9417464759739704 1.999396096601273 0.8717581716454421 
1.9393321699431678 3.230143742693385 2.86592225907029 2.907717056760689 2.9871211236740023 1.6264381933958614 

0.7687553809093384 1.3069587387707136 1.1973644747148788 1.2764531904071166 0.4166703588997557 0 
0.17231942493126506 0.22922772480305567 0.33902770659881615 0.1157509242173358 0 0 
0.017711344379776076 0.08342028334424324 0 0.41537494286574905 0 0 
0.7395630786730848 0.675604724791402 0.4233100869179713 0.2780716940343493 0 0 
1.5680625791660976 1.2585193195789994 1.0691053741361372 0.7367412166032682 0.5098607959835453 0.2234771931241149 
1.4272275801419951 1.172200239326679 0.9799157553808389 0.6278968086827469 0.7398033601569598 1.064464604805338 

1.6195214012812313 1.6279079373843948 1.22814165863333 0.9176703412174756 0.3588596149196901 0 
0.9281669972900427 0.7556725425793328 1.3942950599482693 1.0187942864541997 0.7607921430146026 0 
1.1170249536982741 0.6929322161440521 0.9041159602760582 1.2405816876662297 1.2487481860284515 0 
1.4834352427172146 0.9818361200236185 1.200190638695619 0.8790396881695056 0.6859782855147994 0 
2.337415039326262 2.03693922405408 2.022812784339436 1.7043950677143775 0.8437459867152941 0 
1.088526005032143 1.0232370060836384 0.8932509025159525 0.11467029785233492 0.03831654772024528 0 

3.4156289268932225 3.2314913544119044 3.291329300940496 3.1719804916225756 3.1464521755916164 2.258225209924025 
3.4016785433136527 3.3922936338495355 3.525215249338923 3.5201085697081593 3.434179496688717 1.8113372394196694 
3.5770884923852737 2.936262034705957 3.583397951130281 3.3099686531652757 3.3609332824403584 1.8925920687446762 
3.613508032447887 3.2702502878182598 3.5304882632869425 3.2100646211745367 2.887640657031706 1.8207861933883391 
3.630497678361494 3.548461247115568 3.83268832623838 3.2840925198492434 2.9430261770055863 1.5596981516229036 
2.8183358608600817 3.023270939811961 2.990832604032347 2.533318672970953 2.3163403890559047 1.5901220868314718 

0.09458710828399619 0 0 0 0.1033036981084921 1.2345640059044463 
0 0 0 0 0 1.2402787113691556 
0 0 0 0 0 1.1479142232954214 
0 0 0 0.29737750740034175 0 0.5056895031727232 
0 0 0 0 0 0.8811296905666883 
0 0 0 0 0 0.13680692061727398 

0 0 0 0 0 0.26659006311252903 
0 0 0 0 0 0.048402909612105624 
0 0 0 0 0 0.11272059038303599 
0.17491835792396823 0 0 0 0 0.4962528521530875 
0.1888065072121213 0 0 0 0 0.546382391976505 
0.21299985239645156 0 0.049416745893260706 0 0.0796499850098611 0.4168300897997216 

0 0 0 0 0 0 
0 0 0 0 0 0 
0 0 0 0 0 0 
0 0 0 0 0 0 
0 0 0 0 0 0 
0 0 0 0 0 0 

4.260305304076074 4.313890841038985 4.509777465949752 4.7769900785820765 4.704805562020333 3.49868885166713 
4.44419003831878 5.630940212073294 4.43872901516584 4.813326434798047 5.040360095465355 5.006282838135362 
3.707281534544162 5.025584245532994 4.3344598273076915 4.495151765803048 4.520331149500308 4.67065157186139 
3.3179172525502816 4.724199349994139 4.6173306097191 4.637660352711286 4.802260219520902 4.680920954091274 
3.6772938199596026 4.572319675963393 5.334911136995873 4.124341941738966 3.7014130416277085 4.129052835947708 
3.456459367736061 4.65500983230675 4.276072212586928 4.516252395972316 3.547064805034885 3.043773875724843 

0 0.9832851912383342 0.11588157252152988 0.5853532817838099 0.5876410761281383 0 
0 0 0 0 0 0 
0 0 0.10089452894068633 0 0 0 
0 0 0.49977602654340103 0 0.597245435677998 0 
0 0.6199795977003362 0.0880556867665823 0.0807119748045288 0.730718833432861 0 
0.03709103751759918 1.1079169369106923 0.6737771684631567 0.3516270783863145 0.8540236168017462 0.09731122751384366 

0 0 0 0 0 0 
0 0 0 0 0 0 
0 0 0 0 0 0 
0 0 0 0 0 0 
0 0 0 0 0 0 
0 0 0 0 0 0 

0 0 0 0 0 0 
0 0 0 0 0 0 
0 0 0 0 0 0 
0 0 0 0 0 0.27188588123804636 
0 0 0 0 0.14998213734121163 0 
0.8640546438023766 0.81760671030931 1.1543738760948963 1.0948459441850404 0.8710472660754147 0.5605388224892923 

