1.2988343030246474 0.27736127773130975 0.9002096180538 0.859941411617035 0.6045653495341833 0.45859190410937994 0.5641728684902574 0.6363158155794879 0.4760120658332898 0.21473991836375406 0.7535706160117756 0.2959252017942362 
1.9302807452449013 1.694413034071047 1.8996309652413501 1.3495947970886082 1.6702773537689546 1.683065985580321 1.5059628905450462 2.2150280164723237 1.7666315360167022 1.2336970590320302 1.4549218042336316 0.7794051847662797 
1.389548130497114 1.6720119016317982 1.676265888274208 0.594884240988414 0.5926353620775833 1.0971936275302032 1.1202797244875842 0.8326134673892358 0.6004213267291086 0.7401064645134732 1.3823325951960497 0.30353286170662924 
1.6234846334610848 1.429375002178029 1.7211524781851104 1.0972004736796956 0.9801181432903655 1.0892710795354477 1.1780670631591863 0.819022868270595 0.999850265124118 1.1435648506612461 1.4060600618020338 0.7257570010841213 
1.662465188880004 1.4888465008235545 1.2822144736045973 1.0369716687949324 1.322823632333612 1.47477411664704 0.9172702599292538 0.9437766241298744 1.608597380049427 1.179778280020497 1.1072176309464818 0.9197608339850691 
1.7124671620626692 1.1336395292129586 1.0790931573425875 0.9178108088490514 1.7812682655699124 1.7986064195766671 0.6319261598768062 0.9364862846909656 1.533671088557381 1.2218619045791963 0.8463247850101489 0.7389708696955875 
1.7771248237397572 0.936891645167746 1.387925154395749 1.0657706157323044 1.0764249569105875 1.4443433007547974 0.7040987621121376 1.1737857559505027 1.5524120537939166 1.1490679060312465 0.9638435426403027 1.06787129671838 
1.8400780046105232 1.156698311860152 1.51668915725083 1.0022747303090567 0.02535701701133828 0.6774447989250659 0.8594315550813119 1.3233034478666452 1.4340318063435746 1.2114335473564823 1.3386134541867825 1.1311870114959086 
1.7234391134321472 1.2961106605227894 1.6084863220278387 2.1724832624463004 0.6070760289124935 0.24521348055212483 1.0262092738362918 1.4214440156740635 1.0157312395862272 1.0135739349680568 0.8347349833134251 0.6300610816590139 
1.6258321301983523 1.21251174057158 1.5931081229107182 1.8432238724330219 1.2898771361049937 0.5237596440618368 0.8537657111061127 1.0182453724548293 0.81178324460675 0.9022003425891034 0 0.06055376548717492 
1.5374443238620252 1.2628553721515154 1.3426919277921372 0.9455689927472487 1.0572397966995017 1.772205533134925 1.7832056175924786 0.1399150267744431 0.7913306680725456 2.1950024896645584 0.10788858061319079 0.02562253333920943 
1.6969734379211607 1.3188782095785667 1.5368377229418646 1.0814645909079326 0.8678507586707138 1.9813620396901337 1.5699458618656492 0 1.1874416760449433 2.3047546769305836 0.7412501309084719 0.5742678282978675 

0.8112040961785061 0.39915821463250245 0.06837043729068464 0.03695647061054599 0.22439297304767242 0.0747712469900112 0 0.20303078864164328 0.26678329262188544 0.38206227993267244 0.5923301481324569 0.8291560104186154 
0 0 0 0 0 0 0 0 0 0 0 0.1593215563039751 
0 0 0 0 0 0 0 0 0 0 0.01398632167000205 0.593508005956359 
0.14702217865255823 0 0 0 0 0 0 0 0 0 0 0.5379083064555507 
0 0 0 0 0 0 0 0 0 0 0.36269635821487345 0.5697071509509557 
0 0 0 0 0 0 0 0.29598415161311786 0.18427918275292005 0.1957558351477093 0.8539266564875347 0.8920347751380279 
0 0 0 0 0 0 0.08647357846905435 0.15526572687147222 0 0.23616480955626032 0.5153460354568158 0.6462187402273692 
0 0 0 0 0 0 0.10034394852034867 0 0 0.020565726605784707 0.4017791318832921 0.9006793416697688 
0 0 0 0 0 0 0 0 0 0 0.5963610712274665 1.02379943498876 
0.15383311240544392 0 0 0 0 0.19321792143848138 0 0 0.18922147770668163 0 0.854437323646673 1.1970017048190476 
0 0 0 0 0 0 0 0 0 0 0.47892976287169503 0.8144005441722155 
0.0679394984391577 0 0 0.1322152651122573 0.6801114076485788 0.44030934036197367 0 0.17671392301188968 0 0 0.41280169529126315 0.40706746339730526 

0 0 0.2540696370275169 0.21129896466635256 0 0 0.31790031700868615 0 0 0 0 0 
0.4592396530086056 0.3216721097221237 0 0 0 0 0 0 0 0 0 0 
0.183122859670328 0 0 0 0 0 0 0 0 0 0.1352124618168442 0 
0 0 0 0 0 0 0 0.15365823893141742 0 0 0.05443841057782671 0 
0 0 0 0 0 0 0 0.13091510787588795 0.01608100552274859 0 0.016694285994176286 0 
0 0 0 0 0 0 0 0.33307000005151827 0.0669867627898636 0 0.01843920305898769 0.07179318053546498 
0.020759122871744293 0 0 0 0 0 0.04707587865256463 0.278098195889112 0 0 0 0.1326826077236332 
0 0 0.0064874918543893 0.0015334769015248675 0 0.3159558832179434 0.20710784045724123 0.22675108015253032 0 0 0 0.09450633058805416 
0 0 0 0 0.38004369071827354 0.4940973187749346 0.4178451433629529 0 0 0.14552850337326648 0 0 
0.12123775202213569 0 0 0.08742709751014005 0.15051432633854533 0.26067237478509975 0.6705083456492525 0.4698470604293697 0.41759923959595047 0.8110145892859416 0.018323026880575414 0 
0 0 0 0 0.10221856205194278 0.37973003350388335 0.6643985426443301 0.7575543473583566 0.6340347362419896 0.5317443988976182 0.018410631941822433 0 
0.010058544672516934 0 0 0 0.2959531005585187 0.6572820416580647 1.2613517266315615 0.8773280942944222 0 0.4232304934126178 0.17929217162445332 0.1692289649712374 

0 1.2676485614348783 0.4680238899421548 0.003465694407140535 0.24328000808074787 0.5488392808896193 0 0 1.0720464770634157 0.5733310677147991 0.883157868724796 0.8496361064824776 
0 0 0 0 0 0 0 0 0 0 0 0 
0 0 0 0 0 0 0.008716590443227146 0 0.15805879712975862 0 0 0 
0 0 0 0 0 0 0.5220217336097865 0 0 0 0 0 
0 0 0 0 0 0 0.6206869950184271 0 0 0 0 0 
0 0 0 0 0 0 0.5946422706843042 0 0 0 0 0.015466014473906692 
0 0 0 0 0 0 0 0 0 0 0 0 
0 0 0 0.7547997815285467 1.1898647726918523 0 0 0 0 0 0.16895827427847082 0.23600094348641137 
0 0 0 0 0.2688047854572582 0 0 0.3663623647653366 0.4746912410478887 0.041999439324269916 0 0.5148499702980115 
0 0 0 0 0.26039032053323685 0.6080252243593877 0.842647823865573 0.9506237766797072 0.5961332212556376 0.41069671500839117 0 0.48339353756930586 
0 0 0 0 0 0 0.6605630981017827 0.09502252487528874 0 0 0 0.394342492931716 
0 0 0 0 0 0.08710044244057905 0 0 0 0 0 0.10634689927382497 

1.5246315965435489 1.5414810376756638 1.490555341614286 1.054539268842503 0.6511799555633015 0.8220390288052885 0.47498961524323224 0.18351059778532297 0.48911437106888717 1.0975220723161894 0.7113910480472829 1.281599460936942 
0.7548352955718439 0 0.26473177227734807 0.3774066314600869 0 0 0 0 0.09265900700770748 0 0 0.5005020750038065 
0.6212015697210036 0.03671075715057399 0.8834748529848914 0.6842019290259299 0.40887332586171427 0.3106466528281685 0.9671596170085809 0.9735188973567467 0.9113818318499605 0 0.20835297159914956 0.6184278483173186 
0.8337344840001647 0.5088240697463932 0.5816834981078566 0 0.10849912293016184 0.5240108777983915 1.0602829229657817 0.3353247920649081 0.14352041747800096 0 0.1541378462866485 0.45591411458567244 
0.9063549556745493 0.5711228568865366 0.6020212288203035 0.1129210473656899 0.38705104306916516 0.4740668527098529 0.6312789764323903 0 0.2613771337214811 0.6390495523408387 0.38271773413715526 0.7962216446140872 
1.2428356358661088 0.6338457438908565 0.5099757029460725 0.177876210070205 0.25815317389469944 0.49882911016848447 0.2199179217810428 0.8250392884763963 1.2163874990872308 0.7983166536776992 0.2651242304219295 1.0138922462259474 
1.1038002015840198 0.2581734595278144 0.3328066990653029 0.8262619424664063 0.7786246841865408 0.4558368880201759 0.0922105332701773 1.0739962887896444 1.0098143708122402 0.6144913567023804 0.4064479140988515 0.9660373617411172 
0.7247531656154756 0.29782170351019477 0.3502312583461306 1.1391538718595977 0.9239885160150749 0.5337032965561294 0.39694127955269765 0.9513878573619337 0.35897449186977554 0.6957586313209431 0.21365991487781744 0.8593038777819336 
0.873188037198497 0.7522187960664469 0.1907543676653396 0.4876599379578977 0.22895148661114684 0.09109945289167964 0.8704044576886859 0.703355797158674 0.5439734980990243 1.631473473871288 0.5670937342381079 0.936155064048129 
0.9686024643031959 0.567025856945317 0.3827092149819115 0.42508804178330983 0.17035429967038473 0.3334792761785607 1.3671046697499267 0.9164531488994601 1.045928782601939 2.1906395611410767 0.1124587936784811 0.6368852489687682 
1.0714560971979423 0.4258069492839326 0.63084313996271 0.4134603080507028 0.5211155127151663 0.7527338981382354 1.662420611540386 0.45139969461591606 0.5394530045828515 0.2890833876934847 0 0.8587411133744943 
0.7432003173538847 0.20549031277636254 0.34212272969209945 0.19277535667913534 0.27534615832832976 0.4878368741296779 1.1739370689807307 0 0.17805799618106077 0.2558124702273825 0 1.1577889167896838 

0 0 0.047316822529218636 0.45927360806062084 0.10654380464825411 0.3440438060333344 0.5765896772798513 0.005693672731090643 0 0 0 0 
0 0 0 0 0 0 0 0 0 0 0 0 
0 0 0 0 0 0 0.06505560173046115 0 0 0 0 0 
0 0 0 0 0 0 0 0 0 0 0 0 
0 0 0 0 0 0 0 0 0 0 0 0 
0 0 0 0 0 0 0 0 0 0 0 0 
0.09145994501208281 0 0 0 0 0 0 0 0 0 0 0 
0 0 0 0.019823084397077535 0 0 0 0 0 0 0 0 
0 0 0 0 0 0 0 0 0 0 0 0 
0 0 0 0 0 0 0 0 0.2542271574559459 0.723734716562223 0 0 
0 0 0 0 0 0 0.20778427136087438 0 0.018411574437234474 0 0 0 
0.028086188578107296 0 0 0 0 0 0.6881998770756885 0 0 0 0 0 

0 0 0.4395371746916221 0.9764401354587151 0.8785727844872621 1.064911104640501 1.3960457985144654 0.9107498921507384 0.8220684941922602 0 0.21336166630741313 0 
0 0 0 0 0 0.14045983568990955 0.10356457675393199 0 0 0.11788092611532817 0 0 
0.15541988322847677 0.05303145255109386 0.020429043423059123 0.41524866565099233 0.5580568051289179 0.33093473563287085 0.5039188298079817 0.15132779273313715 0 0.7552320308714124 0.18575440220881573 0 
0.39978871688546824 0.48163793021530754 0.10143229513655012 0.4277691800696778 0.48151942398510494 0.2649493160495022 0.07644176864379447 0.005594884518019835 0 0.5277135563916896 0.08000344544675447 0 
0.3475235299709928 0.09900931397621346 0.08838500460055378 0.56782022703551 0.6272762991359471 0 0 0 0.08260378174399553 0.3076414190990856 0.13792104671327687 0 
0.29603206226187573 0.23683288815989612 0.4091875327247524 0.43683999422360853 0.5752977183355126 0 0 0 0 0.29121638541284006 0.4358112461664419 0 
0.1887526961282527 0.13188200356552926 0.03578228577334841 0 0.19047401443066347 0 0 0 0 0.05818053396505399 0.06422096796333077 0 
0.16695518366111373 0.07852298529543089 0.15307708700514308 0.05576160507636846 0 0 0 0 0 0 0 0 
0.3843010164126456 0.09473242477768036 0.09655225641792708 0 0 0 0 0 0 0 0 0 
0.4961179828959385 0.7115787717521321 0.30321019450867565 0 0 0 0 0 0 0 0 0 
0.27788332994379006 0.8101710402938279 0.46541448679980235 0.3836303127654446 0 0 0 0 0 0 0 0 
0.5461411809934625 0.5764824658716159 0.36034842939224065 0.6152837546893698 0.5646424313974192 0.5262611566312496 0 0.29578275038263213 0 0 0.10450548943556592 0 

2.1651256996863952 1.5352580719047233 1.6024922206205292 1.9335524986255448 1.77995229756036 1.7497655829661352 2.0710981027790436 2.0391270998074935 1.5791739423623539 1.5202642281964047 1.9097692698253528 2.4449332503342514 
0.892628459346993 1.6274544679789509 0.7722394370156479 0.5999456252634415 1.2202331672533848 0.9932331442443709 0.5222220632505076 0.9296922515891923 1.6361369517712736 1.8145451275339015 1.781162431880512 1.8768288447549222 
0.6145628254077913 1.3078004219631452 1.5509519276601518 1.4487919862572467 1.587228821340986 1.1987067365476753 1.4908676544682362 1.5057925792690263 1.0933573938834071 1.3664479795150033 1.8203062730171753 2.179021322999486 
1.5202336098108518 1.2747668969308494 1.268798249050873 1.366854446489621 1.317077033487664 1.3673432514423833 1.3202370000216275 1.5960447346608815 1.8344644456288808 1.7283200641816618 1.5560814248079362 2.233536720677059 
1.4848007158937235 1.0923817449827218 1.161801674166425 1.6594875196526662 1.4834693451694463 1.6046921279742128 1.7603210554451159 1.6261543675740258 2.0231046313092995 1.76732112787628 1.4396665838756542 2.0544626199562472 
1.250651681644653 1.6017104757507652 1.736747868346834 1.5952903712983835 1.2227598348801971 1.6749763316055308 2.0951494450780093 2.2201678780600425 1.9554080960169933 1.8633142657032782 2.0255530139912605 1.9358394604951994 
1.3538879613724322 1.4074563534827562 0.984507940998171 1.3170092897352617 1.5038423042395268 1.758039810258929 1.7597457398822667 1.7235695964027193 1.7005168254294742 2.0075370155923595 1.9801147949644606 1.9739457049267055 
1.198824878389795 1.712641422247581 1.6120382731244713 1.486236220398084 1.2271637377073243 1.5918178410663202 1.6484232598435529 1.4910367918895922 1.6367269544364011 1.8309035415488932 2.0012086894741357 2.2574925913839183 
1.3498346322719512 1.1886252189741484 1.0402236342460107 1.160281616895659 1.9483166602133444 1.589547647036837 1.1641445814612965 1.4862128575237585 1.3775188829094969 1.3776435545344672 2.1984151591012084 2.538439063435646 
1.5846020531128509 1.525283159857875 1.774595006087159 1.7925518902972888 1.9284922752916014 1.2619441135425733 0.9573375015254428 1.655964207372534 1.8688212942094795 1.3661130861182467 2.0073737619755003 2.2037482347700994 
1.0896009581641815 1.1906999742361257 1.5420882800478402 1.690159288403048 1.3452325796275093 1.0590463505300853 0.8995744293213407 1.2980263447997649 1.5552004998331077 1.2536011600986825 2.1014384933505674 2.475678456905112 
2.077917022018781 2.058770357080649 1.8557212307157538 1.8947289228693982 1.5755990268177138 1.7300624508641098 1.7738324662316796 1.3436336782835565 0.9045294268383105 1.2523342685415104 1.3265054057899885 1.424623554757605 

0 0 0 0 0 0 0 0 0 0 0 0 
0 0 0 0 0 0 0 0.22451985186794457 0 0 0 0 
0 0 0 0 0 0 0 0.09163149213441582 0 0 0 0 
0 0 0 0 0 0 0 0 0 0 0 0 
0 0 0 0 0 0 0 0 0 0 0 0 
0 0 0 0 0 0 0 0 0 0 0 0 
0 0 0 0 0 0 0 0 0 0 0 0 
0 0 0 0 0 0 0 0 0 0 0 0 
0 0 0 0 0 0 0 0 0 0 0 0 
0 0 0 0 0 0 0 0 0 0 0 0 
0 0 0 0 0 0 0 0 0 0 0 0 
0 0 0 0 0 0 0 0 0 0 0 0 

0 0 0 0 0 0 0 0 0 0 0 0 
0 0 0 0 0 0 0 0 0 0 0 0 
0.08511597293273737 0 0 0 0 0.03590930673263887 0 0 0 0 0.07309782771292181 0 
0.3562406430745937 0 0 0 0 0 0 0 0 0 0.9605882801492475 0 
0.2634374431718418 0 0 0 0 0 0 0.21456036400010628 0 0 0.659173806717322 0 
0 0 0 0 0 0 0 0 0.42616559970932255 0.10474143913937993 0.4691669571499896 0 
0.15093281309071208 0 0 0 0 0.024177589938813776 0 0 0 0 0.45264372262261776 0 
0.4974728324255919 0 0.2354971463698398 0 0 0.06671554617749192 0 0 0.12892968724814996 0 0.584452066432095 0.1582173923699972 
0.2807096022561238 0 0 0 0 0.18431719012480305 0.028382481527983915 0 0.05675933406693595 0 0.3039188013927547 0 
0.327782760917727 0 0 0 0 0.2708843031035765 0 0 0 0 0 0 
0.009054701963234713 0 0 0 0 0 0 0 0 0 0 0 
0.48547189692906334 0.043109303835424384 0.09817941739433309 0 0 0 0 0 0 0 0 0 

0.7153745581185612 0 0.006458579205977525 0.9036818842085508 0.623018796211972 0.7744664789317804 1.12430857270928 0.29063216839130396 0.508459311249914 0.46209236279459187 0.19495895895160537 0.46722858212239826 
0 0 0 0 0 0 0 0 0 0 0 0 
0 0 0 0 0 0 0.23159218156136716 0.7781341787893755 0 0 0 0.501431038805254 
0.2181996679390573 0 0 0 0 0 0 0 0 0 0 0.04197357700067833 
0.38020568991220033 0 0 0 0 0 0 0 0 0 0 0.2555376876122395 
0.47914222918433913 0 0 0 0 0 0 0 0.14867100242567394 0.18522515190191055 0 0.5769268344498949 
0 0 0 0 0.5790719620777476 0 0 0.09867585058463581 0 0.08357532204193982 0 0.23827583568347857 
0 0 0 0 0.04227185290805003 0 0 0 0 0 0 0.46906007113302056 
0 0 0 0 0 0 0 0 0 0.3471200006996275 0.45849719595674404 0.6336781909187091 
0.44317247447395247 0 0.04205537311900635 0 0 0 0 0 0.16803729236473333 0 0.16418436483065632 0.8516923748990278 
0.3959025226348796 0.021984089265513096 0 0 0 0 0 0 0 0 0 0.7590663686678109 
0.3729307368191972 0.09970459108713574 0 0 0 0 0 0 0 0 0 0 

0 0 0 0 0 0 0 0 0 0 0 0 
0.891017757280032 0.12947658392570124 0 0 0.27412752175154664 0.4529223942914318 1.045612370236029 1.1980947649426779 0.828723404591185 0 0.49837164017310764 0.7578710219881329 
0.5606135464646297 0 0 0 0 0 0 0 0 0 0.7143253363930737 0.6677939954659846 
0 0 0 0 0 0 0 0 0 0.0757796901627297 1.169885388389202 1.295798380969734 
0.13512342333974675 0 0 0 0 0 0 0.2702600535243077 0.5028271594316724 0.3321141252903502 1.1040787067348423 1.679647576384299 
0 0 0 0 0 0 0 0.5927233765446227 0.021304139196584776 0 0.7222672880281508 0.9675545348496333 
0 0 0 0.019136661192296234 0 0 0.4634575342852187 0.18610080742107807 0 0 0.939068318898969 1.1533437784938014 
0.05552772048405975 0.2133487104747422 0 0 0 0 0.7184854119168065 0 0.16561992159340055 0.5592694105835616 1.5813635496306473 1.5976361936572245 
0.1785543742952995 0.08074695572100696 0 0 0 0.49029745042532125 0.7537749035217371 0.8101096633044157 0.7024658745912056 0.3087255948544785 1.1337682090559644 1.4353791875875053 
0 0 0 0 0 0.05331273181705898 0 0 0 0 0 1.429216664466008 
0 0 0 0 0.6065047400191006 0 0 0 0 0 1.1614712962862788 1.8733427319621474 
0 0 0 0 0 0 0 0 0 0.313763841337071 1.2256656717838543 1.1246622876108228 

1.1870673686226587 0 0.6168686753693514 1.116384622161751 1.1878591528082942 0.923422671226911 0.5374414798761473 1.134504759772989 1.6196582692762576 0.7226531193140131 0.7421842193107561 0.15808561467489063 
0 0 0.7107854507755496 0 0 0 0 0 0 0 0 0 
0.5892028140703854 0.41401577894153263 0.2265852053033774 0 0 0.732758462296321 1.501845484888984 0.54285088715752 0 0 0.29591797579528323 0 
0.6421384000749337 0.2794067025972286 0 0 0.3541984512052158 0.6406250372576726 0.4895328654026466 0 0 0.16463511879583906 0.2900232856168747 0 
0.9600585303876527 0.4556753268041951 0 0 0.5114667908503423 0.3899423530356362 0 0 0 0.0394846692771376 0.11620631388645662 0.02591242741208378 
1.0778723925443372 0 0 0 0.28204024445627324 0 0 0.22979499412112944 0.39276772008934563 0.523567069130506 0.450285882555154 0.3330482320589154 
0.8078388128089895 0 0.4881792976012813 0.6613647422752535 0.0419025607794555 0 0.15528351386368033 0.43484317688591506 0.21450425495226808 0.00783665590880741 0 0.3066134890232967 
0.7254474982726218 0.26518464878513054 0.6834825248026124 1.6275649528634695 0.3186275213370134 0 0.27301295251361357 0.17569448412007052 0.0051631717488106466 0.35817758512454967 0.5876976847780112 0.6475876094909457 
0.5903746265357914 0.12082180548779053 0 0 0 0.062193722342816324 0.7055939175722543 1.0978431566460147 1.4123577626735908 1.071401836941853 0 0.09956891635710963 
0.49067362629382727 0.3958593802732603 0.05608928893089467 0 0.2741217462669881 0.7583508981613615 1.4509484502185666 1.1541025747083904 0.8873749621257687 0.6828806793493541 0 0 
0.5874966298531537 0 0 0 0 1.3816717192709673 1.4372301989970646 0 0 0.14156179805686148 0 0.12089914765274272 
0.6020709572733608 0.150575185182424 0.1864967779752336 0.17666396616493946 0.615940178560734 0.5697230011930392 0 0 0 0 0 0 

0 0.8162040514639988 1.7726638409031283 1.2275826092395676 1.231010830732664 1.4856763754503948 2.1709583053902564 1.3765141386490212 0.6937445148718655 0.8537903338687948 1.0711016583736148 0 
0.348234706053795 1.0323951536015756 0.19180760192093643 0.2985410595575921 0.761214163524008 1.523694698283482 0.472301338392194 0.9244276634006107 0.7654943159518213 1.506465607918557 0 0 
0.4742405206072297 0.6122138062796171 0.8434671336727483 1.683687994715702 0.9740774522385655 1.3064837075170785 0.5914644699436545 0.4817869254099877 1.099346151439541 1.2147510916590967 0.6729253326929527 0 
0.15317647039260265 0.2007514639732669 0.6810126014721755 1.1051693129439957 1.0439947255678332 0.9285294056142265 0.5955203111391617 1.6203894356528075 1.3513906856475117 0.05093729180523106 0.5138172465760081 0 
0 0.29875796856567644 0.6094982010662637 1.1401172516272966 1.1781461251507654 0.5933823385232162 0.8961616637391707 0.5143351511176514 0.06681999585338584 0.07414631717229732 0.4139329647783384 0 
0 1.082077366025934 1.1385906735251776 0.26946606466494577 0.4782798225436323 0.4555819357943144 0.9753691863451855 0 0 0.21246187010242235 0 0 
0.5342075641003883 0.31782468942757164 1.2772977917212214 0.7689882283727226 0.16764889855061116 0.3468410120312389 0.0894277636472873 0 0.5225540413750049 0 0.0667447533233399 0 
0.551473965394986 0.1580469176515192 1.7484820134887764 1.3255184156165958 0.99295586160225 1.5032012357161255 0.008840975304210233 0 1.028659840779624 0 0 0 
0 0.572098205380711 0 1.3911725650508187 1.9796922971032784 1.380987993799204 0.45260683759841824 0.6038859300849476 0.3658742399782849 0 0.4152906762064429 0 
0 0.7845313864820954 0 0.27080965463038187 0.15539114016264674 1.3133556123650534 0.9812571534296151 1.1283220737102608 0.6481817252594334 1.8406755362681655 0.7365758810479929 0 
0 0.28799489843644405 0.6635095917826604 0.42757632627867026 0.8191829258899224 0.25526876927685915 0 2.048792120994429 0.049401435584653375 1.7143635641708166 1.5629953351326147 0 
0.30055119101189787 0.07684790857002938 0.12993785250863876 0.22689627578991556 0.07483321045730408 0.2504361126913976 2.012513118881604 0.9549104789427625 0 0.7565664942106074 0 0 

0 0 0 0 0 0 0 0 0 0 0 0 
0 0.20415854217549873 0.17313747239098815 0 0 0 0 0 0 0 0 0 
0 0.006015250252441345 0 0 0 0 0 0 0 0 0 0 
0 0 0 0 0 0 0 0 0 0 0 0 
0 0 0 0 0 0 0 0 0 0 0 0 
0 0 0 0 0 0 0 0 0 0 0 0 
0 0 0 0 0 0 0 0 0 0 0 0 
0 0 0 0 0 0 0 0 0 0 0 0 
0 0 0 0 0 0 0 0 0 0 0 0 
0 0 0 0 0 0 0 0 0 0 0 0 
0 0 0 0 0 0 0 0 0 0.4787119957778845 0 0 
0 0 0 0 0 0 0 0 0.1529694797469258 0.47541982139033534 0 0 

0 0.5523100188285506 1.0199800575136555 0.6775657554405142 0.5141046939583565 0.5386905125135472 0.7876794431191567 0.42859458177069254 0.48749021848702856 0.25919173804671436 0.11369424292994519 0 
0 0 0.27855153228747254 0.6869042117943932 0.5713378713408854 1.0199712873416436 1.0965321659895895 1.061765489025697 0.9187325308520118 0.3609945658449328 0 0 
0 0.2876318256977756 0.5754642537233812 0.624064420427494 0.6741690148296763 0.6808672235780997 0.8456674193821654 0.24204295288470803 0.35998637225465646 0.543778284792274 0 0 
0.16603094421513853 0.19582453281046852 0.2651564852114958 0.6046575255846064 0.7186604291237009 0.7121376618035888 0.38870318212103105 0 0.18988359482021835 0.3013225453956802 0 0 
0.34088629336583115 0.2702060965450136 0.7334535146957055 0.8238058375281623 0.6590161110843941 0 0 0 0.42185639435280714 0.3145331061888357 0 0 
0.29595962384709584 0.471816101253355 0.6994331674003329 0.5571189694472779 0.25161153785800533 0 0 0 0.26931687180798747 0.25753696496031653 0 0 
0 0.2044964490430781 0.7344761811342371 0.9259254769515958 0.7392496955473273 0 0 0 0.4589516387836717 0.2204545609970971 0 0 
0.18343236658085008 0.11353663032307008 0.5009696512286563 0.4179160260118842 0.07082869514550466 0 0 0 0.40740234620398574 0.1254515039944577 0 0 
0.11418802028361659 0.13315438326775578 0.09184351516470578 0 0 0 0 0 0.14516538293616973 0.6040703629465188 0 0 
0.12322470815552218 0.3526608067829288 0 0 0 0 0.028385520467537038 0 0 0.4629263800407594 0 0 
0.440552276656962 0.929882823007326 0.8063674786719743 0.23274913521226065 0 0 0 0 0 0 0 0 
0.3494878777083369 0.32608926548126216 0.23457854133680195 0.21148139046904926 0 0 0 0 0 0 0 0 

0 0.12676102054471972 0 0 0 0 0 0 0 0 0 0 
0 0 0 0 0 0 0 0 0 0 0 0 
0 0 0 0 0 0 0 0 0 0 0 0 
0 0 0 0 0 0 0 0 0 0 0 0 
0 0 0 0 0 0 0 0 0 0 0 0 
0 0 0 0 0 0 0 0 0 0 0 0 
0 0 0.19279278110249887 0 0 0 0 0 0 0 0 0 
0 0 0 0 0 0 0 0 0 0 0 0 
0 0 0 0.03272860993690846 0 0 0 0 0 0 0 0 
0 0 0 0 0.3331667173434456 0 0 0 0 0 0 0 
0 0 0 0 0 0 0.23934525743932183 0 0 0 0 0 
0 0 0 0 0 0 0 0 0 0 0 0 

0 0 0 0 0 0 0 0 0 0 0 0 
0.471177623191094 0.316176607882219 0.21767435432664448 0 0 0 0 0 0 0 0.7008497873732729 0 
0.533572711690427 0.04392784112306668 0 0 0 0.09147177616194628 0 0 0 0 0.7966635979742951 0 
0.498337513712862 0.1337410773675079 0 0 0 0.07243986696225121 0 0 0 0.027620638382665028 0.7280790268935876 0 
0.07960047805470735 0 0 0 0.1820214255518539 0.1390547788528831 0 0 0.17745527388080756 0 0.8856741423889265 0 
0 0 0 0 0.3683025397699795 0.19001655181024116 0 0 0 0 0.9191825235052443 0 
0.07352618865882452 0 0.012111700542933188 0 0 0 0.28096234148977506 0 0 0 0.7510117844952721 0 
0.40669210253145227 0 0.49467703142578784 0 0 0 0.38333683863784895 0 0.09987463244975758 0 0.3090061462723178 0 
0.508206786075484 0 0.41883202919210333 0.30576865842112977 0 0.17649457490184675 0.1645022959076011 0 0 0 0 0 
0.29501885321889937 0.07323166861168559 0.4287113372993926 0.5915113193833141 0.08859993013796957 0.7800669684053803 0.1815816445240236 0 0 0 0 0 
0 0 0 0.33619571176085206 0.8359783767213996 1.3690625435425663 0 0 0 0 1.1296656208179634 0 
0 0 0.08856256181941863 0.4708628517511706 0.9490394000979687 1.3430969352436055 0.2855321585099668 1.1873833984013187 0 0.6641940055896393 2.083200003388636 0 

0.7518335892814009 0 0 0 0 0 0 0 0 0 0 0 
0 0 0 0 0 0 0 0 0 0 0.017038791517920725 0 
0 0 0 0 0 0 0 0 0 0 0.12958289411302168 0 
0 0 0 0 0 0 0 0 0 0 0.21607762263345903 0 
0 0 0 0 0 0 0 0 0 0 0.0740162593852428 0 
0 0 0 0 0 0 0 0 0 0 0.08886909364293229 0 
0 0 0 0 0 0 0 0 0 0 0.02312744031742348 0 
0 0 0 0 0 0 0 0 0 0 0 0 
0 0 0 0 0 0 0 0 0 0 0.1788890724662098 0 
0 0 0 0 0 0 0 0 0 0 0.7881866872840368 0 
0 0 0 0 0 0 0 0 0 0 0.4476401960339834 0 
0 0 0 0 0 0 0 0 0 0 0.10111151909947802 0 

0 0 0 0 0 0.013106653123543477 0.1528524384346132 0 0 0 0 0 
0.22423380211316662 0 0 0.5621850865231159 0.41824532145215676 0.6932206357935018 0.5396862083268539 0 0.24828207878787956 0.1807270326246731 0 0 
0 0 0 0.30079631358651143 0 0 0 0 0.8492830437330888 0.12249212622129299 0 0 
0 0 0.2875620494795673 0.11771580652801322 0 0 0.7122643575469674 1.5045510801524689 0.3979433209907142 0 0.39057503099868984 0 
0 0 0 0 0 0.11134138516944295 1.7010250028389775 0.6518613167635856 0 0 0 0 
0 0.01055623934904204 0 0 0 0.46318810896012075 0.6396402325482617 0 0 0 0 0 
0.17361280246396607 0.2618872698539203 0 0 0.09633473730991371 0.09969344998392216 0 0 0 0 0 0 
0.023930583996385577 0 0 0.19196474551886877 1.4612364533797517 0.3460288180323318 0 0 0 0 0 0 
0 0 0 0.642339265470189 1.3708831015350906 0.569969693805034 0.15813572110139426 0.23945198865865908 0 0 0.001431793810805021 0 
0 0 0 0.29512146508474846 0.4068445594143955 0.08851064194418594 0.26043883986539 0.8225859991260025 0.003418784552918719 0.22194012199540103 0.6188298627087695 0 
0 0 0 0 0 0 0.06280203509392518 1.6996731373553198 1.3427822679010186 0.918488717573738 0.3031674886737267 0 
0 0 0 0 0 0 1.9629350927940394 1.3642631632187856 0.5939454970059984 0.2052552224379235 0 0 

0 0 0 0 0 0 0 0 0 0 0 0 
0 0 0 0 0 0.25787264001298654 0.17948067237001902 0 0 0 0 0 
0 0 0 0 0 0 0 0 0 0 0 0 
0 0 0 0 0 0 0 0 0 0 0 0 
0 0 0 0 0 0 0 0 0 0 0 0 
0 0 0 0 0 0 0 0 0 0 0 0 
0 0 0 0 0 0 0 0 0 0 0 0 
0 0 0 0 0 0 0 0 0 0 0 0 
0 0 0 0 0 0 0 0 0 0 0 0 
0 0 0 0 0 0 0 0 0 0 0 0 
0 0 0 0 0 0 0 0 0 0 0 0 
0 0 0 0 0 0 0 0 0 0 0 0 

0.06950755782625986 0.17153998440237178 0 0 0 0 0 0 0 0 0 0.0021689452933978635 
0 0 0 0 0 0 0 0 0 0 0 0.05561555916424691 
0 0 0 0 0 0 0 0 0 0 0 0 
0 0 0 0 0 0 0 0 0 0 0 0 
0 0 0 0 0 0 0.009395904138203789 0 0 0 0 0 
0 0 0 0 0 0 0.12097691531275213 0 0 0 0 0 
0 0 0 0 0 0 0 0 0 0 0 0 
0 0 0 0 0 0 0 0 0 0 0 0 
0 0 0 0 0 0 0 0 0 0 0 0.13747848821969233 
0 0 0 0.004636267451796829 0.3930142269502646 0 0 0 0 0.12029560879952106 0 0.02851110130636872 
0 0 0 0 0 0 0 0.47792279257368486 0.3468842677669076 0.5433576550069469 0 0 
0 0 0 0 0 0 0.6975811261811441 0.3565950682957478 0 0.10996140027302331 0 0 

0 0.9506982127680118 0.7903301926459576 0.5675552781106483 0.6029351834559378 0.5404283939813677 0.5308794531148011 0.8172747543386604 0.9881195672007881 0.5759712317612224 0.430506745815732 0.7547793197153807 
0 0.5424916424349348 0.8048844932523579 0.2912968215460736 0 0.43098881267645367 0.45047945526952043 0 0.14556259959524015 0.22011060724537074 0 0.31505118585061004 
0 0.1272219974868845 0.12039535676502751 0.5500106602676305 0.7031566846592812 0.9579772473946087 0.8643984890314098 0.34312733770693027 0.4622937704450814 0.6304431860892552 0 0.25793448507379685 
0 0.36526860585031234 0.22981778933661443 0.5847240220100376 0.6539827092692606 0.8188985286879251 0.5888351783889448 0.34375138419903944 0.5951691968932122 0.8180291661047577 0 0 
0.14460361520241882 0.21854544252750083 0.22971937304165316 0.44631788375266473 0.6208490301365276 0.402166812867899 0.9476922567423096 0.759383385734029 0.2702700997244541 0.539524414436091 0 0 
0 0.20289126470881513 0.5130245829501333 0.6915166585058803 0.21264217363640658 0 0.9254097924238085 0.8155056468950022 0.3986214949644335 0.5331747248214042 0 0.11991112590901912 
0.17361079280316588 0.5452426912799826 0.7323310695595306 0.894838414442854 0.9165140846528743 0 0.15603428544067932 0.4564493799536559 0.3356472211268285 0.33122825883916984 0 0.09907205653025643 
0.05434181109522571 0.23371349466662927 0.7870778681600356 1.0539491423407266 1.0771803108878555 0 0 0.38962837212685014 0.677325843539303 0.23302679621152617 0 0.26259658077859127 
0 0 0.25099788927426553 0.09536982377329127 1.0459403914295047 0.8219904929124687 0.11867916479108434 0.7773839507219097 1.2152750605158515 0.16638951110199665 0 0.643690635268036 
0.03402430483518381 0.3075405550816072 0.21058271725823047 0.3380159864907277 0.6016158969698348 1.1131060115104983 0.6213489180175196 0.3513585122295557 0.7688528962912197 0.5774287756127937 0 0.5600170732282648 
0 0.18387795101470011 0.22122659186698804 0.037239108541272256 0.26138473238405247 0.9954471632430683 0.3738094706613703 0 0.5883068509087883 0.3278610627433627 0 0.6714153351526074 
0.0507046645361863 0.47265123686083627 0.30821497612311544 0.12311942931553457 0 0 0 0 0.03330358536878563 0 0 0 

0 0 0 0 0 0 0 0 0 0 0 0 
0 0 0 0 0 0 0 0 0 0 0 0 
0 0 0 0 0 0 0 0 0 0 0 0 
0 0 0 0 0 0 0 0 0 0 0 0 
0 0 0 0 0 0 0 0 0 0 0 0 
0 0 0 0 0 0 0 0 0 0 0 0 
0 0 0 0 0 0 0 0 0 0 0 0 
0 0 0 0 0 0 0 0 0 0 0 0 
0 0 0 0 0 0 0 0 0 0 0.17962680125867136 0 
0 0 0 0 0 0 0 0 0 0 0 0 
0 0 0 0 0 0 0 0 0 0 0 0 
0 0 0 0 0 0 0 0 0 0 0 0 

0.5358571469021151 0 0 0.44318730468778544 0.515881929323505 0.6566165558545894 0.3672929878376984 0.5414323325239752 1.0087565766316 0.38985344598428406 0 0.046673845468787445 
0.2853817796072059 0.15853712880814208 0 0 0 0.16192694789887213 0.39884925012144573 0.9895871700403569 0.5122689178947235 0.369905239535026 0 0 
0.052723624420489 0.13353162953918576 0.2954972385409523 0.09986389113689201 0.06607988073572649 0.37432111871136914 1.1411268841747593 0.46576074577668286 0 0 0 0.1161967609959446 
0.49171154517925575 0.10855397511467987 0.014747964098156346 0.29505700929077966 0.7229800444691497 0.41011119359748754 0.14969536057229624 0.057569043065226325 0.8717913306819858 0.5722652450783607 0 0.8387275729250332 
0.8765834708089852 0.6148102253363965 0.143260442674398 0 0.6820970125249806 0.3943941548291857 0 0.20837635748162678 0.6982138540906369 0.3143721057224474 0 0.4459025023920035 
0.7401686769781491 0 0.16948707946789074 0.2177808738011433 0.4540781514395237 0.014381830535435458 0 0.366718215797012 0 0 0 0.08725769880536632 
0.4691959978199005 0.09397194931953781 0.6046651811212881 0.9737487116274008 0 0 0 0 0 0 0 0.38121504893869707 
0.4342414178030849 0.8129415796973891 0.4394786963086552 1.1368186540155185 0.5992089062676429 0.19634806049069822 0.166862740906869 0 0 0.8391572051905783 0 0.3990558085249851 
0.5447049314548688 0.39859137886598034 0 0 0.582042457288307 0.1386716604226021 0.44332551292989764 0.30226381419511145 0.7299305659901782 0.818996304171359 0 0 
0.280409290858973 0.08504604754140227 0.5475167385490002 0 0 0 0.5541723372174321 0.28844004818637214 0.9401763175272981 0.09796155454892191 0 0 
0.41262788684836527 0 0 0 0 0.7024001335956087 0.4520267252229881 0 0 0 0 0.34300357668 
0.7315010980524128 0.6524102509497461 0.6016733779749076 0.46536354951814624 0.1690704495484394 0.22858042409320015 0.32249305926226157 0 0 0 0 0.31934587320484686 

0.9924303272432675 0 0 0.05672261740329837 0 0 0 0 0 0 0 0.0818093553929023 
0.856734879547787 0 0.21401905033693203 0 0 0 0.0009366325395441244 0 0 0 0 0.11633994102778986 
0.9842852384860643 0.7461986319335336 0 0 0 0 0 0 0 0 0.05324056015653526 0 
0.7664837540108023 0.49438926117977294 0 0 0 0 0 0 0 0 0.8471251222968559 0.1550903649358523 
0.7203896197502804 0.03383407346705053 0 0 0.045575125737725375 0 0 0 0 0 0.7370892310327992 0.701423429865246 
0.3888875097893081 0.047921689300701176 0 0 0.5376542323069105 0 0 0.20344524121252522 0.27121697771131265 0.18792702026261113 0.7479036839165288 0.8675203436635741 
0.38441270408557915 0.021649465163947973 0 0 0 0 0 1.04875792641585 0.258110978972497 0 0.3711970346578663 0.6415759040392063 
0.7323814033516947 0 0.2578926240901378 0 0 0 0.28844184077155904 0.326653062463214 0.11588419248917858 0 0.1880615397692843 1.0979075300685617 
0.7999318256793166 0.1985888493953245 0.8999387891539251 0 0 0 0.3222068743197357 0 0 0 0 1.5812597036591627 
0.6060320996894504 0.6968595901550868 0 0 0.26047339964304045 0.7733923148700471 0 0 0.2788640753883375 0 0 1.0970621862571917 
0.5639904394458117 0.41662000358125784 0 0 0.07287552391528179 0.9851596313815025 0 0 1.2059373960493864 0.27853087037360846 0 0 
0.6304878123299038 0 0 0 0.5257985319288171 1.1511611815690768 0 0 0.39244521175146413 0.7212895912183834 0.5704932497729697 0 

0 0.04391471021751381 0.19761058039421425 0 0 0 0 0 0 0 0 0 
0.18838058573230715 0.6783033177250294 0.7110624223830654 0.9676678854158702 1.1565339401135755 0.745859894633791 0.9980038680076491 0.9933697709744278 1.5064683720309415 0.8398554037443043 0.782181920657211 0.24711205702374603 
0 0.7658601234706264 0.527195291349049 0.14738959077817482 0.1396993260071943 0.061722412822129175 0.35003022411182466 0.7478509246406497 0.008664618194341903 0.5447049601081921 0 0 
0 0.7540565903041105 0.4364174971606945 0.27538923573344654 0.09300841451971073 0.9094759114372024 0.817390302794291 0.43858536328903347 0 0.21553249233759947 0 0 
0 0.29831877557314224 0.12799910216567978 0.46712871539296136 0.5038097739074351 0.8075066820522879 0.8184888315015636 0.4788616454953757 0.04641525395638068 0.1131343095017093 0.11355250780999371 0.04866707727295197 
0.07873164024537468 0.5462486361550101 0 0.07363635451131846 0.785461017594675 0.46162372296329973 0.6058054508392636 0.4990446383882621 0.1740827900764276 0 0.24909003490801637 0 
0 0.3778379611214613 0.3074861187204721 0.5805290274238626 1.5528635043928387 0.3284311666423763 0.7767443020968832 0.6932678991584625 0 0 0.020902090291866668 0 
0 0 0.4758150176625098 0.07886231341234681 0.02471096623542874 0.041682444631474275 0.6581480999839919 0.17490780417527213 0 0 0 0 
0.08261684093733973 0.11340049170973215 1.4553642744871267 1.1052092381482104 0.8124946983280573 1.0880322910157858 0.6803806257738957 0 0.5766320754464023 0.3865280445438888 0.4023310347660146 0.43082554569475207 
0 0.06273479934382017 0.36436818416928485 0.7554353552157069 0.5676772040707471 0.9698570101944379 0.8327325476150778 0.378052719401746 1.3772817648692461 0.39586367267860456 0.16522194931986764 0.5437564613801988 
0 0.5432659826815136 0.31799174209161635 0.5008698117477615 0.6263669886576595 1.712277104020734 1.4251722039112278 1.9977990009840276 2.6045506507162255 0.38179514841811624 0.006597504900422144 0.785427085879498 
0 0 0 0 0 1.0300344072258323 0.15630593681485871 0.361237640785237 0.38807229647997876 0 0.10335167728337909 0 

0 0.018150537117806856 0 0 0 0 0 0 0 0 0 0 
0 0 0 0 0 0 0 0 0 0 0 0 
0 0 0 0 0 0 0 0 0 0.0025306283597302803 0 0 
0 0 0 0 0 0 0 0 0 0.31959725238761 0 0 
0 0 0 0 0 0 0 0 0 0 0 0 
0 0 0 0 0 0 0.1079755708144548 0.12264384317657986 0 0 0 0 
0 0 0 0 0.057453355670383024 0 0 0 0 0 0 0 
0 0 0 0 0.28831968812517816 0 0 0 0 0 0.07783933008987576 0 
0 0 0 0 0 0.14580137334729287 0 0 0.04618178960720984 0 0 0.4742863013183033 
0 0 0 0 0 0 0 0 0.2349072441601011 0 0 0.8457579899397719 
0 0 0 0 0 0 0 0 0 0 0 1.3783912305406267 
0 0 0 0 0 0 0 0 0 0 0 0.26415312435764926 

0 0 0 0 0.1897072687752661 0 0 0.5577613565787362 0.2219367453035036 0 0 0 
0 0 0.09709577104478084 0 0 0 0.30091681982104695 0.5914208884720674 0 0 0 0 
0.2370493899191801 0.49061533669154705 0.023078208236486056 0 0 0.2492127106624727 0.04807600682457927 0 0 0 0 0 
0.26884140604508955 0 0 0.0156764094154965 0.1450892992821401 0.32722796375943297 0 0 0.10959800211158904 0 0 0 
0.29416145626964973 0.05316380878655469 0.009082340532593706 0 0.26865529821963025 0.2450302624295827 0 0 0.08348813899894808 0 0 0 
0.16338377178416497 0 0 0.06625994774956448 0.2888455316923531 0.1816245674432681 0 0 0 0 0 0 
0 0 0.0559694857140567 0 0 0 0 0 0 0 0 0 
0.31781997244035753 0 0.005013128750454211 0.17511958260824564 0 0 0 0 0 0 0 0 
0.2865757119219289 0 0.3086040118276197 0.2515561192296753 0 0 0 0 0.19475186571889724 0 0 0 
0 0.08661366113658066 0.255627817143534 0 0 0 0 0 0 0 0 0 
0.2144966530697992 0.11733829284558389 0.04482008314345013 0 0 0 0 0 0 0 0 0 
0.2150887635985423 0.12290803277354329 0.34520620256665346 0.1881556574352697 0.5006686018060378 0.48493794465073287 0 0 0 0 0 0 

0 0 0 0 0 0.12262905297847762 0.7287263567166604 0.4676246697809937 0 0 0 0 
0 0 0 0 0 0.13109629984723895 0.0031125060652067715 0 0 0 0 0 
0 0 0 0 0 0 0 0 0 0 0 0 
0 0 0 0 0 0 0 0 0 0 0 0 
0 0 0 0 0 0 0 0 0 0 0 0 
0 0 0 0 0 0 0 0 0 0 0 0 
0 0 0 0 0 0 0 0 0 0 0 0 
0 0 0 0 0 0 0 0 0 0 0 0 
0 0 0 0 0 0 0 0 0 0 0 0 
0 0 0 0 0 0 0 0 0 0 0 0 
0 0 0 0 0 0 0 0 0 0.32510134940957924 0 0 
0.05738485484643763 0.08083552219951395 0 0 0 0 0 0 0 0 0 0 

0 0 0 0 0 0 0 0 0 0 0 0 
0 0 0 0 0 0 0 0 0 0 0 0 
0 0 0 0 0 0 0 0 0 0 0 0 
0 0 0 0 0 0 0 0 0 0 0 0 
0 0 0 0 0 0 0 0 0 0 0 0 
0 0 0 0 0 0 0 0 0 0 0 0 
0 0 0 0 0 0 0 0 0 0 0 0 
0 0 0 0 0 0 0 0 0 0 0 0 
0 0 0 0 0 0 0 0 0 0 0 0 
0 0 0 0 0 0 0 0 0 0 0 0 
0 0 0 0 0 0 0 0 0 0 0 0 
0 0 0 0 0 0 0 0 0 0 0 0 

0 0 0 0 0 0 0 0 0 0 0 0 
0 0 0 0 0 0 0 0 0 0 0 0 
0 0 0 0 0 0 0 0 0 0 0 0 
0 0 0 0 0 0 0 0 0 0 0 0 
0 0 0 0 0 0 0 0 0 0 0 0 
0 0 0 0 0 0 0 0 0 0 0 0 
0 0 0 0 0 0 0 0 0 0 0 0 
0 0 0 0 0 0 0 0 0 0 0 0 
0 0 0 0 0 0 0 0 0 0 0 0 
0 0 0 0 0 0 0 0 0 0 0 0 
0.12513773425487726 0 0 0 0 0 0 0 0 0 0 0 
0 0 0 0 0 0 0 0 0 0 0 0 

