0 0 0 0 0 0 
0 0 0 0 0 0.602351624358 
0.38075801130936404 0 0.5158179759224881 0.8130072134969231 0.3381926242235146 0.9119230228180863 
0.49800472750536245 0 0 0.3723705301059094 0.2427511161036008 1.0945421956849397 
1.0202212235715193 0.4388957457049646 0 0.19557755156145218 0.7947730027417044 1.5546566011195755 
1.4924061125021004 1.2524855202266945 0.9196226480275752 1.3155221193286586 2.0585713388916185 2.284108471285386 

0 0 0 0 0 0 
0 0 0 0 0 0 
0 0 0 0 0 0 
0 0 0 0 0 0 
0 0 0 0 0 0 
0 0 0 0 0 0 

0.10149430482018595 2.234543659162474 2.369769982461985 1.9614137800113673 1.999634323375167 3.2578654432841656 
0 1.3429171056066138 1.4442257475474425 0.6963939854679224 0.58742194386139 3.155864369429054 
0 1.5960900805292042 1.0401468236437912 0.6017385354123311 1.108999911651681 2.77549607436423 
0 2.2201503113567904 1.151408731499186 1.3077081906186443 2.34331752836066 2.8485639005455807 
0 2.57488931785525 0.631654292221286 1.2363923215694863 2.2964323669005373 2.6360827216531466 
0 1.5138235478284139 0.12272235026339914 0.46096252277841926 1.1842200700718117 1.6602766879780657 

0.20760940455988927 0.17898292395048768 0.1051314767170827 0.047067162256059336 0.12105419839252196 0.05676542355703516 
0.34465875831475584 0 0 0 0 0 
0 0 0 0 0 0 
0 0 0.06922051859374151 0 0 0 
0.038640398772869955 0.2815764455526615 0.10565838164832361 0 0 0 
0 0.15235384307686192 0 0 0 0 

0 0.048898156493165285 0.20400368159383886 0.17535006311871854 0 0 
0 0 0 0 0 0 
0 0 0 0 0 0 
0 0 0.3468590011038536 0.4799656719800702 0.26207686469309577 0 
0 0 0.33318326073266735 0 0 0 
0 0 0 0 0 0 

0 0 0 0 0 0 
0 0 0 0 0 0 
0 0 0 0 0 0 
0 0 0 0 0 0.03902466290993385 
0 0 0 0 0 0.260348931655431 
0 0 0 0 0 0.11044103035345666 

0 0 0 0 0 0 
0 0 0 0 0 0 
0 0 0 0 0 0 
0 0 0 0 0 0 
0 0 0 0 0 0 
0 0 0 0 0 0 

1.4367779721113796 2.1363347072787353 1.6712629669114565 1.9975368806182927 1.7904688551154897 0.801473942120202 
1.65389054502566 2.3824400699173878 1.8460108321082433 2.31457990980312 1.9516100476648455 1.0529945673022725 
1.1164789481987991 1.4309701823804448 1.8565644817745859 1.8561512540262208 2.068835875141594 0.8864471651531626 
0.9318394928292225 1.8822108669779336 2.4573104322276462 2.128252498781625 2.0922605191411323 0.8634635740196731 
0.5999768901752301 1.3592740021347913 1.833480323975309 1.410186306457868 1.081090527452877 0.519751358437938 
1.1403451305727106 0.7844637488099505 1.3175516476260507 1.12986249062496 0.8841180536581803 0.6163523892428202 

0 1.4386342061214223 1.7749252815406353 1.6759444158944907 0.5579218216160521 1.668449774009543 
0 0.1042588005477483 0.17914277543134455 0.49726596672741824 0 0.12939396067822834 
0 0.7269780401123181 0.043386660234319134 0.4293432100280294 0.2002102087825865 0.7423816543345174 
0 1.2288936053987043 0.33671059008583515 0 0.7896840022221597 1.097315131148653 
0 1.8486916614180604 0.19383740004749536 0 1.1722344808095966 1.641046470796038 
0 1.0954706230754476 0.7300163688627497 0.4482512451358727 1.1515434753209366 1.2958383147484276 

1.3095826594617381 0.7878491103863237 1.1739940458706177 1.3850539402272521 0.9674610789081506 0.15971938540823802 
1.774810006987087 1.9135114770958799 2.415500578581164 2.6726881398578346 2.185311241357851 1.0325706102621675 
1.7496725824558754 2.0558600449555233 2.5335187264219194 2.8754917600996697 2.3001399981497763 1.377469668998139 
1.6853738608106803 2.007343123971347 2.3889831028397044 2.2415393520849896 2.1593397926377014 1.2805854297850106 
1.631049604636601 2.122375412361387 2.5054807215889614 2.172871016969019 2.648718542684385 1.3180895143180804 
1.6924776682986202 3.094750423306042 2.777190962062555 2.591345765739931 2.8504155414730312 1.9338119953533635 

0.5061764803051028 0.548231199154241 1.039247160823264 1.440439385373686 0.2217193255806007 0 
0.13942384977754113 0.06494051793435365 0.33498206840014194 0.5890056369219606 0 0 
0.8206210660773807 0.382641898515196 0.5889543374385876 0.35834581793132375 0.453192951890057 0.17070200576360423 
0.7455357152017481 0.45402577098725705 0.9032926259618276 0.5280483215065638 1.179202499731753 0.393099813413998 
0.810584267764558 0.9377550409277331 1.5025591995657948 1.2199047582349922 1.25262399050021 0.7766929164117337 
1.058232265986588 0.9007229108268077 1.4733063574097462 1.2943659173110282 1.1174270486457745 1.1134511470867055 

0.9318108676570365 0.6785601814280688 1.0886461510451821 1.1775896621488213 0.3392832199474606 0 
1.2084330270727341 0.566140771095201 1.0978092962034534 1.7431783977387492 0.6666241415556216 0 
1.3932075135195785 0.4956293476499912 1.2364053281909704 1.1916178188945061 0.7392332540233308 0 
1.720591791850729 1.2583362161003928 1.9465763214442584 2.002854521396324 2.0052992976507817 0.6080992219558342 
1.81290179735897 1.1749021889816849 1.9422619729676849 1.7498629592199562 1.4608029368510944 0.31389787984644246 
1.2064450237372593 0.5862552291302607 1.5044487029991167 1.2000025936661747 1.1238893119399103 0.3557168487999322 

3.3750260350818717 3.0464617875284707 3.1903605220131435 3.2371712040813385 3.153617573319349 2.3978567987171204 
3.392894691787152 2.698133869982736 3.1747721257115127 3.597026862728682 3.470846540689636 1.6705633905295185 
3.785750001071488 3.2592249004834817 3.4285612307304105 3.775110429911128 3.4376092176874224 2.0176761401557486 
3.7984468856982567 3.256462255575865 3.5287418083372697 3.5828797248532056 3.4786487797699626 2.284321113374073 
3.7391855835873034 3.4250963243686288 3.732024395185437 3.607078318160844 3.6273046197523655 2.5527413708238353 
2.7852853700134967 2.697758085300535 3.1404093369972674 3.002500838936682 2.977660395500652 2.2290484350914346 

0.0006085711729446608 0 0 0 0 1.2700356084195992 
0 0 0 0 0 1.4420099785516893 
0 0 0 0 0 1.3450101165293444 
0 0.5935486324906359 0 0 0 1.489538073689546 
0.1041930061765077 0.5036064459084643 0 0 0 0.9674429411212603 
0 0 0 0 0 0.07337398258702169 

0 0 0 0 0 0.10462581780920341 
0.12342018996975751 0 0 0 0 0.14321175224641722 
0 0 0 0 0 0 
0 0 0 0 0 0 
0 0 0 0 0 0.10385079228898103 
0.5608057749560418 0 0.12600599556837416 0.12847396821707885 0 0.19462906299656313 

0 0 0 0 0 0 
0 0 0 0 0 0 
0 0 0 0 0 0 
0 0 0 0 0 0 
0 0 0 0 0 0 
0 0 0 0 0 0 

4.128370093792021 4.259889449288977 4.004099134184432 4.767907450797898 5.4501609563946785 3.9872209684881192 
3.9293068547111982 5.090058201509071 4.918869723020607 4.2652861261267265 4.9567304526360445 5.98802806830809 
3.5288408131463926 4.191619078424751 4.200008933272345 3.8612540835755147 4.440482336930339 4.873129822986241 
3.932371510742304 4.401567783713622 4.056750921790134 3.6237243184629238 4.447714539655897 4.301398949035757 
4.277006330169621 5.34589737495192 4.358200668725431 4.833004878348259 5.153030649206759 4.365883818933457 
3.7070112282353787 4.927838067768296 3.5698494584787923 3.8859892588207323 3.949030742333431 3.835168938803718 

0.11225767207851038 0 0.5737958795762564 1.0450918209148272 0.026571118029793075 0 
0 0 0.3629183588237419 0.4656323953315001 0 0 
0 0.34120376912291606 0.25788037086240756 0 0 0 
0 0.7672248253165627 0.5607773361636453 0 0.2630296219029121 0 
0 0.970159720622266 0.9010136349758887 0.02566405034327071 0.31358003956191427 0 
0 1.0751888674694883 0.9761372535878884 0.4972600643755255 0.49490780096406256 0.20836526264144659 

0 0 0 0 0 0 
0 0 0 0 0 0 
0 0 0 0 0 0 
0 0 0 0 0 0 
0 0 0 0 0 0 
0 0 0 0 0.09107934304558261 0 

0 0 0 0 0 0.3465205467201956 
0 0 0 0 0 0 
0 0 0 0 0 0.21288900848508058 
0 0 0 0 0 0 
0.12250898010841431 0 0 0 0.19496133152416123 0.6226749452124457 
1.094871252287447 0.8118337811539187 0.410222816405923 0.5528615604807202 0.722883708723608 0.6598410406484331 

