1.4802496133784906 0 0 0.58622972446661 0.5371470454829754 1.233711119955064 0 0 0.0398822008210548 0.31105838702465183 0.33833752542935197 0 
4.07262643705955 0.499526642620973 0 1.421064729855871 1.008246467639011 1.1672393631588944 2.408462495585119 1.0595971692496073 0.5052893418141462 0.15642816606437993 0.029371425388108437 0 
3.5603153292678775 1.2792226876657014 0 1.1442384830377688 0.663966523239472 0.5649696827572698 1.5606462421186393 1.889182869186027 1.190644227067365 0.13888393778710756 0 0 
2.3835495941905376 0 0.699842648484836 1.548836146013504 0.3113059251433532 0.6093957813212995 1.1753928308591288 1.9030765638834228 2.0324941261040252 1.1980365401034376 0 0.15102091713357424 
1.7912294866792329 0 2.0449987479761007 1.640366031452798 0.5976789722352334 1.1031259858573355 1.1044383119799936 1.5144498439434602 2.0819454249022797 2.9018084905543033 0.7385371984084189 0.5934230327723057 
1.826298903947255 0 1.2914911670954496 1.5075429478317601 1.6437228824078998 1.1903983617011895 1.0283800269215306 1.1214736142526898 0.6359739990653513 1.1590361097893385 0.9860363249925707 0.7956605005997304 
2.7112132713173005 0 0 1.5558981627331585 2.149852023876849 1.3521726234700162 1.4354710923304452 1.2538259190222767 0.8395299092580011 1.1683937013144041 0.43836224558985026 0.005606692750037435 
2.872530310109498 0 0 1.6166565770311752 1.9574544689652098 1.0982725883154705 0.7942296632084165 0.5077664485432029 0.7319090993947794 1.6557624005605536 1.042389159000049 0 
3.1338552114648532 0.15354064984424487 0 2.085341760769474 1.7287352321678287 0.9156134526117753 0.8273415996808751 1.0532154242351253 0.8081726247359705 1.435708006362631 1.119594200127499 0.0445315468942128 
2.4005911817889407 0.08643634663922914 0.44025636672345825 2.1641984103244694 2.0529870694314174 1.3586586746811156 1.4689722189074543 1.1996064137726428 1.1200962339672431 1.298566576993802 0.6071071105646998 0 
1.6740664139366888 0.7703093367270318 0.9110563032047742 0.814435928174069 1.2557252727991803 1.3631268041198101 1.5678805838488905 1.2090159166766516 1.408632252701401 1.6789729106811382 0.36296395928713304 0 
1.770143127671644 1.591931932367908 1.5130865955730866 1.1460317024628897 1.136505360011316 1.2867225770042885 1.2933868071628378 1.2560790694358908 1.8379433497037936 2.013699875904515 1.1249187993434728 0.829121233129638 

0 0 0.004362960736833343 0.24859221708859783 0.19362444163374468 0 0.09995167290186421 0.226357976213636 0 0 0.12885094017720233 0.3825307796978708 
0 0 0 0 0 0 0 0 0 0 0 0 
0 0 0 0 0 0 0 0 0 0 0 0 
0 0 0 0 0 0 0 0 0 0 0 0 
0 0 0 0 0 0 0 0 0 0 0 0.7733360647970609 
0 0 0 0 0 0 0 0 0 0 0 0.27012436394744277 
0 0 0 0 0 0 0 0 0 0 0.13483047813441407 0.4346180026702405 
0 0 0.3018479180156237 0 0 0 0 0 0 0 0 0 
0 0 0.28813099365917955 0 0 0 0 0 0 0 0 0 
0 0 0.481113067052678 0 0 0 0 0 0 0 0 0 
0 0.28174304167993536 0 0 0 0 0 0 0 0 0 0 
0.3131243874228707 0.18119592682496255 0 0 0.2741671211665129 0.31015886032841034 0.1900359114526226 0 0 0 0 0 

0 0 0 0.06976810335020343 0.31461488220169564 0.11739237506205631 0 0 0.26122898145032963 0.4863167881003969 0 0 
0 0 0 0 0 0 0.18865580422060974 0.326265932235337 0.5197724346563224 0 0 0 
0 0.2977510723813745 0.565220403674672 0.33084500136995687 0.11392410232918637 0.500936612508933 0.31435280312331026 0.786662970682444 0 0 0 0.3520599434509693 
0.7713359115493996 1.0726588124847023 0.7390639136411914 0.08818970502679753 0.4451817137318228 0.1378924239405771 0.2197804934970583 0 0.05297185833637927 0 0.39312079908524333 0.741642279861892 
1.0904548285698346 1.2584849407882412 0.12095402776477705 0.4559925936052728 0.5391010934437355 0.3656925580924086 0.0075349387386112465 0 0 0.6616097719782058 0.6906386043477668 0.1769402542069599 
0.6078787078974516 0 0 0.5211599484806495 0.7706484344224699 0.2136548021124 0 0.000579357701117493 0 0 0 0 
0.6343972112298218 0 0 0.41125896711555315 0.19896507473786912 0 0.04485426155424782 0.15530023403712273 0 0.18343732531002188 0 0 
0 0 0 0.4544751972577038 0.5359600648150832 0.12700851629710738 0.43939184198486025 0 0.07571785518934987 0.18176427650949623 0.03193125372424539 0 
0 0.4496174400136813 0.59217770177914 0.6180044579627496 0.7842894065767985 0.4365240367066974 0.14567569843914346 0.14473555572136676 0.3668128285789902 0.23030125488423459 0 0 
0.4615445695700761 1.1384861671869648 0.4670294534297209 1.1475288264631291 0.6182727604564423 0.13902967904257912 0.16584810625551086 0.10552256655344758 0 0 0 0.22391429346577463 
0.292694654602545 0.038314637246522454 0.5556714319063343 0.5764697124777891 0.4887946020203476 0 0.12474209196586468 0 0 0.15889599194335843 0.16017366834472366 0 
0.04266481676628471 0.4785352254528855 1.0369210691024087 0.6071023428051305 0 0 0 0 0.19536964433722726 0.26061739332441286 0.05288898542754486 0 

0 1.8595778175571502 2.140729611895172 1.1854454762966211 0.9987855268074635 0.610111152995781 0.8856005570742684 3.5997015357337063 1.2473854518227347 0 0.686820553541946 1.9772806398237677 
0 0 0 0 0 0 0 0 0 0 0 1.2097529990484228 
0 0 0 0.7026944573669411 0.8311274811606286 0 0 0 0 0 0.8894598225467923 1.0401048518084228 
0 0 0 1.5094221411541227 0.737941106737415 0 0 0 0 0 0 0 
0 0 0 0.6718458529668107 0 0 0 0 0 0 0 0 
0 0 0 0 0 0.1846078539976216 0 0 0 0 0 0.32707626131095247 
0 0 0 0.0618522408022322 0.3539402736079344 0 0 0 0 0 0 0.6453979927891627 
0 0 0 0.4139562520882898 0.31119091531919085 0.3787401789766193 0 0.1060405966688033 0 0 0 0 
0 0 0 0.9431134302378885 0.6533764861827973 0.43501237551202737 0 0 0 0 0 0.16331158765105228 
0 0 0 0.276584868229253 0 0 0 0 0 0 0 0 
0 0 0 0 0 0 0 0 0 0 0 0 
0 0 0 0 0.10199095865646282 0.009217449741872823 0.181114559162212 0 0 0 0 0 

1.2879738920735067 1.5023192466033772 0.5292485716141072 1.1502463595405297 1.0121162216074069 0.6487875618459097 1.6989935602735335 1.3313716223565701 1.62201458084268 1.7157752404518598 0.8170413506242715 1.3095536612410683 
0 0 0 0.5663313295638863 0.13727971247513765 0 0 0 0.7297880114744868 0.5105182510563233 0.25998763407276426 0.755257990143356 
0.00966929738608592 0.8644233546372895 0 1.4812059124563737 0.8849498451206945 0.2303951136134479 0.3908841339679839 0 0 0.45768229173426744 0 0.10098852770117225 
1.0996792561276265 0 0 0.6323120008029176 0.6453026018085458 0.18314414172425336 0.13203406877521406 0 0 0 0 0.023306233554072103 
1.6221533913823167 0 0 0.29470684389553653 0.07920779304859377 0.5320108124810717 0.26704634108783093 0.26176301738005636 0 0 0 0 
1.9744905895252094 0 0 0.2678812951773299 0.23428862034788767 0.4904877155935912 0.3279665844242549 0.8039506708944636 0.17216370779553591 1.0997133457721882 0.5613436271537753 0.7981723765330693 
1.5911153702330987 0 0 0.5338808095387912 0.6670351599354023 0.9254261788875059 0.523827159590142 0.7882178025389884 0.2714224515613814 1.3318231254799253 0.9270133084199847 1.056701201391678 
0.8994383993591236 0 0 1.4188517527569409 1.3646810607594166 1.1681317778913398 0.8284694357822147 0.6611634214680246 0.42594655115130764 0.7891182363351914 0.12943367509580514 0.3090761648926006 
0.9631220163699746 0 0 1.3184977714388129 1.2725345663509202 0.9125565910149153 0.33715283187180234 0.3048740274227798 0.1743261184129472 0.04850398375312375 0.06272513564234145 0.43986769604498743 
1.193044437308797 0 0 1.2896670469330986 0.46514917889198487 0.11264025917465999 0.20012361710746843 0.5181243044742775 0.32573788688644534 0.36302138144373564 0.9160901562003283 0.6842738246847828 
0.945120680147053 0 1.0269978607014987 1.1540892249501018 0.7183164168286754 0.2684673801003734 0.572021783140677 0.4079847367563759 0.28046505725834964 0.9126981527660102 0.3060005489606682 0 
0.8367752343089583 0.2992446262092789 0.6642565754120744 0.12745685484349828 0 0.49501598037700506 0.6232493925418553 0.6143848747856651 0.23677028967878047 0.04775849615337174 0 0 

1.1008637480372165 0.6356486186171798 0 0.20918047499863357 0.05086219037479119 0.34070032758662255 0 0 0.6340216033133241 0.9417552704429474 0 0 
0 0 0 0 0 0 0 0 0.5617035817843439 0.44703083894362383 0 0 
0 0 0 0 0.44667065390593136 0 0 0.5941527130786142 0.7129140376935061 0 0 0 
0 0 0 0 0 0 0 0 0 0 0 0 
0 0 0 0 0 0.06302531941976042 0 0 0 0 0 0 
0.5246696014248475 0 0 0 0.012839339359638088 0.019622407591460726 0 0 0 0.03481406834521392 0 0 
1.232601946464319 0 0 0 0 0 0 0 0 0.4564120159665659 0 0 
0.40983780659785723 0 0 0 0 0.20937566181681164 0.031749642907928456 0 0 0 0 0 
0 0 0 0 0 0.23054510057826386 0 0 0 0 0 0 
0.09946502540538849 0 0 0 0 0 0 0 0 0 0 0 
0 0 0 0 0 0 0.04281849947591117 0 0 0.23372551456869947 0 0 
0 0 0 0 0 0 0 0 0 0 0 0 

0.6693927306038198 0 0 0 0.3602025226910076 0.49259453828700933 0 0 0.15250416115761356 0.18285073471317773 0.06809419765253098 0 
0 0 0 0 0.033410978012224896 0 0 0 0.24815323458978547 0.2519395271871797 0 0 
0 0 0 0 0 0.3843098206565521 0 0.7790338852811711 0.14529724234954988 0 0 0 
0.15157012622556015 0 0 0 0 0.12113092945630131 0.10631188807629267 0.7963970975587977 0.01957875865530989 0 0 0 
0.03286440295062623 0 0 0 0 0.3060537975979384 0.2937322685571163 0 0 0 0.4073265772620851 0.4170196506036252 
0 0.9072693809578626 0 0 0 0.4022757630420673 0.442979741549258 0 0.15341279970061472 0 0 0 
0 0.8176395640061709 0 0 0 0 0 0 0.2205429861692521 0 0 0 
0 0 0 0 0 0.16500289921441375 0.06343314769859865 0.20944495289404527 0.06780478281730115 0 0 0 
0 0 0 0 0 0.2537121427997818 0 0.36730898978975196 0.46954625983045645 0.07278213363496615 0 0 
0 0.11631553032639352 0 0 0 0.4140552296880472 0.4335341159470192 0.45188879564007634 0.5639280297591045 0.3100222625561364 0 0 
0 0.7802324127175656 0 0 0 0.5418732721449049 0.43003388121172564 0.3435643788584316 0.5639670360904164 0.18378149025452384 0.39241600410138233 0.06983703518010925 
0.15425384630493252 0.8197464411969946 0.2692566138702822 0.014619104715449582 0.47766235099177934 0.5463571502253807 0.25620345563130825 0.13028346535861346 0.5043449881093458 0.2777170511793911 0.34880837869944065 0.0658378480379569 

0.7899524405841765 1.8668607030046025 2.1951014053364215 1.7018835450000869 1.8457407404891302 1.6182017033074723 1.7181302528632871 0.9486685098764214 1.0762050549512003 1.136886915986862 1.5341627207670927 2.142199066183226 
0 1.9158999830551149 1.6922127781684932 1.0650474671759436 0.724638758396727 0 0.8940618206323646 1.960404935688315 0 0.09829542434119387 1.5135844152704048 2.0205246140634525 
0 1.497613975372036 2.242931036904416 1.4365332939887292 1.3332629626995676 1.42496827125908 0.8129437441253582 0.7103291974210806 0.09594636863574058 0.3919518989638181 2.113593758741981 1.98758734040594 
0.024206490643741807 0 0.779099614625027 1.817919659237273 1.375010613126693 1.5058094620806148 0.9021683779527011 0.7261809484656223 0.4973681331165697 1.1473636360411297 1.460054900092208 2.008561407457512 
0 0 1.5846793825076952 1.8917503748688427 1.3433297119869003 1.2638560128788465 1.4980443427438628 0.47559588294532146 0.643871494777833 2.2080582783382745 2.3516674358433667 1.9058161888681826 
0 0.9465080913390627 1.9986130691184647 2.2305237398761677 1.9966529395553432 1.3502201922232657 1.3314464037200495 1.5749540935431292 1.5120438724555316 0.9623744797907253 1.6934614397487437 2.352732300421165 
0 1.6569691614440238 2.1120123627366154 2.182969570300004 1.524496723272282 1.3130687273309252 1.0636996258370977 1.6137506515615139 1.9318951189339164 1.2996169098936579 1.6523761729810944 1.8330376879964794 
0.5647255516447441 2.0548274791198207 1.8474613705790501 1.955232369627023 1.5396608359669322 1.2837603004811575 1.1770344793623901 1.2492409010501335 0.822663518968356 0.5810345895082454 1.4255286808000527 2.249840002153094 
0.559008297516603 1.62304624801286 1.9562385641159825 1.4139642317860526 1.6642144727185237 1.3587427622178543 1.1173992024020742 1.2557695047642012 0.9205693809154967 0.6214540282587995 1.181962774871143 1.9395917159237286 
0.9344310416486028 1.2065994368813864 1.1290460009806413 1.547323966561746 1.5248237689553574 1.1824875914509396 1.6865647420103136 1.5821351598598794 0.7022603943103845 0.46348896007648405 1.0565354604567796 1.8785161941757842 
0.8110787881443449 1.1109168831399727 0.751165796281207 1.1026394099087327 1.7575557543875988 1.5190515393803559 1.572014938857374 1.591859212966442 1.268612562339448 1.116631964247375 0.9880267769839728 1.7522466624362592 
1.9411430465838138 1.9687705084052023 1.8096702223319203 1.5504792565696761 1.9131240502874398 1.7874574399351864 1.5039935766527535 1.3945737790451087 1.5001938585686256 1.5022713463146926 1.5949815162624967 2.206159039653775 

0.10832683055754089 0 0 0 0 0 0 0 0 0 0 0 
0.022510658082429656 0 0 0 0 0 0 0 0 0 0 0 
0.6959241471617428 0 0 0 0 0 0 0 0 0 0 0 
0.05142278157437252 0 0 0 0 0 0 0 0 0 0 0 
0 0 0 0 0 0 0 0 0 0 0 0 
0 0 0 0 0 0 0 0 0 0 0 0 
0.03993498493398315 0 0 0 0 0 0 0 0 0 0 0 
0.5843296245795373 0 0 0 0 0 0 0 0 0 0 0 
0 0 0 0 0 0 0 0 0 0 0 0 
0 0 0 0 0 0 0 0 0 0 0 0 
0 0 0 0 0 0 0 0 0 0 0 0 
0 0 0 0 0 0 0 0 0 0 0 0 

0 0 0 0 0 0.05963376830486067 0 0 0 0 0 0 
1.0943178218190246 0 0 0 0 0.22222944277833667 0 0 0 0 0 0 
0.6775702967678341 0 0 0 0 0 0 0 0 0 0 0 
0 0 0 0 0 0 0 0 0 0 0 0 
0 0 0 0 0 0 0 0 0 0 0 0 
0 0 0 0 0 0 0 0 0 0 0 0 
0 0 0 0 0.26679577734058657 0 0 0 0 0 0 0 
0 0 0 0 0.00668452538526898 0 0 0 0 0 0 0 
0 0 0 0 0 0 0 0 0 0 0 0 
0 0 0 0 0 0 0 0 0 0 0 0 
0.28695151068223895 0 0 0 0 0 0 0 0 0 0 0 
0.40088258042533026 0.029862243363188046 0 0 0 0.28717177638133207 0.14105931292007207 0.038231626932468184 0.24869020623131352 0 0 0 

0.6724704929851293 1.84026553904251 0.19633811115252053 0.19961018000829284 0.4416775389370732 0.4619319378045697 0.5805183673922013 0 0.6075428421380505 1.3235828577506614 0.9133141638232133 0.8602091340570047 
0 0 0 0 0 0 0 0 0 0 0 0 
0 0 0 0 0 0.305424900069541 0 0 0 0 0 0 
0 0 0 0 0 0 0 0 0 0 0 0 
0 0 0 0 0 0 0 0 0 0 0 0.22558517386840052 
0 0 0 0 0 0 0 0 0 0 0 0.3350137455978934 
0 0 0 0 0 0 0 0 0 0.11096937125321231 0.2181863618129605 0.614558317434226 
0 0 0 0 0 0.03706638578842045 0 0 0 0 0 0 
0 0 0 0 0 0 0 0 0 0 0 0 
0 0 0 0 0 0 0 0 0 0 0 0 
0 0 0 0 0 0 0 0 0 0 0 0 
0 0 0 0 0 0 0 0 0 0 0 0 

0 0 0 0 0 0 0 0 0 0 0 0 
0 0 0 0 0.047651256095055855 0.7823683547728786 0 0 0 0 0 0 
0.06180527505918343 0 0 0 0 0 0 0 0 0 0 0 
0 0 0 0 0 0 0 0 0 0 0 0.39369155599656325 
0 0 0 0 0 0 0 0 0.7165808264836363 0.3692054588268399 0.2817978482530393 0.3231338683501708 
0 0 0.13426598672359802 0 0 0 0 0 0 0.01226370684852271 0.4440570537515797 0.8242872012327856 
0 0 1.1017638849694833 0.7965065722041272 0.24794217332351676 0 0 0 0 0 0 0 
0 0 1.7577468135452599 1.2593626240283693 0 0 0 0 0 0 0 0 
0 1.0289020713275638 1.44753899208917 0.3100875611556436 0 0 0 0 0 0 0 0.44453023561492444 
0 0.33967818068652755 1.6637576773569471 0.1645435264546855 0 0 0 0 0 0 0 0 
0 0 0.12250109603668746 0 0 0.1447599144302139 0 0 0 0 0 0 
0 0 0 0 0 0 0 0 0 0 0 0.08809518680015105 

3.424843486550434 1.2957364519640442 0.15435160528326958 1.345518758094702 1.22531900695959 2.031130414854722 1.9153018075369839 1.5514533006752598 1.424419688902258 1.334176675152966 1.3791611722865698 0.5774868266537778 
1.8074130586242756 0.07792358035941116 0 0 0 0 0 0 0.808096800266137 0.49431060174813757 0 0 
1.2750398553963342 0 0 0.3972259025917304 0.7675519436810729 0 0 0.9705229531529421 1.119152394520377 0 0 0 
0.641552917994045 0 0 0 0 0 0 0 0 0 0 0 
0.7423257097660785 0 0 0 0 0 0 0 0 0 0 0.7015287570297741 
1.3638717784440704 0 0 0 0 0.9544187506590317 0.6564221241883946 0.29636075991261807 0.16690872349652291 0.545294910249552 0.16242837467117716 0.0940828345186292 
1.0450850034894306 0 0 0 0.5206432981588485 0.568145223812812 0.3907400240827178 0.2030791593039294 0.5247360053893182 1.3588480534967087 0.41884507426734424 0 
0.8161414708830812 0 0 0.1705324843865184 0.7566765727376162 1.0428884020844786 0.3177435772396375 0.42717769045602716 0.19837382911678514 0 0 0 
0.1461136629654273 0 0 1.0187357013880964 0.45407975359854197 0.35424638732918556 0.015635378997600508 0 0 0.34803540728318805 0.5600448037926455 0 
0 0 0.8778220251520168 0.32249845771257796 0 0 0 0 0.6660630776788787 1.0587214772006914 0 0 
0.7487031603482383 0.6972600542906069 0.44464782546219384 0 0 0.04446340291688902 0.5663032715907382 0.9007898188743259 1.0881104724904493 0.15446827609022046 0 0 
0.3160319526766024 0 0 0.22214620142079863 0.4728814380752433 0.667902185994008 0.5002720107361137 0 0 0 0 0 

3.489041577057064 1.6161002304019283 1.8616526738548609 1.5554929834897806 1.3288865763136481 2.564951625114088 1.2735340426661184 1.3811852909195588 2.422202700126549 2.1365480607125376 1.2028137086315094 0 
2.9589600115092503 0.6142064231656775 2.0476204594854073 1.70805818506381 0.6329587053291036 1.6995193160290953 1.7960728692415986 3.1762038378678246 2.795840178661539 2.7791665366550715 1.928240319892975 1.102692562679132 
0.48716604045273176 2.178224888597217 2.6628187425120022 1.1892255320170473 1.2143478534231598 0.3297816140655642 1.1015100330585514 1.9038268877670577 2.421724173069706 2.8019233729554966 1.686017074188752 1.133813841913948 
0 3.5395667641579305 2.5487424782391734 1.5513776666945116 2.58386551908505 0.6645659457595862 1.466805765088091 0.9809609730432 2.340952327332642 1.5777822815909208 3.01330181547468 1.1243164181864058 
1.2726015225499467 3.164113735596539 0 1.565172322530354 1.9286947212926826 1.5844917330320136 0.8092553645938291 0.1419803562767385 0.5729694250369529 1.0194180951505565 1.2558398068266872 0 
2.2739705806551327 2.5758546642714184 0.43021604515551515 0.696873662668719 0.6379052436039543 0.5393372476322295 0.6667243905495603 0.829479256499419 0.824648868033343 0.582326389689186 0.6519403358027415 0 
2.0451989318269788 2.315489264311722 0.49360166394291016 0 0.5130703836142467 0.3364368373700662 0.9095049771621602 1.1421992992970227 0.5120684122508002 0.7264049495596826 0.6465710573056583 0.2105640969993679 
1.879142087522148 1.8472441591000375 0.6855218404345076 0.11751233244619629 0.6930294424167976 0.5331959579441061 1.5009343175861107 1.2632617157905315 0.5081146329546127 1.6699204820630273 2.017260461783162 0 
0.3439041445274631 3.001425475458341 0.21086130498846214 0 0.9165744990975224 1.6207861117780704 0.6980461623857005 0.8458625155780977 1.7367297427244615 2.1540565998462733 0.9300995288104968 0.12033911948360296 
1.0431597883569708 2.522445465602971 0 0 0.5525915352610096 0.7867273308981538 0.8614287157256251 0.9621317023598013 1.2759992429603921 0.5935141821285044 1.4704739608697048 1.5013346548754436 
0.5885209134653022 0.2973351806424261 0.26464190753614497 1.2224172411373477 1.1743282558881492 0.5386974120874006 0.5175036973076694 0.5610656600321485 0.569721612049286 0.7629600703374011 2.1492329953890095 1.0477337643276605 
0 0.2669375972239407 0.41969141728212367 0.6599886813292839 0.13426064694736645 0.1733371243083537 0 0.8256061926091187 0.9771995809070855 1.3400213759575585 1.4528840984200528 0.04277144792981283 

0 0 0 0 0 0 0 0 0 0 0 0 
0 0 0 0 0 0 0 0 0 0 0 0 
0 0 0 0 0 0 0 0.13241804439822824 0 0 0 0 
0 0 0.4271198253140928 0 0 0 0 0 0 0 0 0 
0 0 0.4714406559297564 0 0 0 0 0 0 0 0 0 
0 0 0 0.2145958002197112 0.3630330375956471 0 0 0 0 0 0 0 
0 0 0 0.3752293990829614 0.4385846546398659 0 0 0 0 0 0 0 
0 0 0 0.12370773817906655 0 0 0 0 0 0 0 0 
0 0 0 0.5066935572556132 0.0635038373146529 0 0 0 0 0 0 0 
0 0 0 0.19182940886363478 0.568175128230851 0 0 0 0 0 0 0 
0 0 0 0 0 0 0 0 0 0 0 0 
0 0 0 0.1856515209637254 0.21692167261705778 0 0 0 0 0 0 0 

0.0457000808701601 1.3203913656262625 0.9243539000382075 0.21698635411784167 0.4763856320121257 0 0 0.655190088870003 0.3868849035982591 0.6644166399816441 0.7272150247608071 0.22409084247871908 
0 0 0.6030693965524051 1.2930401564564125 0.446417022483318 0.02625650907212793 0 0 0.6012207951657589 1.2827234155929845 0.5631205111327955 0.18590460814882315 
0 0 0 1.1616255774034268 0.05696440844169204 0 0 0 0 1.0001761157014117 0.051303534663710515 0 
0 0 0 0.43525751454539224 0.25182006363860215 0 0.10137361360639291 0 0 0 0 0 
0 0 0 0 0.07093246875621918 0.2706790750750638 0.19057464386413905 0.17783373227413618 0 0 0 0 
0.45412311600223154 0.22059856125936939 0 0 0.09883620679986584 0.036851362735971976 0.01048518432037456 0.11781585811358655 0 0.4083536057872541 0.7123788940862085 0.3638466175940067 
0.26948923519037005 0.49769364419236267 0 0 0.08318173182624526 0.14873245879187041 0 0.1015372326282847 0 0.25048194286663156 0.22201879479135805 0.17912759875725517 
0.0810360010993181 0 0 0 0.4196429593704766 0.08660039171530881 0.14836439466271079 0.1877500382211359 0 0 0.24503994963075154 0.027850503681936173 
0 0 0 0 0 0 0 0.09040707869758333 0 0.1375497059213792 0.1983477503932367 0 
0 0 0 0 0 0 0 0.14212116017036214 0.4527807948678388 0.4875305396483436 0.2641828665551157 0.03817024898872545 
0.04534450247244621 0 0 0 0.5592233656597886 0.20005449899050337 0.3837735670370042 0.4207215262835597 0.04358387323470103 0 0.024905765247518336 0.12921071235032566 
0 0 0 0 0.012771676953275399 0.38635031381319473 0.0734668120411654 0.1392659999208065 0 0 0.18143668596550522 0.08191323042370013 

0.24024760927085786 0 0 0 0 0 0 0 0 0 0 0 
0 0 0 0 0 0 0 1.128917731008388 0.34368209698779206 0 0 0 
0 0 0 0 0 0 0 1.0862980066365706 0.31089812776043824 0 0 0 
0 0 0 0 0 0 0 0 0 0.12099538621829264 0.4174946660884174 0 
0 0 0 0 0.3862736611124154 0 0 0 0 0 0.6294243655934283 0 
0.3597331177775782 0 0 0.05545428217576165 0.4710589467542269 0 0 0 0 0 0 0 
0 0 0 0 0 0 0 0 0 0 0 0 
0 0 0 0 0 0 0 0 0 0 0 0 
0 0 0 0 0 0 0 0.11315695460843983 0 0 0 0 
0 0 0 0 0 0 0.2592922582294179 0 0.040732790941209185 0 0 0 
0 0.12041430518251028 0 0 0 0.016916472135386496 0 0 0 0 0.07432516512621923 0 
0 0 0 0 0 0 0 0 0 0 0 0 

0.27343747432404175 0 0 0 0 0.1405958522345186 0 0 0 0 0 0 
1.8938838471221866 0 0 0 0 0.6953425060405889 0 0 0 0 0 0 
2.8881367485740976 0 0 0 0 0.09415577314613233 0.7360715866380578 0.9603994565984401 0 0 0 0 
2.847459953813357 0 0 0 0 0 0.2678797561266066 0.42996615169417113 0.16771762498983084 0 0 0 
1.4704757966655588 0 0 0 0 0 0 0 0.2690656456911212 0.4345364052797587 0.6715735641026884 0 
0.09831831114581593 0 0 0 0.8872753621638316 0 0 0 0 0 0 0 
0 0 0 0 0.5829593478898646 0 0 0 0 0 0 0 
0 0 0 0 0.25463753655442256 0 0 0 0 0 0 0 
0 0.5835880518549923 0.2614437985400171 0 0.11516341854568704 0 0 0.12997526884573463 0.2199563665132662 0.22434391936610065 0 0 
0.5683489386896987 1.4300377876023553 0.9420695119694728 0 0.036426078144886576 0.2038830651735823 0.24400251343264073 0.18215933000525625 0.1518327856366553 0.01720851761543736 0 0 
0.6283642615390078 1.1160159712152125 0.5419972164010648 0 0 0.28192685359543646 0.18684888676283873 0 0.16981576711493157 0 0 0 
0.36169322521990677 1.4762563321628002 0.9576756771643038 0.05383213723651427 0 0.22334131843506252 0 0 0.36019611145400887 0 0.2281924593094515 0 

0.14790013445724734 0 0 0 0 0.08097850343722174 0.1928312038520863 0 0 0 0 0 
0.6900897564296747 0 0 0 0 0 0 0 0 0 0 0 
0.6359669615921825 0 0 0 0 0 0 0 0 0 0 0 
0.11227708830844345 0 0 0 0 0 0 0 0 0 0 0 
0 0 0 0 0 0 0 0 0 0 0 0 
0 0 0 0 0 0 0 0 0 0 0 0 
0 0 0 0 0 0 0 0 0 0 0 0 
0 0 0 0 0 0 0 0 0 0 0 0 
0 0 0 0 0 0 0 0 0 0 0 0 
0 0 0 0 0 0 0 0 0 0 0 0 
0 0 0 0 0 0 0 0 0 0 0 0 
0 0 0 0 0 0 0 0 0 0 0 0 

0 0.7991759379540946 0.45039348208308216 0.05424326787421044 0.12844781516860854 0.558927070886492 0.7994666168068827 0 0.3418071102907041 0.015264959016493607 0 0.22227190592815338 
1.4704788825258297 2.098338933598858 0.7625720047107415 0 0.6478053062303469 2.2369582668994465 0.5781574121281295 0.4252191767719593 0.9818506632439783 0.9618608392423981 1.1765857088965264 1.1916492667331968 
0.7390748570681288 2.7767451922782818 0.5696767824020442 0 0.6094199529343808 0.5410296957868721 0.9112333531331234 0.22335193591890135 0.9227333306885488 2.0166398908115344 1.875036575277868 1.4296932445366688 
1.110572933866011 4.229070920857249 0.5823554424447273 0.04980339117834215 2.098214397978004 0.8589692257579545 0.2850278801680114 1.249516390439179 2.301853645551918 1.87325219544487 1.6349829391417936 0.5808944745577945 
1.8770647703407337 3.055937571645169 0.5537054937560415 1.1913814741511335 0.9348186949724087 0.44873397680678895 0.08948084418369168 1.2976206447087373 1.4308461243148818 0.5613959167272075 0.4078218245165881 0 
1.312528055370433 1.8337787081108896 1.1097658918679452 0 0 0.48602401107042975 0.11020458942353778 0.16246592408265167 0 0 0 0 
1.067606099126436 1.7342810222273017 1.0661913415054896 0 0 0.12399830458260239 0.06382702556079256 0.28083038118416415 0 0 0 0 
1.6066089765490557 1.8746679321633781 0.6123272777125033 0 0 0 0.8274693755882004 0.5876623619112635 0.4624037621935085 0.5775519645130291 0.388327271191212 0.04372728955382986 
1.2000034325301132 1.6188475621444007 0.018858987315833936 0 0 1.157556364548625 1.003971282833346 0.025377383981369545 0.886212401266096 0.8485715494271946 0.6624062970556983 0.20289740600061287 
0.9970926063864676 1.3778884883485152 0 0.10699266514782468 0.39131086175494567 0.7368305327115002 0 0 0 0 0.6589749737102051 0.9941152074144051 
0.590965614447398 0 0 0.42252011912219595 0 0 0 0.10443137660436534 0 0.10658605721521897 1.5058188938414123 0.34823365837603854 
0 0 0.7318567778045777 0.4213256130110239 0 0 0 0.32011472925482704 0.7685592145206027 1.5432566972584598 0.9837900906271586 0 

0 0 0 0 0 0 0 0 0 0 0 0 
0 0 0 0 0 0 0 0 0 0 0 0 
0 0 0 0 0 0 0 0 0 0 0 0 
0 0 0 0 0 0 0 0 0 0 0 0 
0 0 0 0 0 0 0 0 0 0 0.13331344520144944 0 
0 0 0 0 0 0 0 0 0 0 0 0 
0 0 0 0 0 0 0 0 0 0 0 0 
0 0 0 0 0 0 0 0 0 0 0 0 
0 0 0 0 0 0 0 0 0 0 0 0 
0 0 0 0 0 0 0 0 0 0 0 0 
0 0 0 0 0 0 0 0 0 0 0 0 
0 0 0 0 0 0 0 0 0 0 0.15490039078375714 0 

0 0 0.2641762633236831 0 0 0 0 0 0 0 0 0 
0 0 0.21272469879417283 0 0 0 0 0 0 0 0 0 
0 0.9765513035239718 0.17375221695011933 0 0 0 0.027189088622747104 0 0 0 0.10536665345675308 0.10853827523452514 
0 0.9112160227802297 0 0 0 0 0 0 0.2148150346628004 0 0.09087425248701889 0 
0 0 0 0.7012900989349222 0.1973282193843806 0 0 0 0 0 0 0 
0 0 0.26518035946658813 0.6310684116232556 0.07453962971886453 0 0 0 0 0 0 0 
0 0 0.07683844506784379 0.05977778762143203 0 0 0 0 0 0 0 0 
0 0 0 0 0 0 0 0 0 0 0 0 
0.04958283490544653 0 0 0.11186794617219736 0.04787091992680742 0 0 0 0 0 0 0 
0.12204966785676957 0 0 0 0.24700079645785195 0 0 0 0 0 0 0 
0 0 0 0 0 0 0 0 0 0 0.14372385577250918 0 
0 0 0.24019393238728393 0.1423608988244584 0 0 0 0 0 0 0 0 

0.14169587151900584 1.9546693728698967 2.0015346491251518 1.0698972476369473 0.9957858491511934 0.6214028827037502 1.309679284041356 2.1029808331565243 1.085829205979493 0.7133062101419917 1.0847860766030182 1.2491053577026223 
0 0.5376565811804108 1.5526741211811805 0.8970266122441755 0.13592531109878642 0 0 0.9640468767420509 1.0740828822924278 0.9608829772565207 0.53363898994358 1.166558793808592 
0 0 2.2305047240419817 1.7245625017405348 1.1740546370920073 0.2655356470529594 0.04183443396510361 0.4833269998815716 0.6742381090626463 1.451379615897777 0.6434214465817236 0.8348480810256412 
0 0 0.7156238457782494 1.658388083204377 1.2068189637327391 0.34555279455640425 0.045132751260698864 0 0 0 0 0.546311715838042 
0 0 0 1.1122003438096923 0.9027188479436049 0.49124097222331575 0.5777803199749132 0.22791557623540212 0 0 0.6067176293676572 0.5496274755021209 
0 0 0 0.9899513705654199 1.171815876568338 0.8848680587000828 0.5853834336454197 0.16649821187953234 0.6627476217894039 0.47642671234865275 0.3940427759852718 0.6999740185478039 
0 0.6936242137084317 0 0.8824758145341124 0.9792016521601541 0.7034920927002589 0.5129432958105519 0.37366856542294125 0.8668992407400986 0.6094959327492503 0.2563660451278754 0.7535731335058578 
0 0 0 0.945280393418443 1.0847731601015884 0.6661662119298927 0.7556164898232057 0.5297427102272186 0.005294911932549051 0 0 0.8222248306010914 
0 0 0 0.7866621103867508 0.715619706592633 0.8262942836727164 0.5583070669735233 0.052628302038505916 0.1317940932038069 0.6452734206455873 0.03756191248359565 0.38271683016712477 
0 0 0 0.17121312409316675 0.396904689353678 0.40062196494475505 0.010665246118094454 0.5658310562929804 0.8496597764235428 0.5991996259515869 0 0.48654066630132675 
0.4664284038938591 0 0 0.11028070176504556 0.5689611008116957 0.6784388875316205 0.7548456174799827 0.9903306268263785 0.4655952813879578 0 0 0.6222660206158122 
0.06554923813469724 0 0 0.5489272597805783 0.6699253041024851 0.4610925875529496 0.26713658582546324 0.1736068917112304 0 0 0 0.29307120498643136 

0 0 0 0 0 0 0 0 0 0 0 0 
0 0 0.40182513936879155 0 0 0 0 0 0 0 0 0 
0 0 0 0 0 0 0 0 0 0 0 0 
0 0 0 0 0 0 0 0 0 0 0 0 
0 0 0 0.03678365297736649 0 0 0 0 0 0 0 0 
0 0 0 0 0 0 0 0 0 0 0 0 
0 0 0 0 0 0 0 0 0 0 0 0 
0 0 0.1523698256405744 0.3051580930997182 0 0 0 0 0 0 0 0 
0 0 0 0 0 0 0 0 0 0 0 0 
0 0 0 0 0 0 0 0 0 0 0 0 
0 0 0 0 0 0 0 0 0 0 0 0 
0 0 0 0 0 0 0 0 0 0 0 0 

1.3604843471746308 0 0 0.7951708143121051 0.4753807016959523 0.7679042290479866 1.5809214502015423 0.1813412636076774 0.828566569237994 1.072138393538787 0 0 
0.5065895414620607 1.310225733798736 0 0 0 0 0.8453733660990148 0.9209878424710246 0 0 0 0.01953680813539664 
0 0.2944318590774204 0 0 0.11630855300607304 0 0 0.40727813874257324 0.03318270225672171 0 0 0.43065390424575783 
0 0 0 0 0.35284119127835334 0.8818526535144229 0.41720420935201086 0 0 0.89447502069642 0 0 
0.4349074657573896 0 0 0 0 0.7139839927614564 0.2846212723578637 0 0 1.1702060281515878 0 0.24233625833978453 
0.4140245793540085 0 0 0 0 0.12963936952756303 0.6261291024095714 0.6839024960989877 0.032599787660291146 0.3522852451112134 0 0 
1.187158575855999 0 0 0 0 0.8080840348054621 0.8478573422444136 0.29938881072188817 0.12199010917994266 0.5159319573850669 0 0 
1.8543331361544366 0 0 0 0 0.7480970187840408 0 0 0.49659095445979895 0.19241380387805374 0 0.032159186796643244 
1.5111595860634854 0 0 0 0 0.3233273679849974 0.31092550900370197 0.36941253839753396 0 0.2612418225172842 0.13142589606547433 0.530037293152974 
0.5237832294588609 0 0.016431736861457942 0 0 0.1588053842017088 0.8162745707843728 0.5434919937586722 0 0.31172061354363867 0 0 
0 0 0.10298945951534078 0 0 0 0.27745829858417514 0.36641158374259275 1.144548769562247 0.9031213342119786 0 0 
0.5407057712763742 0.20911814873729545 0.10058899524438206 0 0.06762869385346326 0.4105910760319454 0.3725650100339183 0.46375920601754217 0.39937996979786194 0.5896829560078677 0.46565569915820076 0.9169447322648092 

0.6848904641972697 0 0 0 0 0.347026076426997 0 0 0 0 0 0 
2.3755052236675955 0 0 0 0 1.3285954952587442 0 0 0 0 0 0 
2.4089423416071334 0 0 0 0 0 0.1322293721719291 0.4436334662194992 0.4583697726479166 0 0 0 
1.2799842176387481 0 0 0 0 0 0 1.0957069750630182 0.8163887530241862 0 0 0 
0 0.02558554627397283 0.3510706112867874 0 0 0 0.15835824601998386 0.054728759105112414 0.487278480799321 0 0 0.5561859076008323 
0 0 0 0 0.06901415692234858 0.46477855559861037 0.27279054153541243 0 0 0 0 0 
0 0 0 0.014312266822668847 0.20631467415144703 0 0 0 0.04317271074937319 0.00309289042258179 0 0 
0 0 0 0.08324552773138337 0 0 0.016256235626527452 0 0 0.27780867021505307 0 0 
0.21092468231882722 0 0.38776573011384396 0.8903693545858415 0 0 0 0 0.1521218722761468 0.4358692026449614 0 0 
0 0 0.7467965760446633 0.0957541322077681 0 0.1278336392416267 0 0 0.6187343387418124 0.35121032732023405 0 0 
0.47862342039715483 1.1017177388528205 0.14365089223955294 0 0 0.4336686667342441 0.2930423048657444 0.13295826359244048 0.2968609318049586 0 0 0 
0.5176565332361708 0.36888211456900605 0.7350245382643508 0 0 0.3300232292959895 0.33359124524502504 0 0.5475019061657646 0 0 0 

0.33509681415686926 0.6304616548118189 1.0345000942082216 0 0 0.12268246244099554 0 0 0.6481666383825904 0.25945906038174776 0.3069133638121184 0 
2.2351775278984864 2.0508872688432827 3.3828816875323993 2.4072756535680875 1.9747703732007336 3.1244716196998783 1.9490085207688603 2.732320991503669 2.8806670869619366 2.5889857602139243 2.0525138924071396 0.6215749264682081 
3.759299277608124 2.7319030925640826 3.300897078325227 2.0480445752759526 0.8691499774516044 1.7718581810741316 1.6701075107953953 2.4713839301025287 2.8075153256921777 2.4173366728221715 1.7061641896027826 0.03154750081101345 
3.440647836473852 2.984045130086993 2.427032208547939 1.5947205496573396 0.6882935128528725 0.5500617187069234 0.6064704916614237 2.1494881925917544 1.9099253245878778 1.028684939996305 0.9040654919460956 0.7949443881920888 
2.3552241044632267 3.3804093125772425 2.553734580450834 1.7194090700623457 1.6871337254715708 0.6897537058712144 1.2647947046158168 1.155895681993984 2.2129503335079326 1.0637209935052079 0.5362391740665925 0 
0.9424759243368119 3.5069000090745512 2.219109455267809 1.6249877805713866 1.253671988912155 0.2636676706886171 0.4006427753522658 0 0.9903654068922652 0.6271566093974309 0.69338021755376 0.19058433310901385 
0.7369064217935395 2.666036172057972 1.6533839276795523 0.9622489823342758 0.2808936700947583 0.45310887181871434 0.9296291460521654 0.3998672075640404 1.440718534732929 0.47189155975060537 0.503763761158692 0 
0.16912407343445843 1.0555512019673072 1.2517211020564236 1.3485048898116174 0.8734190955147831 0.8519644076304416 0.9642045595849555 0.47145000475700916 1.1491642975849725 0.9147583649439646 0.5321537005170904 0.21004712424809246 
0.9478875412539995 1.1411780581834603 2.1144494112443977 0.9675820030054828 0.7736670340889091 0.6936157411477111 0.4999698382365542 0.7110106778989437 1.2917903594289033 1.1921830701215845 0.8198663835328331 0.0202206401382573 
0.6635965147971589 1.0266176566241936 1.3522717024243822 0.86457876832693 0.45062400890576515 0.6176908123114963 0.4613103519016375 0.828594041140932 1.1577417832945953 1.7384356612096434 1.5479341462935896 0.5516778946979192 
0 1.2786410202963976 1.4190346232637263 1.4428718443628963 0.8798233759702115 0.6569032107203475 0.5254534844523528 0.2592746182960309 0.8090328871967601 1.2963480603625124 1.1285841989876062 0.25280757515060426 
0 0.6594499482058733 0.4815408294732054 0 0 0 0 0 0.8810994018936008 0.4452413227587123 0 0 

0 0 2.094245641382504 0 0 0 0 0.9808585282844957 0.9553893852666457 0 0 0.5872787019060962 
0 0 1.4925344033799492 0 0 0 0 0 0 0 0 0.9469476147118934 
0 0 0.17312400722552776 0 0 0 0 0 0 0 0 1.4565491961336823 
0 0 0 0 0.013378329770874164 0 0 0 0 0 0 0.13394362741262894 
0 0 0 0 0 0 0 0 0 0 0 0 
0 0 0 0 0 0 0 0 0 0 0 0.020269072254459397 
0 0 0 0.2555358862411409 0 0 0 0 0.2669994309577627 0 0 0 
0 0.15316733285280346 0 0 0 0 0 0 0.11722936224675676 0 0 0 
0 0 0 0 0 0 0 0 0 0 0 0.007773896703760275 
0 0 0 0 0 0 0 0 0 0 0 0 
0 0 0 0 0 0 0 0 0 0 0 0 
0 0 0 0 0 0 0 0 0 0 0 0 

0.6915288035906709 0 0 0 0 0 0 0 0 0 0 0 
1.7171535173151151 0 0 0 0 0.04589342352293613 0.423798792794466 0 0 0 0 0 
1.30076288712415 0 0 0 0 0 0 0 0 0 0 0 
0.04967581857455092 0 0 0 0 0 0.024580838428363762 0 0.3868337374165256 0.09117596213098365 0 0 
0 0 0.10151950105481268 0 0 0 0 0 0 0 0 0 
0.0942608018917431 0 0 0 0 0 0.20633934180942032 0 0 0 0 0 
0.5867140513982425 0 0 0 0 0.11047305499629925 0 0 0 0 0 0 
1.2629431718083353 0 0 0 0 0 0 0 0 0 0 0 
0.8559235307411124 0 0 0 0 0 0.21106562973709345 0.002253769486277299 0 0.316036872208321 0.15498307474877115 0 
0 0 0 0 0 0.0064925117454877265 0.2101491524985722 0 0.144711169847235 0.5571018688858052 0 0 
0.10284321993715129 0.6606990079250292 0 0 0 0 0 0 0.31979323747926147 0 0 0 
0.425733481543576 0 0 0 0 0.3914019096657488 0.49852358605655867 0.21997316134563233 0 0 0 0 

0.621073936952086 0 0 0 0 0 0 0 0 0 0 0 
0.3512494780920174 0 0 0 0 0 0 0 0 0 0 0 
0 0 0 0 0 0 0 0.0906984582115199 0 0 0 0 
0 0 0 0 0 0 0 0 0 0 0 0 
0 0 0 0 0 0 0 0 0 0 0 0 
0 0 0 0 0 0 0 0 0 0 0 0 
0.5645750445452806 0 0 0 0 0 0 0 0 0 0 0 
0 0 0 0 0 0 0 0 0 0 0 0 
0 0 0 0 0 0 0 0 0 0 0 0 
0 0 0 0 0 0 0 0 0 0 0 0 
0 0 0 0 0 0 0 0 0 0 0 0 
0 0 0 0 0 0 0 0 0 0.40279083688738204 0.4475062695672976 0 

0 0 0 0 0 0 0 0 0.03118759909587895 0 0 0 
0 0 0 0 0 0 0 0 0 0 0 0 
0 0 0 0 0 0 0 0 0 0 0 0 
0 0 0 0 0 0 0 0 0 0 0 0 
0 0 0 0 0 0 0 0 0 0 0 0 
0 0 0 0 0 0 0 0 0 0 0 0 
0 0 0 0 0 0 0 0 0 0 0 0 
0 0 0 0 0 0 0 0 0 0 0 0 
0 0 0 0 0 0 0 0 0 0 0 0 
0 0 0 0 0 0 0 0 0 0 0 0 
0 0 0 0 0 0 0 0 0 0 0 0 
0 0 0 0 0 0 0 0 0 0 0 0 

0 0 0 0 0 0 0 0 0 0 0 0 
0 0 0 0 0 0 0 0 0 0 0 0 
0 0 0 0 0 0 0 0 0 0 0 0 
0 0 0 0 0 0 0 0 0 0 0 0 
0 0 0 0 0 0 0 0 0 0 0 0 
0 0 0 0 0 0 0 0 0 0 0 0 
0 0 0 0 0 0 0 0 0 0 0 0 
0 0 0 0 0 0 0 0 0 0 0 0 
0 0 0 0 0 0 0 0 0 0 0 0 
0 0 0 0 0 0 0 0 0 0 0 0 
0 0 0 0 0 0 0 0 0 0 0 0 
0 0 0 0 0 0 0 0 0 0 0 0 

