0.5029753497267319 0 0 0 0 0.5978907749273505 
1.3053241717369448 1.432178503197369 1.355013697094431 1.007587824162115 1.1289847111411404 1.577205827940497 
1.1028467776808937 1.1593545693508054 1.1294538851878178 0.8500478773773731 1.0014470075479185 1.3279534978049632 
1.0092421269461413 1.0002008683664474 0.9531363268187903 0.7741539946834289 0.6599583549192028 0.9810873412701553 
0.7717442286694909 0.6394944828761158 0.8385842324908984 0.8554015779023068 0.8186488325478389 0.879136649435843 
1.3299409581407757 1.3916757008369032 1.6007860240728715 1.5639869671388245 1.6783530334140804 1.5797843387870685 

0 0 0 0 0 0 
0 0 0 0 0 0 
0 0 0 0 0 0 
0 0 0 0 0 0 
0 0 0 0 0 0 
0 0 0 0 0 0 

1.1473661239272503 2.3869423075678644 2.3256282353475033 2.43568551867984 2.622625113218525 2.4609351656145373 
0.4049618055806333 2.2738873107553683 1.7962486297118772 2.1048153996460908 2.6916070192812547 2.9907289682886407 
0.4957211240157474 2.5059080604209387 1.6823662308036709 1.772270269707353 2.440730114629818 2.817662304181251 
0.5392944169771627 2.8533880787385812 1.922385370984579 1.8632812020859004 1.9251869961894692 2.4873627401115765 
0.4672715212818379 2.8802793560992983 2.1536827754642034 2.027052124430142 1.8654814349448834 2.375798886297427 
0 1.434941111132648 1.009556210812684 0.728741449373287 0.6156041400135671 1.46804511409994 

0.2663049997859027 0.11956546708238405 0.2276979138708598 0.27595212596860474 0.06964793418321892 0.012257452096740604 
0 0 0.03290156572695216 0 0 0 
0.01965371450529367 0.079807087928014 0.008780381846575758 0 0 0.096085710654313 
0.08603731570016637 0.1823352278880089 0 0 0 0 
0.15899449883460284 0.10023075139694619 0 0 0 0 
0 0 0 0 0 0 

0.005954624913108225 0.2227506164009849 0.1569583697865487 0.2853076690022749 0.21388329251142307 0 
0.3807016950626417 0.11116756619686505 0 0 0 0 
0.22657924457751782 0.1884368545215692 0.02159736262560616 0 0 0 
0.2589343718615233 0.18847865683304366 0.21527396632867318 0 0 0 
0.15454506464137185 0 0.23802463831004572 0.09849024273449353 0 0 
0 0 0 0 0 0 

0 0 0 0 0.1844476106408818 0.7317187123019343 
0 0 0 0 0 0 
0 0 0 0 0 0 
0 0 0 0 0 0 
0 0 0 0 0 0 
0 0 0 0 0 0 

0 0 0 0 0 0 
0 0 0 0 0 0 
0 0 0 0 0 0 
0 0 0 0 0 0 
0 0 0 0 0 0 
0 0 0 0 0 0 

1.29083418935574 1.466090993088726 1.5314833715606924 1.3327390634591831 1.2294819946807107 0.7299791928409964 
1.0649547896590268 1.4776631298821867 1.4979187635383542 1.7331292980402637 1.454598781656298 0.8146907179158202 
0.9389066615212617 1.449919868677565 1.7684064251221894 1.736440510249216 1.7622413509671313 0.8978475431116903 
1.004209502470234 1.4911545013095904 1.5906319083293685 1.8271477394978264 1.8940612137154231 1.0131431338308015 
1.0946515934557033 1.4449845278696583 1.5815154103387965 1.9299233896479047 1.8757096725716567 1.5148778715082678 
1.3204430967441532 0.8810114824637159 1.1322143681178571 1.3849714476744401 1.363945599334223 1.0663505016133072 

0.7447210975377437 2.09522639573489 1.567834686351446 1.2381676696159074 2.1917506533380178 2.637487492414898 
0 1.8038832754507517 1.1405472029860235 0.786853095601096 1.3096192986099857 2.1148421462960973 
0 2.0994166796499925 1.537218765406826 0.9099193981612224 1.4138813105410661 1.7732949582969784 
0 2.094045757847224 1.5935908760472766 1.4981983307525628 1.564439372355918 1.4378034253831014 
0 1.6870311967023943 1.4257954774941353 1.5735061827140469 1.9498884114217998 1.6874561819936758 
0.41488478811275126 1.031376940234532 1.295093336315126 1.4941590267788798 1.3555267198896253 1.1056567596544764 

1.544446305165572 1.4941151738559726 1.3909367141480113 1.3497698518962262 0.9413297082432355 0.7221940868571431 
1.7828741494774936 2.0869295383180435 2.3199235580964483 1.978461102272804 1.80097701961988 1.254674016110536 
1.5545703579292185 2.0083770983053757 1.9901713653166022 1.738723498795915 1.5341650164377205 0.9594618128757129 
1.5725301835834113 1.952957836382485 1.8595355132028089 1.7188981662304217 1.5220606103475054 0.6685421775949918 
1.627178287213083 2.0828526713450377 2.0457838069283776 1.8504464668679963 1.6913600725676499 0.5248925739402607 
1.8931646519027767 3.0663626886412834 2.8417019083827153 3.034643894015031 2.614100560524973 1.8382031518965951 

1.9841656963681928 1.9690250720438378 1.904082397607206 1.777299108034788 1.826626321132011 1.2125258773147234 
1.804899640570696 1.7196424821409457 1.395714219479585 1.3581951342281906 1.1597088706210326 0.5199525539516843 
1.675985669126281 1.501666732909412 1.496162046096713 1.461604839500153 1.0142910921138695 0.2673069222830252 
1.5492831813481696 1.5442714548458891 1.5446086332238664 1.41852352595518 0.9164703066751311 0.09427558250795406 
1.4909842128890491 1.3486613388160535 1.611941432453429 1.3581881643874083 0.46372724516278624 0.10826445084077926 
1.412720702438541 0.978937633183719 1.1360404974134846 0.9079441397750682 0.6174828646955538 0.8875669990319901 

1.5612523736852688 1.3590184154336438 1.4460917996725962 1.3602493524753059 1.0536206607292307 0.40473499398302154 
2.3107628558064968 2.088982384949271 1.7477887235162664 1.619836661287081 1.2940159282501245 0.3467116584996648 
2.1241394320712264 1.716782174774722 1.862827616419122 1.6999436508549162 1.253622828147933 0.22812186956899955 
2.122280248461832 1.8172690303841557 1.6569522563543335 1.4720128954551697 0.8847349171905625 0 
2.054411421407793 1.6292836240802784 1.8187860195367131 1.5329825564979098 0.49126664712584395 0 
1.3242477048529016 0.7004153765913721 0.9165050913627306 0.5930864613567955 0 0 

3.075894156422936 3.068378425037996 3.0755038780109376 3.170693527500726 2.909280903943666 2.5268971468871135 
3.7590332199863643 3.6651394249981357 3.5799111227303344 3.3989882827838755 3.0937042849646295 2.2803225381357173 
3.6680576721841933 3.49338798845064 3.4925738749215163 3.2271225651103617 2.911915888960985 2.1959233425702047 
3.7684451273473845 3.682931425910971 3.460493438238615 3.105452591716114 2.7436521162315506 1.866773985178532 
3.7258876334485937 3.6657336923879082 3.547282135815089 3.1989090998677208 2.574943238049643 1.4169265838158218 
2.982096610882521 2.8782884889005595 2.861548051848073 2.651446497729006 2.2009289779680836 1.419522138175711 

0 0 0 0 0.34823333120377026 0.7283813403107057 
0 0 0 0 0.03064005169877411 1.1230633609643663 
0 0 0 0 0 1.0371442416836167 
0 0 0 0 0 0.9950805217500139 
0 0 0 0 0.01396535168163517 1.0536891985283543 
0 0 0 0 0 0.17112651062701648 

0 0 0 0 0 0.03459582089963532 
0 0 0 0 0 0 
0 0 0 0 0 0.18208781319141584 
0 0 0 0 0 0.3222706000513774 
0 0 0 0 0 0.40051038078642476 
0.38058921226310793 0 0 0 0.20342599937030093 0.29891395744039306 

0 0 0 0 0 0 
0 0 0 0 0 0 
0 0 0 0 0 0 
0 0 0 0 0 0 
0 0 0 0 0 0 
0 0 0 0 0 0 

3.7273291676859546 3.982896785550064 4.182172070372302 4.374166882444614 3.7561442747155493 2.649766327086877 
3.1677397191262293 3.9503526710462844 4.215900410802571 4.589798305507203 4.493496367623859 3.8118758261701413 
3.3888892920350546 3.928156608129834 3.5103127770512916 4.016892254579098 4.369765595372712 4.127741783858834 
3.7688566344671717 4.185738699008868 3.4841714441378513 3.7628728713386588 3.8284430165267045 3.9908490404406547 
4.0096778535027955 4.711133240140021 3.867932545248163 3.475766295825267 3.2373729376431952 3.5619568747935197 
3.3820011104769394 4.467620483154346 3.825742940995539 3.3965942214094427 2.692011647351377 3.048853426665652 

0.07637565055536384 0.8469265141293054 0.9119704440284049 0.5392113672819703 0.4882276228085129 0.6960333441209136 
0 0.5598043766857999 0.34241464245975334 0 0 0 
0 0.606685583449141 0.415387515768212 0.03210496653819268 0 0 
0 0.5276248228573772 0.4693559832078946 0.1774276330517378 0.06879637948651376 0 
0 0.4039391892880398 0.4823453698997942 0.345212460344455 0 0 
0 0.7972188170063751 0.5645310029092585 0.5990651389561996 0.18448800125189907 0.16312452615820713 

0 0 0 0 0 0 
0 0 0 0 0 0 
0 0 0 0 0 0 
0 0 0 0 0 0 
0 0 0 0 0 0 
0 0 0 0 0 0 

0 0.01729220097205853 0 0.13673183832125707 0.3203030155960851 0.7746788358168951 
0 0 0.050288548260982585 0.00191071933871121 0.10920421694371502 0.24444984040622242 
0 0 0 0 0 0.2694570959821248 
0 0 0 0 0.1854461830774064 0.5494632268588582 
0 0 0 0 0.2898375906612452 0.579599410833247 
0.887190834078137 0.7634104079934569 0.8314971296186375 1.0126573655308728 1.236964769837069 0.7388366105026496 

