0 0 0 0 0.12185773706958783 0.9172776079021807 
0.6483678489891349 0.41517639456128863 0.46917450064914085 0.2026078515996093 0.268116854107076 0.3844021352033974 
0.3843986690517851 0 0.09696814403492157 0.0902640911947997 0.8299329800307691 0.9285526502123016 
0 0 0.20581210228356048 0.8925203699269308 1.6680224337553493 1.5414946155512022 
0.4552481533538919 0 0.03963913677050125 0.42600211772061947 0.9931356474927437 1.6281045390286062 
1.5096333365888643 1.0085834479115137 0.8556481585646528 0.9775363451139236 1.221279482474485 1.6443199661672352 

0 0 0 0 0 0 
0 0 0 0 0 0 
0 0 0 0 0 0 
0 0 0 0 0 0 
0 0 0 0 0 0 
0 0 0 0 0 0 

1.1450272734403018 3.1197793206199487 1.588500579773964 2.1536912656593894 2.342543172828881 2.220677955250587 
0 3.090175686618595 1.4921411206024968 1.941822539806808 2.5217940751111767 2.8602483782976704 
0 2.7850856917152886 1.9807692988087653 1.158456041087722 1.6297975655158956 2.8557419627142124 
0 2.3063969222376026 1.831491366683947 1.6644075239082416 1.744278209407015 2.624259468037732 
0 1.8077972316883086 1.735359885325829 2.0155859803623457 2.099761547510919 2.6558652986966114 
0 0.4904999256021697 0.4865370599132929 0.7670523455156533 1.0841909795671782 1.7222305244175782 

0.2719377076252467 0.057409805589138524 0 0.1466719267613531 0.045083294776345914 0.19127566679605962 
0 0.15693278099243246 0.004593091052229707 0 0 0.09412649290237968 
0.03442975362237899 0.11815979333586366 0.23383703340880485 0 0 0.02374213344452023 
0.03073585066463036 0.0013984641808223175 0 0.018604570096683655 0.1129142367901331 0 
0 0 0 0.19536676815086781 0.07792493785124979 0 
0 0 0 0 0 0 

0 0.3992589298024317 0 0.37263924125637216 0.47205000454635426 0.12743334538713869 
0 0 0.688405606147691 0 0 0 
0 0 0.011719612004994356 0.18888076793074435 0 0 
0 0 0 0.44252315217577975 0 0 
0 0 0 0.12559615814284578 0 0 
0 0 0 0 0 0 

0 0 0 0 0.18010667121854937 0.8740840453483056 
0 0 0 0 0 0.23159950065468257 
0 0 0 0 0 0 
0 0 0 0 0 0.06289371642293068 
0 0 0 0 0 0.48653955605504795 
0.38950558735416607 0 0 0 0 0.09542499697267533 

0 0 0 0 0 0 
0 0 0 0 0 0 
0 0 0 0 0 0 
0 0 0 0 0 0 
0 0 0 0 0 0 
0 0 0 0 0 0 

0.6790947915351531 1.4024453894154016 1.6292430517189322 1.2755820782117069 0.7468687202437531 1.360553263652983 
0.9917839773705469 1.3174963374536706 1.6421937201225358 1.9255261190396171 0.8525480827674259 1.2179836502286623 
1.1042654781488195 1.4712737963600682 1.4388130857045869 1.6420010991250538 1.146844239957675 0.8962352539171827 
0.988293282579332 1.5957515807179719 1.4716950477657886 1.4347094545193986 1.1362598830919224 0.956251400149357 
1.292382903991084 1.5944626086613691 1.6238452053285446 1.4621735156459845 1.2214645320485993 0.9403862509687841 
1.6206114926541277 1.3707567242738314 1.2510120404983 1.097418608708343 0.8800329800853034 0.6632823739091886 

0 2.709701196317383 1.4977780926668214 0.708886388902546 2.1589282200501536 3.344675938497023 
0 1.202145075062143 0.2961194092138454 0.29720069988636316 1.1976178625849299 2.8657409520929704 
0 0.7648720225165325 0.7335939749453991 0.739830668081054 0.402404124011844 2.1100027011462728 
0 0.44613205409673173 0.4665977914287477 0.8526977460971497 0.8719191248968512 2.0746948374164735 
0 0.320193717748284 0.1549131273602802 0.6117058232308522 1.1816467460086528 2.345130216857182 
0.10281089580706528 0.38064730811109415 0.4510256217027605 0.8024244504468837 0.8985232626901674 1.4428653059634586 

1.1309077383954096 1.5613069050194905 1.3694582064499736 1.147981103680247 0.9618872014109814 0.48121389023014804 
1.4375474919488918 2.75155105998531 2.2506180590857277 2.1797067677514574 1.5504623063353293 0.9421093648786351 
1.5601915254035126 2.1308663666636942 2.132878407838051 2.6426851619774547 1.9310085005912163 1.7438215373090522 
1.5334259197790425 2.0232595609038215 1.9134869324662624 2.505940559251826 1.9119957524614337 1.7177807050254112 
1.7641481373947836 2.4928300077758374 1.9673534711450609 2.1464525058469834 1.6271076167112897 1.3529503356946726 
2.069213215550564 3.0877933724432682 2.747191295524332 2.802826094654623 2.3347825251806986 1.9292942556912613 

0.9454117594514393 0.9753621827053625 1.3675250283244766 1.4204075702192582 0.9777507280374527 1.0365707882287336 
0.5628356553774893 0.41735402969289304 0.9552534097451377 1.262878807416518 0.24064531887197552 0.34703156130360996 
0.9338074503066633 0.45156456622612295 0.8841520661870694 1.1386928627131552 0.2901144446263996 0.44692050484552015 
0.6687575583974 0.18336659418867407 0.7258655758627657 1.2179997092733046 0.8549044351581134 0.9099003048235066 
0.35882023408243424 0 0.6481777820912384 1.296962754479862 1.2922071077325321 1.16732541971449 
0.9335587359359157 0.6525193855782727 0.9690120148208625 1.1845830463067042 1.1750321740823102 1.308405362202717 

1.3888845610144849 0.9691323008540983 1.1684933345584738 1.4347856357767503 0.9480220495390019 0.9084005099676256 
1.551922939585984 1.5271198463850622 2.2190612214840084 1.7859382920654372 0.593019253792185 0.13125469014564478 
1.9902046114774683 1.323819113531348 1.6679078796807718 2.0047127874882826 0.5966255210234036 0 
1.6829213110198078 1.192660377491645 1.522589232328024 2.2627321276322423 1.0116564642584882 0.18764865429425767 
1.246386085350374 0.502434149271748 1.1491396885338376 1.9564036532191562 1.5930794903597663 0.920232828628884 
1.198674719619021 0.35345399458189725 0.41987642406168224 0.6237998470231635 0.707528658868863 0.6474360847340663 

3.5173253481725872 3.3771123030148607 3.309039098467337 3.4331974362955755 3.1031132796679373 2.5027547433613995 
3.798331578281316 3.999740048009141 3.9833232867538246 3.8060352132762265 3.076581990986432 2.2492663655422467 
4.038158049670184 3.7467450981538715 3.6579421338415594 4.019441689566923 2.962390558902613 2.201876420801346 
3.879971380964404 3.6519722586132444 3.6467410895446486 4.0284057448141395 3.170980002757693 2.3183019961184934 
3.5164912180521126 3.12178202424595 3.154400456962729 3.649560020750858 3.4394557178666183 2.6219312276232376 
2.917610987847318 2.5348549572526284 2.5067872441991175 2.7757851635259563 2.6555838996198076 2.3210725366867844 

0.39187331882947607 0.047119373770778475 0 0 0.31450787423503856 0.46384036599719924 
0 0 0 0 1.0533457858186346 0.6898905942551756 
0 0.14855141149358567 0 0 0.2734078875812863 0.6754252964553676 
0 0 0 0 0 0.8166205298602323 
0 0 0 0 0.15450900495145745 0.8222798332155087 
0 0 0 0 0 0 

0 0 0 0 0 0 
0 0 0 0 0 0 
0 0 0 0 0 0 
0 0 0 0 0 0 
0 0 0 0 0 0 
0.48485452050255196 0.03825449837417469 0 0 0.10436192123118958 0.13671875665576227 

0 0 0 0 0 0 
0 0 0 0 0 0 
0 0 0 0 0 0 
0 0 0 0 0 0 
0 0 0 0 0 0 
0 0 0 0 0 0 

4.482243747760706 4.0465081490642545 4.16611154013888 4.0761996959573485 2.84506470912219 2.0091258340288007 
4.681189409466315 5.6300038752553725 4.28162538161967 5.856508887268327 4.9031234488462525 3.0262236960371847 
4.508174195703926 6.119635321388773 4.882777141677436 4.732891472803525 5.054393322325073 4.233830036129936 
4.3620709714389525 5.701499587442039 4.895561872816866 4.193569586943001 4.278663737745004 4.171866215044178 
3.8673692154864234 5.489920225745773 5.052957603960118 4.723036527132606 3.9130059882250534 3.49527204944084 
2.9167026054249634 4.623378532755906 4.229362948732548 4.383394143909506 4.147135108555132 3.6816382342933194 

0 1.204875851803641 0.5121713404763475 0.5521610887330283 0.25276843804411203 0.788790460755297 
0 0.34645464396030273 0.3297453525900225 0 0 0.7983228077638076 
0 0.2995461170021076 0.2035280902507752 0.6343354826972892 0 0.373426724253792 
0 0.23563697012928483 0 0.7035303009969042 0 0 
0 0.1827414897104923 0 0.4377200370147274 0 0.18530332195998794 
0.12742306489918886 0.6024849763578801 0.6073672250226712 0.7435130565188477 0.46832712967366985 0.6196958646387609 

0 0 0 0 0 0 
0 0 0 0 0 0 
0 0 0 0 0 0 
0 0 0 0 0 0 
0 0 0 0 0 0 
0 0 0 0 0 0 

0 0 0 0 0 0 
0 0 0 0 0 0 
0 0 0 0 0.328913926701446 0.07087237480809208 
0 0 0 0 0.15297049509554353 0 
0 0 0 0 0 0 
1.1074859869914493 0.41791717672638934 0.4801404875462572 0.6461145336767636 0.7720796720786598 0.4424098897633711 

