0.5667267577929258 0 0 0 0 0.6140504020434969 
0.6439567001594941 0.3632973059030622 0.3637602702764611 0.4448952951065972 0.2006868262830972 0.5709687277649237 
0.26945233242258204 0 0 0 0 0 
0.9259594798731071 0.5779877288469273 0.7149801559178676 0.20557949458527564 0 0 
0.8050260146398053 0.4730618944157287 0.8710420740638083 1.1235162787496489 0.2072135298376785 0.5761368742173276 
1.25246771775529 1.3572764128927464 1.6092043028280574 1.533420973600654 0.9219636796744919 1.1183836663583078 

0 0 0 0 0 0 
0 0 0 0 0 0 
0 0 0 0 0 0 
0 0 0 0 0 0 
0 0 0 0 0 0 
0 0 0 0 0 0 

0.8762056869578839 1.9161720780250704 1.575022231672275 1.1009115715165707 1.2867113516572155 1.7992450528255062 
0.4880736926466622 2.1715985016714483 1.7162996731916336 1.4050683100100516 1.6464147932701754 2.3322807302938924 
0 1.6773081624697317 1.6678887108711438 0.8656657911862379 1.0106830534753886 2.3659256754202054 
0 1.8134442124678 2.014813511160687 0.5947087610146413 0.6757733222489586 2.5555731548879117 
0.24980461355253145 2.3543253030314952 2.588979653031232 1.1942773998901872 0.8512799507868406 2.7455706168579717 
0 1.1238836571248447 1.2779003808197715 0.7004699701901739 0.18131582512749306 1.3876816860692143 

0.168498358428514 0 0 0 0 0.06188851095944808 
0.16458498607994457 0 0 0.02437558283458391 0.2730669567932665 0.26473112629542445 
0 0 0.03587947574677129 0 0.14230083235239352 0 
0 0 0 0 0 0 
0.21303681959819337 0 0 0 0 0 
0 0 0 0.062128810132877466 0 0 

0 0 0 0 0 0 
0.28314927428695025 0 0.43038704876086736 0.2828569910314684 0 0 
0 0 0 0 0 0 
0.2639091806916218 0 0.14407554406603684 0 0 0 
0.7128675931074623 0.027304174539206028 0.2757219285969076 0.5992709374902675 0 0 
0 0 0 0 0 0 

0 0.00482389208547398 0 0 0 0 
0 0 0 0 0 0 
0 0 0 0 0 0 
0 0 0 0.019916580356549755 0 0 
0 0 0 0 0 0 
0 0 0 0 0 0 

0 0 0 0 0 0 
0 0 0 0 0 0 
0 0 0 0 0 0 
0 0 0 0 0 0 
0 0 0 0 0 0 
0 0 0 0 0 0 

1.1592920290818363 1.0819921126542305 1.2699774829158967 1.3342809639387192 1.215245145380552 0.8698327183653253 
1.5297152657285817 1.7866711892016893 2.0124124049443686 2.2091315930964184 2.2803805668824357 1.671136904557097 
1.5451440067930324 1.5264349252229665 1.9030374259235465 1.9503813837515893 1.8130821122743888 1.1080199851237407 
1.7856099327998123 1.6872139804732236 1.7030937608021464 2.0822068773080846 2.4657901739721795 1.3600783991257457 
1.7425559164800841 1.6848298124849488 1.6692476918929529 1.9857649158895356 2.486112355010356 1.2733125435491408 
1.498426057722029 0.9716589283674872 1.0202305796182576 1.4742688480135244 1.615570674112805 0.920634470993118 

0.6814060003788948 1.8460561532323323 1.995305278354639 1.4792490157570861 1.348167042766705 2.0258942160422664 
0 0.9658908277832939 1.208868609127566 0.9983703023016914 0.8036514305117093 1.3906178192723637 
0 0.3458356653848668 1.324739261819001 0.9522938137082737 0 0.7443894165793157 
0 0.21071698586540655 1.209165350244571 1.1516753589515663 0 0.10991032543645352 
0 0.624702982163452 1.346175377918606 1.1565591126029855 0 0.38287301348721764 
0.8716118879042342 0.8529645331978272 1.2763190358190752 1.0825866505404511 0.44522661667325153 0 

1.3751006217981405 1.1330711549577195 1.2986561908857328 1.4936612021861977 1.4454303103014805 1.0796281592501615 
1.4119714026392265 1.299459519488803 1.3397624243347357 1.2235198150841766 1.0265265014107967 0.5281975064107964 
1.6464260177976708 1.7167969928487503 1.8453011382066826 1.5706134805067173 0.8406864197825594 0.0022083591375275796 
2.063980289520925 2.0122007879738417 2.2673388822530884 2.4576442625938 1.9858801746963415 0.7133823465511058 
1.9707733052033483 1.8565711558548672 2.191655937300445 2.5807457136575622 2.495368096422767 1.1396993493901564 
2.15754791471221 2.7787791242074533 2.9099940464255805 3.0655837116025633 3.163544821961748 1.839856273734429 

1.8229519436255859 1.6766133034593076 1.5242790764486869 1.0557649887263765 0.9693754505682333 0.9187489398126991 
1.1863526061925425 0.6812397814782981 1.0024542957349678 0.5138710615523194 0 0 
0.9516404482730122 0.2896963557552911 0.9722511423137674 0.9263312701400943 0.0814106920612844 0 
1.3576883577869117 1.1553022502761008 1.472138362420809 0.795699975123527 0 0 
1.8707342181260156 1.486940173228193 1.5438493620555125 0.951265624526936 0.5204165879246541 0 
1.649839441776382 1.0680659321294066 1.0675361187083974 0.7729490645595095 0.7594942207717696 0.542979007875889 

1.4492090035453329 0.9097123969540758 0.7751635194188232 0.7093321766376997 0.6812841902991855 0.456725135028313 
2.077990113131654 1.9318805302649744 2.28752318045254 2.0474980433058705 1.6998794807313264 0.9885945198808951 
1.42432879198229 0.5656970781561443 0.928211771245481 0.8057687610633084 0.23424011521741414 0 
1.8570965422103056 1.0465017578867282 1.2776121215723286 0.7482550070641725 0 0 
2.3253715224523357 1.8537067237219083 2.0314473313185175 1.977481458557205 1.2080651068559418 0 
1.6744610834410645 1.0136504784206428 0.9545760652174747 1.0626427394482993 1.2779248162532546 0.17088104843169313 

3.044875760331477 3.018688409598522 2.9200212664552327 2.8675901511028163 2.8827757191904837 2.51829222630571 
3.451241151749357 3.3134259363616723 3.517744681658621 3.2346097126402586 2.8444887211762233 2.0521042975270243 
3.339321727519579 2.9101187588086037 2.984767821596158 2.9267841215959822 2.775565378315461 1.9196119165268222 
3.5871821997000466 3.1042173511341566 3.241467275443771 3.1370973224283487 2.686250226190444 1.3869845126789837 
3.648528666150029 3.400184054124438 3.598887725468015 3.840514949585587 3.483308230160305 1.8322153640708423 
3.1083399852335516 2.8873206753175698 2.977498539126337 2.8815247478197037 2.9143668188682463 1.8017886913991807 

0 0 0 0 0 0.1558585079333175 
0 0.12530920455634012 0 0 0 0.7727187176700813 
0 0 0 0 0 0.9037594714310069 
0 0 0 0 0 1.4451994685905898 
0 0.05671962015514006 0 0 0 1.7400623691511188 
0 0 0 0 0 0.3383775486783671 

0 0 0 0 0 0 
0 0 0 0 0 0.2613360142317535 
0 0 0 0 0 0.40999126071066916 
0 0 0 0 0 0.2673042276529945 
0 0 0 0 0 0 
0.1796530753281803 0 0 0 0.09527500217341583 0.3996129304622847 

0 0 0 0 0 0 
0 0 0 0 0 0 
0 0 0 0 0 0 
0 0 0 0 0 0 
0 0 0 0 0 0 
0 0 0 0 0 0 

3.4220748954300197 3.399260647778692 3.357569184946214 3.6291885685714957 3.5447045558283845 2.53229407038954 
3.2485334049058903 4.2942205515437095 3.4913449482397336 3.408656243613975 4.193873104558996 4.013589733750135 
3.5364354882127502 5.146375411668903 5.15588641431414 4.5744517665057405 4.637291404657014 4.265658269365872 
3.0098715026547533 4.559078585201708 4.229221721727893 3.7685226393860924 4.576424362769129 4.501382541543297 
3.1532852294924694 4.417547293722275 4.005802742513401 3.100172530800701 3.799505012702733 4.625681415384057 
3.0304422641211217 4.266602111131365 4.151968837532636 3.6648305586086805 4.1723183533435355 4.456362440476519 

0.15211449181768968 0.6233117646398356 0.7760689229649861 0.4113216586321688 0.44214877046195195 0.2781393748419622 
0 0 0.24670126519175972 0.1558876362484644 0 0 
0.054145293683854 0 0.46615096754650204 1.025373313912548 0.4918359605153966 0 
0.04314822652630006 0 0.47944177220982054 0.5637120248393772 0 0 
0 0 0.32606528555750436 0.5571994920559956 0 0 
0.2630571524405362 0.5204571833181804 0.6353412212542434 0.8528454418491943 0.514404910088235 0 

0 0 0 0 0 0 
0 0 0 0 0 0 
0 0 0 0 0 0 
0 0 0 0 0 0 
0 0 0 0 0 0 
0 0 0 0 0 0 

0 0 0 0 0 0 
0 0 0 0 0 0 
0 0.07880219111061079 0.13714991496106177 0 0 0 
0.08912270575842518 0.055497204021486654 0.2628695850721385 0.09520940742357623 0 0 
0 0 0 0 0 0 
0.5707440447526624 0.8255103387168786 0.81510565038067 0.8585857364456204 0.6906908435474397 0.39003382446261203 

