1.5228111654170557 0.24353294969938988 0.07488905532011325 0 0 0 0 0.4637750911781566 0.3595729161490832 0 0 0 
2.7198888564634096 1.4255443715938423 2.311465363475879 1.8582765620835222 0.7705905340017312 1.068984064475644 1.1113242216829449 1.4174239281696273 1.6002469078573105 2.1839126119174375 1.5485896528117766 0.20713920158673005 
1.826268263521049 0 1.5663329520474962 2.152300024766172 1.2887455731517188 0.45537023718644465 0.6927002822266337 0.7888796996029506 0.3626992861399196 0.8587834118026295 1.091433806985779 0 
2.34946273783573 0 0 0.9598986974101338 1.010283243751003 1.2824026287845876 1.60956095506783 0.9807484971625821 0.3521679068528422 0.6475410068281215 0.22022198574370677 0 
3.2993591533198057 1.8216220109846517 1.1169763744928538 0.3596387410105449 0 0.6376242792029095 1.423090348564283 1.1493599170623852 0.5883103224476482 0.9587769892817993 1.2041921761096674 0 
1.4720724562087364 1.1453848798655435 2.16962057594708 1.430024083415516 0 0.191943607821244 0.731057560374307 0.8470891925170938 0.9763576186487082 1.347499737993675 1.3859694636797104 0.3261348785894748 
2.071160260970115 0.6403150786228897 1.4755476925282753 2.1882776623856595 0.46185604956830406 0 0.1852381230887721 0.8406517381603706 0.8742895897588937 1.7241717204806823 0.4645321304124078 0 
2.292785191659749 0.7534752586914988 0.47603529209374135 1.6086266421797337 1.78175037511466 0.0812334567843734 0 0.6758953296316108 0.7684397052976903 0.8279067538904905 0 0 
2.134979432554098 1.118312085010456 0.47303105185051103 0.6268985367035844 0.551027608383194 0.11820881988443277 0.6112454879349822 1.0093424074260084 0.7184452992997153 0.307817755437513 0.7440394118315128 0 
2.163662423498242 1.6464539118686257 1.8368104928578648 1.4887664185826828 0.12240928457167721 0 0.5887633870336129 1.0768865144641055 0.674030947823411 0.7970121129165241 2.1079397033240364 0 
2.163197121799822 1.8766821315041486 2.4972105848208628 2.205847095053274 0 0 0.0774657355898292 0.6944293541209371 0 0.6705279180946458 0.8162700329818537 0 
1.868915860708247 1.6972061490529537 2.5986455994281155 3.082103893545887 1.9643159031218758 1.8103572711997886 1.7692540992562136 1.575227679533215 0.8259290809576183 1.1175612462577855 1.235010678467759 0.3421020740341072 

0 0 0 0 0 0 0 0 0 0 0.23900344256341569 0.4120913113662996 
0 0 0 0 0 0 0 0 0 0 0 0 
0 0 0 0 0 0 0 0 0 0 0 0 
0 0 0 0 0 0 0 0 0 0 0 0 
0 0 0 0 0 0 0 0 0 0 0 0 
0 0 0 0 0 0 0 0 0 0 0 0 
0 0 0 0 0 0 0 0 0 0 0 0 
0 0 0 0 0 0 0 0 0 0 0 0 
0 0 0 0 0 0 0 0 0 0 0 0 
0 0 0 0 0 0 0 0 0 0 0 0 
0 0 0 0 0 0 0 0 0 0 0 0 
0 0 0 0 0 0 0 0 0 0 0 0 

0.5287239740712705 0 0 0 0 0.04032171439280169 0 0 0.06292821912267066 0 0 0 
0 0 0 0 0 0 0 0 0 0 0 0.25747458721087324 
0.17471159766423397 0 0 0 0.042224612558691574 0.17292118595099149 0.29408828874505 0.08060779700044332 0.055536140182485566 0 0.13038270266052948 0 
0 0 0 0 0 0.08046253812706554 0.25255319102769 0 0.06488155845154764 0 0 0 
0.2514843314556626 0.24918168817777617 0 0 0 0 0.09682293946678047 0.2068929500106073 0.005607162670957233 0 0 0.013553129537457353 
0 0 0 0 0 0 0 0.1120497879616313 0 0 0 0.09453055209342935 
0.36686973771159787 0.21353965202367542 0.021178015226999303 0.27803949134846373 0 0 0.3020849461898536 0.03144427832970968 0 0 0.32887849239107886 0.36658825601884615 
0.16378135617316292 0 0 0 0.052248084146291826 0.47780874928228745 0.5765188890376625 0.5227553519217184 0.03364438363139097 0.6160112626143515 0.8898768424951866 0.44439816934580784 
0 0 0 0.1651953335076563 0 0.3938909794930442 0.6720114123072292 0.7845416770774356 0.4195729383164659 0.6030599586631408 0.562080011466363 0.3619065942759133 
0 0 0 0 0 0.26890379142566684 0.1708977186090367 0.17571355882727915 0.2713741815487719 0 0.2547497365319783 0.6517565891754782 
0 0 0 0.0508973010816981 0 0 0.02148555588136697 0 0.9430674330123425 0.7455685258008429 1.3204818385975041 0.3377031640343231 
0 0 0 0 0 0 0 0.1580767817048312 1.5110108430192926 1.2620950474883805 1.2458631065124337 0.7188006941027633 

0 0.390576797628591 0 1.0366021387253292 1.5596650118698854 1.2396327913335712 0.6353402057341421 0.5270503066716786 0 0.8532793749407543 2.2599567288436346 1.9725476423196804 
0 0 0 0 0 0 0 0 0 0 0 0.017778737997968863 
0 0 0 0 0 0.1991197583574122 0 0 0 0 0 0 
0 0 0 0 0 0 0 0 0 0 0 0.022181602052209537 
0 0 0 0 0 0 0 0 0 0 0 0 
0.3465341277313013 0 0 0 0 0.21833906886632798 0.2130099251789319 0 0 0 0 0 
0 0 0 0 0 0.6825718623978908 0 0 0 0 0 1.1250058337523725 
0 0 0 0 0 0 0 0 0 0 0 1.3993292434877695 
0 0 0 0 0.4852751829878076 0.3672591209225623 0 0 4.565450570537255e-05 0 0 1.8699617453274229 
0 0 0 0 0 0 0 0 0.1445727433065119 0 0 1.3424960944223776 
0 0 0 0 0 0 0 1.6006017477304513 1.59958769387343 0 0 1.3528176071293254 
0 0 0 0 0 0 0 0.3296310500718178 0 0 0 0 

1.103681302721329 0.452375361563698 0.6378985141118032 0.8930649813004489 0.8317163726226247 1.0069659352251386 0.506267154159694 0.32589616955636336 0.4455564367439102 0.2802580602996651 0.661027279353664 1.8378674651153348 
0.7813985237001366 0 0 0 0 0 0 0 0 0 0 0.5157815799691271 
1.6879732050640417 0.023401979355120298 0 0 0 0.27824183339151254 0.11727511856433247 0.8118966355307571 0.3822415117412785 0.3336551035186929 0.37843525837407105 0.3810233307764927 
0.8338048542037529 0 0.361197087225956 0.47960397794517523 0 0 0 0.5610959778770943 0.2101499711047619 0.13415542823707194 0.7315138986379386 1.0675144038618969 
0.5875701343497798 0 0 0.6438114955944221 0.3168216795325826 0.06726782038791987 0.604055464790303 0.39931009126008576 0.03424526671690961 0 0 0 
1.3261626388487517 0.695813448543378 0 0.49839964851570595 0 0.36887359096651406 0.37132686071475596 0.19631993097770828 0 0 0 0.12342298067458374 
1.280165754249577 0.32217966227236694 0 0.2378397325713981 0 0.3274956808159151 0.5280585378171347 0.18540606229424808 0 0 0.4915600100092077 1.7763744245042707 
1.03326966849917 0 0.22736908401698064 0.47839898263109437 0.279401110818742 0 0 0.41383580292854516 0.22912573933345431 0.4497782253046092 0.4484064132990809 0.7945828542704306 
0.8944946030189415 0.19474847628511924 0.13326147359454554 0 0 0 0.4025037357372667 0.3043137642444271 0.46129080463936945 0 0 0 
0.6545012396881701 0 0 0 0 0.15378881299459501 0.06903886870733345 0.3017108401305752 0.665516636974918 0 0 0.8501066361375106 
0.563428227492928 0 0 0.3597267281873361 0 0 0 0.02827452172559726 1.044496145746202 0 1.2557860942293428 0.40532595269140215 
0.6888901117319726 0.26005922670087084 0 0 0 0 0 0 0.05871221342653142 0 0 0 

1.032330383182162 0.6666924128014915 0.9050398762209748 0.7102044905397988 0.7101349595669451 0.7397860938941506 0.4016005023431578 0.7761330077956976 0.8522606218450133 0 0 0.15723369361731504 
0 0 0 0 0 0 0 0 0 0 0 0 
0.8209886867466085 0 0 0 0 0.03800747463017287 0 0.29757047263384206 0.12696356376566845 0.0018863222205832142 0 0 
0.30222765806317986 0 0 0 0 0 0 0.060042955143396304 0 0 0 0 
0.0029623115115998792 0 0.2858152895263109 0 0 0 0.19065096631142758 0.31914738865023917 0.44382444706835056 0 0 0 
0 0 0 0.4995189819311148 0 0 0.23470368880575565 0.2215076247316239 0 0 0 0 
0.17722357356833957 0 0 0.2938985090603703 0 0 0 0 0 0 0 0 
0.6073539735917569 0 0 0 0 0 0.0826468246572326 0 0 0 0 0 
0.46122184332594185 0 0.08368079645316939 0.21374414670860098 0 0 0.11189716456581861 0.2047889022770561 0.08115641500733731 0 0 0 
0 0 0 0 0 0 0 0.12450316699356535 0.09759271316161529 0 0 0 
0 0 0 0.6899635140404419 0 0.1966044398515839 0 0 0.13429066568186945 0.15423198198212754 0 0 
0 0 0 0 0 0 0 0 0 0 0 0 

1.0275109452306304 1.5312091586822278 0.8060234907555461 0.6283172754031378 0.5276050361388603 0.42963219790817364 0.5474070327194798 1.5299147627228853 1.209636325388215 0.3875003461116794 0 0 
0 0.5027549125277032 0.04127683387104941 0 0 0 0 0 0 0 0 0 
0 0.4601920351144772 0.35786812155816106 0 0 0 0.010285842078048418 0.146425635311964 0 0.17851013719827646 0 0 
0.20441940189718844 0.5870171791121155 0.4566217322049708 0.034956585201806306 0 0 0 0.22344122579473552 0.3143423773593613 0.6531776373567549 0.48712965627554755 0 
0 0.3713119074592937 0.7506272867742778 0.06444704862833375 0.020917157846290446 0.034220190457697613 0 0.5365866663649574 0.7152034487755183 0.6233438627884944 0.23003621007457478 0 
0 0 0.07341468481879221 0 0.12777091104383323 0 0 0 0.15604181014113366 0 0 0 
0.115258495906356 0.41379390520352133 0.15660452494043173 0 0 0 0 0 0 0 0 0 
0.3652393754772452 0.7834111649195217 0.48515411587070933 0 0 0 0 0 0.03667954363294701 0.40378732270237394 0 0 
0.6755000718644626 1.1448525875434556 1.278291558431974 0.5207793786197059 0 0 0 0 0.4631246429232102 0.36685072504080346 0 0 
0.48421586634973407 0.7049168540781221 0.7736747226676688 0 0 0.10591310422908079 0 0 0 0 0 0 
0.08911792051464981 0.2709825526881752 1.4077636361290669 0.8203990849354494 1.6608898756957513 2.0132102857875083 0.21386719794050157 0 0 0.15742539755340998 0 0 
0.2913243588906118 0.45099291556762755 0.9941944372208678 0.30731693627158885 0.45644584106211966 0.8736983150659615 0.1029175436024714 0 0.137623418492078 0.9936428719825644 0 0 

1.837488988104303 1.6359390776094305 1.144513611160328 1.3599463296299206 1.7367357170933497 1.7449203707041478 1.5449647882344117 1.5987551352635327 1.924430852595322 1.4894999650521448 1.2467618906490552 2.0768900882777013 
0 0.6118449323522018 0.46117899370740706 0 0 0.259464103067373 0.9777209590203717 0.05342042432075206 0 1.1607139179209478 1.648889160049337 1.9899679019162608 
0.6546638708503008 0.4968336660858448 0.2424535027641293 1.4373172939664864 1.8789117749162094 1.4432971149630525 0.702171264788761 1.0158006447272858 1.236739150462351 0.6487845052135282 0.35684174694084625 1.4889424041792885 
1.094630418169129 1.1412174753667632 0 0 0.7831150740112235 1.2007329721285527 1.2354640380961313 0.24415531033016002 0.37725051460841963 0.15407877707608986 0.7192825865163428 1.5350850998545527 
0.5945620091739757 1.8996125733635774 1.0007812381444294 0.6315727223056828 0.7527309929108468 0.635789162133886 0.8428014568050103 0.5128797806351165 0.5549441546528224 0.22162994080370169 0.7017467003284348 2.6492742122258077 
0.7305869553103812 0.31721058679121866 0.6591984167164028 0.4124932199558936 0.9301494229190006 1.2618183657149356 1.0698151124498922 0.684617696007007 0.6917525467722524 1.2089638812578674 0.8179847074252191 2.4287737913323575 
1.0644140397681008 1.3333673522228178 0.8472927691124956 0.534255785663285 0.9104272203429915 0.7527207219897181 0.6780829549697216 0.5552490278945331 0.6063285446163513 0.935513455750826 1.233846616672266 1.7841607166746887 
0.9943811937821208 0.28519862244440886 0 0 0.6611848297120244 1.353150146655963 1.0160276698941382 0.6597173862374366 0.7438126807120378 0.03289937381946284 0 1.5622368858818478 
0.8134491508023266 1.150561228261073 0.40912279041331834 0.5188834275575843 1.1631825872580435 1.1559880690788675 0.7948187114893127 0.9790724928411932 1.1889028011031315 0 0.4832554154760654 2.1272746858801814 
0.6245659098404001 1.0225186336820054 0.21849375839841667 0 0 0.5956858229486085 0 0.7512052546137554 0.5790194043728627 0 0.8537607314513458 2.3352259739563643 
1.038596595358342 0.6228409933125636 0.3262848513364035 0.9761659693197859 0.9467925118046748 0.3206718666261359 0.332816820489206 0.874672598219701 0.7461528427397303 1.0316033670355753 1.1183737012260497 1.2442413863383166 
1.656179787493543 1.9819879543234573 0.9914587633814895 0.9503482714425888 1.702090962896988 1.596231810017791 2.1157112527724133 1.145777025785251 1.350756680597385 1.0228830246248681 1.1010036659963092 1.6557082299066783 

0.08845069617616269 0 0 0 0 0 0 0 0 0 0 0 
0.04408361492467533 0 0 0 0 0 0 0 0 0 0 0 
0.5450261091813854 0 0 0 0 0 0 0 0 0 0 0 
0.19715595534837863 0 0 0 0 0 0 0 0 0 0 0 
0 0 0 0 0 0 0 0 0 0 0 0 
0 0 0 0 0 0 0 0 0 0 0 0 
0 0 0 0 0 0 0 0 0 0 0 0 
0 0 0 0 0 0 0 0 0 0 0 0 
0 0.19348443454935982 0 0 0 0 0 0 0 0 0 0 
0 0 0 0.08689077840947156 0 0 0 0 0 0 0 0 
0 0 0 0.581095783325568 0 0 0 0 0 0 0 0 
0 0 0 0 0 0 0.5190645063016485 0 0 0 0 0 

0 0 0 0 0 0 0 0 0 0 0 0 
0 0 0 0 0 0 0 0 0 0 0 0 
0 0 0 0 0 0 0 0 0 0 0 0 
0 0 0 0 0 0 0 0 0 0 0 0 
0.4901365456411353 0 0 0 0 0 0 0 0 0 0 0 
0.016773792235129814 0 0.037489123705975014 0 0 0 0 0 0 0 0 0 
0 0 0 0 0 0 0 0 0 0 0 0 
0 0 0 0 0 0 0 0 0 0 0 0 
0 0 0 0 0 0 0 0 0 0 0 0 
0.3396297237481444 0 0 0 0 0 0 0 0 0 0 0 
0.5545129285511501 0 0 0 0 0 0 0 0 0 0 0 
0.6173851955669962 0.2808906617327954 0.8315584072833964 0.05599015792094145 0 0 0 0 0 0 0 0 

1.0990501656676939 0.8767548863119006 1.1803877578239983 0.9534983893578411 0.7731902691194843 1.1244737757585508 1.080718379724667 1.3690780462208225 1.3443474213776752 0.1303469466368958 0.3672169415668183 0.8793052456555552 
0 0 0 0 0 0 0 0 0 0 0 0 
0.4414594998546802 0 0 0 0 0 0 0 0 0 0 0 
0 0 0 0 0 0 0 0 0 0 0 0.11310743207166296 
0 0 0 0 0 0 0 0 0 0 0 0 
0 0 0 0 0 0 0 0 0 0 0 0 
0 0 0 0 0 0 0 0 0 0 0 0 
0 0 0 0 0 0 0 0 0 0 0 0 
0.2249687078469872 0.08079848067993835 0 0 0 0 0 0 0 0 0 0 
0 0 0 0 0 0 0 0 0 0 0 0 
0 0 0 0 0 0 0 0 0 0 0 0 
0 0 0 0 0 0 0 0 0 0 0 0 

0 0 0 0 0 0 0 0 0 0 0 0 
0 0 0 0 0 0.2247646860695637 0.3922000281592519 0.4863752707333116 0.8508062129203012 0.45474923915135307 0 0 
0 0 0 0 0 0 0 0 0 0 0 0 
0 0 0 0 0 0 0 0 0 0 0 0 
0.3823881527449058 0 0 0 0 0 0 0 0 0 0 0 
0 0 0 0 0 0 0 0 0 0 0.08536496982369252 1.2208812450113058 
0 0 0 0 0 0 0 0 0 0 0 0 
0 0 0 0 0 0 0 0 0 0 0 0 
0 0 0 0 0 0 0 0 0 0 0 0 
0 0 0 0 0 0 0 0 0 0 0.19901880191026924 0 
0 0.0011069825871277694 0 0 0 0 0 0 0 0 0 0 
0.4474599538348777 0.20307357262456707 0 0 0 0 0 0 0 0 0 0 

2.120312385297774 2.0346821871785004 2.367914529985595 1.874436806449681 1.2304989111136 1.2733352478291007 1.2654116394425339 1.7231197072156201 1.3860831491331904 1.5738849652386282 2.014750664676947 0.33132308381161785 
0 0 0 0 0 0 0 0 0 0 0 0 
1.2937292290262927 0 0 0 0 0 0.3791261299100521 0.6626207105825461 0 0.25300078014130545 0.31627223320499154 0 
0.8980819072934885 0 0 0 0 0 0 0.38937717421274576 0 0.2984789074282429 0.27311998286921946 0 
0 0 1.283326008092144 0.5741779696659934 0 0.01939842638048417 0.19270251231929675 0.1986577133083151 0 0 0 0 
1.4905690329006773 0.287087069290872 0 0 0 0.5421979086741759 0.6674211637085549 0 0 0 0 0 
0.5836433411721028 0 0 0.5755234053629288 0.558022795953898 0 0 0 0 0.18256576087666504 0 0 
0.4271398166710887 0.08926855948903267 0 0 0 0 0 0 0.45994641590399965 0.6303656851932735 0 0 
1.2369203923930785 0.2643164186417236 0.2010718317904701 0 0 0 0 0.1965002419179376 0.2870884704953026 0 0.0440762976491367 0 
0.5352094351447949 0 0 0 0 0 0 0.46373622139229387 0 0 0 0 
0.0021475038219533893 0 0.11254466022139398 0 0 0 0.036897584741145656 0.9127840178602684 0.5680345672288557 0.45147611394406634 0 0 
0.29660062337222254 0 0 0 0 0 0 0 0 0 0 0 

1.535938865911202 2.5415895549117122 2.8581039689601124 3.197932255990624 3.367717638736101 2.83257077284554 2.4270403419207733 2.1875662144852828 2.5096751509946977 2.159525854613531 1.960913356188916 0.4893006141454385 
0.493846209523642 2.1389749358806873 2.142651651696093 2.7530561010066887 3.118357352728959 2.804895365238935 3.092768314270679 1.5288856359244345 1.8236772917422643 2.1821586575206267 2.14629689067974 1.4499841597916663 
0.8919090147036667 1.2043748038944193 1.1745047302866891 1.7637127087462603 1.444877333838957 1.662954222940484 2.360255905453824 1.8095336977472631 2.037596861998172 1.7666869385403998 0.9085167407420474 0.23833749958128556 
1.7196704998423298 2.840870339603445 2.8280044133946856 1.1862660910479041 1.2480287871881315 1.9501219297110315 1.2510322003938947 2.211327618825945 1.937227308114872 3.6531806570447323 2.786271352496153 1.6008043696017622 
1.1773865540319115 1.813122496160896 2.35169104011621 1.6431618205235456 2.623288072889619 1.8502885915214657 1.202882589952557 2.0805526837307853 2.356378367952613 2.3630202754009173 3.366065673301346 1.5407734888433637 
0.08951785315251484 1.200426598007524 1.960016023195008 3.6176367261520768 3.9777473038227247 1.596516963287751 1.611058357909686 2.2033931637510777 2.57728838172161 1.7702599921889923 1.541000658180098 0.11119328416136001 
0.4636427562996905 2.0818424663622004 1.0065440095279228 2.6273967928692743 2.5467172511989737 3.0885564972130672 2.802574877499276 1.8856468351733084 2.3503926706422393 1.9008805864452496 1.388043595896669 0.423145485500555 
0.44206715354249976 1.2097995660767653 0.7828311908022303 2.407526180964559 3.1473233821933473 3.394820993692514 1.6515088293532942 2.578541978973919 1.9158311470125349 2.281352851347026 3.1939705321945113 1.0184498789561298 
0.9679298737184678 1.4189678831023118 2.7270561023814275 3.1773972758105167 2.400248713048744 1.8093963177705288 2.19058111853214 2.7225745523142524 1.2581620321696034 3.848861395687247 2.942083844967546 1.1423918982490295 
0.6283364284036812 2.0483775585324357 2.950906310950185 1.6164794514717955 3.0876174349329712 2.199309621135811 3.418278909016588 2.322242115583686 1.6684176437925018 2.4166055824607913 1.2366013074686513 1.187815077874475 
0 0.7741460928793432 1.6556372904345042 2.41584453017889 4.162149850798033 4.073763710696571 3.2997083331231924 2.363594649532717 2.7999043725958326 2.500968119475182 0.9813567385969086 2.083288802687533 
0.12770205387259767 0.1414488893912702 0.4702249449500522 1.9047154570283729 2.0834150037411776 1.693308573240323 0.10416799312414268 1.6379675385415575 2.7747703787445377 2.0723674664274148 1.835334628142219 1.3711746438856174 

0 0 0 0 0 0 0 0 0 0 0 0 
0.06271674270797536 0 0 0 0 0 0 0 0 0 0 0 
0 0 0 0 0 0 0 0 0 0 0 0 
0 0 0 0 0 0 0 0 0 0 0 0 
0 0 0 0 0 0 0 0 0 0 0 0 
0 0 0 0 0 0 0 0 0 0 0 0 
0 0 0 0 0 0 0 0 0 0 0 0 
0.12419823279344216 0 0 0 0 0 0 0 0 0 0 0 
0 0 0 0 0 0 0 0 0 0 0 0 
0 0 0 0 0 0 0 0 0 0 0 0 
0 0 0 0 0 0 0 0 0 0 0 0 
0 0 0 0 0 0 0 0 0 0 0 0.10452237912891175 

0.49583192030838624 0.7278853600288857 0.49875910664334777 1.087737369449275 0.9326833053600343 0.6993509906023759 0.6573493711011081 0.8813979149732994 0.6368162864706982 0.31430345297519646 0.14293032446217527 0.18656788921949882 
0.6468485745387768 1.6099797196847139 0.2511091415230263 0.2781895647964756 1.0653166688110753 1.4488559629367683 1.4100914705694247 1.3857236952355447 1.0497859069943158 1.131635376251461 0 0 
0.24944347294235486 1.1769594902183134 0.1587174434460436 0 0 0 0.19651325568883013 0.2718108452380712 0.19869278173239108 0.11441371856403043 0 0.04861059879791996 
0.061622125003674484 0.8564362077441594 0.99754627957446 1.0138617396466603 0.145492946517923 0.21455342582437237 0 0.28830306183982785 0.5733445313149007 1.1583080159457817 0.5878827623651666 0.4570762945564437 
0.025212583204645672 0.4675876699236909 0.28206615554181025 0.5098260031533969 0.6004216173803477 0.24261897615930647 0.11186619804856793 0.41006218648381326 0.37215385003170126 0.6105826888861894 0.04264887636395387 0 
0 0.07098175525118455 0 0.7048414314859877 1.463605181552995 0.8798763707883706 0 0.1473021035420075 0.7924329688115743 0 0 0 
0 0 0 0 0.6474304571951485 0 0 0.22065463774326527 0.4489808531938881 0 0 0 
0 0.5297031734950512 0.42183397131885814 0.36888251235134517 0.30645023217672507 0 0 0 0.24894235303044476 0 0 0 
0.6866219590339755 0.9441014899123495 0.7381118356408705 0.2814365744268789 0 0 0 0 0 0 0 0 
0.49978153189640684 0.8184325048428767 0.8822963646532896 0.7299945435380026 1.0684949778028972 0.32170490647333994 0.15455791024215332 0.2899519528442437 0 0 0 0 
0.07544476219971231 0.6647172895300805 1.046635204670622 0.744307469657627 1.37137873090687 0.7940362283325236 0.5381321573965675 0 0 0 0 0 
0.3533460707017383 0.35672456084611853 0.006359025651608785 0 0.4419765851105922 0.8892303658908237 0 0 0 0 0 0 

0 0 0 0 0 0 0 0 0 0 0 0 
0 0 0 0 0 0 0 0 0 0 0 0 
0 0 0 0 0 0.005005075775336154 0.15257490234652482 0 0 0 0 0 
0 0.7735991678432422 0 0 0 0 0 0.3926861746974847 0 0.27981364826304034 0 0 
0 0 0.3689269922020797 0 0 0 0 0.2764050588981145 0 0 0 0 
0 0 0 0 0 0 0 0 0 0 0 0 
0.4074763415550108 0.19833095066203166 0 0 0.12363927853030876 0 0 0 0 0 0 0 
0.16932264829200572 0.9826708614867358 0.015541610979858955 0 0 0 0 0 0.06739840878752346 0 0 0 
0 0 0.3573103193838457 0 0 0 0 0 0 0 0 0 
0 0 0.1111998744951499 0.40459208524044765 1.0724459587177249 0.2768211181599982 0.18320755394287552 0 0 0 0 0 
0 0 0.34203496607831196 0.6898078678333439 1.3911120174530849 0.8833061662987582 0 0 0 0 0 0 
0 0 0 0 0 0 0.10010127815736947 1.1909909389370263 0.9645402475427745 0 0 0.017846706154353548 

0 0 0 0 0 0 0 0 0 0 0 0 
0 0 0 0 0 0 0 0 0 0 0.24467594803377052 0 
0 0 0 0.3557942982737852 0.09704189202980676 0 0.24914748074166523 0 0 0 0.3090083606011662 0 
0 0 0 0 0 0 0.48857405945489146 0 0 0 0 0 
0.7393673601623614 0 0.10772492837403219 0 0 0 0 0 0 0 0 0 
0.30077646433100286 0 0 0 0 0 0 0 0 0 0 0 
0.7639451108464379 0.11731073187869226 0.0993222875937626 0 0 0 0 0 0 0 0.22986733458820857 0 
0.6334992425796355 0.8218232246391914 0 0 0 0 0 0 0 0.6733263518729187 0 0 
0 0 0 0.050635594665369016 0 0 0 0.08901899019546819 0 0.24319795831103347 0.47875418009462234 0 
0 0 0.29292005205639415 0 0 0 0 0 0 0 1.0980360266823892 0 
0 0 0.5649043901830245 0 0 0 0.29990933402387765 0 0 0 0.5800477418391604 0 
0 0.1371940436253763 0.592926998879977 0 0 0.17625363674849756 1.016637115695393 1.5736140402601957 0.3163783192378529 1.2230049708824098 0.9405649137849023 0 

0 0 0 0 0 0 0 0 0.09720757228332286 0.1761139198824748 0 0 
0 0 0 0 0 0 0 0 0 0 0 0 
0 0 0 0 0 0 0 0 0 0 0 0 
0 0 0 0 0 0 0 0 0 0 0 0 
0 0 0 0 0 0 0 0 0 0 0 0 
0 0 0 0 0 0 0 0 0 0 0 0 
0 0 0 0 0 0 0 0 0 0 0 0 
0 0 0 0 0 0 0 0 0 0 0 0 
0 0 0 0 0 0 0 0 0 0 0 0 
0 0 0 0 0 0 0 0 0 0 0 0 
0 0 0 0 0 0 0 0 0 0 0 0 
0 0 0 0 0 0 0 0 0 0 0 0 

0 0.06449371160086581 0.008606148348383358 0.44280086124196755 1.231207859525976 1.0816069941965367 0.3867718355488438 0 0.5730730331581774 0.23857676946678114 0.17020862549592802 0.7223024438514782 
0.6690918276347201 1.7064421573552873 1.740339052894385 1.9421927530079544 2.0256693348562234 2.1040910738414307 1.295355889038709 1.9291479135846632 1.8681793598857428 0 1.1608186342664393 1.1659503697588531 
0 0.8253823286198521 0.9759655687271178 0.612136519465567 0.7701112425752963 1.3645138191244959 0.5834299996297777 1.1313667947819215 0.8261059173294629 0.12181344478578238 0.1233191784380625 0.5333953703618639 
0.5396011598859884 0.3482712437263108 0.7372598258285372 0.13971608229246868 1.240679816692083 0.5359370207372557 0.3578090350033617 1.2095642665424289 0.8112907179363503 0.3397276945514254 0.6338325078832496 1.41040530889325 
0.692221429577907 1.4010943025150282 0.21026412693309326 0.5678145074154543 1.0261503832311092 0.2695342598162867 0.314103270065459 0.8644836371525969 1.1659406879118739 1.3877854163453471 3.091043358329586 1.748798280908872 
0.30898835286314674 1.7119902869324495 0.9613898326587381 1.3096463917934926 0.7342268066551672 0.8960466442887538 1.2161916875048513 2.0024423163493754 1.8579910903963917 1.586796233095766 2.2088066527566683 0.5964963179847907 
0 0.9662245972922294 1.8064275967106354 1.413869499790939 1.2162239578487777 2.5519015430326517 2.4918298360223012 1.9609513853729965 1.5465595941076153 0.5312816771851209 0.3790938978521949 0.8086694064811683 
0 0 0.09958987001936082 0.6333328171992711 1.7052775757790612 2.7640982794264333 1.9935279637007008 1.332540869590781 0.5845526546207858 0.7481635223576103 2.329633048442468 1.4281293323170325 
0 0 0 1.2109983695799453 2.617983916509975 2.465234909844032 1.9101936248957756 0.7814711678843403 1.205549053723856 3.3436729079996996 2.7719849935077585 1.9086724371621226 
0.34414771343189976 1.1136011215771424 0.619217284312999 0.29653028712816476 0.8527327571758281 1.1215012494334933 1.2445764452379033 0.7900817618914117 2.8658565319054543 2.2253153090604023 0.939218926107849 2.4431208848320676 
0.3885526485787628 0.3679832656189395 0 0 1.1844668298227043 1.1810620946202186 1.0834898520201108 1.8194120940169374 3.4329451892054674 1.0849816692553826 1.8705942698422857 2.3264946059817735 
0 0 1.1869280907360347 2.794232513356593 2.0941336707873406 1.134109615270366 0.26198054746051924 1.826110831071524 2.779827670157763 2.8977216903015464 2.5833165541273515 0.6697534337493454 

0 0 0 0 0 0 0 0 0 0 0 0 
0 0 0 0 0 0 0 0 0 0 0 0 
0 0 0 0 0 0 0 0 0 0 0 0 
0 0 0 0 0 0 0 0 0 0 0 0 
0 0 0 0 0 0 0 0 0 0 0 0 
0 0 0 0 0 0 0 0 0 0 0 0 
0 0 0 0 0 0 0 0 0 0 0 0 
0 0 0 0 0 0 0 0 0 0 0 0 
0 0 0 0 0 0 0 0 0 0 0 0 
0 0 0 0 0 0 0 0 0 0 0 0 
0 0 0 0 0 0 0 0 0 0 0 0 
0 0 0 0.002215962049862963 0.8505296837719207 0.39971506081199165 0 0 0 0 0 0.23605711354270617 

0 0 0 0 0 0 0 0 0 0 0 0 
0 0 0 0 0 0 0 0 0 0 0 0.1171590210065648 
0 0 0 0 0 0.1387900900763835 0 0 0 0 0 0 
0 0 0 0 0 0 0 0 0 0 0 0 
0 0 0 0 0 0 0 0 0 0 0 0 
0 0 0 0 0 0 0 0 0 0 0 0.1967235539607589 
0 0 0 0.2606037025216549 0 0 0 0 0 0 0 0.28500611252697633 
0 0 0 0 0 0.043563229963811 0 0 0 0 0 0 
0 0 0 0 0.059798913043923714 0.31607422267573804 0.18970834256081726 0 0 0.009824305804872105 0 0 
0 0 0 0 0 0 0 0 0 0 0 0.43146895986752404 
0 0 0 0 0 0 0 0 0 0 0.591948881214398 0.8390433756197121 
0 0 0 0.07785350775602642 0 0 0 0.43538179299130747 0.9833976204725404 0.46809737895979964 0.5855242634561983 0 

0.2853493323404371 1.0681121099481743 0.9188134808407291 1.3809136612771766 1.771531518266824 1.4496037857487383 1.263124044282725 0.9775776232419736 0.7164253303447724 1.298937640479516 1.5234130755440178 1.2581946418122003 
0 0.145305747212148 0 0 0.4525268934736752 0.5763446495958225 0.6852703435797657 0.2461476990160717 0 0 0 0.7156561996979971 
0 1.3431484319464084 0 0 0.6890466468620854 1.2738681422222942 1.2151276639614819 0.8437599461181423 0.8364639110579962 0.7118502798499406 0 0.6692421543825023 
0 0.7616507947001829 0.6767203719352727 0 0 0.6086354505054664 0.7296156002055801 0.5884668249118981 0.1926138115535534 0.642948508802581 0 0.6734624213261965 
0 0.9266721688214662 0.869997505990086 0.18708732501505176 0.544238627078642 0.9947807361930827 0.6554508664559071 0.49545021503444825 0.2942931001687195 0.5050728208239514 0 0.8012085146592738 
0.761001383427799 0.5264296753181475 0 0.22491006080645154 1.7534919054840463 1.7254691566597617 1.0350709017015445 0.8970167152057771 0.8206021535067904 0.5253922348189437 0.05209997242051054 0.765673439536575 
0 0.6560207058161498 0.7002960345084839 0.6175990898739123 1.4380096214334679 1.1078263179627188 1.1024896903933765 0.7353055066498371 0.9291611297961408 0.08974952826087307 0 1.0927968617392771 
0 0.17335804012359976 0 0.035153221554103886 0.6262917423212695 1.4474789886140147 1.1790818619256331 0.7762307503155517 1.1792093382543174 0 0 1.4007745546712354 
0 0 0.0020585738476041893 0.8990332786905273 1.4375892619959618 0.7803163751793424 0.9939480610828696 0.9759412283007854 0.7117643974337642 0.05388119419348997 0 1.2381543586859254 
0 0 0.28064835032110513 0.09615534540657081 0.30574897868966644 0.053022983947524 1.0838914629505396 1.5444064469724745 1.2235689929690805 1.0156447397930457 0 1.6234827402919514 
0 0.18968664883287575 0 0 0.30515623475518294 0.607846866080225 1.3857021531529452 1.9945894979047476 1.480232479364167 0.6309212636421635 0 0.9820525401504676 
0.006831231928203655 0.23405927349178815 0 0 0.08214788869407044 0.47612200780472047 0 0.18402689061784866 0.1506309706855657 0 0 0.534230990801918 

0 0 0 0 0 0 0 0 0 0 0 0 
0 0 0 0 0 0 0 0 0 0 0 0 
0 0 0 0 0 0 0 0 0 0 0 0 
0 0 0 0 0 0 0 0 0 0 0 0 
0 0 0 0 0 0 0 0 0 0 0 0 
0 0 0 0 0 0 0 0 0 0 0 0 
0 0 0 0 0 0 0 0 0 0 0 0.6572726071073346 
0 0 0 0 0 0 0 0 0 0 0 0 
0 0 0 0 0 0 0 0 0 0 0 0.04294958577445249 
0 0 0 0 0 0 0 0 0 0 0 0.8167285618041134 
0 0 0 0 0 0 0 0 0 0 0 0.3487449056293657 
0 0 0 0 0 0 0 0 0 0 0 0 

1.1888066027886794 0.8128349308363282 1.1883772006359978 0 0 0.83598517885875 0.8305903683414312 0.7248774190315604 0.6149042005340986 0.599210019556779 0.4369346533945716 0 
0.27876916786050854 0 0.6468299184076426 0.3785623680443009 0 0 0.340617216789307 0.6583666935802424 0 0.7723928575092069 0 0.008876791871194917 
1.5622015249046257 0 0 0 0.05223131834338447 0 0.17484815232100204 0.6834713180997586 0.5217827922256679 0.45400505883176073 0 0 
1.7483136308032596 1.8889482241104143 0 0 0 0 0.21863147879398137 0.5390056211466632 0.3375243628130661 0 0 0 
0.9910072415289138 0.9484485706396274 1.8348626537907513 1.2023980093692574 0 0 0.05331335979412116 0.15278656365752974 0 0 0 1.0025520250307007 
0.6969598154823362 0 0.7230567261540992 1.3150533465472942 0.35996083793947553 0 0.033105395157597306 0.13068329378559349 0.08183983685293106 0.3170774692569426 0 0.38907793576921534 
0.698708694343938 0 0 0.5393206267980988 1.0382273697413138 0.5863942339540644 0.5056708965630894 0 0.15951524248596727 1.188823752857307 0 0 
0.966873590307131 0 0 0 0 0 0.11682448757714192 0.12576342106428542 0.5092401148805246 0 0 0 
1.2371951915186672 0.6627399590604591 0 0 0 0.09285495216234145 0.1699786585818113 0.30016920064636965 0.29472930563959343 0 0 0.9226226040710629 
0.30790790164829795 0.2627018698052427 1.5090181691683655 1.311133373315842 0 0 0 0 0.2194255452350613 0 0.1774035072649897 0 
0.3939913490180911 0.39340676284898835 1.130807795172962 1.6256182569634114 0 0 0 0 1.3462876903774894 1.1617081509887528 0 0 
0.5373954300359254 0.6378598370058176 0 0.6832271627952056 1.207293208300721 0.9872898732395686 1.0992925302109555 0.4791534375724146 0.3431062610032088 0 0.08097461437234178 0.31570476397900715 

0.7010749621709882 0 0 0 0 0 0 0 0 0 0 0 
0.5823778156977122 0 0.06355727243246895 0 0 0 0 0 0 0 0 0 
0 0 0.6586574250728578 0 0 0 0 0 0 0 0 0 
0.5049603080580384 0 0 0 0 0 0 0 0 0 0 0 
0.3876207731280035 0 0 0 0 0 0 0 0 0 0 0 
0.5636566022360581 0 0.976701662865721 0 0 0 0 0 0 0 0 0 
0.22879875240097097 0 1.5799716782636009 0.2785689961742549 0 0 0 0 0 0 0 0 
0.5289641174328565 0 0.6290328408279404 0.27588748210473746 0 0 0 0 0 0.21257768547103106 0 0 
0.9019947598750944 0 0 0 0 0 0 0 0 0.4234744449772555 0 0 
1.2832392908859336 0 0 0 0 0 0 0 0 0 0 0 
1.0191815797223562 0.044462893064866504 1.1006636781808061 0 0 0 0 0 0 0 0 0 
0.6824087069670527 0.2690738481557132 1.7038867614032644 0.281483410190725 0 0 0 0 0 1.0512321516596117 0 0 

0 0.00171413062946979 0.06026877614259196 0.4837269465065364 0.43657817660049536 0 0 0 0 0 0 0 
0.7957198860264684 2.990613146677679 2.7549183112532947 2.360295522828955 3.655151341162458 2.8275696316868446 2.537937160982285 2.230997876692375 2.215895867038213 2.43575844711897 2.7248200339589714 0.5670286907253116 
0.2318074786069404 2.313407422343311 2.505197356398 1.9571016689913399 1.808283183110638 1.3012327238581576 1.4572310155241794 1.2376316819904183 1.216997213984951 2.1416583136233562 2.582994753946239 1.3582151240967126 
0 0.4543753912240238 1.7184705543617491 2.4385204084210126 2.623942287062196 1.912281125062027 2.115165706469999 1.7191839485209677 1.9480555575013592 2.4088789271815285 2.388248425060021 0.4134080758560973 
1.1212122614733928 1.8206656738000329 1.322663147211355 0.9520433554154637 1.5326837725389149 1.804341875599863 2.1577646197549143 2.3783364680556582 2.2463615811523754 3.067402046512324 2.192658104637928 0.05399425045980688 
0.6096635644553223 1.228533900694874 3.10217392871373 1.9985613817324832 2.538196282861507 2.4537430928103587 1.8615042766444414 1.9111314655191831 1.5013763119984018 2.0053174920061863 2.183873025282863 1.5879929165962148 
0.540089265273928 1.4504573876139801 2.960291535987135 1.8009908568632396 1.9399714340013843 1.6874278152881403 2.2554719911196544 1.715417003840831 1.8129428534159027 2.248119887029672 2.818812464097672 2.025219996204895 
0.6648003893968153 1.7221273677640765 3.1693954557085195 3.7908042977699616 3.8533777412490746 3.481058864484966 3.0568457499806447 1.617494393594466 2.4722555969135223 3.5921024489776285 3.0028730802408306 1.2315889191404739 
0.36273976614327536 1.413095102648367 2.025053216499013 2.579796731533152 2.318870341346665 2.1104600913050526 2.288619667100325 1.8606094920851597 2.4589375846601653 2.8588319290850794 1.8845651331518947 0.5998566643530183 
0.3199849180329273 1.0673702649880454 1.945781777822477 2.688224742805777 3.840955301813179 4.407978226068018 3.150237858889868 3.2992725977132302 2.385642991248292 3.409357615073162 2.8492239590864696 2.6131813210481663 
0.04348984946694617 0.567209837829862 2.691258963528476 2.2046115063246474 2.6646870055125156 2.393302214060678 1.9882683108641743 2.7213540497611524 1.0442809570134073 3.000379566467518 1.891996667338812 1.2898142046686847 
0 0 1.5058703088648078 0.6155133885202052 0.3636321644755455 0.360497308268444 0.8384674243047218 1.706628846583082 1.4864163532824204 2.9075731069514017 0.5960307893894802 0 

0 0 0 0 0 0 0 0 0 0 0 0.12255195192123336 
0 0 0 0 0 0 0 0 0 0 0 0 
0 0.3595045597228236 0 0 0 0 0 0 0 0 0 0 
0 0 0 0 0 0 0 0 0 0 0 0 
0 0 0 0 0 0 0 0 0 0 0 0 
0 0 0 0 0 0 0 0 0 0 0 0 
0 0 0 0 0 0 0 0 0 0 0 0.20832455377892334 
0 0 0 0 0 0 0 0 0 0 0 0.3978718050792987 
0 0 0 0 0 0 0 0 0 0 0 1.3033929723712947 
0 0 0 0 0 0 0 0 0 0 0 1.4483140712860898 
0 0 0 0 0 0 0 0 0 0.36012522852665574 0 0.8586973329283892 
0 0 0 0 0 0 0 0 0 0 0 0.026545408552124228 

0.25364999111288666 0 0.032718481890252754 0 0 0 0 0 0 0.08457567430349483 0 0 
0.914374844705464 0 0 0.013477370410662798 0 0 0 0 0.1799852592575467 0.2737589407339257 0 0 
0.5827611197970881 0 0 0 0 0 0 0 0 0 0 0 
1.1637700701160953 0 0 0 0 0 0 0 0 0 0 0 
0.37145544330476044 0 0.5252198492217708 0 0 0 0 0 0 0 0 0 
0.36421550007174314 0 0.17435676454519425 0 0 0 0 0 0 0.1889671532212429 0.051610901276418895 0 
0.39629244758135385 0 0 0 0 0 0 0 0 0.024866620972342546 0 0 
0.25184702233360506 0.10226562283585248 0 0 0 0 0 0 0 0 0 0 
0.3639381534674976 0.08912456122186188 0 0.04123001047305829 0 0 0 0 0 0 0.37122056320909336 0 
0.36323659356817023 0.0015459043800115785 0.5282582653184 0.9022889103883206 0 0 0 0 0 0 0.22602020939672512 0 
0.3634944147274219 0.377740313286302 0.5432900736253148 0.2456633017676652 0 0 0.5272131193497133 0.09956351024649668 0 0 0 0 
0.2758518462349385 0.1645854145754336 0 0.25154676082064686 0.25215761167548256 0.46117607464388255 1.3603262017375743 0.16153317415515572 0 0 0 0 

0.33970142566228345 0.5360231187005506 0.34676901249923225 0 0 0.24517414875461427 0.28871572377790355 0.49550204271140397 0.8322411935904255 0.12036014799671801 0 0 
0 0 0.44161410346141594 0 0 0 0 0 0 0 0 0 
0 0 0 0 0 0 0 0 0 0 0 0 
0.12710177815653118 0.2032504808867306 0 0 0 0 0 0 0 0 0 0 
0 0.01343576824158621 0.22709665612760677 0 0 0 0 0 0.004848641890578209 0 0 0 
0 0 0 0.1592262148033271 0 0 0 0 0 0 0 0 
0 0 0 0 0 0 0 0 0 0 0 0 
0.409317458819607 0 0 0 0 0 0 0 0 0 0 0 
0.38115275149428196 0.15028182126488354 0 0 0 0 0 0 0 0 0 0 
0.08479773279288896 0.5637508471988786 1.2725829698964661 0 0 0 0 0 0 0 0 0 
0.16699377658093048 0.14798635024234105 0.6827103590173496 0.6590412777374285 0.44232768960662244 0.2302231084479911 0 0 0 0 0 0 
0 0 0.544494344415786 1.7038122015663202 1.7521067940295403 1.1586324869033282 0 0 0 0 0 0 

0 0 0 0 0 0 0 0 0 0 0 0 
0 0 0 0 0 0 0 0 0 0 0 0 
0 0 0 0 0 0 0 0 0 0 0 0 
0 0 0 0 0 0 0 0 0 0 0 0 
0 0 0 0 0 0 0 0 0 0 0 0 
0 0 0 0 0 0 0 0 0 0 0 0 
0 0 0 0 0 0 0 0 0 0 0 0 
0 0 0 0 0 0 0 0 0 0 0 0 
0 0 0 0 0 0 0 0 0 0 0 0 
0 0 0 0 0 0 0 0 0 0 0 0 
0 0 0 0 0 0 0 0 0 0 0 0 
0 0 0 0 0 0 0 0 0 0 0 0 

0 0 0 0 0 0 0 0 0 0 0 0 
0.4953620464522667 0 0 0 0 0 0 0 0 0 0 0 
0 0 0 0 0 0 0 0 0 0 0 0 
0 0 0 0 0 0 0 0 0 0 0 0 
0 0 0 0 0 0 0 0 0 0 0 0 
0 0 0 0 0 0 0 0 0 0 0 0 
0 0 0 0 0 0 0 0 0 0 0 0 
0 0 0 0 0 0 0 0 0 0 0 0 
0.13244686688275087 0 0 0 0 0 0 0 0 0 0 0 
0.10732333463822102 0 0 0 0 0 0 0 0 0 0 0 
0 0 0.06503627233734144 0 0 0 0 0 0 0 0 0 
0 0 0 0 0 0 0 0 0 0 0 0 

