1.3804058218960606 0.8707431028030607 0.1283496801644324 0.41880906988610206 0.3220202330725082 0.2844487316265171 0.726106468480771 0 0 0.07020252220333639 0.4482938858968705 1.261434195346153 
2.0885811453637264 2.063558458225877 1.6900530214652754 2.0949472092893946 0.3441610056600634 0.8815351280781286 2.7767345778238592 1.6094177229684299 0.9470680771292519 1.1882121386378972 0.45736847690493765 1.1733484457839742 
1.4089533225027 0.9312237165525791 1.0205743900530373 2.595706211618533 1.6507516802892945 0.6794664486714799 1.8045646543811829 1.3376558003019743 1.6689288288595014 1.1193375949221207 0.15984443425978567 0.6074894405173757 
1.6785949430522042 0.8448007265666412 0.43818013688139684 1.1541496806015115 1.635160906997742 1.358340081793985 1.1640443390229593 0.9014873552472195 1.745407840600695 1.5269871083876798 0.760474930153294 0.1560333709439661 
1.621297080774099 0.6995862678588093 0.6409116797988071 1.1399995782332408 0.40890733089250225 1.0267393597646057 1.6057010068775293 1.357104801502272 1.7387648957444801 1.7389187162312054 1.639088741644925 0.1734473024672327 
2.2595982305133533 0.6240097301186258 0.6825601809692574 1.511675521987516 1.3525396677041555 1.2719413101812216 0.7829418891277111 1.1662699766793136 1.4924240369690143 1.3572891581485609 1.4637090718287273 0.9997582416076761 
2.158379064296428 0.6324842427706268 0.6037222634444193 1.0157349859069855 1.68906851218306 1.3236535280887765 0.6780686002619887 1.1259937256773376 1.1691691845356345 0.6827472225082823 0.7497307094827831 0.9275627258658032 
1.8513890832438382 0.7960467200228948 0.34190817134408974 0.5069075109629283 1.4524486367077245 1.30025037180619 1.2623076269172684 1.6303035700415436 1.576004674766796 1.3958427867001026 0.7419592108593055 0.42845771634451546 
1.8728575396985914 1.3964520876079933 0.9849415870218632 0.8767155588520213 1.3232607194197463 1.3671460397557174 1.4036847680005893 1.535464608989726 1.692302368023209 1.678091031810667 1.2824828844124962 0.8488423017531119 
1.8729950031309106 0.8919723605174302 1.2837420353833233 1.1797929419621513 0.9207771894811212 0.9156846804985103 1.0399813716706243 1.2950683379727694 1.2330194778247479 1.0892740346946679 0.8216459955694095 0 
1.8055381719962573 0.6676937892030431 1.1118790410985375 1.2001711948959306 0.4780090331188246 0.3947637167848195 1.1900137369831802 1.1151598335994024 1.1956429231473293 1.47308987642353 1.6913291624900204 0.08630923923983971 
1.7570696620540647 0.7679137057243756 1.3299861284432493 1.4654187990570549 1.0397380406709176 0.6464057708061323 1.1097681424070098 1.3636930473053552 1.5034799966413326 1.8366966458412264 1.9799686972486565 1.2563367553533775 

0.7418548526038922 0.3852020212178776 0.27785509773220907 0.2079313447925921 0.07468042031523829 0 0 0.08875380156346126 0.3951402617500066 0.3646488399051569 0.5533686703171148 0.5993755623148378 
0 0 0 0 0 0 0 0 0 0 0 0.3891851950070672 
0.1712303118989706 0 0 0 0 0 0 0 0 0 0.028396279261140717 0.23844291079879035 
0 0 0 0 0 0 0 0 0 0 0 0 
0 0 0 0.40668895421769674 0.21407963719054882 0.028701602105452015 0.024763858791434327 0 0 0 0 0 
0 0 0 0 0 0 0.14515809447915062 0 0 0 0 0 
0 0 0.051227001158371886 0 0 0 0.05515978045117456 0 0 0 0 0 
0 0 0 0 0 0 0 0 0 0 0 0 
0 0 0 0 0 0 0 0 0 0 0 0 
0 0 0 0 0 0 0 0 0 0 0 0 
0 0 0 0 0 0 0 0 0 0 0 0 
0 0 0 0 0 0 0 0 0 0 0 0 

0.08175522367566224 0.20630867630691685 0.27845090586998694 0 0.1793844251106172 0 0 0 0 0 0 0 
0 0.27153959951648643 0.009042485984162602 0 0.010393846028449331 0.18773511781325358 0 0 0 0 0 0 
0.1616399484931712 0.15545846335346436 0 0.010039854089893753 0 0 0.12191754040821387 0.25719236032602777 0.276387742718797 0.16755530824391304 0 0 
0.19405792999607258 0.05786294136546797 0 0 0.22848174081506253 0.29220390129242974 0.2470509966844883 0.4418185269848224 0.5672494418543004 0.11163019793132828 0.006631887219248789 0 
0.22996947939155102 0.6720634341086391 0.2552425355053604 0.14851754273902262 0.1593476651427803 0.2805194844739093 0.21854451091478705 0 0.03340422755854429 0 0 0 
0.6880390319715786 0.7573513230512048 0.6259232858099328 0.14421670402545783 0.37409540224546195 0.05529149486620624 0 0 0.035677116882425586 0.24768549776400653 0.11528940764883434 0.23061118906342196 
0.3509731137167037 0.7528164612898179 0.06975689404062065 0.1158730484375388 0.1956377623697635 0.10515331933325212 0 0.03775989875710428 0.15029720578073463 0 0 0 
0.403693512276585 0.19676042574141445 0.0440740191287229 0.08625195598181197 0 0 0 0.08249272001404216 0.013710558875006648 0.15544669981575207 0 0 
0.26009426561318855 0.3081738486704943 0.13379943272834435 0 0 0 0 0 0 0 0 0 
0.08711234084432182 0 0 0 0 0 0 0 0 0 0 0 
0.1878498765164637 0 0 0 0 0 0.1270796226919928 0 0 0 0.15876616323914905 0 
0 0 0 0 0 0 0 0 0 0 0 0.17802522578319632 

0.4562765952878641 1.4574230087813227 0.23891030514336625 0.4021887611605284 0.8559303055548658 0 0.3479135996179179 1.4388275047290768 1.700030674725544 1.1769520985475912 0.828990922532891 0.17329332369724196 
0 0 0 0 0 0 0 0 0 0 0 0.16091194081173685 
0 0.4807386748756936 0 0 0 0 0 0 0 0.040038711606484034 0.14768730188718704 0.49517799101142995 
0 0.8387249033400559 0.7429550629414099 0 0 0 0 0 0 0 0 1.3038934626254486 
0.10056560577839609 1.146333143699128 0.05727128647604343 0.03524973425881542 0.8165839632270332 0.32714106540869675 0 0 0 0 0 0.46968184399339474 
0 0.2837855337762445 0 0 0 0.206187182981885 0 0 0 0 0 0 
0 0 0 0 0 0.01274960088808516 0.08098084931509991 0 0 0 0 0 
0 0 0 0 0 0 0 0 0 0 0 0.11326433910769035 
0 0 0 0 0 0 0 0 0 0 0 0 
0 0 0 0 0 0 0 0 0 0 0 0.2127538035730676 
0 0 0 0 0.16062061751593515 0.47483988018648005 0 0 0 0 0 0.42316070412287565 
0 0 0 0 0 0.3053787168114648 0 0 0 0 0 0 

0.9622634838651053 1.5390746440688274 0.9719556036756787 1.4258107093100683 1.3628225377744219 1.1980813942357478 1.5191557666715279 1.366705588499672 0.6943884015197378 1.2968487184074324 0.7144380320295023 0.9378535044858333 
0.9374363708912403 0.7831885046716361 0 0.0724760725495576 0.10129862336925058 0 0 0 0 0.7487926776146454 0.3404596733903321 0.9060946570791991 
1.2348051366789077 1.2003976470983098 0.3470704880427753 0.24981436877941093 0.06602266034057892 0 0.2106334769422583 0 0.21812283710888092 1.2543127040179516 0.7570667261958803 1.3267303135960196 
1.332799511085775 1.0984971542797322 0.5424247839599997 0.7446715629743412 0.9684955188246108 0.2168867108841869 0.03300983385402151 0.2004342422578634 0.21884934855125807 0.43906753418736005 0.24886943538230338 1.4879381852232423 
1.4929924191817494 1.2291131001667395 0.19998432887593712 0.8164656576785103 1.2469546398731097 0.9599040164775526 0.5938236071168564 0.3448452794133292 0.49131859269941736 0.4701063598972516 0 1.2041822793360275 
1.3183402168559994 0.34070664848793 0 0.28188364178847825 0.5795112944602965 0.6707855543822764 0.901156638961217 0.8068078885292939 1.0248652285364497 0.8462979144927236 0.06186080042995974 0.24100759449859868 
1.4261818427945698 0.5212400696289567 0.10478765943652407 0.6857533625519433 0.6487377159512844 0.760313271781534 0.6461171445731768 0.5544005830649573 0.9907795008064958 0.6863402494484768 0.09018259350299682 0.40165227644248214 
1.2635558742767279 0.4342919598624726 1.0843459812904976 0.5448325820277637 0.6398357390436764 0.2955414544951598 0.14582062213390873 0.30253990230001176 0.2964126993588421 0.14169530955208914 0 0.8490927850340719 
1.0335932661040346 0.37916541113119384 0.36684510701271644 0.16442964944565208 0.41771826564808945 0.3058606711414059 0.3058755227225631 0.34731692560308147 0.09841251386905259 0 0.18458411635096322 0.6505274466836917 
1.2165344864155783 0.4619663181952877 0.32978270564439294 0.3572940611089662 0.582588780158048 0.79832887300011 0.6861632997247464 0.976190971123348 0.6272003409881192 0.676379003349642 0.7155084380228806 1.3090311203313767 
1.364194118704431 0.3857385923787249 0.42262887057615706 0.793024209139521 0.735000722982243 0.5856788690046819 0.8559630775007796 0.5716180577867972 0.38919456940931163 0 0.12532589711687192 0.35663818970386424 
0.8944995071940485 0.05955785272785197 0.3220744778888691 0.12879764449202788 0.2636149922539674 0.025704103349507734 0.46908753741779546 0.21224998628262115 0.008813048866440326 0 0 0.019974832738620215 

0 0.07037670271464272 0.15016633136371854 0.1483934572434345 0.1354217295971679 0.13947191143099152 0 0.24031125687388122 0.3617814419384875 0 0 0 
0 0 0 0.09573117247799154 0 0 0 0 0 0 0 0 
0.2747061286496621 0.023726669713309015 0 0 0 0 0 0 0 0.11386359563630799 0 0 
0.12607777278610885 0 0 0 0 0 0 0 0 0 0 0.08457296462186169 
0 0 0 0 0 0 0 0 0 0 0 0 
0.20581508385488176 0.10671719146253922 0 0 0 0 0 0 0.06872858566983892 0.16504367287678876 0.06609319191719829 0 
0.4312701968918066 0.16448388947919024 0 0 0 0 0 0 0.2084136121250716 0 0 0 
0.015079670969665837 0 0 0 0 0 0 0 0 0 0 0 
0 0 0.03940147510202357 0 0 0 0 0 0 0 0 0 
0 0 0 0 0 0 0 0 0 0 0 0 
0.418944017176764 0.03896585207593059 0.21395756452153375 0.28854298038053106 0 0 0.12542013189063939 0.13215042419279383 0 0 0 0 
0 0 0 0 0 0 0 0 0 0 0 0 

0.22243600478537448 0.2596354810482748 0.5424934839621415 0.3301782057901804 0.4731956544579466 0.48838291558654306 0.21634410509145222 0 0.03165240237805163 0 0.07898709344796398 0.2797864022679637 
0 0 0.898891266348724 0.7095420022657432 0 0.593207347027056 0 0 0 0 0.26341551755438314 0.316782178406979 
0 0 0.13791669689308592 0.04399525400667441 0 0 0 0 0 0 0.14752420678500083 0.29756058368601956 
0 0 0 0 0 0 0.435839657959768 0.16984504556306337 0 0 0 0 
0 0 0 0 0 0 0 0 0 0 0.15515082594210589 0 
0 0 0.5850721495200244 0 0 0 0.35792584344258926 0.06966740850101902 0 0.11191979606603517 0.3509701780902153 0 
0 0 0.5953510591637923 0 0 0.08839382924505193 0.7726882246196078 0.5293297798839932 0 0 0.08686633607708422 0 
0 0.3046843928976364 0.2968094378120153 0.7155332642593966 0.38018005989485537 0.20496433095322864 0.6379719011217129 0.5386604448304584 0.030464880275623704 0.272835769857267 0.6612775333470446 0.24786051340866927 
0.02571285876790222 0.21804870421992337 0.4914501369820451 0.5751575712687099 0.4725277402262348 0.1277058698414213 0.39985206351552216 0.5732292796350497 0.15483520507087412 0.16795869623934773 0.1274335292750281 0 
0.08960808385524922 0.40838416029008306 0.6481938036801888 0.5233339747087933 0.4651756727330691 0.4527407138178984 0.30780216437757035 0.5315612511096642 0.5778409257325371 0.7569637941434529 0.508785377713864 0 
0 0.5139326261572624 0.7771668168611447 0.526606210662628 0.1205122071577151 0.3875111352541773 0.39546081065085914 0.6011419175532811 0.6153473726928034 0.7679529957399718 0.08660952073212166 0 
0.24484582156727114 0.5944537557640652 0.5709843172573758 0.44030233239536287 0.013452717554189295 0.5150993474830022 0.4271832719192773 0.2722709728560965 0.021052056850173646 0 0 0 

1.9561330374732326 1.7479215523004488 1.3668434803508251 0.9646021995337526 1.2794903943228815 1.386986313865115 0.8797708732148632 1.8457423591602358 2.1137282788279275 2.1578185941445747 1.8047663654580643 1.9954694845179761 
1.2416327819989488 1.2289063728066636 1.580381369313868 1.455615028444619 0.5377705392517127 0.47185327277568284 1.3534022184075187 1.6205591939674155 1.5813215267634315 1.7076260743465217 2.279027656466191 2.0521592845630514 
1.4724421283003863 1.5286302975823414 1.4860712578452466 1.1293897998231037 1.9913787269986867 1.2432909323152745 0.4348663273492814 1.2536436734240601 1.7512641265208235 1.4941803213357108 1.1883601831433337 1.717268424468283 
0.8624622779714689 1.6319509626531763 1.6553451594743251 1.336081850161563 1.6658372421503913 2.180619738540234 1.425552379608047 1.0036152470384525 1.105816529976729 1.4270571827610863 1.2716185353114389 1.8872201047062842 
0.7819210986337681 1.501630165978925 1.7801677881702505 1.9425486235477343 1.7645567434457161 1.737569297705556 1.7690874508303867 1.2304187998800449 0.889772578871302 0.6388635840255532 0.8707229842893502 1.5244733760898042 
1.0869304020805608 1.5736721957823843 1.6383634612304352 1.353587783336186 1.5972307041434533 1.5635068029181944 1.2248272541022511 1.115102114314282 1.1583109384908845 1.10715743142339 1.7103321210763867 1.711518839375159 
1.3024327750009066 1.3005523045684173 1.5526522658120667 1.0368800007790913 1.459640095899542 1.673760732092648 1.5322388304060293 1.2181651686107906 1.1212563029884524 0.5613177664992239 0.3256054920932959 1.9505705625214138 
0.9782508375392256 1.4507816448446214 1.1486034329961805 1.1991288115729963 1.416844845445821 1.551726652278956 1.5580333214089448 1.175319939703249 0.969886011483061 1.5406649951712066 1.5783534670374977 1.767012206490103 
1.198931275810634 1.6550651067044775 1.6494266227435945 1.6223843550328503 1.4964919458993287 1.8718097295064897 1.7864464153413742 1.3132707166417907 0.9960545616969907 1.274948311996448 1.1952931836364404 1.8702979425938704 
1.1768444770055393 1.2591163970238701 1.0465889938267448 1.064674181921538 1.2807928832570292 1.965443263352288 1.5517211220104608 0.9867667930741826 1.0741291423927781 0.5093042694836434 0.7094994757444779 1.6845295784344798 
1.335477730061284 1.4607701962291066 1.27923946468837 1.212717992500068 1.3634348100923073 1.377376751208949 1.7413623899703468 1.543511691672228 1.6387131253694611 1.5889052178792595 1.4109607934019872 2.0994881762809654 
1.501670359107094 1.7174683805815063 1.4288555860370162 1.5359754786813815 1.9594257192828564 1.7669819416538008 1.5171859304523814 1.3909641383448192 1.5423627246938831 1.2602294295123624 1.1008842618503065 1.902177326699704 

0 0 0 0 0 0 0 0 0 0 0 0 
0 0 0 0 0 0 0 0 0 0 0 0 
0 0 0 0 0 0 0 0 0 0 0 0 
0 0 0 0 0 0 0 0 0 0 0 0 
0 0 0 0 0 0 0 0 0 0 0 0 
0 0 0 0 0 0 0 0 0 0 0 0 
0 0 0 0 0 0 0 0 0 0 0 0 
0 0 0 0 0 0 0 0 0 0 0 0 
0 0 0 0 0 0 0 0 0 0 0 0 
0 0 0 0 0 0 0 0 0 0 0 0 
0 0 0 0 0 0 0 0 0 0 0 0 
0 0 0 0 0 0 0 0 0 0 0 0 

0.30152381571213954 0 0 0 0 0 0 0 0 0 0.10758239403897982 0.4522415908811157 
0.0847076764091238 0 0 0 0 0 0 0 0 0 0 0.2667682474605475 
0 0 0.18923604559179583 0.8354708938871803 0 0 0.34804131281681694 0 0 0 0 0 
0 0 0 0.6966413539661285 0.26432334934393753 0 0.0759899376991673 0 0 0 0 0 
0 0 0 0 0 0 0.3790984778059434 0.1401928811184633 0 0 0 0 
0 0 0 0 0 0 0 0 0 0 0 0 
0 0 0 0 0 0 0 0 0 0 0 0 
0 0 0 0 0 0 0 0 0 0 0 0 
0.0199476711138602 0 0 0 0 0 0 0.20412322536463673 0 0 0 0 
0 0 0 0 0 0 0 0 0 0 0 0 
0 0 0 0 0 0 0 0 0 0 0 0 
0.21648080404882197 0 0.13512076762492353 0 0 0 0.03298246397523378 0.1868706003706479 0 0.07520595831613376 0 0 

0.2309348745575733 0.10388531868471262 0 0.33486121716469774 0.9826499477378747 0.25444445505443203 0.9142253787972051 1.0992472780560532 0.009139793086160792 0.06432649370157725 0.47557111888017106 0.4145479003251943 
0.0635185716128551 0 0 0 0 0 0 0 0 0 0 0.32448311666515245 
0.4216399815364955 0 0.35066065238441496 0 0 0 0 0 0 0 0 0.9424059550728723 
0.10450950527911103 0 0 0.14099860413601245 0 0 0 0 0 0 0 0.915475151192181 
0 0 0 0 0 0 0 0 0 0 0 0 
0 0 0 0 0 0 0.19396641294201147 0.05590313042109253 0 0 0 0 
0 0 0.20971642463920692 0 0 0 0 0.050449926218739824 0.059855825829257234 0 0 0 
0 0 0.12371253442286134 0.4853544268011498 0.027505529847981977 0 0 0 0 0 0 0 
0 0 0 0 0 0 0 0 0 0 0 0 
0 0 0 0 0 0 0.05141381397454882 0.16542882516443078 0 0 0 0 
0.3016384996419155 0 0.5442698100030424 0.5913983472810453 0.257092803551541 0.04767034779045005 0.5519901532511127 0.40997579333393785 0.3041186161688273 0 0 0 
0 0 0 0 0 0 0 0 0 0 0 0 

0 0 0 0 0 0 0 0 0 0 0 0.2761319620906851 
0.5553818185414885 0 0 0 0 0 0 0 0 0.07685473231444928 0.4228010003785435 0.4540932193098508 
0 0 0.18568476999581596 0.0882436483337116 0 0 0.3646030546264448 1.2440376765194197 0.15293008816688186 0 0 0 
0.05309966983731158 0 0 0.4846825168538179 0.509279345962967 0.26819461613201756 0.2989264153304726 0.5283710961576394 0 0 0 0 
0 0 0 0 0 0 0.44416185927908597 0.632133519147458 0.27158427930033574 0 0 0 
0 0 0 0.6916992045834804 0 0 0.18696646068959816 0.278063909320002 0 0 0 0 
0 0 0.46302057606794894 0.423340897493311 0 0 0 0 0 0 0 0.34004449003763804 
0 0 0 0 0 0 0 0 0 0 0 0 
0 0 0 0 0 0 0 0.099382873889927 0 0 0 0 
0 0 0 0 0 0 0 0 0 0 0 0 
0 0 0 0 0 0 0 0 0 0 0 0 
0 0 0 0 0 0 0 0 0 0.06876604115681023 0.35452707446675696 0.4333241225769648 

1.6945366429201816 1.2583516446562748 0.852911276666304 1.717482782383889 0.8097915329768652 0.8693916368203123 2.275006945504339 1.1723017696088784 0.4205227625017179 0.4708905088760293 0.2277596076697011 0.5743037580645405 
0.05767823679921588 0 0 0.352158772043644 0 0 0 0 0 0 0 0.39105215331721455 
1.2368853059473266 0.5764707417064775 0 0.23211171389802035 0.1541121526438657 0 0 0 0 0.40099813775704074 0.38877343579891754 0.48911661155706 
1.6246111664151912 0.66642162376663 0.7844073709491981 0.6141219051867418 0 0 0.3713200762230046 0.26572030492883836 0.22047322338060416 0.3362970588822321 0.9026290625311285 1.030434927576889 
1.689750005033547 0.02508154942975684 0 0.6637223006825957 0 0 0.26460671001902886 0.385769494735746 0.10927634317103267 0.31820962593312574 0.11178707216619607 0 
0.9276301143700224 0 0 0 0 0.4904046583780314 0.3994462992898433 0.7362093507401916 0.8761380874507654 0.39740150340617075 0 0 
0.34067560977545963 0.04921597421149443 0.16229929239817684 0 0.41891044222374796 0.28252805538574327 0.7005911400175642 1.138786094886568 0.7698334717277578 0 0 0 
1.032092215633197 0.6218176411400319 0.3745291057962822 0.0018927166277520613 0.05383132024590778 0 0 0 0 0 0 0 
0.8152759084934125 0.020632514118806528 0.08480800242108918 0 0.13646617984676696 0 0 0.0982811696646445 0.03419357509869342 0.005800203137603321 0.15005110754674245 0 
0.6310620841878329 0 0 0 0 0 0.23087665084200448 0.3887274896586979 0 0.6272058722056664 0.6854223005921545 0 
0.8780025114751299 0.31624285936676366 0.9800310020994467 1.0571990616264024 0.5277570158777225 0.30391933108369673 0.6076526737243124 0.5322039984844235 0.4444552866190715 0.5817506380946643 0.5490400217494715 0 
0.5858011612153098 0 0.22084118028381788 0 0 0 0 0 0 0 0 0 

0 0.877667703476543 2.610452494435136 1.287630285125321 1.5693848530485885 1.9517686827523655 2.1279623781001336 2.2021521639907573 2.379632450322948 0.6766214798395281 0.544341724716296 0 
0 0.6061550449145477 0.42202744069610804 1.6498267402119846 1.5536173889590252 1.7863904154450656 1.2341325304918156 1.3144879720004254 0.6229913405756468 1.1562276923932922 0.6737230392775657 0 
0.0734771651119007 0.7840082844018768 0 0.4081724487986669 0.5542448244253451 0.5179232588934277 1.3085932058969882 0.865337510374875 0.7810076346947031 0.7685806308341282 1.1618448675934858 0 
0.32249231278060997 0.8100644281911086 1.1950214499668448 0.050591860630036754 0.21508337655250204 0.2934032631662339 0.376487547643892 0.6576185473036482 1.0421920552401314 1.369214278978989 2.7997359875026144 0 
0.5229480397709669 1.2942876271473533 1.6064930419020043 0.1115391591379427 0.5612414255713442 0.6412301288243235 0 0 0.2918195659184718 1.37125523284543 0.9367176508348507 1.9815064873069745 
0 1.965352826477889 0.7694783452286975 0 0.4425012467097882 0.36613649688193683 0.4927498933364315 0.6371104508654709 0.35157213439092555 1.3069622696480008 1.0202133220943863 1.2387273533908758 
0.2564854100230617 1.7025325934179771 0 0.39618914258193827 0 0.9395458695252485 0.9455223528166283 0.799795395699338 0.8330583432437016 1.3656396157776165 1.6421230075812088 1.1141200341566158 
0.5978141970446819 0.9386591175869686 0.9570745367868667 0.8348274807614401 0.5181117813636058 0.49094941970094336 0.606353023051258 0.49446579447035754 1.2435302974287312 1.3699943757891104 1.4466480230938068 0.6633532035713857 
0.30362321347837656 0.5942749286042679 1.2648879938147612 0.6472056148570419 0.5748710056932738 0.02916389372394065 0.14351419983126462 0.126932494039063 0.6998412166114627 1.3277663776320656 1.2003930877635602 0.1535693880069391 
0 0.7546400991697749 0.880129758170493 0.7185128764169979 0.9351584494051655 0.6424651848680426 0.1195072079800856 0.3130496166103457 0.7234659311255851 1.7424093752871141 1.5583738600147492 1.4783042890431946 
0.27406269458687804 1.1619780019319337 0.6302089114762359 1.0780176209498218 0.6012824255805377 1.1603589038208852 0.5206709050918059 0.8920399139050723 0.8902852805477832 0.9162971620164205 1.467275614099319 0.9763036093923259 
0.6387357016051532 1.222158931922154 1.143200312763129 1.2491551780417374 1.5300536052147822 1.3918443046621276 0.8125121759304996 0.9831062537744113 0.1820966301477453 0.6153966327053935 0.7242771865083919 1.389498525271511 

0 0 0 0 0 0 0 0 0 0 0 0 
0 0 0.004462696793793068 0 0 0 0 0 0 0 0 0 
0 0 0 0 0 0 0 0 0.22971955823297974 0 0 0 
0 0 0 0 0 0 0 0 0 0 0 0 
0 0 0 0 0 0 0 0 0 0 0 0 
0 0 0 0 0.12499393481457623 0 0 0 0 0 0 0 
0 0 0 0 0.11462669486189954 0 0 0 0 0 0 0 
0 0 0 0 0 0 0 0 0 0 0 0 
0 0 0 0 0 0 0 0 0 0 0 0 
0 0 0 0 0 0 0 0 0 0 0 0 
0 0 0 0 0 0 0 0 0 0 0 0 
0 0 0 0 0 0 0 0 0 0 0 0 

0.057282011791596046 0.23858243041358396 0.2556120979003929 0.5474102799624679 0.7584113281386277 0.2345881060263268 0.42757215967542067 0.652434286108231 0.9022356596992365 0.5981069316050601 0.2007980186819968 0.2126723450322476 
0 0.3263359681483949 0.10302943716402702 0 0.10266612899693252 0.3285920782000605 0 0 0.1975492810688842 0.997107263664244 0.8186967736447716 0.41461088553527237 
0 0.5783560146527629 0.037355190554991397 0 0 0 0 0 0 0.6263970719320898 0.7349823571290859 0.982224983982658 
0 0.7187117380137535 0.1387942926386748 0 0 0.16925062414785766 0 0 0 0.1919522948710554 0.4845175613536842 0.7740142126414556 
0 0 0 0 0 0.20751139192377765 0 0 0 0.5208470815448183 0.3141166748091416 0.8408599617601733 
0 0 0 0 0 0.4517942824914324 0.27302184177786093 0 0 0.6899381808323071 0 0.16060625796684935 
0 0.2604139752454592 0 0 0 0.41666150491816456 0.44001095996689055 0 0 0.522381837449204 0.7944317361508779 0.9640519787549707 
0 0.11093286818240206 0.4921764437878885 0.49829184932114307 0.3771084437275276 0.5169850824070913 0.41312308410197746 0 0 0.4982638991981564 0.3040647029094723 0.6201482804312486 
0 0.0069141749019724225 0.1999426702931578 0.34864654648603066 0.6591148765804825 0.3466959956987944 0.44100437917551805 0.0667859761198594 0.04540100333018765 0.3565757361684899 0.6093706428325366 0.6701134256848189 
0.12293296822688837 0.32856146708451317 0.7399133757925269 0.9993325183510682 1.330638223899904 1.0507765737984192 0.45824753490591646 0.7732507624868424 0.7204790222746841 1.2516083403244582 0.8508315909066579 1.091662319490771 
0.12286750560659444 0.7413731778310609 0.6549166497824519 0.9146333719729133 0.9114563033126153 0.7133370935076235 0.5454884739499399 0.4865201281804684 0.6146855911891065 0.19882177041307034 0 0 
0.18899478928282365 0.5074068341750777 0.587765342884207 0.4038860557969174 0.2655103603456902 0.4291715013787673 0.15126322135533118 0.5935573224041479 0.3395275360418196 0.20943358132783235 0 0.1141422426242502 

0 0 0 0 0 0 0.2221187235777482 0 0 0 0 0 
0 0 0 0.6877064169522775 0 0 0 0 0 0.23902150977026387 0 0 
0 0 0 0 0 0 0 0 0 0 0.17481569490877308 0 
0 0 0 0 0 0 0 0 0 0 0 0 
0 0 0 0 0 0 0 0 0 0 0.045194903044357804 0.00555476760680703 
0 0.040212027866301535 0 0 0 0.10920035576126988 0 0 0 0 0 0 
0 0.08778319558139805 0 0 0 0 0 0 0 0 0 0 
0 0.10507452144371138 0 0 0 0 0 0 0 0.13629296250350953 0.3730936881092887 0 
0 0 0 0 0 0 0 0 0 0 0 0 
0 0 0.02068342478508578 0.13962026748548417 0 0 0 0 0 0.35271215840352876 0 0 
0 0 0 0 0 0 0 0 0 0 0 0 
0 0 0 0 0 0 0 0 0 0 0 0 

0.33549455910548076 0 0 0 0 0 0 0 0 0 0 0 
0.449814244453518 0 0.34374742812087994 0.8553857195291765 0 0 0.0603647668527961 0 0 0 0 0 
0.09017703103659189 0 0 0.569419129190502 0 0 0.8494963987170386 0.42067601722529047 0.02417994099724055 0 0 0 
0.027041907909844395 0 0 0 0 0 0.9010717401935222 0.6133608377153691 0.46860829204408805 0 0.12111658069738626 0 
0.26193780243447784 0 0 0 0 0 0.5314360256596181 0.3107249030220481 0.4311295456555609 0 0.17683661402125167 0 
0.6775683566286969 0 0.6282912007937163 0.6127210399214061 0 0 0.057994347437353634 0.18050326181912224 0 0 0 0 
0.4914425365488338 0 0 0.16780982133077602 0.09914091006149658 0 0 0.47804017470075305 0 0 0 0 
0.4011361925414073 0 0 0 0 0 0.051077812811659525 0.8452276100451557 0 0 0 0 
0.4894045992891682 0 0 0 0 0 0.143807948812863 0.3302517309607644 0.22422324515643485 0 0 0 
0.1403931889746884 0 0 0 0 0 0 0 0 0 0 0 
0 0 0 0 0 0 0 0 0 0.18215306407152004 0.171831241686072 0 
0 0 0 0 0 0 0 0 0 0.20371167698582954 0.6338503105173039 0 

0 0 0 0 0 0.00856652128020929 0 0 0 0 0 0 
0 0 0 0 0 0 0 0 0 0 0 0 
0 0 0 0 0 0 0 0 0 0 0 0 
0 0 0 0 0 0 0 0 0 0 0 0 
0 0 0 0 0 0 0 0 0 0 0 0 
0 0 0 0 0 0 0 0 0 0 0 0 
0 0 0 0 0 0 0 0 0 0 0 0 
0 0 0 0 0 0 0 0 0 0 0 0 
0 0 0 0 0 0 0 0 0 0 0 0 
0 0 0 0 0 0 0 0 0 0 0 0 
0 0 0 0 0 0 0 0 0 0 0 0 
0 0 0 0 0 0 0 0 0 0 0 0 

0 0 0.22933324954385798 0 0.07207260495004117 0.017540545495518423 0 0.43055757012686213 0.44437748833535645 0.21709822999944925 0 0 
0 0.6346991478639059 0.08570611444172799 0 1.7303785127360023 1.2223548036798555 1.8916882898814402 1.881547614691728 0.06337779441920105 0 0 0 
0 0 0.07284628788399826 0.45586209717212245 0.3778657584580728 1.0610538655516009 1.3868535575200198 0.30439275889092526 0 0 0 0 
0 0 0.17129704770074333 0.3288257198510102 0.180437369114762 0 0 0.28732854002341357 0.13525961086431657 0.01787310084030247 0 0 
0.4403097784378958 1.2199135530810865 0.8691365325152198 0.011920858107727195 0.14915205977328777 0 0 0 0 0.0917002103447977 0 0.9627279264759002 
0.526930162304097 1.9122798908199803 0.5759049217057178 0.15591723235387886 0 0 0 0 0 0.42062140056948455 1.1905795059355677 1.1894916522693508 
0.546288805253255 0.7219705049627549 0 0 0 0 0 0 0.076265601945325 0.9956378353787458 0.8388087587861897 0 
0.10695628377434507 0 0.06502737648326329 0 0 0 0 0.09707859582073244 0.7928816877331066 0 0 0.046736372587034086 
0 0.41133705426771594 0.33260127389942873 0.007628083460590969 0 0 0 0.0034612150452290047 0.16839596399537102 0.08031191582782515 0.06572009379926608 0 
0 0.28145083066198356 0 0 0 0 0 0 0 0 0 0.5161281107741249 
0 0 0 0 0 0 0 0 0 0.17859982194779336 1.3055095782609931 1.3114477253229138 
0.26598919985760616 0.34496082240550147 0.46497962299580986 0.6486771700292616 0.5352528442218163 0.4100498734122323 0.6357614415487516 0.45225219292000995 0.12118622028044329 0.5922792496883752 1.1550109408324443 0.36915260085562385 

0 0 0 0 0 0 0 0 0 0 0 0 
0 0 0 0 0 0 0 0 0 0 0 0 
0 0 0 0 0 0 0 0 0 0 0 0 
0 0 0 0 0 0 0 0 0 0 0 0 
0 0 0 0 0 0 0 0 0 0 0 0 
0 0 0 0 0 0 0 0 0 0 0 0 
0 0 0 0 0 0 0 0 0 0 0 0 
0 0 0 0 0 0 0 0 0 0 0 0 
0 0 0 0 0 0 0 0 0 0 0 0 
0 0 0 0 0 0 0 0 0 0 0 0 
0 0 0 0 0 0 0 0 0 0 0 0 
0 0 0 0 0 0 0 0 0 0 0 0 

0 0 0 0 0 0 0 0 0.08192716506162209 0 0 0 
0 0.04624971142439608 0 0 0 0 0 0.08342638839861531 0 0 0 0 
0 0 0 0 0 0 0.00044055256158747474 0 0 0 0 0 
0 0 0 0 0 0 0 0 0 0 0 0 
0 0 0.03571450745493536 0.07637213447499436 0.09725771067782045 0 0 0 0 0 0 0 
0.007059621711575037 0.2209001896832915 0 0 0 0 0 0 0 0 0 0.029064982386484375 
0 0 0 0 0 0 0 0 0 0 0 0 
0 0 0 0 0 0 0 0 0 0 0 0 
0 0 0 0 0 0 0 0 0 0 0 0 
0 0 0 0 0 0 0 0 0 0 0 0 
0 0 0 0 0 0 0 0 0 0 0 0 
0 0 0 0 0 0 0 0 0 0 0 0 

0.5740729341593395 0.49019392839929987 0.7385982963482541 0.7734459819000116 0.5959122870064595 0.5490470388080612 0.5321289874083376 1.1153653235677763 1.7518346435393397 1.0816906316237078 0.7587768771098535 0.4225420071545169 
0 0.4428113453294655 0.2643877595100272 0.07591811334153818 0.46451772944418507 0 0 0.03532912416718058 0.9849818587981908 0.728910536871229 0.9415787067474698 0.5353413364801266 
0.37573414071595956 1.0368511695016451 0.8530304296620574 0.1696721119510045 0.1980264489329845 0.9118960339235187 0 0 0.05506568312683084 0.946088978641888 1.1328803209199658 0.850594244417305 
0.5548889674137257 1.1975127997279325 1.0171419706887916 0.5728461566425367 0.17800245853190685 0.6903246278161903 0 0 0 0.39993372456277565 1.219304571467023 1.2243844072655252 
0.3866617516550253 0.7889526382639236 0.4863170158422884 0.12439143760718954 0.7630810982009572 0.7802991221312741 0 0.06484852451047396 0.06283924076525321 0.30611597756318043 0 0.3730929191877203 
0 0.7945900221464615 0 0 0.4490172975833291 0.9015043339957417 0.08701237408018317 0.07830783109881248 0.5769851757399562 0.8411318103887374 0.05714599481454129 0.6534134568858264 
0.2750484248949518 1.2220335806183464 0.17630382033171685 0 0 0.6356599670214442 0.6378918490835848 0.12303738423775529 0.268309861585398 0.8327108183305455 0.3291866366662073 0.1532360246082545 
0.25811331176333074 0.7584527957807551 0.2877540979192972 0 0 0.3336143959108647 0.5225890233669863 0 0 0.37402487737541823 0.6108006343626136 0.7107048580041955 
0.15357051956790274 0.4767670989141029 0.44937181135839716 0.5836475704946771 0.48948272562865286 0.28750023924829915 0.6241174189102207 0.08793495211851553 0.08878633814837104 0.6119948401782817 0.7160602596600678 0.592620398978975 
0 0.3705449774208372 0.13355114238636556 0.22461367334583754 0.5951246653372344 0.5223765556490658 0.4202036787609137 0.1503027271913145 0.12389885579397315 0.6420791687083244 0.4044010053541781 0.6316925251982727 
0.2124244225341092 1.025239953666345 0.7343039573855263 0.6036935932829108 1.069135005261792 1.1440103448052164 0.451074795227498 0.5662349594567475 0.6705573323131286 0.8358531637873546 0.3998829956213861 0.9085717905623939 
0 0.4848411814530903 0.1875422944515943 0 0.09622493079668387 0.7211490865609332 0.2452526653179896 0.2034365896934864 0.0684958160227211 0.044026126630517554 0 0 

0 0 0 0 0 0 0 0 0 0 0 0 
0 0 0 0 0 0 0 0 0 0 0 0 
0 0 0 0 0 0 0 0 0 0 0 0 
0 0 0 0 0 0 0 0 0 0 0 0 
0 0 0 0 0 0 0 0 0 0 0 0 
0 0 0 0 0 0 0 0 0 0 0 0 
0 0 0 0 0 0 0 0 0 0 0 0 
0 0 0 0 0 0 0 0 0 0 0 0 
0 0 0 0 0 0 0 0 0 0 0 0 
0 0 0 0 0 0 0 0 0 0 0 0 
0 0 0 0 0 0 0 0 0 0 0 0 
0 0 0 0 0 0 0 0 0 0 0 0 

0.7464707531250546 0.5816180577155567 0.8789288969025982 1.2354513756768468 0 0.11391697387841881 0.7264155165837703 0 0 0.2967850495048937 0.40700655340404723 0.481937743215251 
0.6674678313169378 0 0 1.1253702666423262 0.04807600026321364 0 0 0.4008066623978889 0 0 0 0.20748200497963287 
0.8808334687495145 0 0 0.0630571816116868 0.9092132704219377 0.23150587996716665 0 0.44679652795205826 0.24296096973079728 0 0 0 
1.1551272306550529 0.0014733236378635522 0.2768357411352412 0.0684616143086054 0.12253233317312653 0 0 0 0 0.6548228699992957 0.8382732407946523 0.6046471491429837 
1.2820903384625115 0.4313248716294888 0 0.22373476492825528 0 0 0.10923714002500962 0 0 0.5848333116188297 0.4028357593507819 0 
0.9939752446213058 0 0 0 0 0 0 0.09738663780112186 0.286499163297377 0 0 0.6701569089955259 
0.8851127262449248 0.01434410183101445 0 0 0.26633065109987786 0 0.05495488608388721 0.33236758244780595 0.5257912701571689 0 0 0.5139073566872698 
0.6885342011899716 0.26069556132235494 0.23536042685106395 0 0 0 0.039783093186434346 0.2639688136652472 0.3255476073192711 0.40350161078352437 0.2896714624761542 0 
0.7148974574802381 0.18082643007176363 0.44510876551572554 0.3321256291899045 0.3208861296070247 0.7622212266821222 0.20925093007612652 0.03758314488136799 0.4280661919125214 0.725592683325882 0.8318087466586754 0.4247197902033969 
0.5937092292406889 0 0.1545510203909096 0.1671396822282411 0 0.13592414960918742 0.5542875416861994 0.16950181889657695 0 0.032740141574236714 0.11730559164180193 0 
1.047968698887757 0.1312299535176763 0.5383301852998048 0.6345726695871965 0 0 0.7581429669817892 0.26997372423370614 0.1779002968788056 0.3364497539666097 0.6368837289870927 0.8459657517452329 
0.5990403914093215 0.6366338667507466 0.5454243480455354 0.7790347598059443 1.1637358703494005 0.6371786209441201 0.4290906850682418 0.4946563171796153 0.6768252020676652 0.49372698662729625 0.25953752014912956 1.1144179516182406 

1.2727662426512985 0 0 0 0 0.6188680848965058 0 0 0 0 0 0.2993781415244439 
0.9740559458219638 0 1.1085723580887286 0.2660528677053516 0 0.12301715614905391 0.31904295218411166 0 0 0 0 0.2570154130641815 
0.7564945435575772 0 0.13986303201448544 1.0493247692992678 0 0 0.260169472204994 0 0 0 0 0 
0.5312339750207165 0 0 0.47420648747759253 0 0 0.6687232615160934 1.1491279996945865 0.847404677127848 0 0 0 
0.4105033439876221 0 0 0.3333607357229471 0 0 0.4891392846704187 1.0941908210358122 0.7268454747432043 0 0.14361598368438155 0 
0.19956272597547603 0 0.304131913818044 0.9941293102103702 0 0 0.3954444859784329 0.6051499072017902 0.25343556365130426 0 0.1647119147219395 0 
0 0 0.33344731634380015 0.7168758620553493 0.24714624060357349 0 0.115375262154085 0.4903968850216328 0 0 0 0 
0.35236908197150824 0 0 0.16985760180349696 0.35038744732224614 0 0.014698554194766261 0.533479461384377 0.12899662034040574 0 0 0 
0.47637012872518786 0 0 0 0 0 0 0.8078280182035651 0.38197527609365667 0 0 0 
0.29910745654750115 0 0.16603595717914846 0.016096059557300202 0 0 0 0.18948644370616383 0.4152241071421085 0.07939905431153171 0 0 
0 0 0.22601712466129975 0 0 0 0 0 0 0.01932345896228887 0 0 
0.49779575370940987 0 0.18611599435137016 0 0 0 0.17256823257991724 0 0 0 0.009010638307394275 0 

0 0 0 0 0.5218207188543231 0.8165931208420931 0.17161619726535726 0.39352268478242036 0.5194916235253644 0 0 0 
1.105687662333763 0.9153865754389475 1.5813390775427676 1.0299813317168591 1.1122290837005 2.4505617361311063 1.9220327439428015 0.9124749660255262 1.8639087468795008 0.7017505161185265 0.5003886156255865 0 
0.28738253671729347 0 0.7720014994843757 0.9571401253444748 0.04137209567005948 1.0402807050986196 1.1553963258441606 1.44216734839788 1.269228511571431 0.5351218711621638 0.43525221400982883 0.06432527785972417 
0.706018111622051 0.46405688517810195 0.17257627838759396 1.0583289094947326 0.9499438053399505 0.9460265591699284 0.43303986285486784 1.0192145639427304 1.0017752057230775 0.2819026808866486 0.2683626000715 0 
0.7630694675505064 0.3553448459245298 0.6330177336866557 0.5100692457092291 0.27614045100450973 0.1625465323385503 0.0246619595633012 0.557631485929797 0.9762888921446213 1.2245340318011577 1.870792937655042 0.05692653101771866 
1.1874894253084336 0.7333761598316019 1.1859411817130214 0.8197831243932227 0.41269321675977577 0.2928063750605303 0.34160712195317755 0.8482780266390364 1.099030076483288 1.5080023383920993 1.708446322378841 0 
0.8686346661736463 0.6700820113781446 0.8438340498269004 0.38188226023917865 0.2040809348452064 0.08212308662930295 0.1844892686526065 0.6970633503490354 0.8713976987163368 1.1570686034369833 1.0346404860401397 0.016607656748084676 
0.19963060726039936 0.619049301431366 0.08030381420175867 0.5637396817175836 0.3050510544248061 0 0.41716973632239995 0.9861519858470221 0.9757313216086034 0.5636180100519874 0.6925161188449167 0 
0.28806357218984774 0.6658511144276542 0 0 0 0 0.1873461892228263 0.6122252271106917 0.4511612144258941 0.6662991794696782 0.9496073891965796 0 
0.15124193940117242 0.7329656355646794 0.580231272647527 0.45808901363180404 0.5077696808816505 0.18097180466803658 0.05271485472716253 0.31033215600571995 0.9497615756223904 1.3053058995190407 1.7200688012846115 0.22259240101220706 
0 0.40265225076907796 0.5585993937745107 0.43489736923552846 0.297046280867536 0.39477414900196567 0.15230939921560482 0.11183346339673508 0.07739647533581093 0.8953815429348543 0.48543965071721945 0 
0 0 0 0 0 0 0 0 0 0.5642161249947693 0.7870792749032006 0 

0 0 0 0 0 0 0 0 0.24326832958071193 0 0.7176061749900317 0 
0 0 0 0 0 0 0 0 0 0 0.22910291559682955 0 
0 0 0.20332822143806842 0 0 0.16417856825966554 0 0 0 0 0 0 
0 0 0.3720959903217372 0 0 0 0 0 0 0 0 0 
0 0 0.1439397070657376 0 0 0.10139791346104349 0 0 0 0 0 0 
0 0 0 0 0 0 0 0 0 0 0 0 
0 0 0 0 0 0 0 0 0 0 0 0 
0 0 0 0 0 0 0 0 0 0 0 0 
0 0 0 0 0 0 0 0 0 0 0 0 
0 0 0 0 0 0 0 0 0 0 0 0 
0 0 0 0 0 0.21127608341624965 0 0 0 0 0 0 
0 0 0 0 0 0.12531466973346767 0 0 0 0 0 0 

0.4104545541602064 0 0.09236108212425986 0.3656049809290969 0 0 0 0 0 0 0 0.09691624154841352 
0.024796259613486783 0 0.08867541058573106 0.3702557994580547 0 0 0.06409739410026491 0 0 0 0 0 
0 0 0 0.16277722739697045 0.22060539515520533 0 0 0 0 0 0 0 
0 0 0 0.14397323281105406 0 0 0 0 0 0 0.03568316135006323 0 
0.1229678710537642 0 0 0 0 0 0 0 0 0 0.7183656473030765 0 
0.4032897159350886 0 0 0 0 0 0 0 0 0 0 0 
0 0 0 0 0 0 0 0.11980142843494587 0 0 0.03690509289008969 0 
0 0 0 0 0.044180576151526235 0.30580242420213455 0.11867155367257562 0.04005156476235719 0 0 0 0 
0.2157227603562984 0 0 0 0.04947486075161471 0.19036852819507136 0 0 0.24979574198260895 0.1165641608449886 0 0 
0.2776086645471751 0 0.011773674986026564 0.23171539218235765 0 0 0.012475900888056515 0.03730541093532233 0.10513963023928649 0.16292033459971106 0.07559660039917063 0 
0.05583516194003156 0 0 0.07377291199372069 0 0 0 0 0.03896006091332539 0.09704629713258695 0.0462361896042036 0 
0.40272186511011243 0.07466477766195595 0.27835187717371435 0.45167629360523653 0.33334269718770315 0 0 0.31729498700030556 0.543817225668713 0.2729841110909357 0.27295275525016255 0 

0 0 0 0 0 0 0 0 0 0 0 0 
0 0 0 0.07199031419813617 0 0 0 0 0 0 0 0 
0 0 0 0 0 0 0 0 0 0 0 0 
0 0 0 0 0 0 0 0 0 0 0 0 
0 0 0 0 0 0 0 0 0 0 0 0 
0 0 0 0 0 0 0 0 0 0 0 0 
0 0 0 0 0 0 0 0 0 0 0 0 
0 0 0 0 0 0 0 0 0 0 0 0 
0 0 0 0 0 0 0 0 0 0 0 0 
0 0 0.013133832494788555 0 0 0 0 0 0 0 0 0 
0 0 0 0 0 0 0 0 0 0 0 0 
0 0 0 0 0 0 0 0 0 0 0 0 

0 0 0 0 0 0 0 0 0 0 0 0 
0 0 0 0 0 0 0 0 0 0 0 0 
0 0 0 0 0 0 0 0 0 0 0 0 
0 0 0 0 0 0 0 0 0 0 0 0 
0 0 0 0 0 0 0 0 0 0 0 0 
0 0 0 0 0 0 0 0 0 0 0 0 
0 0 0 0 0 0 0 0 0 0 0 0 
0 0 0 0 0 0 0 0 0 0 0 0 
0 0 0 0 0 0 0 0 0 0 0 0 
0 0 0 0 0 0 0 0 0 0 0 0 
0 0 0 0 0 0 0 0 0 0 0 0 
0 0 0 0 0 0 0 0 0 0 0 0 

0 0 0 0 0 0 0 0 0 0 0 0 
0 0 0 0 0 0 0 0 0 0 0 0 
0 0 0 0 0 0 0 0 0 0 0 0 
0 0 0 0 0 0 0 0 0 0 0 0 
0 0 0 0 0 0 0 0 0 0 0 0 
0 0 0 0 0 0 0 0 0 0 0 0 
0 0 0 0 0 0 0 0 0 0 0 0 
0 0 0 0 0 0 0 0 0 0 0 0 
0 0 0 0 0 0 0 0 0 0 0 0 
0 0 0 0 0 0 0 0 0 0 0 0 
0 0 0 0 0 0 0 0 0 0 0 0 
0 0 0 0 0 0 0 0 0 0 0 0 

