0.30571741188406765 0 0 0 0 0.40649044428535613 
1.144003393921076 0.7877303961701398 0.31372029349624947 0.3986915254549636 0.4359710786805355 0.6325172585438489 
0.9665921871205805 0.5557366804084904 0.4634458631683216 0.5649227797836606 0.5698247491257845 0.9739060674692596 
0.7981587127865646 0.5039956366757252 0.34654761995666267 0.05481277008863464 0.26126159710244706 0.9249839697131365 
0.8123072108724022 0.3257095609749213 0.33888896271883767 0.34180596027197846 0.2576107413386193 0.9613612304740984 
1.6372068309724703 1.3238057317286196 1.217477289588781 1.2953649432960566 1.2630879638021668 1.5951779785509872 

0 0 0 0 0 0 
0 0 0 0 0 0 
0 0 0 0 0 0 
0 0 0 0 0 0 
0 0 0 0 0 0 
0 0 0 0 0 0 

0.709175759717806 1.8919611647542238 1.8947258415173287 1.9238103940556106 1.891793995563678 1.7555381395822833 
0 1.462723466768885 1.1458554377819898 1.2032827722393293 1.7178917335681476 1.9144532327937913 
0.13327052336478692 1.6513018462460898 1.019420254417895 1.2014102870981875 1.5338667046154106 1.9966833798847694 
0.16607100762957558 1.9005674153339893 1.281828454176404 1.5323762384790953 1.619953296338952 2.1770420815812965 
0 1.86852315452923 1.5067249905241726 1.8915098645931447 1.9746679094665356 2.336680988644335 
0 0.7883145922525991 0.6603337272525414 0.6085794223014412 0.6745175705149236 1.4919846486518504 

0.09967990869492176 0.016007163496576687 0.04450240482645132 0 0 0 
0.021292102323469085 0 0 0 0.134267692313356 0 
0.06104158839238544 0.0001818336430781109 0.13546329048439737 0.10503516815473231 0.06730066718320861 0 
0.05217987136724536 0.17660992783577822 0.11425800772515031 0.09015175353238501 0.07357727855026053 0 
0 0.05220797216816183 0 0 0.11652171747191836 0 
0 0 0 0 0 0 

0 0 0.14115426443350287 0.08045153446767705 0 0 
0.47768407213575825 0 0 0 0 0 
0.33724098595394175 0.061081024400886225 0 0 0 0 
0.14878011912843486 0.004899746662232959 0 0 0.04089259648478689 0 
0 0 0 0 0 0 
0 0 0 0 0 0 

0 0 0 0 0 0.16620716920887002 
0 0 0 0 0 0 
0 0 0 0 0 0 
0 0 0 0 0 0.4196939094381748 
0 0 0 0 0 0.3063879437349994 
0.33498264259219857 0 0 0 0 0 

0 0 0 0 0 0 
0 0 0 0 0 0 
0 0 0 0 0 0 
0 0 0 0 0 0 
0 0 0 0 0 0 
0 0 0 0 0 0 

1.2853004854621415 1.3748090907279826 1.410361065186497 1.1622717221523657 1.2467127125055173 1.2151522712503682 
1.3897261615845105 1.4381179430926003 1.5046241867660892 1.4591992478203277 1.4868819386076695 1.2778670489824007 
1.083161452286288 1.7147403651992001 1.4599732932461522 1.555487469729014 1.5305772301462806 1.0825535252011065 
1.2038171819439718 1.6618658944083144 1.5739341716845296 1.5085360098920568 1.7045244741271253 1.0368901345104797 
1.5114120236270452 1.6980412108362315 1.8087743408052694 1.8900875633908178 1.7305724268942715 0.8212293325007076 
1.4746594259381371 1.3838611678817254 1.3035420751752556 1.2277081322679178 1.137431667077383 0.7012282368617845 

0.6253230819285425 1.3183842153364305 0.9300878040500884 1.4572030717204243 2.3606174555871524 2.377456765295929 
0 0.6097803635880052 0.3102690436226298 0.30313528366745746 0.8274975875162007 1.3666907418908658 
0 1.0773849422800146 0.20279967767605767 0.3436863321256227 0.7865418457319732 1.473522341227748 
0 1.3345425458089566 0.6201198799913701 0.4624735443515879 0.8414759831509689 1.595012152748204 
0 1.0578350909436036 0.8206172757190398 0.9143453761982581 0.9400096496733557 1.4986907848093622 
0.9200843322423427 1.0520473614775874 0.976987630309828 1.0207970108116908 1.0624957989833985 1.0293416918099765 

1.6284648582261438 1.3579487594097472 1.42559922602041 1.3021117061035943 1.1132284524190053 0.7453710607284348 
1.9431679985893253 2.22275186817067 2.517087739142822 2.232145389668333 2.1073021861045236 1.4096497839776112 
1.7610879605572924 1.9043900827713183 2.1179756515224892 1.846107152395629 1.9635077351283285 1.3060493476627524 
1.5022775120336165 1.7754039835819873 1.6474651577085972 1.6712524452035245 1.6782205971014585 1.118581866004585 
1.571684761539871 1.9814434032641641 1.7010279045907744 1.6724992701235182 1.6254848668264217 0.9370737310441113 
2.054092007157343 2.7288191304207836 2.6974632683109427 2.6983335542337614 2.646626357176867 1.7785921173008992 

1.8129663070966817 1.5711184320151268 1.3474183077766353 0.7755379534287345 0.4073414840274941 0.8205828998962159 
1.7029630604981443 1.1791730360591406 0.7367251390052665 0.08130031626281019 0.1185274718476063 0.3861638854755963 
1.4886562000044197 1.2483078842622946 0.737794621437393 0.6579370506305113 0.7050416189331027 0.7323037027522397 
1.183710014429916 0.9453249459621145 0.9065931563008041 1.1444318850066448 1.2040189829212173 0.8590566330253315 
1.2681627799635176 1.08500433920817 1.175347123176032 1.2239234377610053 1.3291965424909251 0.7582632360210326 
1.4351123521579225 1.1181832701317334 1.1950148026688991 1.2157447018204595 1.2275284513956086 1.1196347599737415 

1.5079420472831981 1.1794724631642601 1.1850859258107544 1.002751888568038 0.5210121632923894 0.17120492030211942 
2.496605450899932 1.8570892667341783 1.707091582208707 1.0674740498801953 0.5323098464459499 0.1633224517000867 
2.0532648812694427 1.997530144459056 2.0070278223728244 1.4886628864499543 0.9736012395800562 0.3808919927658243 
2.06496446437649 1.6219558019529732 1.259396169352987 1.1946844540301351 1.368725090662741 0.6237212542912647 
1.5117496612230008 1.0479676121420796 1.191487902892152 1.2915369593561883 1.5430962460342934 0.5488074660463043 
1.0597797072541557 0.27667609463147064 0.5128460254998563 0.4985574270148939 0.2715176411736729 0 

3.177293159976735 3.3105575163251855 3.476103427539013 3.420738064900594 2.9436972777165926 2.2951948051058997 
3.812193692058255 3.803634571485743 3.8530580348440364 3.3587580028421735 2.780210580324395 2.0131427555401884 
3.6073683437893673 3.5843671489399296 3.7001362837854956 3.307748504268262 3.0238892026652593 2.273893565024902 
3.5670146771926383 3.265036583984101 3.174066014437141 3.143437350380797 3.154878197959807 2.495706293291661 
3.1553857418519384 3.067685546931381 2.97980868694966 2.9066734497846216 3.0014256040452816 2.3815613149132604 
2.6610186370823072 2.330951995452651 2.4289296929051365 2.456430636320539 2.5125840425914934 1.9942596124815872 

0 0 0 0.19940747187197932 0.31059875997762054 0.08300908674656876 
0 0 0 0 0 0.39143142985100626 
0 0 0 0 0 0.5646625548998061 
0 0 0 0 0 0.7359576385266041 
0 0 0 0 0 0.8635744023274234 
0 0 0 0 0 0.11914075969457037 

0 0 0 0 0 0 
0 0 0 0 0 0.04868800955904577 
0 0 0 0 0 0.10181851128634772 
0 0 0 0 0 0.083572901057757 
0.01695212926181619 0 0 0 0 0.17517623549296965 
0.39924890067342983 0.0786932862193675 0.14783340144240284 0.08446580249753995 0.06220284701329016 0.3343208464000868 

0 0 0 0 0 0 
0 0 0 0 0 0 
0 0 0 0 0 0 
0 0 0 0 0 0 
0 0 0 0 0 0 
0 0 0 0 0 0 

3.8039172228219154 4.176867895175315 4.3412056186461445 4.124404729339146 3.2863150473232947 2.3772641944757917 
3.16992634270279 4.565649259703774 4.923286745564021 4.796154851210809 4.481990944215685 3.4891382259201595 
3.272693870404482 4.552248783879445 4.5299951655077715 4.663823790385558 4.629330436337367 3.5520613470095066 
3.3054870466517667 4.442324561257754 4.585279805009178 4.608584171162856 4.147800596792875 3.646312253516725 
3.5261082049226022 4.316329914480696 4.057093899715886 4.403411750759621 4.411014425876899 3.8167616822416366 
2.478952720895925 3.672877293988108 3.504596052497287 3.638185908865385 3.7573310122130525 3.803542287954691 

0.2191535289118313 0.7355581924723859 0.6704789603523038 0.17023062836076772 0.6642245580507267 0.4400839259966009 
0.0461869026331267 0.2870065041922761 0.31543041319072124 0 0.2194403206471963 0 
0 0.4776681934184235 0.2683570489186041 0.13610171293786547 0.1885889090415512 0 
0 0.4645239944281879 0.1021004978673049 0.26578946333760123 0.30269945020981454 0 
0 0.4692451390018057 0.3355177648822457 0.22897453014993105 0.32856161095633724 0 
0.28293435264511946 0.37194859536801916 0.5421185151805221 0.5367768538124397 0.43472982732494386 0.1534156572005382 

0 0 0 0 0 0 
0 0 0 0 0 0 
0 0 0 0 0 0 
0 0 0 0 0 0 
0 0 0 0 0 0 
0 0 0 0 0.006963396827481885 0 

0 0 0 0 0 0.10833014269548388 
0 0 0 0 0 0 
0 0 0 0 0 0 
0 0 0 0 0 0 
0.24927841239691595 0.17376071280264008 0.03852901788533422 0 0 0.2996143869267233 
0.948991305382124 0.788827017134234 0.890600883166569 1.0303564752967134 1.0648475228864986 0.7525554088435786 

