0.2933034374872837 0 0 0 0.09191904262447473 0.943679753935395 
0.953104853987204 0.4511781145087046 0.6026187108879371 0 0 0.062465945235869964 
0.7535653430462803 0.44288327543829337 0.8941675427898216 0.31835722792197785 0 0.603678778622015 
0.18692806949007523 0 0.5004040274493892 0.8173887473608938 0.7451839328850695 1.3761267464341098 
0.46220522686263954 0 0.5296377175448461 0.5706220129393632 0.6094681715474382 1.2637539961682387 
1.4904510403842626 1.3473158016871394 1.6479782239291831 1.6013318211135428 1.5297887420763614 1.816281348604331 

0 0 0 0 0 0 
0 0 0 0 0 0 
0 0 0 0 0 0 
0 0 0 0 0 0 
0 0 0 0 0 0 
0 0 0 0 0 0 

0.9089781263549402 1.9772570838102683 1.2393621504822452 1.4298931699835975 1.2902057737029435 1.4989033174385613 
0.09335046477044702 2.079062524540257 1.3045751110067378 1.4043301894680773 1.4393673373394986 1.7894743599605345 
0.39960401992321837 2.5280396038235486 1.6026235425788864 1.3890684030795128 1.3552125957309322 1.9330648825003767 
0.39128664713066175 2.8490111326090504 1.998727799185073 2.0864298370892795 2.0053287431699327 2.3180816783222307 
0 2.750230786710382 2.035352137037379 2.2620203562112224 2.179597890420066 2.4016505298925113 
0 1.2427414988283525 0.6802357334913014 0.8555112481568512 1.044593288188718 1.5884023178990399 

0.2782999949033952 0 0 0 0.20924263189709905 0.110427410120376 
0 0 0 0.1478489724764611 0.43955311751679776 0.0641207870219056 
0.12232482705724224 0 0.11592185629768467 0.2271430167359083 0 0 
0.1600718608332882 0 0.1607113862681811 0.10229925789118835 0 0 
0 0 0.09040314303421929 0.14915038234782974 0.0022871618997102397 0 
0 0 0 0 0 0 

0 0.02634947511329422 0 0.08105311960133554 0.5204277058015288 0.03127938118626311 
0 0 0 0 0.05356791502257547 0 
0.2250628032113769 0.353507157928234 0.1569844661062158 0 0 0 
0 0.16237603160349195 0.21724593935252273 0.11738972638933837 0 0 
0 0 0 0 0 0 
0 0 0 0 0 0 

0 0 0 0 0 0.0970411659379968 
0 0 0 0 0 0.2551005535543587 
0 0 0 0 0 0.20559410527464628 
0 0 0 0 0 0.25742453148773564 
0 0 0 0 0 0.27865103356414234 
0 0 0 0 0 0 

0 0 0 0 0 0 
0 0 0 0 0 0 
0 0 0 0 0 0 
0 0 0 0 0 0 
0 0 0 0 0 0 
0 0 0 0 0 0 

1.2480921139230847 1.5823471468420898 1.0414323359270143 1.1844966788443794 1.6096588673446643 1.2202021774531948 
1.3478054200326568 2.0725518949204234 1.528944904517951 1.7955910306288394 1.9992360723302067 1.1378801691853506 
1.2274409323083408 2.0622779060547036 1.455320464095424 1.3785292036651813 1.7023805227789257 0.8049689373719904 
1.3280174686266943 1.9136577684170917 1.4370098285320112 1.5633969297792358 1.847263544872877 0.9598344970893466 
1.2821140677139415 1.9328681172403812 1.5970916579466896 1.6559535288307616 1.747338248946303 0.9436783896438793 
1.5004332274216952 1.1339669674299313 1.070547119068228 1.0998820517499655 1.180821756340542 0.8288262703391673 

0.7875351405951647 1.6346509361231985 1.0625106943481684 1.4538600326427535 1.6901034088785567 2.359096779566874 
0 1.1058142991406856 0.4252681135834834 0.7993938724544143 0.5442713934100621 1.1598987499049451 
0 1.4146387214470983 0.895835123920401 0.951052489695763 0.7183763654909696 0.9021329270271761 
0 1.203456729216912 0.8375816296938038 1.3072268330643042 1.5491236032118654 1.4575624061219679 
0 1.1379670218395486 0.9008360920157643 1.0953461197184424 1.3284933316754932 1.5541990982263625 
0.37522432257875743 0.9302548019983884 1.0600880491090239 1.1398097526831188 1.2885915825058192 1.199113980842081 

1.1869130038759237 0.9638802779034636 1.012776308101797 0.9329419922793787 1.153079582735955 0.9612581243295396 
1.6228789118815092 1.9126836302574715 2.0556379521762134 1.6630679796053562 1.484239606878252 0.9533050308422417 
1.4476236808116771 1.7883521855861584 1.8701184827369675 1.9763046871822487 1.7704447169547626 1.132710542373256 
1.3278589089144324 1.6121588709666153 1.7893111838266933 1.8259526595071127 1.7535787359800223 1.022615084278058 
1.4927614162204816 1.9000940309253638 1.9303663246271492 1.7492426536601824 1.8108109994654138 1.0073822262967378 
1.9399166180097476 3.09395875608714 2.7932429830830983 2.6698238991014516 2.722788770571611 1.7436133744446185 

1.282551853419745 1.7134633001073845 1.404668914985535 0.9578154896909105 0.7031295140943457 0.9081081549007319 
0.9680608288753582 1.3091618813245571 0.8324362080718808 0.6539716979634327 0.8342902568729831 0.6143899609783732 
0.8657889566156763 1.3518969665856337 1.2607115275967633 1.0162944461907502 1.1953503283527342 0.685270895604113 
0.6300408683840817 1.1989118392333544 1.3203714305484515 1.1998393371361227 1.278264227452189 0.7583692036148315 
0.5427397268416685 1.0179742671088696 1.195976227558627 1.1712483269685072 1.2759959700797827 0.8966633180624539 
1.0397353903888777 0.903352357012836 1.222306914128698 1.1568326635160016 1.1894944579237356 1.115564803746219 

0.9313913062272273 0.8985744667845286 0.9845260788504446 1.0413220651733903 1.3452105161375914 0.9661865257959705 
1.2292539234422089 1.3357431455220614 1.5793042891834388 1.2825005077813547 1.2414774915493338 0.7860756232570199 
1.754587853064824 2.124653388121864 1.9438765162125584 1.1180921276605829 0.8649401746793558 0.030384682496071333 
1.4449040898011176 1.7933963794626904 1.9420368769201373 1.5588075946605624 1.2917033085580212 0.2909909429842782 
1.032987984940409 0.9612684781213675 1.4074358606219783 1.3644472247193558 1.4315754763967794 0.460621407116901 
0.642438861589949 0.044237248228838295 0.50482704447209 0.22361678361931814 0.350783257529885 0.18042001542623498 

2.7508693045236434 2.8318482494509634 3.246242200508099 3.314156075347728 3.1637092531348214 2.705923548319998 
3.1964887274092133 3.0105291674430332 3.241619017486839 3.0227181861223547 2.8971428330597244 2.4141169148741337 
3.5673135829347338 3.3983655999175197 3.4863342302285734 3.1725510752999395 2.8910734016260182 2.2196545462278787 
3.4101618567239678 3.329340507931117 3.6987926235516517 3.373987171100841 3.1071172999468746 2.1703466745315914 
3.2476224125710975 2.864332654531116 3.2475733124700676 3.045364335053865 3.01136827590836 2.2276997471255466 
2.6283385866598277 2.3147965389605494 2.6768920487169363 2.548117357966547 2.56791649696855 1.9780730596593896 

0 0 0.202937463729075 0.3259215013100738 0 0 
0 0 0.31465948847100134 0.42991029912619916 0 0.3991218522713128 
0 0 0 0 0 0.4674865659909285 
0 0 0 0 0 0.9520794378562681 
0 0 0 0 0 1.0024675629089455 
0 0 0 0 0 0.22044066294260892 

0 0 0 0 0 0 
0.052144638437045726 0 0 0 0 0.20620000975041233 
0 0 0 0 0 0.3369637129550311 
0 0 0 0 0 0.16469677642746983 
0.2493755421616804 0 0 0 0 0.1955942825097845 
0.6677269014516063 0 0.052315800476155014 0 0 0.24254052978765278 

0 0 0 0 0 0 
0 0 0 0 0 0 
0 0 0 0 0 0 
0 0 0 0 0 0 
0 0 0 0 0 0 
0 0 0 0 0 0 

3.412623993781846 3.810196092650675 3.6347389153320844 3.273154899111539 2.817649902422903 2.1452700110593237 
2.819844260555869 4.033433334373608 4.6381949080674785 4.954237469726083 4.418408127485331 3.468959035844493 
3.1461917735002514 4.342962991248612 4.411034064895537 4.853421905731538 4.663298278106988 4.078497412776653 
4.070840281038845 4.924429181046055 4.368076089139624 4.0537611048383955 3.629473743377698 3.6016326894939463 
3.818678043585713 5.4306635068629445 4.8090142666535325 4.48291246756711 3.8951063675933506 3.535803011208685 
2.702998752791162 4.003380921444 3.804152790068189 3.7992933571604994 3.6705777175344396 3.5727048741887226 

0.06703713749317998 0.5946024886088347 0.49289835485380823 0.6385489994070732 0.49235374767298795 0.018083287601697685 
0 0.18680537874732717 0.21734941826026757 0.4348494576392289 0.669115263018101 0 
0 0.07841115242285893 0.3228990590642231 0.4394229097760275 0.41279532051356566 0 
0 0.20242387684957308 0.33501798887161105 0.21143573740155167 0.2794594273540112 0 
0 0.10027992249088319 0.29529084485159657 0.14443335915416736 0.303801712865024 0 
0 0.48147091125398545 0.4795501890720691 0.3183755246354739 0.4976559222458746 0.014825000889774231 

0 0 0 0 0 0 
0 0 0 0 0 0 
0 0 0 0 0 0 
0 0 0 0 0 0 
0 0 0 0 0 0 
0 0 0.1146672377419213 0.013189538759861962 0 0 

0 0.17468164238305145 0 0 0 0 
0 0 0 0 0 0 
0 0 0 0.12783395888409466 0 0.2672475375880975 
0 0 0 0 0 0.2192655058774314 
0.08750087761504555 0.1277680388616354 0.11839364719505446 0.06302463182196866 0 0.3223198727353984 
1.0597530066339458 1.0539971934597345 1.131529401150282 1.0855339051251693 0.8484642937922814 0.6420479823109748 

