0.23617619688367378 0 0 0 0.04527231224449084 0.4673975693934666 
1.0766630500788001 0.9087882963659939 0.7390032428486251 0.5063426640273102 0.6578870364951009 0.8974985235515351 
1.040715113147774 0.8895519070340528 0.6475166903110677 0.3809683704913659 0.1023204494326507 0.19038368980772513 
1.0980218349275672 0.6566019238183343 0.18777281185495343 0.4292314117655843 0.5062100149754061 0.37759360618187027 
1.0873674199318624 0.8518712027463392 0.5854121857217108 0.781209143462518 0.9471352297745331 0.7744240282451303 
1.2618151359242802 0.9451196882884647 0.8512885298250604 1.3451956180007352 1.3251930204438767 0.8880242746799257 

0 0 0 0 0 0 
0 0 0 0 0 0 
0 0 0 0 0 0 
0 0 0 0 0 0 
0 0 0 0 0 0 
0 0 0 0 0 0 

1.1383446613205004 2.751788883515723 2.7007866858951277 2.4379229096817956 2.0831516946907715 2.0536806531104537 
0.33836531246603424 2.64022887766656 2.17598223104492 1.935977043844984 2.295280210090121 2.7481182499564776 
0.23280394801654458 2.2954086276309 1.675445696379744 1.4708723914849917 1.9162645595636896 2.6249395841821617 
0 1.820621090272116 1.441065380576943 1.1794098524232748 0.885429340825686 1.6665025540468499 
0 1.5536984881649347 1.546009120949608 1.262771177489631 0.8719866663018251 1.5555329645136833 
0 0.3272676373923074 0.27111753608041633 0.24774446424529417 0.4591387028728968 1.1007566770061756 

0.27199081018806326 0 0.24199573053936874 0.184169414563639 0.005439440466884118 0.023852680486846384 
0 0 0.11328929807236035 0.03407558169145003 0.08393005406023088 0 
0 0.0757045085914133 0.0599703986622036 0 0.10830135972267624 0.1312981297440038 
0 0.041392576641358064 0 0 0 0 
0 0 0 0 0.07988839295613319 0 
0 0 0 0 0 0 

0 0.16150087237260824 0.6293202909555642 0.6068731203271992 0.16463464149037374 0 
0.26261480993059905 0 0 0 0 0 
0.10255625429663244 0 0 0 0 0 
0 0 0.019849434037861408 0 0 0 
0.31901470432267237 0 0 0 0 0 
0 0 0 0 0 0 

0 0 0 0 0.22391540514720665 0.3554786316305091 
0 0 0 0 0 0 
0 0 0 0 0 0 
0 0 0 0 0 0 
0 0 0 0 0 0 
0 0 0 0 0 0.007635928126529627 

0 0 0 0 0 0 
0 0 0 0 0 0 
0 0 0 0 0 0 
0 0 0 0 0 0 
0 0 0 0 0 0 
0 0 0 0 0 0 

1.2256411160916143 1.3201065084291637 1.2250196116728818 1.2768787240761834 1.0325514841077532 1.1346405456553967 
1.2838459373729711 1.4726703084854236 1.519769861970556 1.3950153580627416 1.5045893565862278 0.9943932937773629 
1.198224361676831 1.1927290771129346 1.536912289649456 1.649948448110504 1.6631259567212657 1.1916561154496177 
1.1572588359241642 1.3987726357550219 1.5686140646842677 1.4446249639410762 1.6964022594962727 1.2683513574983907 
1.3299956696797324 1.432403151318727 1.8152907516485632 1.6484650675311148 1.6525326136728549 1.6422844301958943 
1.4465649263191434 1.1833955758397072 1.097505407689933 1.2102760867895745 1.453381167212349 1.4044888141635254 

0.4267722522615581 1.8054074551992685 1.4340000849563117 1.6289165239187886 2.4587917570143647 2.646621052022696 
0 1.3908062357356261 0.5732281179053348 0.5529283465572681 1.3013338380550756 1.9447108896233112 
0 1.1760149844246746 0.7407348005670954 0.6096886584790522 1.0144215108573658 1.3115457063254823 
0 0.9125441040636177 0.32601755770600316 0.8467008028262648 1.596350532293974 0.6437745877013386 
0 0.8222714170153852 0.9803515520785345 0.9222061510177535 1.2916220115712131 1.0141519655868576 
0.8057801918692422 0.6810863254414279 0.564999256095719 0.8869100999603956 1.2656517088891728 1.1170096526518982 

1.5900451488083924 1.1782277751264336 1.341246748490846 1.2386739099419997 1.0919154545006415 0.49390455488932294 
1.8213032145667203 2.0539084359551834 2.1306390420043746 2.078311800453386 1.5973945023254126 1.0899494535701415 
1.608779839075396 2.156279532581596 1.8964153791043148 1.9802969451069208 1.8737377024823683 0.9223681821826771 
1.7772420549997536 2.2742648757124275 2.134159979771596 2.295255216659387 2.2101489141793467 0.9360090594496986 
1.780820874201588 2.091864545051964 2.0501547747566913 2.2085437950617886 1.9785804473484785 0.9709399757589737 
2.1592365362277155 2.6098527371041556 2.7484175178974044 2.758076249209132 2.511271167519191 1.6830280342046988 

1.8762896780095994 1.9493042640406781 2.0780492538761566 1.9552857523888125 1.2269648394744501 0.7602489462358306 
1.6283007333395318 1.1098215535645768 1.2509671353969725 1.0861271955392653 0.6738737673482023 0 
1.7040285072700805 1.199748163433682 1.2511190402722097 1.1819194997107898 0.15052781569554438 0 
1.4287031679075202 1.0412384240497838 1.0454247551378055 0.7800941645297329 0 0 
1.601136055470769 0.7925528656102407 0.7118581667310243 0.45085648663404043 0.006394557784578071 0.03790981639241106 
1.3735896514313501 0.9230096271484708 0.9788724641010411 0.7398069082388466 0.5708061951953413 1.0630735918628789 

1.3621099287670113 1.196720772251157 1.65396965976906 1.8308952571228252 0.9654112786018628 0.13140153879171085 
2.313709400540288 1.8084656852676109 2.0989315171127334 1.9435244042603323 1.369462629432007 0 
2.307811820326832 1.7355894579464697 1.672794841787324 1.7295305116542055 0.7532110053332536 0 
1.7437393656233657 1.2020940572309946 1.4882590080136122 1.469548184776694 0.45722018237433526 0 
2.352365526567994 1.5874575075098079 1.6342835364279182 1.550478336399234 0.7251824774263966 0 
1.4712869289106176 0.9583017539247524 0.9239216929305581 0.5051758126041266 0 0 

3.198943252938381 3.2800957119022893 3.414075508169038 3.483877064496786 3.041465051097018 2.252445535727827 
3.813388346836034 3.5213453213183303 3.7059781786457093 3.911071551105271 3.46628317563085 2.2646252920232106 
3.739177038941778 3.7422511508945004 3.797925464926533 3.762374218412819 3.1485395069109057 1.9450484870482754 
3.4894231024862052 3.4363870647179713 3.5253295437162864 3.503062690611167 2.9858134689233493 1.4973699535458556 
3.8431441211092086 3.6884857091706107 3.411436517676999 3.2176253600852864 2.853645671584232 1.4420772736398422 
2.9197966523409926 2.856994325218474 2.933302619031233 2.657101902031284 2.1754749011704226 1.585271857202495 

0 0.02196359049257498 0 0 0.39166149126555977 0.4999547476706403 
0 0 0 0 0 0.9513911028528171 
0 0 0 0 0 0.9551792212013158 
0 0 0 0 0 0.43929486425182945 
0 0.045836895918218074 0 0 0 0.5108470274966863 
0 0 0 0 0 0.0957310411475405 

0 0 0 0 0 0.12155071813933235 
0 0 0 0 0 0 
0 0 0 0 0 0.20111393735144303 
0 0 0 0 0 0.5237649057719371 
0 0 0 0 0 0.4260774996972809 
0.119984865234226 0.07034371246137003 0.04269211011769375 0 0.051803645240888985 0.3919341860502267 

0 0 0 0 0 0 
0 0 0 0 0 0 
0 0 0 0 0 0 
0 0 0 0 0 0 
0 0 0 0 0 0 
0 0 0 0 0 0 

4.013296552236474 4.169934834610992 4.096806821534042 3.924827330819064 3.314799199315251 2.4593856854742033 
3.292389987998436 4.7575064392457 5.183624867354319 4.897386610635576 4.062638959893388 3.3865565807529054 
3.628950185546515 4.704277137375697 4.665911615860257 4.931449891068315 5.0528111634603095 4.328013987319206 
3.3510524025685173 4.655468204160049 4.179249261267811 4.413831071453126 4.150772841101448 4.341414616640569 
2.959375904882812 4.148231609048778 4.315607610421615 3.86494083757971 3.0973165604616657 3.3709300639027875 
3.181530565472761 4.151225167099043 3.912141265139041 3.6974402422562243 3.255036141162483 2.8764227977703603 

0 0.6683211450636894 0.8463767539319954 0.5723865975722413 0.5292691110995131 0.4653873526560629 
0 0.40052204123949947 0.10716998893751636 0 0.05592883079751547 0 
0 0.6954964697501612 0.14697895030952637 0.07926757315167429 0.2101824344304815 0 
0 0.37531045526350687 0.02345616650040978 0.0752336472374685 0.4177801546919272 0 
0.021475877055102958 0.11475473992912821 0 0.20391827938328816 0.1998869239755523 0 
0.5665046116273771 0.7140541645341978 0.9868641492614045 0.7844115389950967 0.5967128710512833 0.31945559962672576 

0 0 0 0 0 0 
0 0 0 0 0 0 
0 0 0 0 0 0 
0 0 0 0 0 0 
0 0 0 0 0 0 
0 0 0 0 0 0 

0 0.03185791032038296 0 0 0 0.27657595988395217 
0 0 0 0 0 0 
0 0 0 0 0 0 
0.012809709600015595 0 0 0 0.1582476807561433 0.11111311887332448 
0 0 0 0 0 0 
0.7436635621015992 0.8557317689482747 0.7062689555489859 0.7586521940895025 0.7349941895193034 0.06417437856685605 

