0.12959294695431517 0 0 0 0 0 
0.9751268189241747 0.44685617045614107 0.5550159786749387 1.3048231890175626 1.353900727323075 1.2087920961292127 
0.9439620126035682 0.2664365912758346 0.4062177944914397 0.9200115497767695 0.9124702664634381 0.5183060324016393 
1.3834246507072314 0.9509075795718975 0.7656331580919801 1.04721740159392 0.9378929204300595 0.6542596296663975 
1.3518815514307798 1.0938014223277763 0.8952738131551543 1.223683039578284 1.0792796496837052 0.728192724347014 
1.6011462096832247 1.505766413616959 1.3313118562229913 1.216603191761284 1.0541109547528054 0.8088315521349495 

0 0 0 0 0 0 
0 0 0 0 0 0 
0 0 0 0 0 0 
0 0 0 0 0 0 
0 0 0 0 0 0 
0 0 0 0 0 0 

0.8243943046176262 2.5705185509391684 1.8446167475024529 1.8268196350978776 1.6275180115166725 1.9769981272640076 
0.11688085948326471 2.6383279699932265 1.991202154080509 1.961467275064541 1.412106812233211 2.1806545007246165 
0 2.151381534971272 2.1373591320883483 2.3947836457872818 1.7678716787230861 1.8430064165337523 
0.09505605250922397 1.7176690228550688 1.8734871485240712 1.8536610847346264 1.2471225332536067 1.6572236520892807 
0.3096929208310246 2.002013764162805 1.7319348999162023 1.3886533930161813 1.0612881903270306 1.6649794162637337 
0 1.0467839142004318 0.4443426293106857 0.3487453110682667 0.520362219835468 1.049851701923077 

0.17409947644566498 0.05269073077044452 0.1612248280541343 0 0 0 
0.06644542605551428 0.05586033835258182 0 0 0 0 
0 0 0 0 0.05066012222983682 0 
0 0 0 0 0 0 
0 0 0 0 0 0 
0 0 0 0 0 0 

0 0.01830840499039063 0.10145401466616223 0.00038002037304291775 0 0 
0 0 0.182258387470292 0.44495011275722435 0 0 
0 0 0 0.028758123103896013 0 0 
0.15564595178798157 0 0 0 0 0 
0.3272138388383965 0.17606745670737126 0 0 0 0 
0 0 0 0 0 0 

0 0 0 0.11209048552489695 0 0 
0.13756107046041469 0 0 0.3438383955965847 0.2776863113836572 0 
0.15874193205843834 0 0 0.23373699113268512 0.2193467223839255 0 
0.030282671853005025 0 0 0 0 0 
0 0 0 0 0 0 
0.0385320976674149 0 0 0 0 0.14848313880975963 

0 0 0 0 0 0 
0 0 0 0 0 0 
0 0 0 0 0 0 
0 0 0 0 0 0 
0 0 0 0 0 0 
0 0 0 0 0 0 

1.1591193936171738 1.5424206367122528 1.4117911505261818 1.6526013944995155 1.5373973578404294 0.9266738589882089 
1.59315517545953 1.8360668510460696 1.8125244083450456 2.0314729176593462 2.0769100862744367 1.448101960737821 
1.4398182058926028 1.8258756730787826 1.6423677482645365 1.8689896782009663 1.9130569772187715 1.7746199066067236 
1.46080315203429 1.7813353664586449 1.698723810383091 1.3984710259053714 1.7605523156041878 1.8048421676946154 
1.4581492796724966 1.687976230402442 1.5611561959664026 1.399836733562831 1.8644380601730017 2.057137731515844 
1.4394958829357574 1.156562476173158 1.2013896611792876 1.519463000511394 1.5855050084403302 1.4683499585483257 

0.42830804746557716 2.4016936118307237 1.5413820756939323 2.298558806006192 2.215588775114423 1.4488380265414018 
0 1.1676182965319482 0.5558108523261535 2.0349205499358463 1.8579878341130505 0.9802504877723613 
0.17752545027539013 0.9880109451337907 0.620231892288234 2.1556865539722874 2.4409461101824825 1.1832384779446947 
0.36421061081229766 1.3065532176189794 0.789850655017543 1.8693358547656533 1.9869326147341488 1.157479954303883 
0.23622641107592238 1.2755649783997471 0.8756654967906 1.0561917639541 1.9449185727534748 1.898572880349203 
1.0455095509684842 1.3030991585730152 1.2544763496136186 1.0963007475044408 1.0336463085978005 0.9239939474064474 

1.2520247724489375 1.2887428866870343 1.1823994158448055 1.3933491158140312 1.163705494028398 0.27299291877097365 
1.392573567324289 2.0237242069562345 1.5786777291326908 1.863414666362767 1.9124963838486042 0.6738899464561303 
1.5685199026734882 1.952091184989821 1.509053259068639 1.608332733523306 1.6422394384984291 0.44215797919009275 
1.8497800138781983 2.141250006635408 1.795301613672775 2.096503664643555 1.5867815568234287 0.7188600943540706 
1.8255900011331272 1.9717084862897276 1.7957931028738985 1.9529813337281356 1.8032984504002116 0.9823506023595532 
1.963135741013001 2.6419340650284835 2.775083709566987 2.6506667754117785 2.2524355645374072 1.82960773390041 

1.1641762233184858 1.276956096296579 1.662870918402448 2.01793452387453 0.9787820399687363 0.2878640607442494 
1.2145625292978404 0.9821816708652549 1.402892513860002 1.6549079810247207 0.5750733322468755 0 
1.475143466102695 1.17565085806887 1.2848306182943157 1.5114649746092332 0.34640406876968244 0 
1.451520181417656 1.2602690999716428 1.4693774457716533 0.9991494581749281 0 0 
1.739328131229318 1.5910966616775395 1.5078856237310678 0.4885482088002259 0 0.1604732879319696 
1.5835182250522113 1.2444757644248474 0.9600664948746089 0.5607788715695434 0.39197694047660125 0.9941859971697858 

0.9804089880499693 0.6380615214848295 1.0318195600300104 0.9057737793012021 0 0 
1.7151830755799977 1.412617832239122 1.820664134497156 2.004267790091692 1.038499470192185 0 
1.4503343575993497 1.0012274041661073 1.362616478113905 1.4581139145576738 0.4483881679504052 0 
1.7706796814139996 1.1576685039128745 1.1288723225803552 0.9943501781168713 0.1266134894555481 0 
1.9934769252430182 1.7800033327721159 1.9512702437443021 1.4437630655823845 0 0 
1.5748318860708834 1.1247518773867253 0.9160190219613352 0.38999597840179606 0.16697694746096925 0.32349130897471823 

2.977839788196951 2.8271273933571495 2.8732352162442196 2.7171085398738 2.39186000628803 1.803110947658321 
3.167424089225369 3.0288950439195474 3.162855780399171 3.3351570458002775 2.8304828675433304 1.26789774446998 
3.1485918442111744 3.027570568167435 3.0922116340318 2.9695108138321316 2.476466772158767 1.0527488320292138 
3.3242431960673757 3.148320465631823 2.942345595206392 3.032327273521364 2.412949859096992 1.0525801269218098 
3.4355270315117292 3.387745027656771 3.344682255001135 3.356485156147509 2.587983819774526 1.3278968883725188 
2.866671609144575 2.7253221385349162 2.871752960278525 2.5902493453571616 2.139562649122993 1.6353688560064015 

0.2502632305076633 0 0 0 0 0.5321458114905159 
0 0 0 0 0 1.072673765836477 
0 0 0 0 0 0.8062820219785922 
0 0 0 0 0 0.4568825405512035 
0 0 0 0 0.14344182821460683 0.5124871611031676 
0 0 0 0 0 0 

0 0 0 0 0 0.5376172971790968 
0.14675003386363433 0 0 0 0 0.43901691049197633 
0 0 0 0 0 0.6088528213057384 
0 0 0 0 0 0.42116650063094485 
0 0 0 0 0 0.07094412184066265 
0.18571842246481035 0 0 0 0.15671846435497416 0.29967787818482894 

0 0 0 0 0 0 
0 0 0 0 0 0 
0 0 0 0 0 0 
0 0 0 0 0 0 
0 0 0 0 0 0 
0 0 0 0 0 0 

3.8939872729629905 3.5940383859128953 3.654024597399256 3.8960182657897455 3.856562131273964 3.251734588019235 
3.5735178434268353 4.642938430197961 3.8932203372099243 3.160971308317264 2.769886541683782 3.8651626814594526 
3.218650704303373 4.560796901389547 4.342779968879706 3.53185122867424 2.7773899697127957 3.1077288015797224 
2.5576941808749085 3.7968332873355357 4.15771131324277 3.681759096971857 2.6112169138422834 2.9344680747994816 
2.630457570714757 3.446806020754096 3.747743937053736 3.439029571813938 2.7940784653232784 2.6137594569111897 
2.681246984245244 3.8605411504383746 3.6789513137854635 3.568914582334558 2.93838069383058 2.6889348808469515 

0 1.0976599552561033 0.6404271940031916 0.7902325246104057 0.9100934156295593 0 
0 0.4095152589079041 0 0.07246628363256714 0.3841843820028085 0 
0 0.5320423125483902 0 0.1506458413349659 0.48247441736561647 0 
0 0.2502568886614289 0 0.2268156337813284 0.339333680782177 0 
0 0.3223241483134755 0.043281404351181336 0.06462864661479088 0 0 
0.30503185562755775 0.5904586340457414 0.7310889616602254 0.8675265854875833 0.4238390660915436 0.54565272054433 

0 0 0 0 0 0 
0 0 0 0 0 0 
0 0 0 0 0 0 
0 0 0 0 0 0 
0 0 0 0 0 0 
0 0 0 0 0 0 

0 0.1904685857931789 0.17047505665585744 0.2794490334858639 0.44334490917415487 0.9983930118753859 
0 0 0 0.10896911490997867 0.18567130681739685 0.4066745736121902 
0.2336039551784879 0 0 0.07623459351745575 0 0.12126153737793968 
0.1524719073485247 0.16977070961767166 0.007685252833486006 0.14000588161689528 0 0 
0 0 0 0 0 0 
0.49172251374577824 0.6353527574118158 0.7829981540612309 0.88910922935655 0.5936247128501422 0 

