0.3002298827794971 0 0 0 0.3614932352443967 0.9811126899545937 
1.129592180145647 1.0210107824544052 1.099909005202899 0.7267160358563732 0.5162516890001915 1.2053404992032342 
0.7432509940370243 0.40674101664531714 0.47339712312674254 0.7050232476998295 1.1352019926566894 2.0200834768074865 
0.7568945560896326 0.3586404880651 0.2276808033239474 0.05237627670020659 0.2567679233709578 1.2389261479159366 
0.4321512368160899 0 0.4786958158579444 0.3596263755662593 0.265096818876136 1.3427212029337896 
0.43026162844099725 0 0 0 0.35071191409511693 1.0987087227390206 

0 0 0 0 0 0 
0 0 0 0 0 0 
0 0 0 0 0 0 
0 0 0 0 0 0 
0 0 0 0 0 0 
0 0 0 0 0 0 

0.95232476176856 2.4802444354071467 2.6712701966849197 2.613699394562906 2.552939596732142 2.7705597776136184 
0.240118915691448 2.3614938879338396 2.4507261969335548 2.3595702743529086 2.201523151493049 3.0987765158977347 
0.15245065907610045 2.055685864693862 1.6607817827397848 1.8932113355352438 1.9996222650251463 2.7059213761905103 
0 1.2739237804312382 0.4400215351624867 0.8706601580129014 2.0546885075275623 2.1849778170914114 
0 1.5326098370443644 0.9704493756582702 1.3933396261352662 2.276849808173727 3.0286478971686823 
0 0.2930559706982241 0.018139716714761 0.2922253105512308 0.7719047988511964 1.8729897409682226 

0.22210425065306105 0.08310405784879846 0.1505091695099052 0.294454703999961 0.3192351837542876 0.09272385243614253 
0.0018819146066697406 0 0 0.1481295959434497 0 0.06303788178357654 
0.05806851140992986 0.013398875911865421 0 0.09088642448790457 0 0 
0 0 0 0 0.2282988321211225 0 
0.16540117610040192 0 0.005900012409366273 0 0 0.01575941835443371 
0 0 0 0 0 0 

0 0.178968058582382 0.42945221137894696 0.9696046484402487 0.7049114038072983 0.4595892719347291 
0.44470925933192995 0 0 0.002937473897979964 0 0 
0.08792066550669767 0 0 0.157116722917521 0 0 
0 0 0 0 0 0 
0.5349292278936335 0.6385042402620875 0.7893755753639762 0 0 0 
0 0 0 0 0 0 

0 0 0 0 0.026189984217016793 1.0327539389306133 
0 0 0 0 0 0 
0 0 0 0 0 0 
0 0 0 0 0 0.27343991476933294 
0 0 0 0 0 0.49583151067234343 
0 0 0 0 0 0 

0 0 0 0 0 0 
0 0 0 0 0 0 
0 0 0 0 0 0 
0 0 0 0 0 0 
0 0 0 0 0 0 
0 0 0 0 0 0 

1.2769946114369874 1.425158770516249 1.129697411878281 1.454766841570897 1.0882327159741478 0.6875825613651712 
1.4272741253473815 1.6017036533976292 1.1511757769556328 1.2153287471786745 1.2830309746567155 0.5614158821815384 
1.1599578661677756 1.634379059883137 1.433150742651352 1.1018995617780423 1.3028438460232032 0.8636348803612797 
0.9053069842321938 1.4382538816058958 1.6703980653478459 1.2793391913794072 1.3093800189161438 0.813688136614609 
1.1624892594949714 1.9862571892258953 1.5447230044585942 2.1867586222769098 1.489903078432338 0.5782851991105381 
1.8747253008036764 1.4899988310596999 1.3733588545319708 1.3326103726079752 1.2055125348788036 0.5380864953230511 

0.5968844105353686 1.577833933739896 1.4755151746417843 1.6314884535228462 1.4986297846750785 3.0104147127060488 
0 0.9550607379026016 0.7055995045336464 1.4409946285526603 0.975647208995973 1.9921565904613663 
0 0.9471450231256411 0.33228412602643326 0.540489191735067 1.1262167482593808 2.1110341671268085 
0 1.388050145978509 0.3016602022794743 0 0.7380549362886105 1.8028466021402918 
0 0.2695178559839917 0.4710282875975675 0.7211600680136397 0.1815654948440869 2.12602418962845 
0.29907431806918117 0.30366984296807614 0.06732613088328666 0.05164272733088302 0.4007890286821886 0.9275490531620566 

1.5712717374217482 1.405009100836086 1.1938095620457496 1.478999621384199 0.8474042559786704 0.8749263506936591 
1.8279564999393791 2.169327841742346 1.9695164054898642 2.418833322525455 1.6115926155076004 1.709445751444281 
1.5608638503894618 1.9303133789447948 1.9257284048462344 1.9599925308967228 1.9902392381009362 1.522141552266033 
1.6036039160630813 2.1513322007550273 2.3890673563299543 2.2834913228352756 1.9569478174964081 1.4917615829086142 
1.34990756369247 1.7878645140906855 1.982643488358539 1.533006691460162 1.896841431366176 1.3502920139504295 
2.003784917338765 3.210564846232081 2.742044168617109 2.9902941321768974 2.6701956835324725 2.0104944957595245 

1.8490802972118994 1.863789301892347 2.001334991334748 2.3840305003992937 1.9696016234405063 1.6059708819760876 
1.6418811800716915 1.4425550736411976 1.4721056106419166 1.4434182001949083 1.0096732635369727 0.5402505011187999 
1.3953929647796526 1.2308799207685508 1.249731528345863 0.839527954065797 0.5849595308635265 0.6327586869999681 
0.8178245218975128 0.49180324871652414 0.38215944288541015 0.08137980045818452 0.5968440677699132 0.8360526702070115 
0.7360494636804915 0.5497483377496998 0.3738790059840009 0.766330901225083 1.058549416657538 1.0275700502828191 
0.8717415267754005 0.059743420358939425 0.3489469445869756 0.7022848761104937 0.9033118525468407 0.9825801216182691 

1.3206943792589645 1.1141131439381815 1.5660287715892416 2.105593063859587 1.8965891720598622 1.0814738614221044 
2.361014458855436 2.2154895486531276 1.8297484254937293 1.9246053095518023 1.1438512655206066 0.5209799135197273 
1.9972471313626445 1.8905709143068556 2.1416189504461602 2.22525134505087 1.6806549913879956 0.5772451817862929 
1.3800573347654868 0.8042807022358616 1.1995595642364125 0.9544072246158276 1.1218746233452306 0.6385202973193065 
1.8976288243076953 2.3275116323904 2.04948825712751 1.7443948720091547 1.4608734223007958 0.8953340965615542 
0.839294645360076 0 0.47639462969327917 0.622925024122853 0.4232092436129658 0.38963932550007996 

3.0709608168678764 3.155261527342031 3.287592039395245 3.6070706643706734 3.474838770352219 2.9654656365224286 
3.7661121866916107 3.761104604282081 3.632921807276563 4.008164150597953 3.318447203668335 2.598204416647576 
3.5707888119423994 3.625219705133075 3.945116885952931 4.236922137117267 3.813813850626094 2.695658316365643 
3.49954935634685 3.2093968862790465 3.338920115692931 3.4073053755776916 3.2578212753263447 2.6328666848459723 
3.7850068163709456 4.112509046999105 4.167413855657518 3.757710154511688 3.5441504506959753 2.9803398372192054 
2.725466298782458 2.396103271920378 2.718933541325681 2.6723104108283455 2.5483717006055566 2.2377638757674227 

0 0 0 0 0.3030322361091028 0.8029589967537253 
0 0 0 0 0 0.8585874301924277 
0 0 0 0 0 0.6566244294205976 
0 0 0 0 0 0.2508711293777162 
0 0 0 0 0 0.975408034823147 
0.15647693469677942 0 0 0 0 0.10829919147061132 

0 0 0 0 0 0 
0 0 0 0 0 0 
0 0 0 0 0 0 
0 0 0 0 0 0 
0 0 0 0 0 0 
0.2157758170943283 0 0.15310754576285313 0 0 0.2645462517158735 

0 0 0 0 0 0 
0 0 0 0 0 0 
0 0 0 0 0 0 
0 0 0 0 0 0 
0 0.12866436198279413 0 0.004198544361818206 0 0 
0 0 0 0 0 0 

3.813447973424226 4.195395435281758 3.9395803376030094 4.017722399626274 3.6341047083969618 2.4421859742914362 
3.0851557375208087 4.546225170962095 5.0540084082059 4.795302993477812 4.714378084764021 4.224785605747488 
3.399399416739046 4.572698554560708 4.797156216937348 4.495612411711228 4.47843522593119 4.406797661919216 
3.142062089223897 4.099241505265121 4.5183426475135375 5.30149653180703 4.645239074626893 3.772344212905738 
3.3263509093062673 4.113482805584071 3.568217595192123 4.711568311996215 5.154813742212062 3.8670450466820823 
4.1656625148195205 5.377285166349789 4.449965980467087 4.110886524809335 4.699083815121801 4.230248914814869 

0.10023856687923459 0.635454555611108 0.5082698987022367 1.1941552410879552 0.08534404551537578 0.6783857442750498 
0 0.17878642902583325 0 0.5010058453191032 0 0 
0 0.34390712405106544 0 0.017094954269303273 0 0 
0 0.30279186007100384 0.2874444055437501 0 0.019336911631431926 0 
0 0 0 0 0 0 
0.30571552110341804 1.2180729377597073 1.0356927423759321 1.5087278385641416 0.4212832988886607 0.4855500719304448 

0 0 0 0 0 0 
0 0 0 0 0 0 
0 0 0 0 0 0 
0 0 0 0 0 0 
0 0 0 0 0 0 
0 0 0 0 0 0 

0 0 0 0 0 0.37425861046519737 
0 0 0 0 0 0 
0 0 0 0 0 0 
0 0 0 0 0 0.004912932421894188 
0 0 0 0 0 0 
0.7770465515801289 0.49813450485018623 0.6047314886053216 0.7727152827995277 0.3769142728619705 0.4795203934834644 

