0.5351253963272897 0 0.10789946022130162 0 0 0.42132285636072436 
0.8621450422609412 0.34172617404577005 0.5981440341111419 0.907627867723823 1.0848313377826106 1.5067796311902015 
0.8420772576763829 0.01771002563179877 0 0 0.1743416661256655 1.176534177301293 
0.9720257125736185 0.2381732735371369 0 0 0 0.7683012917570817 
1.103245726504913 0.4906079474599495 0.03392388464418129 0 0 0 
1.4180223441877415 1.1321779319133665 1.0872362661816566 1.0861886447036826 0.8306714364343007 1.0882022593111875 

0 0 0 0 0 0 
0 0 0 0 0 0 
0 0 0 0 0 0 
0 0 0 0 0 0 
0 0 0 0 0 0 
0 0 0 0 0 0 

0.9668704895326209 2.276153446711811 1.9856117033189062 1.9374036418919653 1.6481899444779637 1.952019436340642 
0.4126479780953584 2.360402337357928 2.1994923106927717 2.3301328301924693 1.900517007269308 2.4175069320750935 
0 1.5082625819368265 1.4872263924984557 2.3197612129749534 1.679050939380294 2.2761613550271074 
0 0.9322780041546623 0.4049161169340535 1.1902005370342097 1.4717365258646415 3.0623399703873444 
0 1.2043380733293712 0.7092260464278058 0.7645965879919632 0.9417046980821033 2.7396664152216275 
0 0.6158630553321979 0.26501740647079836 0 0 1.4756723197327228 

0.20736163857340809 0.07500673283831383 0 0 0 0 
0.05628513315785602 0 0 0 0 0 
0 0 0 0.074232294544305 0 0 
0 0 0 0 0 0 
0.13052140610437263 0.05821922499510007 0 0 0 0 
0 0 0 0 0 0 

0.03946900446286872 0.30773087745321426 0.04898626961173169 0 0 0 
0.13214603398104868 0 0.3254734787048705 0.539605617501373 0 0 
0 0 0 0 0 0 
0 0 0 0 0 0 
0.3307998573077053 0.08850730004164371 0 0 0 0 
0 0 0 0 0 0 

0 0.029708844681557885 0.22100904781108477 0.25926859635577 0 0.34189623472729724 
0 0 0 0 0 0.1663860611723165 
0 0 0 0 0 0 
0 0 0 0 0 0 
0 0 0 0 0 0 
0.01633813617820644 0 0 0 0 0 

0 0 0 0 0 0 
0 0 0 0 0 0 
0 0 0 0 0 0 
0 0 0 0 0 0 
0 0 0 0 0 0 
0 0 0 0 0 0 

1.1866224672496857 1.304790231559144 1.2847827786072537 1.4276845033710808 1.4232207172416194 0.7888980088896863 
1.515830376365233 1.9501049733078055 1.363520576614157 2.04572682422864 2.157965911301715 1.1668057675882555 
1.263548393605583 1.570623832571198 1.5688917986727764 1.751629578712687 1.6098467764089763 1.1461427834006872 
1.3326367336863016 1.948599264582579 1.7167401892617042 1.8734949936172403 1.438446695826116 1.1872245001781703 
1.433169719821812 1.8249367799908216 1.8704907112357076 2.0851522075801676 2.097292815410733 1.0282594525183804 
1.5140094940606335 1.2649216478839524 1.2946326157457972 1.6151150390186615 1.4295008002859155 0.73315188782142 

0.7717523787938733 1.9462798826143768 2.1172507077911846 2.2971609573708487 1.8165266749597448 1.9384542758559506 
0 0.9269758346412738 0.614471118922792 1.7049401155993436 1.768598427044178 1.702780560904566 
0 0.45171919121874954 0.10676583051455425 1.5446515810347001 1.3080841242433152 1.602245799572418 
0 0.45304466964604545 0 0 0 1.8644134573877595 
0 0.8907625185740422 0.05623604518094092 0 0 0.7478356875657703 
1.0185836462098428 0.9804508064333753 0.7654215482920256 0.6529685046279946 0 0 

1.3781721563483156 1.1267678885829058 1.1563219991452234 1.2108492180335289 1.215588078237081 0.660044247161298 
1.6935756722089217 1.6114886440949825 1.598845434527613 1.7390867517687991 1.799064201572322 1.0333149779938073 
1.6441879108878443 2.080826496099152 1.7361797599055508 1.5921218123726675 1.5268263747297839 1.0162419992771068 
1.783800248197148 2.365656002359219 2.0749869635645437 1.9952851807413927 1.7037922362721911 0.6830800927234835 
1.7222635226985725 2.0465098755736246 1.8996183435456921 2.5713336541903287 2.108601496128575 0.9273276023526309 
2.0188022423114593 2.662793061401883 2.7568909049259473 3.264689074505194 3.148580686350832 1.9824439922911494 

1.9037611465488942 1.8659893965699645 1.927495991129681 1.8982678162497018 1.6468576650069073 1.1639101562738323 
1.3104400038814512 1.3697434505739845 0.8467533125857458 0.8327503945782573 0.8660169569893698 0.6101077567870672 
1.3645208745425408 0.8984334888307628 0.06106739925440895 0.04310387150572759 0 0.12413034593402011 
1.1268516553521994 0.7773174360207599 0.26120929735549303 0.4947346093221358 0 0 
1.360475525343992 1.199058262820136 0.9402726426700859 0.5754830114731244 0.03891449292170178 0 
1.4383351144650958 1.1131291105592431 1.021821017789615 0.8975991512881056 0.5210011733701851 0.42523064169498687 

1.3601254461369352 0.9033188783013566 0.7455947702597507 0.5948969300115328 0.504538323465868 0.12688601178680348 
1.9394841119045645 1.8926826211435075 1.7645598127037092 1.8391829414442589 1.4925395509806836 0.35273048246334665 
1.7664005147842463 1.5131736477674798 1.239335195364424 1.0709677476762691 1.1282661746812388 0.2309026043091367 
1.8407770141903592 1.6950925010111038 1.1108838913113745 1.0744878272649747 1.0239922781436694 0.19730681101053008 
1.961075685344419 1.6242065087485684 1.342703025999633 1.0059768607350155 0.6541341749334503 0 
1.1272025800145973 0.6724737849795432 0.7055674793243736 0.9684144368782267 0.5423459047489044 0 

3.0233710204396593 3.023756989524376 2.8721094542115084 2.765564458065052 2.620633012719528 2.31328320711122 
3.4659901069375665 3.336358563663624 3.453481244984089 3.2256054020543923 2.9824152896208638 2.0569375134912753 
3.528882700031522 3.737180834798602 3.591526022429504 3.388309070678478 3.0802972739451433 2.049548943575082 
3.4627605475084238 3.459199831638643 3.435737179363021 3.5323152088171144 3.770442495815077 2.538961575967596 
3.3444973319415294 3.3252639285704957 3.159412472062025 3.1934393868633464 3.0669592897410265 2.1799022025004953 
2.665435328887741 2.539127460691099 2.6440876972647174 2.9645798580465668 2.8231896253627364 1.7542113845422598 

0 0 0.013055248641870125 0 0 0.5677590862186224 
0 0 0 0 0 0.9990032798273268 
0 0 0 0 0 0.5887339638615892 
0 0 0 0 0 1.2993274924538616 
0 0 0 0 0.009513998938206106 1.2310506853852912 
0 0 0 0 0 0.3235843263166771 

0 0 0 0 0 0.26429365492266904 
0 0 0 0 0 0.10796695936968388 
0 0 0 0 0 0.0437394862410623 
0 0 0 0 0 0 
0 0 0 0 0 0.10668506610316289 
0.2989750043521261 0.09933708232226934 0.04992215408913815 0 0.22220984311188133 0.3917047518980711 

0 0 0 0 0 0 
0 0 0 0 0 0 
0 0 0 0 0 0 
0 0 0 0 0 0 
0 0 0 0 0 0 
0 0 0 0 0 0 

3.4251953569917224 3.605978266757069 3.493796381174434 3.50865967138039 3.6287241366225036 2.8485523069074623 
3.1226726949732044 4.002015959628722 3.5474421185549834 3.2184870398836263 3.1883510396642416 3.6042687591681926 
3.1710899843337295 4.995670990976953 4.969065508029071 4.175897872248632 3.2601423012843234 3.411609802391504 
3.1207463737611163 4.692943051414892 5.247786594150848 5.315876061319787 4.621567336804361 3.73993746611051 
3.072692962675636 4.156269349586179 4.397907322408947 5.424146929542957 5.917701550205133 4.793010962796291 
2.675573863324235 3.6178778871785235 3.560588662483128 3.587289455812708 4.4294578453109335 5.142087670751305 

0.12105066215010567 0.7136739177247476 0.546257180811399 0.9371651287032164 0.6935202480882143 0.21569109830951624 
0 0.09512705179971992 0 0 0 0 
0 0.4500565635015138 0 0 0 0 
0 0.7403569714597481 0 0.3243908182307671 0.0394975477246069 0 
0.14233259968469458 0.4293779125901319 0.28433083156836975 0.4741728581769349 0 0 
0.41125105922233784 0.5849564119486468 0.7285513651337548 0.9733303968735184 0.4575688366968363 0 

0 0 0 0 0 0 
0 0 0 0 0 0 
0 0 0 0 0 0 
0 0 0 0 0 0 
0 0 0 0 0 0 
0 0 0 0 0 0 

0 0.2860191865364806 0.4303855568266032 0.4970769964476968 0.4859730983042598 0.807857282295848 
0 0 0 0 0 0.1553420118099137 
0 0 0 0 0 0 
0 0 0 0 0 0 
0.007388587752438336 0.12330475283236271 0 0 0 0 
0.7625816515511562 0.9312756813845854 0.9113669557906914 0.9844369282116614 1.240258916429499 0.6285732737761444 

