1.2815378528297154 1.1665691433751133 0.3580833211869153 0.3279482565618344 0.6632268119536152 0.8096915266762766 0.8023169141691119 0.9148720002662982 0.9015027867777577 0.7320142931619326 0.7498708440314902 0.5195826189357053 
1.7433705342246197 2.6227560104545016 1.4940818708849777 1.0185842858456635 1.249775778035081 1.1745352713302672 0.8671283879881369 0.738921711447698 0.9239714778314828 1.0510098013847646 0.530469228613804 0.2546700636871061 
1.2165488797570074 2.3587481449011274 1.8599954464040729 1.1645006667849278 1.01744561618534 0.9071526398064477 1.0836028228439278 0.8058892113611043 0.6892907782756511 0.4829210748896921 0.6651383454636344 0.3763243010231675 
1.1649222775569443 1.7746067505358436 1.0393703311849234 1.049979350958428 1.104912657088571 0.7534443719983814 1.3635444975767497 1.3601670168836995 1.256395999022406 0.7631071738960009 1.1153094548594096 0.7837473881641084 
1.4976307814651952 1.5806796722708265 0.7167325014405022 0.6925541845917185 0.6369179325643394 0.39584785961689795 1.017879858740882 1.9042370798638708 1.4865374554189716 0.8999854995946615 0.9651766980042173 0.6904868546098494 
1.7465799067333476 2.146064031214955 1.2757571765299323 0.8546167221266983 0.6946963051263956 0.623262453516657 0.4164496395954617 0.884373112180833 0.543524874820053 0.35793830744251254 0.04020498187510627 0 
1.6867431388258822 2.551511619739003 2.049268649105933 0.7582809966330384 1.148297624000725 1.0923758754426105 0 0 0.5354991276742368 1.3682564282451644 1.091004100186291 0 
1.3311929502154802 2.3252869918931087 1.9310800755209914 1.276882439114396 1.8171590962377129 1.109300475784185 0.070391050399774 0.556749563998669 0.7539208391217488 1.268070261101091 1.256475145787678 0.05209605847094915 
1.3246234509392016 1.583781060653961 1.056811907670548 1.8065894858108869 1.8727267007040411 0.6601848948468603 1.2038455595622206 1.5383103263676634 1.0381244168749642 1.0730326907581111 1.0627537309969903 0 
1.6423355814754461 1.5418167417911413 1.213557279792784 1.542374473109596 1.7889927827585628 1.3024569103949293 0.9690259416165841 1.703300564213342 1.4771275487030489 1.2062850857545762 0.8117274921617027 0.2173991079084503 
1.9025980191497303 1.0830611950741356 0.45393787905529015 0.6136865555708794 0.7437303006409925 0.6391747872539785 0.9232438993949824 1.2834684372015996 1.680928232120703 1.1259505618791694 0.3618005622250025 0.30870247415445695 
1.7737168274393382 1.2529351567621543 0.9055472758503209 1.6192293144219212 1.4950405913404856 1.4924119959164874 1.339571517828584 1.3619174606980637 1.7008601294891765 1.5278416152925118 0.8936849362103314 0.7551882526147076 

0.6310959171597551 0.1250174543937077 0.31932090236266225 0.45057153094229635 0.48172893411022577 0.5485107118845612 0.5387458795913157 0.46310758638533694 0.4925283619339817 0.3368056253685122 0.3776669991426602 0.38746870158946944 
0 0 0 0 0 0 0 0 0 0 0 0.007245265065567689 
0.3218455244564685 0 0 0 0 0 0 0 0 0 0 0 
0.3130339648526398 0 0 0 0 0 0 0 0 0 0 0 
0.06109477441923822 0 0 0 0 0 0 0 0 0 0 0 
0 0 0 0 0 0 0 0 0 0 0 0.5041690337166919 
0 0 0 0 0 0 0 0 0 0 0 0.27445560846315437 
0.31750328798764643 0 0 0 0 0 0 0 0 0 0 0 
0.372418499418584 0 0 0 0 0 0 0 0 0 0 0 
0.12311301509513806 0 0.18826843217665842 0 0 0 0 0 0 0 0 0 
0 0 0 0 0 0 0 0 0 0 0 0 
0 0 0 0 0 0 0 0 0 0 0 0.10155384247071571 

0 0.4622230710819355 0 0 0 0.015078440642469992 0.03594331538613041 0.19410368037400208 0.126266814776793 0 0 0 
0.2080680102020817 0.25389433907257086 0 0 0 0 0 0 0 0 0 0 
0 0 0 0 0 0 0 0 0 0 0 0 
0 0 0 0 0.09324920338441947 0 0 0 0 0 0 0 
0.15864389914069238 0 0 0.1536086371930838 0 0.04903067794752042 0 0 0 0 0.44625465869393216 0.26429253069860104 
0 0 0 0.021037355428484936 0.16762720884534804 0.7124373268343619 0.5521668448359224 0 0 0.24477783949730442 0.47879138076773964 0.3814261750503702 
0 0 0 0.200875972759687 0.7056248091097245 0.3949251118396496 0.8360072256103953 0.6686823250051445 0.838008900716113 0.5048550073575525 0.5523297741664308 0.17701674191163155 
0 0.09115742830754169 0.0950471914813937 0.022398632813928676 0.25780313430399127 1.3757959640421857 0.979676772187542 1.097682997831313 0 0.1817111454511015 0.2602980514500315 0.540549527552554 
0.14419195534559742 0 0 0 0.7421191657836244 1.1388865935160533 1.283745100465697 0.37158629815763305 0.03800771407320959 0.052390506324143174 0.31548158566349 0.540604196816515 
0 0 0 0 0.44419103274912813 0.4579766557785691 0 0 0.05912554569984246 0 0.25567604551605144 0.07997446514907493 
0 0 0 0 0 0 0 0 0 0 0 0.0056485241413617125 
0.612253387709201 0.3917489518552397 0 0 0 0 0 0 0.17038998794932136 0.025358485426587057 0.16791726917528033 0.05409247565656491 

0.37094978374645105 0 0 0.5829835706928329 0.5248502035715839 0.6591806328008398 1.0067220842402778 0.7254651078152382 0.3819235668680909 0.19073933104618152 0.13081721034159655 0.3363736541843881 
0 0 0 0 0 0 0 0 0 0 0 0.19230745365085972 
0 0 0 0 0 0 0 0 0 0 0 0.3348846326841635 
0 0 0 0 0 0 0 0 0 0 0 0.14931811766217773 
0 0 0.06268411486370523 0.45363096133118347 0.9573569653412032 0.5125987439941799 0 0 0 0 0 0.02221555701718473 
0 0 0 0 0.45973320322075273 0.2625197700959048 0.5772683011385167 0 0 0.8734222740781187 0.9878032361337946 0.7229410272576176 
0 0 0 0 0 1.6843312040152756 1.257051917631751 0.13100647367071916 0 0 0.2526669352421379 1.2283538155225997 
0 0 0 0 0.2249429482087094 0.440193877058547 0.02429317050507665 0 0 0 0 0.7043364869144305 
0 0 0 0 0 0 0 0 0 0 0 0.33077301022675165 
0 0 0 0 0 0 0 0 0 0 0 0.06103678239505497 
0 0 0 0 0 0 0 0 0 0 0 0 
0 0 0 0 0 0 0 0 0 0 0 0 

1.263727216647238 1.8208350777302982 1.0560399878750582 0.8818540642478682 0.9639508849453288 1.1495814259746124 1.1981662894513248 1.3224797134595836 1.1606483439617639 1.2749272469673003 1.4515055176783442 1.328775942420864 
0.791816105120116 0.3836152932480342 0 0.17080074124376285 0.5323433200792393 0.7256903304197584 0.9564332239945059 1.027998509607346 0.9127675157301985 0.8197016494884873 0.8913078961861893 0.7054784036913454 
0.9737489994148502 0.6728810006420375 0.32635609731908183 0.5659070199341723 1.0505638707037552 0.7496711205563478 0.3944096422267278 0.44609309938448355 0.5099885039037121 0.49357917659379347 0 0.21326627413172372 
1.1918227977332596 0.9495323935552552 1.0217511221605027 0.9155658829042994 0.9233984314597509 0.07371813083596417 0.15069830203223508 0 0 0 0 0.5322580770164029 
1.078029426825284 0.8073761394635968 0.7228730032530414 0.36267725275314805 0.6318173579835326 0.6435878873313153 0.4101580621992428 0.13280683943519184 0 0.028270675640970508 0.4265642292731703 0.568922352301475 
0.5634114782250856 0.20874074993474379 0.1932970885878197 0.62459637406806 0.290498308093198 0.8680716434277336 0.9146419387767032 0.8969574329420045 0.9764061552164691 1.1627184650393525 1.196050109924668 1.1291182023405562 
0.6899089378955169 0.45526601102127695 0.2825332574429551 0.32501128974484966 0 0.8486786850006306 1.74933430430132 1.0682808429085642 0 0 0.16083995524011635 1.1311693748167024 
1.0471708082606632 0.8063212087493026 0.26542954289549303 0 0.3288245903859871 1.554389315011505 0.17443145091087814 0 0 0.4715269951833715 0.06988120106160482 1.040492725264586 
1.1776081028894205 0.8235584347861046 0.4207103961872246 0.3289175856277238 0.5447465014905127 0 0 0 0.36451866493197876 0.4775915989816708 0.2404593268323953 0.800031200876594 
0.7782646386578527 0.5546910198402163 0.5787986233703084 0.7634371052892126 0.39254948667738504 0 0 0.39927750434161224 0.40932551123002225 0.5018968149648138 0 0.4546279182864404 
1.2442202933061732 1.3932342838364449 1.541177948212423 0.9932946535853986 0.3379575760510328 0.5908024942172009 0.7829928431676536 0.5899089566941498 0.6215634819197271 0.5460222760503622 0.02763005884459716 0.5207032293285117 
0.4101469291380706 0 0 0 0 0 0.2037268999382411 0 0.4779816429771798 0 0 0.3140387028214065 

0.13117115173571403 0.2917337764238398 0 0 0 0 0 0 0 0 0 0 
0 0 0 0 0 0 0 0.16756692531780737 0.09729972807174359 0.2671643070653573 0.4128609341692857 0 
0 0 0 0 0.21670586743804687 0.325979393877279 0.437211392754885 0.5343999639622462 0.49431902121042237 0 0 0 
0 0 0 0 0.04357349207298535 0 0 0 0 0 0 0 
0.23752327646554833 0.04287954992152418 0 0 0 0 0 0 0 0 0 0 
0 0 0 0 0 0.35986666549525714 0.592114161870268 0 0 0 0 0.031226642674641227 
0 0 0 0.12877265205719157 0 0.7091682085518277 0.7598629525187098 0 0 0 0 0.07347381907214025 
0 0 0 0 0 0 0 0 0 0 0 0.033833392810001015 
0 0 0 0 0 0 0 0 0 0 0 0.03219884085548905 
0 0 0.13623557661552121 0.16849579859069697 0.36750376683655256 0.13279665173296318 0 0 0 0.059486046043605634 0 0 
0 0 0 0 0 0 0 0 0.06444485367286304 0 0 0 
0 0 0 0 0 0 0 0 0 0 0 0 

0 0.010949922681822072 0.637418477659614 0.7224046186310509 0.5720152846120431 0.20223080885728048 0.01609488886519045 0.21053337962946803 0.14738336666170557 0.39359070931319584 0.17113354602923472 0.277468369572079 
0 0 0.4011499959423904 0.3193782195118767 0.3785811193174005 0.6439082762665571 0.6814305419921951 0.8596093558377171 0.6830184872225649 1.0426064207943044 0.8020289768666341 0.31834993411119805 
0 0 0.06897757923100094 0.1936910728218989 0.10220542619863879 0.8603863465847245 0.9981836623956536 1.3647400185907543 1.085706045222234 0.49109559860293744 0.38064842270680843 0 
0 0 0.30009040999059955 0 0 0.09048832898759307 0.11490797107914905 0.5089962278834264 0.30884010118278427 0 0 0 
0.3675033565051024 0 0.6694582348750683 0.023570942706992747 0 0 0 0 0 0 0 0 
0.11175961410079271 0 0.23901669505506967 0 0 0 0 0 0 0 0 0 
0 0 0.06227534222874331 0 0.05069587002750181 0 0 0 0.2518937237854731 0 0 0 
0 0 0.03502025988079724 0.19310668150987453 0 0 0 0 0.30816479763011195 0 0 0 
0 0 0.2952434699167048 0.40502769168931735 0 0 0 0.4327508175175436 0.20008605075578373 0.2181956708431182 0 0 
0 0 0 0 0.16697215331258133 0.5255053129249919 0.7061464294208755 0.2091681308443311 0.3227295180734755 0.15064371043477734 0 0 
0 0 0 0.3973094090725525 0.718329750474657 0.6815059087811658 0.08769264849912767 0.5900326270522332 0.1045576355692981 0.010479519484357075 0 0 
0.654163060879751 0 0 0 0.1428822038480455 0.5115920473979387 0.3438556842468202 0.7457819660014113 0.16757589242555804 0.12883583802945464 0.05982224981897272 0 

1.9586246590396459 1.5194441071676974 1.449840766834364 1.6388021630970768 1.7615913037298756 1.7007694498146995 1.638069634512212 1.7616536219525052 1.620946546149985 1.4011965402601199 1.1973026728944296 1.7044502485503799 
1.3639710898801218 1.52247270232409 1.8022073230105573 1.625853088495846 1.2803634997641287 1.365030893907149 1.2498193843078893 0.9302845408679103 0.8244118395565578 1.2098996022951847 1.6148353478844153 1.7052265543541703 
1.3818576474455668 1.1151828387744038 1.707788849970262 2.005192050525589 1.7058243742318737 1.4797897626281122 1.3581115953658405 1.0472855732670898 1.03915742790511 0.7615761628628124 1.4008576889330848 2.581029132319639 
1.1689594414058624 1.0825122515996808 0.983390449011194 0.5996705152675894 1.0990121837574682 1.3698897571415594 1.28747916627776 0.8515532719791037 1.0371146717996296 1.6343385857785724 1.7856985720743834 2.226291248652633 
1.3487136632346208 1.4444059602388875 1.0731549832722946 0.6435549904289103 0.8925412716938949 1.0761956968418294 1.104756824944353 0.9242000262238854 1.1757527789157147 1.8153851822675495 2.2016563088001333 1.9156565745372363 
1.222936580940523 1.2740479557555588 1.2423289275614335 1.426935469672915 0.8677675789698988 1.1009292182220076 0.7339926103730818 1.1480986597786431 1.3052697306160628 1.3327169505532688 1.2273443537956532 1.8842135291086273 
1.3570211631050348 1.5489318782974453 1.4533319790619263 1.4254178199228151 1.094309816682875 0.6664036033132257 1.3044016658946354 0.6762442964884395 0.8904396862597078 1.0672610306051464 1.3900149903538541 2.1385440486973355 
1.3304001406465378 1.4989843749267253 1.315080442096602 1.0253662083859438 1.2392513941654233 0.5958874995726204 0.4534446960823053 1.0527190194715896 1.5284710750544725 1.1039734198026183 1.2800756508625635 1.7224577607359643 
1.609773033222501 1.3339576873794095 1.027547503592908 1.477997825935966 0.6619779392749903 0.30726720491319137 0.950510159275325 1.7787846083523606 1.174927949072444 1.2735693311071505 1.2937077255875118 1.8057469452803985 
1.568881834561843 2.2354930921166707 2.302874575274702 1.8100554937085405 1.2709115670018059 1.4797513455184426 1.698722568326296 1.108056770303118 1.254806255167039 1.3592567781207878 1.521253011168156 1.9527596690401439 
0.5631366597738624 0.999092809010714 1.4020567447365988 1.2351388483847485 1.1769932655180233 1.614044321422008 1.5908390021744552 1.5457566964624303 1.2476313745763634 1.1739560678053864 1.479645376008507 1.7704129113100895 
1.4660291999974615 1.207504542103277 1.4106863486001509 1.6661486890861954 1.988020646349044 1.824269457642029 1.9082840245035761 1.4964626847374691 1.3536317345475648 1.5091390719447713 1.6696357296187299 1.8669747707852036 

0 0 0 0 0 0 0 0 0 0 0 0 
0 0 0 0 0 0 0 0 0 0 0 0 
0 0 0 0 0 0 0 0 0 0 0 0 
0 0 0 0 0 0 0.0526754310170425 0 0 0 0 0 
0 0 0 0 0 0 0 0 0 0 0 0 
0 0 0 0 0 0 0 0 0 0 0 0 
0 0 0 0 0 0 0 0 0 0 0 0 
0 0 0 0 0 0 0 0 0 0 0 0 
0 0 0 0.1741175576964621 0 0 0 0 0 0 0 0 
0 0 0.05331538798481682 0 0 0 0 0 0 0 0 0 
0 0 0 0 0 0 0 0 0 0 0 0 
0 0 0 0 0 0 0 0 0 0 0 0 

0 0 0 0 0 0.009300812693381663 0.1648199111030222 0.11041751574305632 0.34611658453781546 0 0 0 
0.15481870890583704 0.13303285085017072 0 0 0 0 0 0 0 0 0 0 
0.004747488525590638 0.6298509828760901 0.11033086163444933 0 0 0 0 0 0 0 0 0 
0 0 0 0 0 0 0 0 0 0 0 0 
0 0 0 0 0 0 0.12405131368643393 0 0 0 0 0 
0.4917975577391553 0.029236062232037563 0 0 0 0 0 0 0 0 0 0 
0.5849375595636457 0.3201980245371324 0 0 0 0 0 0 0 0 0 0 
0 0.21625509505565826 0.06975340276626094 0 0 0 0 0 0 0 0 0 
0 0 0.018257281638696832 0 0 0 0 0 0 0 0 0 
0.44610558890643315 0.14814085079283557 0.36198129924548034 0 0 0 0 0 0 0 0 0 
0 0 0 0 0 0 0 0 0 0 0 0 
0 0 0 0 0 0 0 0.037575549172199435 0.041597196201310194 0 0 0 

0.5201296048773838 0.040461476303222395 0.5712469779048366 0.28014900730390946 0.008865578594226053 0.118018886385755 0.2597735362590603 0.5268798898161982 0.3187315485826098 0.21315658176603136 0.7378392363098952 0.6378001742082933 
0.30124149777921466 0 0 0 0 0 0 0 0.010850773394560233 0.17587789096792522 0.2750604721575683 0.33316326322094836 
0.6821906410216032 0 0 0 0.5670314306485628 0.6591862961818288 0.3304961661329704 0.37693190370041846 0.9081587989095773 0.15698925525512014 0 0 
0.5973487510134068 0 0 0 0 0 0 0 0 0 0 0 
0.8063413891422364 0.058312407480951095 0 0 0 0 0 0 0 0 0 0 
0.25282633646935754 0 0 0 0 0 0.13738036281700747 0 0 0 0 1.0760039956440008 
0.06195499503275923 0 0 0 0 0 0.1858743372420632 0 0 0 0 0.41221863653346524 
0.4757500121932172 0 0 0 0 0 0 0 0 0 0 0 
0.7629758001199838 0 0 0 0 0 0 0 0 0 0 0 
0.401920823928608 0 0 0 0 0 0 0 0 0 0 0 
0.554171174147362 0.06939515894376583 0.14274249031050082 0 0 0 0 0 0 0 0 0 
0.3766769353998525 0 0 0 0 0 0 0 0 0 0 0 

0.08634009075349769 0 0 0 0 0 0 0 0 0 0 0 
0.9753301298099756 0 0 0 0 0 0 0 0 0 0 0 
1.189491788615218 0.5703610619299881 0.5958431552172495 0 0 0 0 0 0 0 0 0 
0.6180674179734851 0 0 0 0 0 0 0 0 0 0 0.4558962662590786 
0 0 0 0 0 0 0.15345039664257673 0.005748420492958317 0.34408172180687063 0.29332417430583196 0.9482476598791322 0.8017904505535893 
0.41800581995678354 0 0 0 0 0 0 0 0 0 0 0.2226275944415792 
1.0571272805479872 0 0 0 0 0 0 0 0 0 0 0 
0.883377836962594 0.1855642777375141 0 0 0 0 0 0 0 0 0 0 
0.25564127951050514 0 0 0 0 0 0 0 0 0 0 0 
0.615917218880621 0.01691878438737124 0 0 0 0 0 0 0 0 0 0.06374232798401536 
0 0 0 0 0 0 0 0 0 0 0 0.32786274682188227 
0 0 0 0 0 0 0 0 0 0 0 0.19802423219405918 

1.2443166194509865 0.7825593271765805 0.4247692429811366 0.16121000361136986 0.5115043707896901 0.9720885022726815 1.0514311851025773 1.005994036994835 0.8486949656509329 1.0943084439438127 0.8831610246585871 0 
0.44510089842591694 0.040959863228192055 0 0 0.2389592097872533 0.04806249987098743 0 0 0.07960307287758223 0.330454574271234 0.05664030126312988 0 
0.4575473590122669 0.14983448437620422 0.6680290590471601 0.9076666542085359 0.3942009975760127 0.09227287227607706 0.4159732365378942 1.1032862394262457 0.9290994170018988 0.07650485620180983 0.12763530823709568 0 
0.8899321625631353 0.6088911556343695 0.33302819541437645 0.276147820008474 0.5238871922808294 0.3050762817411954 0.24055657670451208 0 0 0 0 0 
1.1723023011830378 0.43089929994742554 0.6737353552086958 1.3350219117487572 1.0813638882433745 0 0 0.3636949222262383 0.19676292815563096 0 0 0 
0.7460858179301229 0.32702341201679846 0.7527036912033148 0 0 1.276538579580042 1.867873886249408 0.40928274920334784 0 0.12768926852569532 0.8248588736001683 0.5753038383006689 
0.46002875138910754 0 0 0 1.3869661235710231 3.422371452293585 0.30490599992976364 0 0 0.09956971588991542 1.0121734697049733 0.3371096068840374 
0.6537648053327566 0 0 1.0496441923669286 1.3171828001098926 0 0 0 0 0.19812828575734678 0.44920241315922305 0 
0.8862261396688844 0.40392181721939113 0.3607651029766529 0.0645641872257521 0 0 0 0 0.2975512741568831 0.1656088152237137 0 0 
1.2967972632744549 0.8909509464228931 0.34191879872167114 0 0 0 0.2227340104470945 0.4453875995109716 0.37778662941851593 0 0 0 
1.4665531348957983 0.06539967690029203 0 0 0 0 0 0.4056034514864977 0.6715443360712776 0 0 0 
0.26619004455306927 0 0 0 0 0 0.10084344669209709 0.10072303764640683 0 0 0 0 

0 1.1402869922172318 0.7813762672088979 0.8994927554627193 1.0745791426513334 0.6036007857367226 0.4892034925454877 0.255114073435421 0.7932460855049931 0.5900588054897371 0.2984605107820476 0.5640977823689086 
0 0.49777785212931136 0.9739723900768311 0.31687607288176534 0 0.16784113448821228 0.6871190756217295 0.9887230991696399 0.9431521307663318 1.1674235494066705 1.3157707684709603 0.48905163721748335 
0 0.9263066878936398 0.7737266157826035 0.5741707831311138 0.7201148816656109 1.0221587421285019 1.095337816781938 1.292908989106054 1.1451015532960604 1.502353731070051 1.955570388603893 0.28276322286266825 
0 0.4844776629986247 0.5479585354792746 2.158808348396742 1.822230671585131 1.1098989372002321 0.6070915306272757 1.76830292479432 2.2344841003173537 1.7226939398676864 0.7028944336096846 0.5783591779056176 
0.08460919209962986 0.9653539575490917 1.6883608503308452 1.4582228715291508 1.3886255204817535 1.6837835118448155 2.087047498219337 1.5756323832996064 0.7479329262514628 1.1692158527024095 0.37532054378100416 0 
0 1.3838627801251175 1.3678254502883622 0.1941277434978142 3.6709618698436426 2.3792642126012984 0.9367228873960768 0.25681307227381445 2.0827506542828838 1.841465259802483 2.1751900507247064 0 
0 0.20908750579471064 0.6876014566443972 2.7610330551851368 2.149741873598424 1.2491153450442973 1.4097026208946308 2.944625052423468 1.6555697995810317 1.4393897496290622 2.010227891344125 0 
0 0.1026061142822147 0.9243043913890224 1.7508423576133472 0.3743398559365558 1.544087473650181 2.9791381254573968 3.012141371161496 1.0373996457933032 1.3718099646724253 0.977103554718122 0.33060505866306344 
0 0.31130488692800173 0.6980613842436605 0 1.0846353588791617 2.197398428367714 2.8558339368379873 0.7170574192232048 1.4469206718755268 0.8488150719514314 1.5677153987229835 0.4113877483408737 
0.2187945321405291 0.303050323317361 0 0.14706228714432507 1.0616491749289427 0.8416501347652563 0 0.674484619984629 0.8643842917593062 1.0323843520131224 0.9499316388675012 0.07685344415569388 
0 0.16573740162208922 0.6616188595747791 1.5093886580431053 1.0062642697090964 1.0062745423747768 1.1374786820401908 1.0121868571240775 0.18379614602191308 1.3001255923312003 0.7599638004020033 0.1640453053406622 
0.5023606727136798 1.5452001823186254 1.097154659359834 1.1740442098585726 0.2314580613771412 0.5795937396345986 0.2746463883270606 0.18293176868109742 0.8651625887021315 0.9778928051430069 0.8620355305084455 0.0953422881715593 

0 0 0 0 0 0 0 0 0 0 0 0 
0 0.7018841998812464 0 0 0 0 0 0 0 0 0 0 
0 0.3980246820400934 0 0 0 0 0 0 0 0 0 0 
0 0.23711368757187026 0 0 0 0 0 0 0 0 0 0 
0 0.03581553369300204 0 0 0 0 0 0 0 0 0 0 
0 0.14780081610146376 0 0 0 0 0 0 0 0 0 0 
0 0.2350896690924586 0 0 0 0 0 0 0 0 0 0 
0 0.24938509151227828 0 0 0 0 0 0.14674867153361812 0 0 0 0 
0 0.0007401410332243813 0 0 0 0 0.3251908781277107 0.11890727480410863 0 0 0 0 
0 0 0 0 0 0 0 0 0 0 0 0 
0.15841892513311095 0 0 0 0 0 0 0 0 0 0 0 
0 0 0.0927228814756858 0.2026560288946174 0 0 0 0 0 0 0 0 

0 0.79094607040671 0.8477365361028694 0.8460598222627916 0.49025873181700913 0.2999397502275263 0.21575760410668945 0.23206811828095283 0.13577020776727408 0.41209852718962836 0.5588858423478217 0.7150744949069157 
0 0.31630449713978104 0.38248898183400537 0.47494345795171933 0.5824748793860796 0.43891025703987396 0.4726321843268325 0.5771608463383129 0.7836161051873659 1.0280662505349745 0.726856528165961 0.7230521795718499 
0 0.5666694896839202 0.6727941667898742 0.5466228845052211 0.45588255379186826 0.719023324548489 0.594602982018352 1.1248595758330537 0.9103331005589524 1.0786158681460474 0.9105651682113913 0.40411706328890284 
0 0.8597740824375553 0.5970921924394768 0.42382683294169443 0.9429729355966862 0.9339315105785676 0.9051961493745095 0.9326934465017377 1.1422179935857504 0.8762567615487887 0 0 
0 0.3554284901457595 0.596521438346512 0.10098067495951367 0.035264756426675994 0.36376878465579443 0.17535975055725897 0.4868110085594127 0.11959129484420358 0.5712727553831431 0.002189107524986507 0 
0 0.5273317275919968 0.5811938375797042 0 0 0 0.23735251721774187 0.1789795694640956 0 0.12820902534949727 0 0 
0 0.28649543228951685 0 0 0 0 0 0 0 0 0 0 
0 0.15296611265386342 0 0.2591256697159817 0 0 0 0.011855352512605725 0 0.026442734517175732 0 0 
0 0.4651351731384534 0.5625262954405554 0 0 0 0 0 0.1483786965515118 0.035449432534992914 0 0 
0 0.40121588556612686 0.3657718953786083 0 0 0.06851335499483326 0 0 0.11245743986405289 0.0931930544537459 0 0 
0 0.7923690736412171 1.423143674524312 1.9703454072650177 1.167957092551963 0.9797518268558019 0.38121379346167583 0.43420946297852353 0 0.3195830566222844 0 0 
0 0 0 0.42891804196052236 0.1268639220980474 0.16485851102256788 0.1966051578227192 0 0 0 0 0 

0 0 0 0 0 0 0 0 0 0 0 0 
0 0 0 0 0.17229895677031604 0.6937489143719469 0.6445272871856803 0.5609797460853634 0.27103988707278825 0.31811122333860126 0 0 
0 0 0 0 0 0 0.2506878289925395 0.33807645641451967 0 0 0 0 
0 0 0 0 0 0 0 0 0 0 0 0 
0 0 0 0 0 0 0 0 0 0 0 0 
0 0 0 0 0.6413118550722688 0 0 0 0 0.006146671859505959 0 0 
0 0 0.1050441721458697 0 0.27179474163991646 0.3232708118561032 0 0 0 0.01565353048353796 0 0 
0 0 0 0.30965443577789886 0 0 0.19075468158828396 0.22327469837405434 0 0 0 0 
0 0 0 0 0.0680881051989336 0 0.2813985936285079 0.28283839588220794 0 0 0 0 
0 0 0 0 0 0.5453805732134704 0 0.09272196563462937 0 0 0 0 
0 0.4028048272748044 0 0.457903571086655 0 0 0 0 0 0 0 0 
0 0 0 0 0 0 0 0 0 0 0 0 

0 0 0 0 0 0 0 0 0 0 0 0 
0 0.15890734274804458 0 0 0 0 0 0 0 0 0 0 
0 0.16531989233425404 0 0 0 0 0 0 0 0 0 0 
0 0.2491835095482321 0 0 0 0 0 0 0 0 0 0 
0 0.2904126643539136 0.3028888104491893 0 0 0 0 0 0 0 0 0 
0 0.4298949503446861 0.041517560675003194 0 0.33411251419152094 0 0 0 0 0 0 0 
0 0.6630281638206549 0.5624160428056637 0.10491181804218 1.7005966019687573 0 0 0 0.5317428292384078 0.44551660364841644 0.2911403042900266 0 
0 0.34414110534241943 0.8115481079205822 0.9541385218979862 1.7277838110612036 0 0 0 0 0.16885187974074606 0.9124192463538782 0 
0 0 0.15970420902434734 0.8891396904841268 1.327731653285181 0.6391205914478627 0.4785824067822314 0.32580682312008163 0 0 0.7593103691764127 0 
0 0 0 0.20155006312350282 0.517047004280257 0.3390663510221876 0 0.10296756977303517 0.2250382553322083 0 0.4907204517209591 0 
0.06504184794190944 0 0 0 0 0 0 0.08035944802394852 0 0 0.032267217909300046 0 
0.909393766035199 0.48098915584639723 0 0.11565799422631814 0 0.2483110090179585 0.13693126555945637 0.5501880153445684 0.062385328916405317 0.22253524892784174 0.7232871140368918 0 

0 0 0 0 0 0 0 0 0 0 0 0 
0 0 0 0 0 0 0 0 0 0 0 0 
0 0 0 0 0 0 0 0 0 0 0 0 
0 0 0 0 0 0 0 0 0 0 0 0 
0 0 0 0 0 0 0 0 0 0 0 0 
0 0 0 0 0 0 0 0 0 0 0 0 
0 0 0 0 0 0 0 0 0 0 0 0 
0 0 0 0 0 0 0 0 0 0 0 0 
0 0 0 0 0 0 0 0 0 0 0 0 
0 0 0 0 0 0 0 0 0 0 0 0 
0.44329714530994924 0.6789187817772524 0 0 0 0 0 0 0 0 0 0 
0.42686336109684864 0.3911308931216268 0 0 0 0 0 0 0 0 0 0 

0 0 0 0 0 0 0 0 0 0 0 0 
0.02156482991006263 0 0 0 0 0 0 0 0 0 0 0 
0 0 0 0 0 0 0 0 0 0.46513945207587093 0.9103479600008563 0 
0 0 0 0.6338869170637065 0.7959635011118326 0.6052097977672437 0.07528524892366167 0.2965393898470261 1.0483526689710372 1.0616364803716944 0.7498288908129811 0.14620385732909755 
0 0 0 1.014195615316704 1.5000588243064101 1.6435546288508425 1.08786127558221 0.7022934330214683 0.9727576036561479 0.2717758859422025 0.05782305319156903 0.032268134454413545 
0 0 0 0.9367779208843252 1.5571284000293955 1.3897139602705821 0.7173285284295691 0.6664164576559253 1.0476255424108567 0.4086678649452362 0.6679281385022717 0.05729787972381427 
0 0 0.2807142793430366 1.1460873278294526 0.031256677773728814 0.772087305334417 2.477850440415128 2.4674924615206977 0.8897717923096478 0.632307329759491 0.866940898827194 0.7648933776916094 
0 0 0.513814157779761 0 0 3.6239183774021586 3.8745269531764874 1.3615367042287008 0.3340922395520267 0.49445893676890584 0.8340590053556209 1.3468115364007107 
0 0 0 0 1.6309728453959127 3.0634223501768623 1.7814075104477107 0.1939647557388662 0.38099605346630394 0.2239259780530739 1.0671642738858549 1.1651250973399758 
0 0 0 0 0.7999727010073255 0.19968748283040946 0 0 0 0.2332205211692467 0.8630999970166764 0.5875287069751585 
0 0 0 0 0 0 0 0 0 0.30723072165383275 0.33536838363940924 0 
0.42502952157690693 0.8744104328752058 0.5924695409569869 0 0 0 0 0 0.8750175815635066 0.6359903205876007 0.03258349109675063 0 

0 0 0 0 0 0 0 0 0 0 0 0 
0 0 0 0 0 0 0 0 0 0 0 0 
0 0 0 0 0 0 0 0 0 0 0 0 
0 0 0 0 0 0 0 0 0 0 0 0 
0 0 0 0 0 0 0 0 0 0 0 0 
0 0 0 0 0 0 0 0 0 0 0 0 
0 0 0 0 0 0 0 0 0 0 0 0 
0 0 0 0 0 0 0 0 0 0 0 0 
0 0 0 0 0 0 0 0 0 0 0 0 
0 0 0 0 0 0 0 0 0 0 0 0 
0 0 0 0 0 0 0 0 0 0 0 0 
0 0 0 0 0 0 0 0 0 0 0 0 

0 0 0 0 0 0 0 0 0 0 0 0 
0 0.017104452249494674 0 0 0 0 0 0 0 0 0 0 
0 0 0 0 0 0 0 0 0 0 0 0 
0 0 0 0 0 0 0 0 0 0 0 0 
0 0 0 0 0 0 0 0 0 0 0 0 
0 0 0 0 0.08089808435396181 0 0 0 0.062292280128595764 0 0 0 
0 0 0 0 0 0 0.17230189004139113 0.3387777638332671 0 0 0 0 
0 0 0 0 0 0.9380904865288059 0.94629512778173 0 0 0 0 0.16517515026572932 
0 0 0 0 0.3600029545481678 0.4675543834159707 0.26947302619522995 0 0 0 0 0.18199527695795564 
0 0 0 0 0.010625393375598549 0 0 0 0 0 0.1278421582633501 0.20390898384774492 
0 0 0 0 0 0 0 0 0 0 0 0 
0 0 0 0 0 0 0 0 0 0 0 0 

0.35160305430755595 0.2508585670037674 0.42877046041959904 0.654486383834735 0.7063097588468433 0.7629388967749212 0.8158964175400752 0.5568920186174833 0.4661384976653433 0.6325509053335976 0.3488296805379354 0.47667826212179687 
0.05441481634060277 0.18587175234524664 0.29219740274004163 0.7744095411897712 0.445691908184353 0.16209492128225522 0.2500311190510914 0.39461560693353215 0.30756239068898816 0.48149544656046134 0.7219743023919654 0.8870226690406928 
0 0.5576231952486739 0.49289548927600135 0.6601597392151616 0.3330252067635142 0.46800856047960326 0.5570312633024054 0.9329860246809402 0.5851414221194414 0.9368871871212663 1.0351471989620606 0.9431000469788284 
0 0.5175335306376238 0.402765535542002 0.7802944310637441 0.9931742932721573 1.0638395025611032 0.2540696935036266 0.28520540755964263 0.34322880488363694 0.7061743454013806 0.3191320230042917 0.4673657245140893 
0 0.4417432929313519 0.9631069683288982 1.3465789164266868 1.207883231279165 0.8940993655947994 0.5920167907496644 0.6457109221604839 0.8641837044795175 1.2269767722063156 0.11095550888680075 0.5314234715223826 
0 0.3012243945687774 0.9447654329761668 0.3799554115583021 1.2061388964891506 1.8471932189940237 1.620047619885591 0.42992502100672353 0.33050773915947473 1.1714073476500129 0.6362637426546149 0.8184628810141826 
0.20963331710268834 0 0 0.715135895376894 1.8499298984791317 1.4256190361061565 1.3521071450143554 0.4824096932959126 0 0.6032392307342735 0.6788371603307831 1.0097863201109576 
0.05328579641617028 0.002120371942261813 0 1.2123440182325471 0.6626677149451013 0 0.5655958381049261 0.9309584597120125 0.7408103826916754 0.8285365586789228 0 0.6507385831260475 
0.05035264169795852 0.5222112694472355 0.2307805410346686 0 0 0 0.41926555709990043 0.7042596817476617 0.6709430390501729 0.555576390904932 0 0.5571908130749392 
0 0.7920629107021236 0.5993844045865031 0.5392787494859972 0.42464242819189274 0.782056982377697 0.8438828129594127 0.35033813260329805 0.3928852186526753 0.507426533574189 0 0.5122879697930623 
0 0.04648177515891372 0.44092855864502767 1.0085196778325227 0.5539908178424412 0.5537817195767412 0.444648449731759 0.6883264514364741 0.12578694155615922 0.4069353528732715 0 0.4436805992674814 
0 0 0 0.5580238170586063 0.35072057259109357 0.41597577275979875 0.41711730664655466 0.15083190337509164 0 0 0 0.21595530431329496 

0 0 0 0 0 0 0 0 0 0 0 0 
0 0 0 0 0 0 0 0 0 0 0 0 
0 0 0 0 0 0 0 0 0 0 0 0 
0 0 0 0 0 0 0 0 0 0 0 0 
0 0 0 0 0 0 0 0 0 0 0 0 
0 0 0 0 0 0 0 0 0 0 0 0 
0 0 0 0 0 0 0 0 0 0 0 0 
0 0 0 0 0 0 0 0 0 0 0 0 
0 0 0 0 0 0 0 0 0 0 0 0 
0 0 0 0 0 0 0 0 0 0 0 0 
0 0 0 0 0 0 0 0 0 0 0 0 
0 0 0 0 0 0 0 0 0 0 0 0 

0.9065543070396767 0.20734066009965801 0 0 0.04339130454873078 0.6765494000635726 0.6230600238256506 0.6487596381654324 0.5532998118138073 0.8342290274109722 0.41915140138626683 0 
0.09779072093572744 0 0.9735911674174476 0.7500587420939475 0 0 0 0 0 0 0 0 
0.1686104112973744 0 1.028990232153428 1.4922114642682631 0.8963073746875276 0.034710077461004574 0.007897043104167722 0.05207493881366548 0.06162905843647648 0 0 0.8733589894270193 
0.781844177349231 0 0 0.31065415031444343 0.5051210042970902 0.6022995597101202 0.8697466121234446 0.5797345678750732 0.5559753918078641 0.559075012466743 0.4037803812318762 0.8372311929211764 
0.8911312825902901 0 0 0 0.3094010978263363 0.8247688390524591 1.0169525308136163 1.0350593409483575 0.32209926184625115 0.6503343624658384 0.062257633074852034 0 
0.4722314111805136 0.45114835590833524 0.8835151499338824 0.06336311580955716 0 1.3192068793117127 0.6606842694627213 0 0.05686362386718827 0.5455195790675449 0 0.2868037837242115 
0.3263849495778084 0.3543058792944811 0.5418613169797658 0.47680308396369125 0.2816707680275209 0.5174066834288864 0 0 0 0 0 0.44681161926241203 
0.41487827132881167 0 0 0.6314280285909333 1.002882598410934 0 0 0.30820971271321435 0.4587678623909715 0.3434598505554024 0 0.2935701826558561 
0.6330780742665654 0 0.040475111608853837 0.46691412198176185 0 0 0 0.15672372327391074 0.6460181731524349 0.564867034223891 0 0.11868776615429336 
0.3246231366697822 0 0 0 0 0.04044051613119258 0 0.09187732512435998 0.5976392208317557 0 0 0 
0.41875859556482864 0 0 0 0 0 0.4924153028945581 0.2525715311259006 0.5793058137380859 0 0 0 
0.04128767497333166 0 0.015313553808455775 0.1626804353644737 0.6902516694892902 0.6219951759267021 0.5235018446989804 0.16993907727405758 0.3564450936445709 0.31433558143555235 0.24831748867193626 0.45543929313472903 

1.3231457549785888 0 0 0 0.06933071489342078 0 0 0.07083949259225242 0.1923608997455032 0 0 0 
1.7857847051674298 1.1477664818314717 0 0 0 0.27163181931017777 0.009579138016667044 0.21449994552600532 0.3733189717610996 0 0 0 
1.4916366145994517 0.805026816043986 0 0 0 0 0 0 0 0 0 0 
1.0410204810852 0.4972728560821429 0.37862935340658793 0 0 0 0 0 0 0 0 0 
1.2115342302713779 0.05570824112653497 0 0 0 0 0 0 0 0 0 0.0434871800969439 
1.733100315465983 0.10942639500762813 0 0 0 0 0 0 0 0 0 0 
1.5597582767471942 0.7225376583250671 0 0 0 0.20945103383350774 0 0 0 0 0 0 
1.169590622352471 0.8274170942848991 0.15326668074259084 0.2226831567812067 0.06629453137521689 0 0 0 0 0 0 0 
0.8733768739152131 0.4932484984445187 0.2847365314480358 0.38022350399166893 0.3310740009783734 0 0 0.3923040393323512 0 0 0 0 
1.0654141754118496 0.1694749673238936 0 0 0 0 0.4174527629259911 0.5403536077474951 0.02795454948815479 0 0 0 
1.4063177998140564 0.09627130394295297 0 0 0 0 0 0.12771245124343542 0.4127070613490873 0 0 0 
2.0676234531526023 0 0 0 0 0 0 0.47087160900818453 0.5025887491401723 0 0 0 

0.15787570072702706 0 0 0 0 0 0 0 0 0 0 0 
0.78993014693246 0.39724829231419256 0 0.3101969225161392 0.7208032358015221 0.9295982074927913 0.9774177644150253 1.2569730268372168 1.346216259247436 1.5209523356531607 1.0044050727215437 0 
0.09365025721707743 0 0 0.22461950109567153 0.07134226444815378 0.5371309829854687 0.6109726564973881 0.9005133129866756 0.9809253872655821 0.9338658885206 0.4659325486643191 0 
0.06090546996093593 0.46915631988919615 1.0848507121594677 1.3328866781050432 0.6728926545378764 0.5513500622128906 0.10777456524431414 0.5499028563258636 0.5372868480004561 0.29093363651292925 0.05893026157949492 0 
0.1437879147932104 0.3663604023802072 1.069119360027588 1.4556237365841793 0.8283324646897212 0.5385794824591382 0.7638463448630942 1.3090218952525006 1.392989596146309 1.614516399019543 1.2047331294827417 0.2516612223974772 
0.37551283156828286 0.27732466315604787 1.2039120574955238 1.7231587005502345 1.660310841630953 1.9764326241871284 1.9375181660342429 1.9116492271474141 0.8530273123503876 0.894520087026385 0.38072402381849857 0.19351513925189306 
0.1619923660107329 0.6355198436683316 1.120689996570313 1.2351834081344302 2.8589951484177427 2.619022768345021 2.969256924908881 1.7660869295956307 1.7471462944714768 1.626310291250976 1.001771455846719 0.3541968315599239 
0.12821646525874042 0.8920338474236924 0.8580962675248299 0.9271371820363026 2.606943796866991 2.9016322552641136 1.8407283698378747 0.8460496779958103 1.314880222173355 1.271948403718361 1.7999869229834558 0.5140949211872995 
0 0 0.01158750537765546 1.7930452606044776 2.4645841593898052 2.420202489774777 1.7502511402954417 1.3821306292364564 0.6364480727349582 1.2227089678391585 1.6054016548276226 0.570123193887945 
0.09755716229388481 0.7211181043167468 1.0599060434686614 1.841421530069959 1.7302186367818537 0.8441623664267367 1.1465773081048019 0.6232954466668581 1.2521307111682902 1.6074046118971383 1.7006019977940359 0.5878900214066187 
1.0905905719424382 2.4896727479864236 2.44400950696525 1.727228667919593 0.42255715003488653 0.331164936763254 0 0.889343665070356 0.9477096753387776 1.0492595887495844 1.0663975470190055 0.39780500351514314 
0.25898056441710554 0 0 0 0 0 0 0.2764912326584485 0.11085866951091089 0.014929023623672155 0 0 

0 0 0 0 0 0 0 0.12362714321425772 0 0 0 0 
0 0 0 0 0 0 0 0 0 0 0 0 
0 0 0 0 0 0 0 0 0 0 0 0 
0 0 0 0 0 0 0 0 0 0 0 0 
0 0 0 0 0 0.09591807963313935 0 0 0 0 0 0.3951902123559815 
0 0 0 0 0 0 0 0 0 0 0 0.5101226224359947 
0 0 0 0 0 0 0 0 0 0 0 0.3258037380581495 
0 0 0 0 0 0 0 0 0 0 0 0 
0 0 0 0 0 0 0 0 0 0 0 0 
0 0 0 0 0 0 0 0 0 0 0 0 
0 0 0 0 0 0 0 0 0 0 0 0 
0 0 0 0 0 0 0 0 0 0 0 0 

0 0 0.03014225891464608 0 0.0062447684769897874 0.19760251472490725 0.024091055336877068 0 0.017126820492117927 0.19843491497500854 0 0 
0 0 0.19398829372830562 0.01593919696053081 0 0 0 0 0 0 0 0 
0 0 0.3131183250538018 0 0 0 0 0 0 0 0 0 
0 0 0.013178025649671847 0 0 0 0.11546584266967559 0.1396395672819945 0.0944108564264512 0.0791727868308264 0.029918208241937312 0 
0 0 0 0 0.1481893099902729 0 0 0.13617234176612036 0.23577444140676 0 0 0 
0 0.4796811947623303 0.30238395773021115 0 0 0 0 0 0 0 0 0 
0 0.036613551394860194 0.08129956174493239 0 0 0 0 0 0 0 0.13111858189413794 0 
0 0 0 0.37730279291874336 0.1379628601906676 0 0 0 0 0 0 0 
0 0 0.4918776571004165 0.4934852418318092 0.11748156896953013 0 0 0.16072538605178863 0.06134336256188592 0.0364700764815114 0 0 
0.026015643473824825 0 0 0 0 0 0 0.2185600304687275 0.1961835376021808 0 0 0 
0 0 0 0 0 0 0 0 0 0 0 0 
0 0 0 0 0.4353565759275849 0.04563754683736884 0.29937884082677924 0.10109853187484108 0 0 0 0 

0 0.1555165847654471 0 0 0 0 0 0 0 0 0 0 
0 0.40195955874006295 0.21220994897327683 0 0 0 0 0 0 0 0 0 
0 0 0 0 0 0.09287530845865355 0.18509598935448918 0.2369659250346356 0 0 0 0 
0 0 0 0 0 0 0 0.13254070184657352 0 0 0 0 
0 0 0 0 0 0 0 0 0 0 0 0 
0 0 0 0 0 0 0 0 0 0 0 0 
0 0 0 0 0 0 0 0 0 0 0 0 
0 0 0 0 0 0 0 0 0 0 0 0 
0 0 0 0 0 0 0 0 0 0 0 0 
0 0 0 0 0 0 0 0 0 0 0 0 
0 0 0 0 0 0 0 0 0 0 0 0 
0.007865089879989906 0.31128275000776806 0.1259933322157316 0.14140986867620148 0 0 0 0 0 0 0 0 

0 0 0 0 0 0 0 0 0 0 0 0 
0 0 0 0 0 0 0 0 0 0 0 0 
0 0 0 0 0 0 0 0 0 0 0 0 
0 0 0 0 0 0 0 0 0 0 0 0 
0 0 0 0 0 0 0 0 0 0 0 0 
0 0 0 0 0 0 0 0 0 0 0 0 
0 0 0 0 0 0 0 0 0 0 0 0 
0 0 0 0 0 0 0 0 0 0 0 0 
0 0 0 0 0 0 0 0 0 0 0 0 
0 0 0 0 0 0 0 0 0 0 0 0 
0 0 0 0 0 0 0 0 0 0 0 0 
0 0 0 0 0 0 0 0 0 0 0 0 

0 0.051371868082281724 0 0 0 0 0 0 0 0 0 0 
0 0 0 0 0 0 0 0 0 0 0 0 
0 0 0 0 0 0 0 0 0 0 0 0 
0.1524270803096306 0 0 0 0 0 0 0 0 0 0 0 
0.023890296839008562 0 0 0 0 0 0 0 0 0 0 0 
0 0 0 0 0 0 0 0 0 0 0 0 
0 0 0 0 0 0 0 0 0 0 0 0 
0 0 0 0 0 0 0 0 0 0 0 0 
0 0 0 0 0 0 0 0 0 0 0 0 
0 0 0 0 0 0 0 0 0 0 0 0 
0.252929285924984 0 0 0 0 0 0 0 0 0 0 0 
0 0 0 0 0 0 0 0 0 0 0 0 

