0.34193050288842547 0 0 0 0 0.3929098716500857 
1.0463877437818998 0.4174167869882888 0.764980848829788 1.0728985619403286 1.2569796478080095 1.7405630617465482 
1.0753753630041356 0.5406890181858356 0.5075197668490878 0.5743034011124055 0.8137839532614477 1.4328624403250905 
1.4566521231113525 1.2739295440654146 1.1786418338643745 1.1617523384418214 1.2790621534212525 1.7283563183961836 
1.435939244200661 1.5079305273964394 1.7473449092662894 1.827206231382628 1.8566814766923725 2.3003241946800643 
1.6128903678803477 1.5587759046627931 1.4477513510419968 1.432970938213571 1.4631580214931692 1.8049959124197534 

0 0 0 0 0 0 
0 0 0 0 0 0 
0 0 0 0 0 0 
0 0 0 0 0 0 
0 0 0 0 0 0 
0 0 0 0 0 0 

0.5484611255906008 1.773444280641602 1.6671450077025816 1.727610168950198 1.792957882337838 1.9772213098266163 
0.001479588608071472 2.0282868522163353 1.7862638263468023 1.9720818478048103 2.028004364525676 2.624072054746323 
0.32966391056855315 2.134460035237274 1.9344548808682032 2.3605008799675256 2.3175671121457406 2.8340346327222727 
0.4102852862255829 2.0926724796839795 1.4988136297358983 1.9528309750912933 1.7007985746459422 2.40906972239964 
0.692331463017571 2.5386092717762074 1.802650635708456 2.1227970839590062 1.9270153471111082 2.4348043375799566 
0.18771065816649224 1.6790693276307498 1.005157596527854 1.117863069392851 1.111727424676002 1.5235111585593903 

0.1540431468928514 0.007507366847426804 0.01558895573940914 0 0 0 
0.019077175959709643 0 0 0 0 0 
0.03069990887280612 0 0 0 0 0 
0.02054043197786822 0.012992592569052988 0 0 0 0 
0.0663386959590479 0.12268674681169597 0 0.025652147690971943 0.09608338797225544 0 
0 0.022333226976950813 0 0 0 0 

0 0 0 0 0 0 
0.06398655286662558 0 0.2959854489686014 0.18917618607448825 0.16933358390175676 0 
0.14939857000093096 0.0007795735378478483 0 0.16796534010417416 0.0955237369676494 0 
0.2032286518040471 0 0 0 0 0 
0.2856161798785246 0.4753487661616838 0.2182686008939637 0.2458949045307441 0.26429356718712727 0 
0 0 0 0 0 0 

0 0 0 0 0 0.275884420850216 
0 0 0 0 0 0.2928590767292803 
0 0 0 0 0 0.14847350215370544 
0 0 0 0 0 0.1372947753086718 
0 0.09776429371493262 0.07046533467240933 0 0.1137687542177281 0.6466669102487967 
0.10486645087449259 0 0 0 0 0.12899566586144537 

0 0 0 0 0 0 
0 0 0 0 0 0 
0 0 0 0 0 0 
0 0 0 0 0 0 
0 0 0 0 0 0 
0 0 0 0 0 0 

1.1467250800405506 1.6147657506510844 1.4818324903952849 1.5033756096224649 1.4730245221265676 0.7783310135634326 
1.4692293563911727 1.9845647203389842 1.8030615972578614 1.89889218551818 1.7003638942025336 0.8617355677906303 
1.4038863635389291 1.757798880821269 1.577732420602847 1.7361692255254215 1.6153911074362541 0.6826971564394795 
0.9573322341883788 1.5426274828405695 1.294678157457111 1.2528905301158089 1.2560210479764535 0.48564923070941707 
0.9767967059938663 1.3616531176235491 1.2946071276463602 1.2579565694225407 1.1754431112491077 0.5344193439041642 
1.1556579135154352 0.887299977914966 1.0548263149673682 1.0121146855839962 1.0311947076337078 0.714208302140921 

0.7791966827081659 1.9770678887343858 1.841166320049552 1.8806713554642729 1.8570686762235122 1.9074171832950464 
0 1.209158872013685 0.7951735373701965 1.2412543694844993 1.1180220928531386 1.7318027756494692 
0 1.2285071175778226 0.7672832046775868 1.1890604439591248 1.1759007737310596 1.8904773913664574 
0.12838745009872624 2.0191835257185584 0.7869866620093238 1.0273961382058407 1.0436010829762732 1.4087800892723923 
0 1.9308441989854084 1.0323931690514645 1.3677853882887168 1.2989108674373153 1.87183722423032 
0.8063928035172433 1.6940372272577 1.4774432935431938 1.4912194236636358 1.4859212708815954 1.4782914318751097 

1.334073299017406 1.0249404352527987 1.2630202473251193 1.2484443902637503 1.183177403310288 0.6988830488310261 
1.655840745314628 1.8548360579895624 1.8455837025362112 1.7600544653904233 1.871699254028946 1.1730862738076708 
1.726087716564048 2.1205165921398423 1.7995332868217375 1.9133553331292903 1.9878303891487819 1.1820438158216857 
1.8049205128294052 2.326531396292846 2.1360356849674638 2.5187193858486325 2.376036519183919 1.5456779989367133 
1.535898893853079 2.0214818246204227 1.8599120723669016 2.0040587613529843 1.9490414517642352 1.3846253822732848 
1.6273401528911482 2.6971249371709263 2.2473359862749036 2.333111937956244 2.3303218660785787 1.6944922178803832 

1.1848046012526456 1.4516779314319146 1.4680403536893387 1.5693742145413125 1.6239721984960747 1.1514123229002784 
1.3813174533614312 1.3830158605637717 1.220936907055278 1.4957002561992603 1.5468742614918098 0.7600699696906481 
1.7115119446547893 1.4848157068429992 1.3950310719334902 1.64354264900817 1.6028506678379724 0.8134007648202759 
1.6329333798935706 1.6698504667257332 1.5286402442532367 1.6055290746680548 1.5785305139722083 0.9120363115204642 
1.724016588037092 1.938948439038058 1.9601829160007862 2.0254527565144484 2.0010219612002995 1.2787798888422761 
1.553135899736357 1.4259161580734068 1.602847993963665 1.5612344723375653 1.5376869383902505 1.3907094940709217 

1.016881724535255 0.6287380203753534 0.5548139434969307 0.6113317888032446 0.5352101458485339 0.1718694721040565 
1.564003381179415 1.4256415231372197 1.7444568369884141 1.7998012402152817 1.6468339289716516 0.3079558144639647 
2.010435535177107 1.6939097200821867 1.47021511152272 1.768887769730509 1.8826001558161174 0.7074455365620478 
1.961126634700043 1.659107424139677 1.3535648668599327 1.644961228689708 1.756522736211514 0.5071006413325492 
2.1418223825370966 2.2247666514155156 2.285041216825635 2.3698942639275353 2.302245236455952 0.8665589404469588 
1.2718658322686065 0.9476096377030527 1.203695022580177 1.166422202926376 1.1557614099958362 0.8240436375345455 

2.9195669288442976 2.6561700592061577 2.6658295998070356 2.6366608583859183 2.5954841910531656 2.3165354910531293 
3.258998636028753 3.16175896730619 3.2132090818428938 3.2877569534567646 3.3126194272995697 2.3514386142692083 
3.3309683017020792 3.251738091886534 3.323747288924074 3.414611096758146 3.52403938775138 2.635700239184556 
3.5471479962537513 3.4925214148143953 3.2223839402091055 3.377613569121207 3.4912854319654842 2.5757662591611705 
3.554134254571709 3.708328555492342 3.5551222639269127 3.69590134129355 3.7810613404855884 2.7938481146153413 
2.7251231284323043 2.743539327009485 2.7699872896976045 2.780734404381648 2.775443800746663 2.3475194267779074 

0 0 0 0 0 0.5640668659391902 
0 0 0 0 0 1.2064699662409042 
0 0 0 0 0 1.247359049710269 
0 0 0 0 0 0.7972929483718048 
0 0 0 0 0 0.8621490596028202 
0 0 0 0 0 0.0394227901350063 

0 0 0 0 0 0.2690972861136035 
0.0471560444330207 0 0 0 0 0 
0.023128478952022014 0 0 0 0 0 
0 0 0 0 0 0.08324693110557772 
0.06922911479183627 0 0 0 0 0 
0.3175937817088519 0 0 0 0 0.22061329934312135 

0 0 0 0 0 0 
0 0 0 0 0 0 
0 0 0 0 0 0 
0 0 0 0 0 0 
0 0.0690202183942622 0.00836490346209544 0.03332619551744666 0.01897157149760502 0 
0 0 0 0 0 0 

3.3809360244305324 3.4559030145162635 3.4600392354764424 3.6936016254547654 3.7760535961570216 2.909672089455539 
2.9444552476197408 3.815931853034146 3.3865943747411578 3.356782173387017 3.443106687858237 3.6500999002014853 
3.343096509960057 4.293045450619274 4.128657663307818 4.096130787827436 4.086837909925057 3.645694372897018 
3.1477691549756353 4.036727065379033 4.051582677649921 4.417354310849584 4.38596456825448 4.289158023743653 
3.098215256854545 3.6233096249059695 3.638287661241935 3.861815588689903 3.783494733545682 3.88871611091267 
3.148684947883061 4.0833902739912 3.4544398644576875 3.551696955675268 3.5018931496591748 3.4122402186552274 

0.13678839379954663 0.6941514040301527 0.6264016967166662 0.5925824885096961 0.7030397190462654 0.22700651087054957 
0 0.3886080044351117 0.05091411105689201 0.033864263574367184 0.0021392949691402888 0 
0 0.693443619108335 0 0.38955422102045983 0.21728730700175738 0 
0 0.8611273595156744 0.1088741083871434 0.5515630069887092 0.366539081141121 0 
0 0.8396711147317945 0.17491840157998576 0.369783016347285 0.34832786169906815 0 
0 0.9137389200182003 0.6809802739931309 0.7334995335939434 0.71337423760539 0.3685736418874837 

0 0 0 0 0 0 
0 0 0 0 0 0 
0 0 0 0 0 0 
0 0 0 0 0 0 
0 0 0 0 0 0 
0 0.07979094124349621 0.025311003118502887 0.011504483404183318 0 0 

0 0 0.06176319631362959 0.3873027491095705 0.5354257594273486 0.8129131157849357 
0 0 0 0 0 0.0602990540641187 
0 0 0 0 0 0.17400363651748085 
0.18095448649036108 0.3267719653512201 0.3448127210935925 0.270103834114354 0.3595063197640011 0.5179864304852799 
0 0.02885181146890732 0 0 0.07109964510107838 0.3277730541668198 
0.6518383747233811 0.5547930010566067 0.5864467390839171 0.6245054569777744 0.6306066419172695 0.5356019731963879 

