1.167752361247656 0.2817150054724419 0.5729661855517024 1.323032246938943 0.8400591356974996 0.6432471764628329 0.47317643077397575 0.40949839973917107 0.49734494149798136 1.011452998870007 1.200643264413679 0.20943292575641004 
2.0654980774238156 1.0838906948231186 1.33931305992587 0.9825106748108021 0.35860120051187383 1.5552615055850698 1.6807254424560951 1.0554674238290649 0.9298447645590845 1.4173300938861253 1.1366388777171677 0.4124773603667462 
1.4275863470202488 0.6582300126006021 0.7137910967039558 0.6224611200387355 0.9873640821629948 1.1022372881204947 1.1219428972390049 1.6989334332033643 1.054412455878212 1.0869745882811637 0.43574202078429947 0 
1.8565273808711824 1.4925536148561367 1.1248004665804572 0.5558127738459568 0 0 1.1243977224043689 1.7985788360723298 1.4805408561630666 1.6685128067997668 0.9335026642121182 0 
2.210079663155468 2.278525549734067 2.181983591708634 1.0672574228981255 0.07168828286455127 0 0.49234930516035974 1.0588807234388684 0.7955578890777724 1.6060450298325752 1.6890855562677396 0.2318388935719628 
1.5911546773547576 1.9647070511230913 2.550855823615657 2.136712892958576 1.8631640324389946 0.7942086515036813 0.41118225161720545 0.6215705563391531 0.9245021129943235 1.6249383924581735 1.4076751560343603 0 
1.5920848048625966 1.6905895323135407 1.5451833557588899 1.9381334654864264 2.6020819974113825 1.5230686109252038 0.9019299341224227 0.8620406837615959 0.6468412665974098 0.2724429267753974 0.32877011888340124 0.011660616191213011 
1.5015572418653884 1.2305899106341553 0.47290857417390625 1.8733074874987603 2.4519793846386797 1.3257372498824236 1.460365870703333 0.6185296687568934 0.36126364453136606 0 0 0 
1.7357253256855103 0.23386229083603985 0 2.081989369697263 2.6759971835595042 1.719939314120311 1.618920304523115 0.9062124556810157 0 0 0 0 
1.742912279674509 0.03555631776700225 0 1.1910420038771505 2.3186180209013725 1.9255416548464503 2.2256408351981167 2.3922757483071075 2.0136397446468735 1.5232335524205158 0.5003682488620662 0 
2.234530046064709 1.8164953290008838 0.8536113113344295 0.729379239142847 1.2023371835061614 1.4768272798277218 1.5894633024986116 1.7252342435527912 2.1865256282059473 2.4240975941902443 2.0684389069785323 1.530673095818923 
1.9117090984165344 1.885183717700082 1.6935610857527525 1.5469145773714092 0.8864956263494851 1.0646015114305527 1.461534498010165 1.414115684925932 1.3937441494616452 1.4899366483371497 1.2691133932700405 1.3197949331710894 

0.9402089423026823 0.5791753581093567 0.3225839940314166 0.32131619488607643 0.5774220599300145 0.3630237755449239 0.3273904602813894 0.23294410694531476 0.31481251733737126 0.3361174293218336 0.7626961933074687 0.8980558583477745 
0 0 0 0 0 0 0 0 0 0 0 0.005958846223664997 
0 0 0 0 0 0 0 0 0 0 0 0.38405584872019316 
0 0 0 0 0 0 0 0 0 0 0 0.613416330145663 
0 0 0 0 0 0 0 0 0 0 0 0.4597269589140512 
0.17627526605162627 0.05247657339043325 0 0 0 0 0 0 0 0 0.47803302792428154 0.9024966359842354 
0 0.4806337554719742 0.8545185101590966 0 0 0 0 0 0 0 0.34410499687739166 1.2863527884797938 
0 0.5153327826189842 1.0552488241935871 0 0 0 0 0 0 0 0.3180423614697389 1.08371536578056 
0 0 0 0 0 0 0 0 0 0 0.05927648528846308 0.7719741054275415 
0 0 0 0 0 0 0 0 0 0 0 0 
0 0 0 0 0 0 0 0 0 0 0 0 
0.1829847324795883 0 0 0.23169886685717536 0 0 0 0.2651574928086717 0.4522987707138772 0.4550258929331825 0.6767609658018402 0.4072487180860363 

0 0.09072415180958236 0 0 0 0 0.1255629670855462 0.33979926500855856 0.02784452264472566 0 0 0 
0.23945786421118456 0.204773270369103 0.10289846794989665 0.058706782841891125 0 0 0.6552089173847502 0.30440693121280976 0.11348576855105745 0 0 0.0422701382613699 
0.10610177348998376 0 0 0.006810371409229327 0.3737204112472704 0.09337592554716437 0.7516371586082679 0.7006945669511618 0 0 0 0 
0.47042951228843344 0.27301317581293105 0.21042416166157432 0 0.5444262179803607 0.8825315888255787 0.12825586757539525 0 0 0 0.178502333211667 0 
0 0.035171459114488934 0.37375352997228334 0.23086958285772288 0.8234069006655783 0.7127024243372848 0.5034415014271838 0 0 0 0 0 
0.018128391698004384 0 0 0.5472243059481433 0.4543585593507299 0 0 0 0 0.19379489132227773 0.0470187803473438 0.1578493789426595 
0 0 0.04617155249762088 0.6968477143829205 0.7285932451719264 0 0 0 0 0.9965242656817238 1.0328772420003407 0.15859121160414624 
0 0 0 0.6155795357462962 0.6219337271636386 0 0 0 0.7893091307971869 0.41423192191813296 0 0 
0 0 0.3889834686554983 0.36586510987491805 0.041227563054594435 0.08894103249942281 0.4850146690932755 0.19615822301646635 0.44674617029522434 0.29221226402751355 0 0 
0 0.20214439300980278 1.256323095681682 1.1261860366198944 0.3470520283840624 0.10418243403674847 0 0 0 0 0 0 
0 0 0.04371784152438782 0.1433981156800547 0.1426535822031523 0 0 0 0 0 0 0 
0 0.09218995840604738 0.256625211352778 0.26755704476385467 0.4859210679040405 0.3408227433599944 0 0 0 0 0.1023540012214057 0.12914504139927763 

0.9426361957045526 0.5098245540954007 0.08732272824772452 0 0.5726957094261563 1.67152254791668 2.2068698437994185 1.0723731139039494 0 0 0.26205692309631934 1.2816161669911421 
0 0 0 0 0 0.5218818902593889 0.6878459364733078 0 0 0 0 0 
0 0 0.07992049499459067 0 0 0 0.13173827815779665 0.5391768793916497 0 0 0 0 
0 0 0 0 0 0 0 0.08444769370158803 0 0 0 0.47967521315250117 
0 0 0 0 0 0 0 0 0.03985218107769756 0 0 0.7726419925916185 
0 0 0 0 0 0 0 0 0.5571585136062454 0.5368514976509906 0 0.3661390147865274 
0 0 0 0 0 0 0 0.38204595337771186 2.3868213956697337 1.4857103456634215 0 0 
0 0 0 0 0 0 0 0 0 0 0 0 
0 0 0 0 0 0 0 0 0 0 0 0 
0 0 0 0 0.0433831032150237 0 0 0 0 0 0 0 
0 0 0 0 0.16588465864153562 0 0 0 0 0 0 0 
0 0 0 0.26764700318976103 0.11237792909014731 0 0 0 0 0 0 0 

1.3677142966538414 1.5082381634466167 1.4592132958622441 1.322225799352432 1.2158740013924887 1.9348887942927537 1.6454118226580103 1.6130948247360728 0.8990715217216221 0.9479273596091657 0.8553846539568497 1.3949855402466167 
1.1434659329148429 0.36268472811574604 0.5516007733501382 0.439022018362623 0.04018986419053121 0.4643027897502914 0.8397665266554534 0.9729317940508678 0.34551865588651465 0.5914869412018997 0.0914015769691274 0.4003953499290971 
1.3007984767277734 1.0352873930614364 1.144235933203007 0.24747824765478882 0 0.09534027824995597 1.1334399005000355 0.9051302814644305 0.32796528229005695 0.6639458919388133 0.5863171416575294 0.5833341442997 
0.6065688926474514 0 0.4053264459977609 0.019975838442786192 0.6653471978331502 0.5291084654972978 0.6240495049462165 0.5522040274240059 0.46319127468389565 0.23592101788968214 0 0.34451604937258906 
0.6313281326019665 0 0 0 0.3283659860597779 0.18427076824726837 0.11441912763325829 0.3542492364194072 0.2669939877615037 0.6742920727305123 0 0.7032325514534935 
0.9529231925584423 0 0.07257427006747681 0.6057736220382558 0.5871915358968698 0 0 0 0.43726640495976526 1.219331237136962 0 0.9728855338817807 
0.8778115971214502 0 0.17589691181523212 1.1959840044840861 0.7289099068651299 0 0 0.20081329057397898 1.10282587857295 2.312132293872534 0 0.28285350828222844 
0.9531364373395579 0 0.19913503619507444 1.5773909238280133 0.7566941927707723 0.10130156020376421 0.4611347547296216 1.2084102829156964 2.3223035395883525 1.144315438968086 0 0.9088629353190762 
0.9404809243284497 0.19500406289098088 0.5824602247827383 0.7465792001308202 0.3526078043251241 0.5846837668116961 0.8281913373023987 0.6958435899029822 0.09599475977084523 0 0 0.8722461814760054 
0.5803316265241412 0.09230907609900697 0.07774771572043862 0 0 0.5133804872025568 0 0 0 0 0 0 
0.5796965383666101 0.3158787741551891 0.06897206807835683 0.4706387630495037 0.9758088860248838 0.5771202740795001 0 0 0 0 0 0 
0.7248485717307886 0.5785905665271678 0 0.402096742724735 0.8898165352531784 0.48902136437316507 0.1732858640766304 0.4953423505485378 0.7521053075857822 0.8676748352824755 0.6430875978138552 0.9930868593845876 

0 0 0 0 0 0 0.17208275540353785 0.3029527367328674 0 0 0 0 
0.03976101422607781 0 0.14694339485925775 0 0 0 0 0.013131339448822388 0 0 0 0 
0 0 0 0 0 0 0 0 0 0 0 0 
0 0 0 0 0 0 0 0 0 0 0 0 
0 0 0.17090057332074862 0.17686911704157748 0 0 0 0 0 0 0 0 
0 0 0 0 0 0 0 0 0 0.06722602666972546 0 0 
0 0 0 0 0 0 0 0 0 0.4669140401860422 0 0 
0 0 0 0 0 0 0 0.04460170351342002 0.6894155164885508 0.8547711065996371 0 0 
0.33118071564775525 0 0 0 0 0.31604415599686086 0.7225753956587422 1.008848213315924 1.6256806018662724 1.348932913326953 0 0 
0 0 0 0 0 0.06198239704227722 0.14514539702327361 0 0 0 0 0 
0 0 0 0 0 0 0 0 0 0 0 0 
0 0 0 0 0.01019785021618938 0 0 0 0 0 0 0 

0 0 0 0 0 0 0 0 0.3553699167936393 0.631644250194904 0.07061592942595266 0 
0 0 0 0.19837898998150894 0 0 0 0 0.4086744008955923 0.32621968334131957 0.11596918193033462 0 
0 0 0 0.11153965922033217 0 0 0 0 0.6285722190838793 0.35334835519379704 0.04152268017394861 0 
0.07583979241914837 0 0 0.2554119344876369 0 0 0 0 0.41218498605479503 0.3525529705216175 0.22035693421028196 0 
0 0.11979722305275281 0 0 0 0 0 0 0.639324233370199 0.22012712611212137 0 0 
0.21992603526675958 0 0 0 0 0 0.37373602008073564 0 0 0 0 0 
0.1928348783582724 0 0 0 0 0 0 0 0 0 0 0 
0.4311089438530949 0.43391031208862896 0 0 0 0 0 0.2969742037629781 0 0.6237980850982254 1.1222969910950789 0 
0.4813457790627154 0.5765070225368263 0 0 0 0.9725273222657478 0.900546573785478 1.438486538861632 1.8979583738128412 2.2377721941028508 2.5649993462446683 0 
0.2539269867574567 0.8810105804675968 0.31861567531205476 0 0 0.5813934358148531 0.3039051478981766 0.34340437728651974 0.9605431142191354 1.1653949839655353 1.1495888354820831 0 
0.13719106510319723 0.1333898991740754 0.10025156656465985 0.01688996679956936 0 0 0.03556314160193289 0 0 0 0 0 
0.25778392647917414 0.014963111711055802 0.42231029658842056 0.6320692458117664 0.332525291798782 0.13621561819876182 0.35020518195769645 0.3607400599540143 0.3343234176442734 0.28008137007896416 0.28063550606790544 0 

1.8088234571626116 1.8834887823069948 1.448138943895656 1.4743139654595423 1.9866218602523518 2.4808972944611583 1.8965218517389613 1.840122977008379 1.6751324283347406 1.4101102613546312 1.9697836522848575 2.2775381191443884 
1.3963409566519178 1.2803451404331034 1.4251248483623176 1.0882330223809895 0.6529981073878934 1.826293672450407 2.190543306712874 1.4221434555982748 1.3922543098754987 1.3334834494131846 1.7606985556039498 1.852642655681192 
0.6051258845206755 0.9891979033367726 0.7609030720837131 0.6145850211654273 1.1073034169534104 1.713597852905994 2.062835824972975 1.6462082543296799 1.3821977775608087 1.0947085866508641 1.1422045549047062 1.806608023474595 
0.9409582156877038 0.7918619023604581 0.5792719585356696 0.3668545279572718 0.6742109346204633 0.5315365262082601 0.6923394140341006 1.1905970624770674 1.2659545722525458 1.3024446535289471 1.7839624064350321 2.605258515251489 
0.9633782555312702 1.5553254641488912 2.820343085347892 1.713640825626089 0.02125452389110316 0.4430749707670046 1.238203955984951 1.873746937235854 1.3094033151685247 1.0293735209077495 1.8376699070419218 2.7034272254062035 
1.6920054256659975 1.7502108685963715 1.812741661023029 1.5741791830680696 1.1224415133398038 0.8446313465836239 1.385456505552747 1.638725101344599 1.6751175130765756 1.3919802526932874 2.004460869098711 2.3473117777750048 
1.3610976473047007 2.258380881551804 2.379502733981602 1.6663490161235193 0.7279261198646854 1.1112932594356315 1.295719397031935 1.1503931296679872 1.089747826142115 1.337382605655726 2.0279923372071686 2.3951511143307416 
1.033748534521886 1.477185055866126 1.6317390310992215 1.5595032561476354 1.6606374214846678 1.0277128210411974 0.012967631735618435 0.6007901294876695 0.07633977715290774 0 0.6467948255747265 1.8507792335572901 
1.2396253278741007 0.7011079597053385 0 0.1437378991145083 0.8550478590971039 1.1788161583958001 1.3765461469484626 0.6626377912652713 0.6364091742134568 0.3812915668681325 0.5912424812318944 1.1693399192703668 
0.821792503839461 0.3706223117139307 0.34372789953963573 1.4309634258349075 1.8967889784620873 0.6563835565711439 0.8735536096590439 1.26974205926754 1.149612811228046 1.5363037712916117 0.9103997883480877 2.0369472259866415 
1.3202246842601846 1.5070849610357664 1.196248857070925 1.6379944573273932 1.6710956352644954 0.777228010419785 0.6513459699254995 1.1138270563450867 1.146928125980077 1.2166163791884954 1.2324769438441439 2.4114049764800605 
1.8925496500630268 1.8298880734877172 1.7105464363755385 1.8476780014002836 1.743029083441197 1.677142872818902 1.8798895916918636 2.075943928934563 2.0774628855680395 1.9511803906229368 1.6487853636338092 1.6284473581591754 

0 0 0 0 0 0 0 0 0 0 0 0 
0 0 0 0 0 0 0 0 0 0 0 0 
0 0 0 0 0 0 0 0 0 0 0 0 
0 0 0 0 0 0 0 0 0 0 0 0 
0 0 0 0 0 0 0 0 0 0 0 0 
0 0 0 0 0 0 0 0 0 0.030186798783525107 0 0 
0 0 0 0 0 0 0 0 0 0 0 0 
0 0 0 0 0 0 0 0.21491062333072203 0 0 0 0 
0 0 0 0 0 0 0.6864120294605579 0 0 0 0 0 
0 0 0 0 0 0 0 0 0 0 0 0 
0 0 0 0 0 0 0 0 0 0 0 0 
0 0 0 0 0 0 0 0 0 0 0 0 

0.041927486022139054 0 0 0 0 0 0.38185305558787747 0 0 0 0 0 
0.006152252555532256 0 0 0 0 0 0 0 0 0 0 0 
0 0 0 0 0 0 0 0 0 0 0 0 
0 0 0 0 0 0 0 0 0.10765503581418148 0 0.05956016687145668 0 
0.3111915916778051 0.2560299612624618 0 0 0 0 0 0 0 0.029633615117021977 0.36648832906273177 0 
0.19858075010672838 0.7588717486373203 0.5685351366703644 0 0 0 0 0 0 0 0.9118018331657 0 
0.1971503331508297 0.4745656685698796 0.16216345086223669 0 0 0 0 0 0 0 1.3624504904585018 0 
0 0 0 0 0 0 0 0 0 0 0 0 
0.2336596450766869 0 0 0 0 0 0 0 0 0 0 0 
0.6713782343091759 0 0 0 0 0.3384750539199284 0 0 0 0 0 0 
0.544353835037752 0 0 0 0 0.5446674461155465 0 0 0.26043663108346526 0.3176059008085933 0.5785911943731005 0 
0.6148384319189022 0.19766489736160964 0 0 0 0.04746533492053462 0.03035790478849014 0.20642023456022698 0.4052683395649191 0.5395351270455415 0.5639954179805833 0 

0.2009783762040324 0 0.0360996490303781 0.13346528785901982 0.6572870757683595 0.09117727255213216 0 0.6410614800366888 0.6987922746023107 0.39251977760725165 0.1040535025159181 0.5111157606788173 
0 0 0 0 0 0 0 0 0 0 0 0 
0.14292621290838664 0 0 0 0 0 0 0 0 0 0 0.6975689761108521 
0 0 0 0 0 0 0 0 0 0 0 0.36187831356434935 
0 0 0 0 0 0 0 0 0 0 0 0 
0.41734706499270025 0 0 0 0 0 0 0 0 0.8239935202121722 0 0.22365950576012716 
0.26920791466214494 0 0.04372737608546738 0 0 0 0 0 0 0.6680290672180902 0 0.3645626083298473 
0.3701095893108554 0 0.23727514709461286 0 0 0 0 0 0 0 0 1.3936730675670932 
0.5025579569627905 0 0.2635200648069589 0 0 0 0.6075591338571911 0 0 0 0 2.184834696876943 
0 0 0 0 0 0 0 0 0 0 0 0 
0 0 0 0 0.32068980206948716 0 0 0 0 0 0 0 
0.10189815548237321 0 0 0 0 0 0 0 0.14983300886965592 0.23934764519048754 0 0.18486290996605545 

0 0 0 0 0.2746923370065789 0 0 0 0 0 0 0.004106884502669737 
0.35397302159193583 0.20685252022922068 0 0 0.0008997376558560616 0.42776635241729316 0.07359628478110505 0 0 0 0.35443935922088005 0.7540457595516841 
0 0 0 0 0.3010749952427268 0.5193349968735468 0.013758237316333716 0 0 0 0 0.6558357204303901 
0 0 0 0 0 0 0 0 0 0 0.09269769368629106 0.5266417248016906 
0.42200738737077953 0.5726805778209421 0 0 0 0 0 0 0 0 0.7028390042832823 1.6685212902950088 
0.02596078685625526 0.6242613546915154 1.5186112651919006 0.8359167376894073 0 0 0 0 0.1664022438535456 0 1.3683747452969957 1.4559284274014734 
0.24469278432921715 1.4487080817709461 2.6859080447391452 1.1035844739096272 0 0 0 0 0 0 1.59340505599664 2.4781972577504083 
0 0.978761094656571 2.7581532942036033 1.081299097992123 0 0 0 0 0 0 0.3961370671177413 2.6320971026421294 
0 0.4115581893175315 1.496826716653565 0.9779726497825048 0.05243455451343852 0 0 0 0 0 0 0 
0 0 0.5578282995282768 0 0 0 0 0 0 0 0.04693506996771552 0.3223811219465685 
0 0 0 0 0 0 0.052703438073324 1.4318144602437985 2.064145250356081 2.2357471044944988 2.88218705544655 2.4122955732651086 
0.20385163720556781 0 0 0 0 0 0.39149460375483597 0.6222360014912726 0.5855374030543512 0.4953895271624812 0.973742886501016 0.9500111197542044 

1.5141030577505237 0.06659877111139237 0.6545783411781605 1.2974735737662375 1.0827282783369532 1.1587696831208512 1.4380669191300646 0.9053688660316618 0.43451064156082564 0.9838244011088799 0.9108939160411438 0 
0.7581062037873068 0.5687625421657247 0.8812632268953036 0.4487251210628577 0.254873567255546 0.20069928527616976 0 0 0.00885795994719113 0.2841182868056731 0 0 
1.556331915642079 0.6280248976489016 0.005004250507056496 0 0 0 0 0.09735993202705734 0.9415696331806547 0.44427258121568036 0 0 
0.4267961053713852 0 0.19569300247582838 0.36963378669823826 0 0 0 0 0 0.26018269757705614 0.6347778790166907 0.2967242163661448 
0 0 0.8392467778436556 0.6178604123220293 1.0260854399783421 0 0 0 0 0.5199341906644548 0.5999720694750404 0 
0.534491710169746 0.07059528471825693 0.06547766072227354 0 0 0 0 0 1.2229384105147698 1.7288565642327551 0.26575737685364276 0 
0.4243533902339694 0.14143909540192945 0.9359037267191832 0 0 0 0 1.3737430454143666 2.3970206246501093 0.34917984420544496 0 0 
0.7046596007159448 0.34739516747728794 0 0 0 0.15339656348409864 1.3430243093287686 0.7959181502935577 0 0 0 0 
1.1747157869977687 0 0 0 0 1.0921108769993575 0.5126002301506892 0 0 0 0 0 
1.02893691174342 0.5363840922650158 0 0 0.8092503399496856 0.9615992055677902 0 0 0 0 0 0 
0.24073644341053146 0 0 0.5712844150353795 0.4902956639475501 0 0 0 0 0 0 0 
0.058372017583754376 0 0.06730336133199495 0.5608703484916185 0 0 0.02617406849014912 0.24544234431399845 0.37209312846132575 0.4180149352496025 0.028349972118543128 0.24255745918496435 

0 1.4028093095175702 1.1265903771964814 0.5910030276197376 0.44573094268192903 0.46395312743864325 1.118956791456115 0.6893570417249544 0.820173836600983 0.6407113211753348 0.07842577557363661 0 
0 0.27398291247934436 0.20391456861438767 0.9933668770505529 0.8832954193183942 0.0428691389971537 0.3103732184955236 1.7326472646736049 0.9453375576325196 0.6770506600647626 0 0 
0.48474188236524196 1.5417544366138949 1.7786154734501036 2.43513957327477 0 0.25554930271809606 0.061702810553293436 1.3946208547087526 0.6666960021657901 1.2042163052613437 1.3821821226746274 0 
0.36893508219182064 1.9944406233635579 1.7221275338476374 2.5794212004307164 2.0004662516725116 0.6356948748167198 0.03579713583498546 0.4101158530911893 1.0778525433270558 0.8078946528372625 2.1073361708715335 0 
0 1.5055025953680563 1.1139804767750503 1.356201753441998 2.5283724429608747 2.2945478139450706 2.376800707011667 0.5012670724031212 0.7956362854776529 0.8646165121551099 0.7441713394287574 0 
0 0 0 0.21446151369655614 1.3515819153887514 3.0194572722684265 1.7870186563298598 2.811329936872365 0.9518106134196423 0 0.12441483472923327 0 
0.011603938666608984 0.21376554443372858 0 0 1.0377262276213532 1.4725431593741733 2.201056608413353 1.8942080742369534 0.9958283972468566 1.2506400460980314 1.9034176415841202 0 
0.0773987250843571 0.4611681188885758 0 0 1.785126177029741 0.531252841528097 1.9039296941278796 0.9646723517049782 1.7629016959031245 3.35201729428918 2.236871586928896 0 
1.0216450872988885 0.5728156074720917 0 0 1.4326913537382868 1.7213473043741765 1.0207151779287484 2.7177782981864067 3.788962160928072 4.146125560111316 1.7414693522154123 0 
0.9247270151171372 2.218325160441671 2.344779117427893 1.3519494762360698 0.3586012637340506 0.5076645967155579 1.3038695404373721 2.0823462350628783 2.3805556528918634 1.713568201751725 2.743053041780164 0.1275153625848407 
0 0.417171287891536 2.3472546320212713 1.2754790014621518 0 0.3843545154206665 1.1098561537963765 0.6594355560743378 0.4343203823575835 0.44922465786350285 0.8575201467395 0.32820731393674835 
0 0 0 0.1299242737808552 1.100311835028347 0.7884348510344898 0 0 0 0 0 0 

0 0 0 0 0 0 0 0 0 0 0 0 
0 0 0 0 0 0 0.0665923275640765 0 0 0 0 0 
0 0 0 0 0 0 0.2952715659277747 0.1000036107595243 0 0 0 0 
0 0 0 0 0 0 0.5500997829944271 0.31955349015686957 0 0 0 0 
0 0 0 0 0 0 0 0 0 0 0 0 
0 0 0 0 0 0 0 0 0 0 0 0 
0 0 0 0.5986287529653895 0.9922771178989986 0 0 0 0 0 0 0 
0 0 0 0.6563628705310935 0.6231349840837034 0 0 0 0 0 0 0 
0 0 0 1.1929812466435066 0.8965456027489246 0 0 0 0 0 0 0 
0 0 0 0.23446783729316156 0.4993901430130458 0 0 0 0 0 0 0 
0 0 0 0 0 0 0 0 0 0 0 0 
0 0 0.016247306876923707 0 0 0 0 0 0 0 0 0 

0 0.2067517648481009 0.46407213759530236 0.10652623022913646 0 0.22461094888834324 0.46115658174176843 0.3909881554589406 0.36924829983382873 0.502247355905782 0 0 
0 0 0.38464734415770657 0 0 0 0 0.5768837007521496 0.4483224870437392 0.7208381798392642 0 0 
0 0.3086234470965631 0.34977072143126886 0.45885050841979114 0 0 0 0.8292552263324705 0.15644372807780732 0.4903828657428881 0.20782053510679685 0 
0 0 0 0.5704157929977214 0 0 0 0.4486288593209034 0.4815436630606031 0.26842555605180707 0 0 
0 0 0 0 0.05467204777955029 0.2929976320886932 0.2725229758684047 0.5381809795313739 0.49258241000805125 0.21454193636985935 0 0 
0 0 0 0 0 0.40643459536575977 1.029758905355514 0.5264894411422315 0.5376400491380761 0 0 0 
0.2641523481610213 0 0 0 0.15266854735883278 0.5284204985388408 0.4707363010655141 0.9265906654956877 0 0 0 0 
0.4426628824957006 0 0 0 0.9749977265243414 0.0772671329918758 0.90130905417541 0.3204918059042585 0.13307801354579346 0.4092512233250419 0 0 
0.5794168251020088 0 0 0 0.45624317324460045 0.7520842595856972 0.1502631135406985 0.15398209232261406 0 1.5585379546567344 0.28730484106396936 0 
0.42963001121909394 0.861430754771043 0 0 0 0 0 0.2118700929198226 1.0565680508209108 1.23813287735808 0.8536842601364608 0 
0 0 0.09501317026578601 0.28825799327751817 0.08490330918702782 0 0.6129126067903542 0.9590676464079875 1.1408271229305493 1.1411556115823922 0.4483200243211242 0 
0 0 0 0 0 0 0.20420694810014048 0.2742039418535081 0.2158795741885793 0.1420062913695389 0 0 

0 0 0 0 0 0 0 0 0 0.016679985392571706 0 0 
0 0 0 0 0 0 0 0.20395174402533472 0 0 0 0 
0 0 0 0 0 0 0 0.19807871479899475 0 0 0 0 
0 0 0 0 0 0 0 0 0 0 0 0 
0 0 0 0 0 0 0 0 0 0 0 0 
0 0 0 0 0 0.17350663788551007 0 0 0 0 0 0 
0 0 0 0 0 0 0 0 0 0 0 0 
0 0 0 0 0 0 1.0256941654383638 0.8285656957614126 0.9370291269536705 1.9736738889014867 0 0 
0 0 0 0 0 0.22994244707839806 0 1.70810458434878 1.7530258556909137 1.6472505185881676 0.41317227804026413 0 
0 0 0 0 0 0 0 0 0 0 0 0 
0 0 0 0 0 0 0 0 0 0 0 0 
0 0 0.2530110782084021 0.5187662372488225 0 0 0 0 0 0 0 0 

0 0 0 0.035546876935648036 0 0 0 0 0 0 0 0 
0.46713808987071237 0 0 0.6849185488098721 0.1807608162081316 0 0 0 0 0 0.6791493212612283 0 
0.19449452795093172 0 0 0.04730294738939167 0.3947707896762548 0 0 0.13697111861661887 0 0 0.20691684766777116 0 
0.9294002869888892 0.638174920993874 0 0 0.004722476700352668 0 0 0 0 0.07515430193721137 0.057144562438336544 0 
0.5542036871020783 0.820284563749863 0 0.6182801586261468 0 0 0 0 0 0.2324501426420235 0.17040210788176444 0 
0.08695288989600095 0.7006033660748449 0 0.5470461942372422 0 0 0 0 0.31343291537308704 0 0.8848317536070217 0 
0 1.402665916791136 0.7848812744490334 0 0.3757243481247841 0 0 0.5828953875725312 0 0 0.8529491781667392 0 
0 1.75683945163439 0.16283761273255004 0 0.21068961598941058 0 0.7293475606981374 0.06506696073720619 0 0 0.8102261338696888 0 
0.09656125965187301 2.1894645550435476 1.0508785835221925 0 0.5271978812974114 0.17466188025091461 0.1813191809251787 0 0 0 1.8186369730837126 0 
0.21183510692255195 0.9338735501415304 0.16275550083432216 0 0.6042525409086067 0.14443945911997075 0 0 0 0 1.550570803249002 0 
0.6873170928343755 0.2899563204123093 0 0 0 0 0 0 0 0 0.8082476886715442 0 
0.4282310256489355 0.44008926748036864 1.0125011457417348 0.6798164745578011 0 0 0.13287257048145606 0.0609819471727895 0.08055309923689496 0.11930316431665801 1.3164200712139638 0 

0 0 0 0.04420387093925712 0.6285249052157074 0 0 0 0 0 0.32367931684901713 0 
0 0 0 0.14027656447087344 0.2700228761890741 0 0 0 0 0 0.2021482956162507 0 
0 0 0 0 0 0.3534098256242349 0 0 0 0 0 0 
0 0 0 0 0 0 0 0 0 0 0 0 
0 0 0 0 0 0 0 0 0 0 0.4121798625680362 0 
0 0.6417275859816873 0.7067817181780838 0 0 0 0 0 0 0 1.0003124651407143 0 
0 0.9557467257032374 1.2079228164386722 0.28240242723852627 0 0 0 0 0 0 1.2263570915864606 0 
0 1.2470704629210645 1.9147984914402365 0.27157190100474476 0 0 0 0 0 0 1.699235094255919 0 
0 0.7306846993651569 0.6650662930030218 0.008338751549380711 0 0 0 0 0 0 2.0636127360005645 0.049012623918597696 
0 0 0 0 0 0 0 0 0 0 0.35961577205484496 0 
0 0 0 0 0 0 0 0 0 0 0 0 
0 0 0 0 0 0 0 0 0 0 0 0 

0 0.03627343806760505 0 0 0 0 0 0.1820910786511262 0 0 0 0 
0.04897290169520291 0 0 0 1.1522060650939132 0.4622278581648115 0.17682910996212645 0.35702921018978845 0 0 0 0.08313895746739149 
0 0 0.7679595972019672 0.9006709205108928 0.45906380631837196 0.3382548435007778 0 0 0.0807284306039 0 0.024888599923146404 0 
0.6191808559201097 0.7871579037214299 0.5017408851048737 0.6804915452266677 0.9531272702152204 0.4694772988977586 0 0 0.16886193072316058 0.14727922658181183 0.7149852609153787 0 
0 0.6324822904414013 0.5420045946061555 1.105643565944391 1.3382279776806354 0.6669609707652845 0 0 0 0.12731519805129732 0.9705695106687391 0.14301629543501854 
0 0.10145213168152518 0.5954389475682363 0 0.6605658850574576 1.4586028038651997 0.6645542989949306 0.2480723013419002 0 0.10887898840443214 0.7459605851242205 0.44813939366486455 
0 0 0 0 0 0.6505870043692153 0.5516696155338312 0 0.3735803557647259 2.2757367186411277 2.295843006615008 0 
0 0 0.09044369648488088 0 0 0 0 0 1.0519123729402406 2.244809931753429 0.3722150587823415 0 
0 0 0.07304424616817667 0 0 0 0 0.5920441207808275 1.930693980208623 1.08501505197601 0 0 
0.01856472644172938 0.3455215137959835 0.752651670364676 0.12137854353856908 0 1.0155257154921398 2.2464016748847695 2.6021157513663886 2.28613577530262 1.1593808236626013 1.037966796499689 0 
0 0.4525161639156642 1.2514619662793673 0.03596591235376338 0 1.4415036665755865 1.4992711604703766 0.810910673432394 0.4103896216767539 0.39219091659987637 0.5423983742460139 0 
0 0.052065087388981406 0 0 1.0364364028276674 0.5571137541343854 0 0 0 0 0 0 

0 0 0 0 0 0 0 0 0 0 0 0 
0 0 0 0 0 0 0 0 0 0 0 0 
0 0 0 0 0 0 0 0 0 0 0 0 
0 0 0 0 0 0 0 0 0 0 0 0 
0 0 0 0 0 0 0 0 0 0 0 0 
0 0 0 0 0 0 0 0 0 0 0 0 
0 0 0 0 0 0 0 0 0 0 0 0 
0 0 0 0 0 0 0 0 0 0 0 0 
0 0 0 0 0 0 0 0 0 0 0 0 
0 0 0 0 0 0 0 0.3294450217085421 1.4817129369780886 0.8135994277602113 0 0 
0 0 0 0 0 0 0.46936601687912444 0.9958556250477897 0.9933580291755038 0.9302548413646952 0.3984451886165727 0 
0 0 0 0 0 0 0 0 0 0 0 0 

0 0.14632845403035005 0 0 0.08141904251278972 0.23240639280031788 0.00684243478198323 0 0 0 0 0.20758855577789512 
0 0 0 0 0 0.2776005498212785 0.7622579335056077 0.1521703479083597 0 0 0 0.07277468790113625 
0 0 0 0 0 0.6015765200448673 0.7788133527127641 0.5687202575639908 0 0 0 0 
0 0 0 0 0 0 0 0 0 0 0 0 
0 0 0.020017645666329995 0.17104818724526133 0 0 0 0 0 0 0 0.22974322503201738 
0 0 0.666108369480394 0.9128663068787584 0.5330408246112839 0 0 0 0 0 0.40193809609571807 0.5696956632416006 
0 0 0.40605696843526534 0.9962301558466036 0.6212108498448909 0 0 0 0 0 0.6926534835189745 0.30749785334618046 
0 0 0.3419624436766387 1.12707168253963 0.18355002485626337 0 0 0 0.24254514806530153 0.6349617050198799 0 0 
0 0 0 0 0 0 0 0.3807260148208545 0.3479000323313662 0.18950114831952652 0 0 
0 0 0 0 0 0 0 0 0 0 0 0 
0 0 0 0 0 0 0 0 0 0 0 0 
0 0 0 0 0 0 0 0 0 0 0 0 

0.11923146625332998 0.49577069711269006 0.7219510347887954 0.19939143938151294 0.5980013229272336 1.5441581518102554 1.6461696923062605 0.7891727332702707 0.4797526420807493 0.40429840261409 0 0.6759779271217176 
0.11127234842115198 0.8571502961856755 0.8390407485715763 0 0 0.47367269705537746 1.1723533735323048 0.9836911973870337 0.4675142171280435 0.46041289105405925 0 0.36094323690065444 
0 0.48129750662008375 0.8375888667109047 0.09474698591398228 0 0 0.8994323869297501 1.2050966204100564 0.5354118347807179 0.3281577575443475 0 0.2428057860295866 
0 0 0.553247668342208 0.6389904297229303 0 0 0.09727246931132101 0.8255526760365907 0.5516679036209294 0.39228596072421507 0 0.7749052660025009 
0 0.011985265977029425 0.5064706775542 1.205538338251173 0 0 0.06407389270525927 0.7366625666853773 0.8581438827464274 0.4848926951677196 0 0.7636227735015263 
0 0 0 0 0 0.5612090827305001 0.6167541874845038 1.2102610907638893 2.111111092439065 0.839906935034169 0 0.4288318450081945 
0 0 0 0.28514649825732097 0 0.3326260338974795 1.223380094048921 1.6579224253031952 1.7077847630964955 0.5537098808961004 0 0 
0 0 0 0.2443851749642056 0.8777333340915033 0.41250835771397065 0.6330953478179311 0.8009511127679456 0.3620125076081478 0.42712236740947634 0 0 
0.1806238391282019 0 0 0 0.6848413781844027 0.22325594728222473 0 0 0.29298125552542437 0.914794492160586 0 0 
0.20800368253464088 0 0 0 0.9191278951112807 0.5026256087469432 0 0 0.478174092983058 0.32307980807211134 0 0 
0 0.1437171543976087 0.8648457452418786 1.0123746854814615 0.5503121099529023 0.157375824479143 0.06790175090163975 0.0363182936830043 0 0 0 0 
0.04449084024209378 0.19999485953794982 0.43160238711684723 0.24447841817207572 0.3391237590790593 0.3478281751352402 0.4476887849694729 0.3941507833589659 0.40145210895150124 0.3491458845181993 0 0 

0 0 0 0 0 0 0 0 0 0 0 0 
0 0 0 0 0 0.270252003669674 0.04858757630617297 0 0 0 0 0 
0 0 0 0 0 0 0.06732336896002572 0 0 0 0 0 
0 0 0 0 0 0 0 0 0 0 0 0 
0 0 0 0 0 0 0 0 0 0 0 0 
0 0 0 0 0 0 0 0 0 0 0 0 
0 0 0 0 0 0 0 0 0 0 0.08047639200702868 0 
0 0 0.2677094271631277 0.30895512983805196 0 0 0 0 0 0 0 0.10233109596713896 
0 0 0 0 0 0 0 0 0 0 0 0 
0 0 0 0 0 0 0 0 0 0 0 0 
0 0 0 0 0 0 0 0 0 0 0 0 
0 0 0 0 0 0 0 0 0 0 0 0 

0.4485037924259717 0 0.3849218308356989 0 0 0 0 0.7507911781654685 0.3179050650639169 0.4444284556263557 0 0 
0.5020295014472035 0 0 0 0 0 0 0 0.8383341687687191 0.2651019291486679 0 0 
0.6324638461920468 0 0 0 0 0 0 0 0.6835545461558338 0.8757964469795745 0 0 
0.1251223951747685 0.28158928229200597 0.7345793055603017 0 0 0 0 0 0 0.8500359800048084 0 0.7184034945619372 
0.16198268333304477 0 0.46600773699874387 0.25804005528948526 0 0 0 0 0 0.44373335366572764 0 0.6176368083854796 
0.3856181121415573 0 0 0 0 0 0 0.4617363869442591 1.538040611164893 1.0675217802292682 0 0 
0.3751681969947642 0 0 0 0 0 0.03075046107550586 1.4277915693564838 1.4692263872155182 1.2418595621597948 0 0.08515739163875263 
0.643676828140936 0 0 0 0 1.4379042546505216 1.236883339964843 0.4195426194668413 0 0 0 0 
1.006727736954956 0 0 0 0 1.586469824750595 1.0003549649575807 0 0 0 0 0 
0.5774281423436516 0.26930506931967707 0.19358806864720807 0 0.03385407039214733 0.14046156349766592 0.12416387716733492 0.3707612996600461 0.5555774713952142 1.1942618630789033 0 1.8516619082024492 
0.4941565056467133 0.34790024870831265 0.36888394387114837 1.4817068875071113 0.9067160859704984 0 0 0.5726730145321318 0.7956850402735636 0.8963867753812507 0 1.7356349640258095 
0.42371422277619547 0.4285529902362567 0.18244742944490533 0.4309624671136301 0.4116756816304368 0.32916999716921114 0.4705232247596861 0.5755947165643601 0.5145659127558211 0.42768357320760125 0 0.351290589892601 

0.650210583234729 0 0 0.1018158770341549 0.7573874421835117 0 0 0 0 0.050949174585507226 0.20886212241672608 0.12462524982019205 
0.6032665991275031 0.22615731263374486 0.36276061718259506 0.2575528826959907 0.4269729217253369 0.09119187227497773 0 0 0 0 0 0.052503765125911206 
0.9986958472447087 0 0 0 0 0 0.2390415993495425 0.19691035040478588 0.6144104384519053 0 0 0 
1.2937872728943711 0 0 0 0 0 0.10475602353161073 0 0.7068558643291386 0.04379787389928155 0 0 
0.8236750263687499 0.9084413556775909 0.4267225987156684 0 0 0 0 0 0.10076526413970496 0.4891472671419029 0 0 
0.6537830970353675 1.3028247426586534 1.8281173515913314 0.8657316249849996 0 0 0 0 0 0 0.10437968023065138 0.8297918615253383 
0.6964900772134485 0.5364422399945695 2.028429618596809 2.46054890375963 0 0 0 0 0 0 0 1.943842502923788 
0.7106136257558736 0.7385289116837948 2.7562900990992256 1.577163096010431 0 0 0 0 0 0 0.7181570806453457 1.8465355203139089 
0.5744143025376911 0.08906906829058808 0.7162583086170322 0.7263406008401037 0.38963177070816646 0.10920830550634986 0.13834448602798555 0 0 0 0 0 
1.2472517659192668 0 0 0 0.05268221346507403 1.2503196427786618 0.5819607563915404 0 0 0 0 0 
1.0661714701104972 0 0 0 0 0.6732811757828224 0.1759148205870345 0 0 0 0 0 
0.7948573047229399 0 0.5940761718927989 0.6287554699122024 0 0 0 0.17352920649491632 0.3430621892227291 0.5081734543287221 0.8291695677347739 0.7455774636007093 

0 0.21722779445838727 0.15482841137505282 0.5089958674357123 1.0684946925008916 0.9751721188471507 0.27179788293866697 0 0 0 0.030312500555530184 0 
0.9709025291466857 1.7343727576836596 1.5621195198945959 1.509523718243447 1.7408879136601647 2.0344922178176925 1.9225800319583364 0.9103239909347862 0.60634043279653 0.730415612298857 0.9408808747436599 0.4986313804333234 
0.4919838951963691 1.3171034839848583 1.0763520971029863 1.8865604852313385 1.82479935899994 2.256560527800015 2.0338577626339363 0.8983283485683458 0.09341775769036155 0.21884382392721444 0.06433871170440808 0.30327606854166345 
0.661750982016942 1.3724291956336856 1.1181029276263266 2.5501478271601763 2.5660421216954137 2.548930879156612 0.9700039448519189 0.7558901952405881 0.9369423444225436 0.7549988568723855 0.20761934871086232 0.10677493653374451 
0.4749908452098852 1.834300958001741 1.557416545732136 2.486494049153159 2.0064840843854586 1.9364282727418765 0.826111086495195 0 0.6313933975667492 0.5814785287493609 0.8055395837046289 0.6915783979351598 
0 0.9811723609887646 1.9705509690994842 3.3709997876836177 2.9471405192602687 1.2027175477287058 1.0386593677932385 0 0.8225440526180716 0.7701935937421315 0.873676673156309 1.06591513701241 
0 0.6200839781409775 2.280057457430746 3.339771697859703 2.0823824208069386 1.2264849094548738 0.6963761360459737 0.5913679526477437 1.3481083164910959 0.8037710249758504 0.9610794583164359 0.8820094340388783 
0 1.0528262401220623 2.754902823342432 2.1413036061747794 0.8013820897908555 0.6717455597468415 1.0217966018831466 3.8387918763575337 4.217269899519542 2.874935135001332 2.994818375298418 2.276672447740092 
0 1.2771646648015098 1.6726545082432476 0.5546216104199322 0.24173773722004815 1.2042178210159142 2.3217318061044563 2.773866871287511 2.9852040375548596 1.8217642138283132 2.1082278560593632 0.6941605041622132 
0 0.6716249426363716 0.8322778800520466 0 0.3113350538376816 1.371209947706286 1.417101227203446 1.405212857582643 0.4427762162047043 0 0.030783943110582242 0 
0.33713079357136616 0.683277348262076 0.25844540832825247 0.13094208132047414 0.6987957709221333 0.7458040755971371 0.23190003734585468 0.12114903455475191 0.1360851245172324 0.25511573308516544 0.7173812936193427 0 
0 0 0.337600487315335 0.30626285843708184 0.03525945015053637 0 0 0 0 0 0 0 

0 0 0 0 0 0 0.27208448354865006 0.29676455784237876 0.09284865177534332 0 0 0.10393158621287996 
0 0 0 0 0 0 0 0 0 0 0 0 
0 0 0 0 0 0 0 0 0 0 0 0 
0 0 0 0 0 0 0 0 0 0 0 0.42162427350539977 
0 0 0 0 0 0 0 0 0 0 0 0.30767003501906054 
0 0 0 0 0 0 0 0 0 0 0 0.11585397504663764 
0 0 0 0 0 0 0 0 0 0.7783736140268926 0 0 
0 0 0 0 0 0 0 0 0 0 0 0 
0 0 0 0 0 0 0 0 0 0 0 0 
0 0 0 0 0.10800528365037765 0 0 0 0 0 0 0 
0 0 0 0 0.2600954952117839 0 0 0 0 0 0 0 
0 0 0 0 0 0 0 0 0 0 0 0 

0.2501718095662588 0 0 0 0 0 0 0 0 0.1805221969275148 0.06899962540785015 0 
0 0 0 0 0 0 0 0 0 0 0 0 
0 0 0 0 0 0 0 0 0.14989071244642055 0.2032800144869043 0 0 
0.14135850027893776 0 0.06003640909218121 0 0 0 0 0 0 0.08549995920720421 0 0 
0.2621914243102765 0 0.2495019959784614 0 0 0 0 0.19253224371448566 0 0.20597768412453724 0.1213240798309955 0 
0 0.01606130991094532 0 0 0 0 0 0 0 0 0 0 
0.038384794654962744 0 0 0 0 0 0 0.7747161467448476 0.08586959442185765 0 0 0 
0.3537124901254257 0 0 0 0 0.24744606321546878 0.8314058890655459 0.09645492741080067 0 0 0 0 
0.2005500279794588 0 0 0 0 0.0312563417794714 0.15899538450861875 0 0 0 0 0 
0.7310300568094487 0.37134995938843923 0 0.47650832046708697 1.0958480144707432 0 0 0 0.032784824875969426 0.4613159582616109 0.3606605959480224 0 
0.6437401958511333 0.13110785457022014 0 0.18851974538859306 0 0 0.2059160461903709 0.3371166482180041 0.43198799880256805 0.43937115543717614 0.3995283700740255 0 
0.22509731886354692 0.010334406518948937 0.4426136950350619 0.28069505715780596 0 0 0.14790385726802766 0.11971599728638825 0.08257817369869934 0.11157609301098712 0.03550120047028474 0 

0 0 0 0 0 0 0 0 0 0 0 0 
0 0 0 0 0 0 0 0 0 0 0 0 
0 0 0 0 0 0 0 0 0 0 0 0 
0 0 0 0 0 0 0 0 0 0 0 0 
0 0 0 0 0 0 0 0 0 0 0 0 
0 0 0 0 0 0 0 0 0 0 0 0 
0 0 0 0 0.2212376730670078 0 0 0 0 0 0 0 
0 0 0 0 0.07872384713568699 0 0 0 0 0 0 0 
0.009819635611950484 0 0 0 0 0 0 0.15261286756717785 1.2401034853223738 1.8813177107471404 0.45790054281302495 0 
0 0 0 0 0 0 0.5881998898369036 1.5169308468595781 2.0163685615273312 1.6232805083522899 0.8511820233303482 0 
0 0 0 0 0 0 0 0 0 0 0 0 
0 0 0 0 0 0 0 0 0 0 0 0 

0 0 0 0 0 0 0 0 0 0 0 0 
0 0 0 0 0 0 0 0 0 0 0 0 
0 0 0 0 0 0 0 0 0 0 0 0 
0 0 0 0 0 0 0 0 0 0 0 0 
0 0 0 0 0 0 0 0 0 0 0 0 
0 0 0 0 0 0 0 0 0 0 0 0 
0 0 0 0 0 0 0 0 0.16774187841066399 0.3117885314762865 0 0 
0 0 0 0 0 0 0 0 0 0 0 0 
0 0 0 0 0 0 0 0 0 0 0 0 
0 0 0 0 0 0 0 0 0 0 0 0 
0 0 0 0 0 0 0 0 0 0 0 0 
0 0 0 0 0 0 0 0 0 0 0 0 

0 0 0 0 0 0 0 0 0 0 0 0 
0 0 0 0 0 0 0 0 0 0 0 0 
0 0 0 0 0 0 0 0 0 0 0 0 
0 0 0 0 0 0 0 0 0 0 0 0 
0 0 0 0 0 0 0 0 0 0 0 0 
0 0 0 0 0 0 0 0 0 0 0 0 
0 0 0 0 0 0 0 0 0 0 0 0 
0.27393639441979634 0 0 0 0 0 0 0 0 0 0 0 
0 0 0 0 0 0 0 0 0 0 0 0 
0 0 0 0 0 0 0 0 0 0 0 0 
0 0 0 0 0 0 0 0 0 0 0 0 
0 0 0 0 0 0 0 0 0 0 0 0 

