1.2152693816792097 1.7953572134135665 1.3447070858375476 1.342988473834818 1.3415928300872928 1.3355404857768711 1.3246779902666614 1.3370005844711033 1.3498629640019317 1.3502709300463864 1.3474418233323384 1.3463863272060241 
0.9826255830852048 2.4001252362430874 1.402070620950561 1.37260506873972 1.3688243378975014 1.321555849443186 0.8644794630773927 1.438509598465439 1.3731580395187033 1.3437211199983208 1.328186238196317 1.2939210225010804 
1.115227474306869 1.6856283121821065 0.9039084063111167 0.735304746278343 1.0869846520303108 0.8630610729875252 0.33623995939997986 1.2347506691176031 0.9251379110823678 1.0797148593572166 1.1191964624846422 1.04642396042544 
1.048583556716289 0.9299013943958876 0.36787995975466914 0 1.0214437059653814 0.5126965841555966 0 1.1212980878545222 0.7937619680148643 1.252107144217968 1.3549438267778713 1.2298765332633912 
1.8655895119125159 0.6337491827298442 0.8933842003892873 0.28552766546484937 1.0104765785124024 0.9347530855801615 0.8672186070197172 1.668345761274846 1.366198962514351 1.571667214410026 1.5964548588415564 1.5156433377025365 
1.4519037679620883 0.04817386911274334 1.018158241481564 0.9717017997195009 1.095200769559638 1.1458616866243987 1.261731008848236 1.393826222867321 0.9582928449180844 0.9248520383011684 1.3292895431190455 1.3163607908072206 
2.940088069142569 0.8339188029385994 0.46095308726636625 0.9046602092613224 1.073315028743702 0.7395844945343093 0.8872212217459076 0.3690037375028342 0 0.36749154048290184 1.2414165579795076 1.1029333953699425 
2.929369302431338 1.9936311074661248 0.7371068726514804 1.0300169909146295 0.9275729228043151 0.48733051260002674 0.6131166381325814 0.6847022773927335 0 0.4048328429539015 1.0716822383147133 0.654013881759702 
1.9807607668790579 1.5165266643981785 1.732190349850849 1.7256508901331837 1.8155003999514356 0.9524547543614598 0.7927235083526564 1.2023023213541582 1.185472500433717 0.8743201752343327 0.807299101880767 0.49334724253697115 
1.3079224118455621 1.088549786936144 1.674584086699393 1.5531073201644923 1.4256930397642953 0.6661093535611738 0 0.794974878962144 2.1384178506366367 1.638893834350659 0.6825570265562497 0.8511264763161881 
1.3817208552627187 1.0632679306233586 1.887230569400316 1.827683851435342 1.7715938419032184 1.3754697610692568 0.9156622890420876 1.1499812392594884 1.882236549317067 1.8546654111395589 1.1198277951362687 0.7232001886995297 
1.6483318776980598 1.1733280785258273 1.9222835115241674 1.8852698663709808 1.8184058368088445 1.8096314392399573 1.6475872175572197 1.5219534010139488 1.5208358319828432 1.4340121138346578 1.48199267390725 1.2086854565820178 

1.0355917416323503 0.44500311027310085 0.6245643858384984 0.6142392843651137 0.5920036102983812 0.5950239348909239 0.612156793838563 0.6209821254190377 0.6244603670092276 0.6259016451765469 0.622009635645375 0.6162005587839354 
1.0613604178980054 0.19515270522083736 0.5640933948474676 0.48880968286036364 0.41467052352734474 0.47158910768613277 0.6841803533489237 0.5458492579749975 0.5344723614842146 0.5152765209290086 0.5046633127064467 0.5448557094630866 
0.5872329770474726 0 0.11387608006583064 0.0048972536271754685 0 0.2026284866328743 0.3844068012885686 0.15744379547137008 0.313539718378146 0.3465138836820738 0.3878426288902991 0.5099181649952887 
0.3664548298547934 0 0 0 0 0 0.04740796789864454 0 0.22936084967358025 0.20134201228798074 0.22264882112861156 0.36684626992882025 
0 0 0 0 0 0 0 0 0 0 0 0.22145506610054544 
0 0 0 0 0 0 0 0 0 0.2628461529736099 0.46059384013516064 0.47159381196854305 
0 0 0 0 0 0 0 0.06821381239175828 0.5111796541708694 0.30474419805260483 0.3384601526420158 0.35568388450604943 
0 0 0 0 0 0 0 0 0 0 0.111214019105689 0.10565458921662338 
0 0 0 0 0 0 0 0 0 0 0.026220096857644593 0 
0.07073893408968095 0 0 0 0 0 0 0 0 0 0 0 
0.03446626918114455 0 0 0 0 0 0 0 0 0 0 0.26642779271095013 
0 0 0 0 0 0 0 0 0 0 0.2705847658524277 0 

0 0.19794728051369548 0 0 0 0 0 0 0 0 0 0 
0.12720411479783608 0.44286879776500654 0 0 0 0 0 0 0 0 0 0 
0.12219483258900499 0 0 0 0 0 0 0 0 0 0 0 
0.22053858302325607 0.2377301521966 0 0 0 0 0 0.3806373771716675 0 0 0 0 
0.4760114880419325 0 0 0 0 0 0.15022544226579343 0.19660295917746123 0 0 0 0 
0.03419010324333513 0 0 0.27317362486096447 0.00037152858149602785 0.01628636521157359 0 0 0 0 0 0 
0.34742149144689427 0 0.20275751253221053 0.5573252628521852 0.10113854980834835 0 0 0 0 0 0 0.0697321685464333 
0 0 0.18160995704436822 0.31193885452941483 0 0 0 0 0 0 0 0.33497345695343117 
0.098904056726906 0 0 0 0.08212202719309189 0.20415923527215218 0.3747633656138608 0.1688532203689293 0.10861292941159273 0.08603631835033226 0.29935830158061855 0.2806194392009936 
0.15564457585348188 0.16934157454335236 0.3193381453832929 0 0 0 0 0 0 0.3218522992704074 0.3327853839728528 0.24831162327904144 
0.005417058119246459 0 0 0 0 0 0 0 0 0.1332245314702823 0.004604873475240044 0.012471857536605409 
0 0 0 0 0 0 0 0 0 0 0.1883216838558019 0.3388522346363584 

0.3680181403686362 0.6711718358637099 0.14499669578744775 0.15733153593412852 0.17925065228323947 0.18692035926952114 0.17248692566474863 0.14662642180874522 0.14477175164612383 0.14590335972885887 0.1479915966315488 0.12883309976107093 
0 0.6196160795544595 0.16867078500681373 0 0 0.07890679681725109 0.49336975634306157 0.16491703755561188 0.01934953660838326 0 0 0.0487273507454907 
0 0 0 0 0 0 0.7071476328604546 0.2598281093906767 0 0 0 0.03886653787269073 
0 0 0 0.08410819410072845 0 0 0.6921540661067307 0.40856055010319187 0 0 0 0 
0 0 0 0 0 0 0 0 0 0 0 0 
0 0 0 0 0 0 0 0 0.03362952663796087 0.29979749407983686 0 0.10831798240657753 
0 0 0.2811109341013448 0 0 0 0.5245960150409599 1.4273111202739048 1.2208527460300633 0.939435155076914 0.3917476444006588 0.8034184778636186 
0 0 0.5725794141466417 0.14706262433101477 0.23957447766873363 0.3717738394423362 0 0 0 1.0123726794119918 0.9886219061859496 1.2606462925913648 
0 0 0 0 0 0 0 0 0 1.0806761733954842 0.38163135165618056 0.8021905704228408 
0 0 0 0 0 0 0 0 0 0 0 0 
0 0 0 0 0 0 0 0 0 0 0 0.1521271530356784 
0.014151792799280988 0 0 0 0 0 0 0 0 0 0 0 

1.1959322884293853 1.747991124316999 0.9561717631958118 0.9461555980593334 0.9839070710131252 0.9999114047629409 0.9598928940101211 0.9546620839347963 0.9546496140846532 0.953662407517823 0.9589875804125251 0.9566955890206683 
1.0406997492728418 1.2710187940853819 0.9858251069097859 0.9201413205627473 1.129913596009842 0.9629455139976468 0.810308913325904 1.0661181823964783 0.9595668215216363 0.9624956463505023 0.9612063107281649 0.9763062268980245 
1.4308439786627163 1.451938020330969 1.6574044359987474 1.1031679225735487 1.0794439613099691 1.0160320973034747 1.1401092407392432 1.7481792286932567 1.0882682381103161 1.0149198108034698 0.9844172022401263 0.9673272584056594 
1.476820779625989 1.2560504076141716 1.3422872427629486 0.6058718573947962 0.49330362596912664 0.48631685864473884 1.0691009805269824 1.2713467072557627 0.517467726181469 0.5371732695051076 0.5678603429796898 0.6628405571357654 
1.7755289230607358 0 0 0.16229506829767448 0.27647546774364823 0 0.0968323469208385 0.15763232874171995 0.06430557653011948 0.5095089632681399 0.5695093326810041 0.6704928861747562 
1.7832481954695563 0 0 0 0 0 0.043324059676841775 0.41063505997398275 1.0907815915801118 0.8862723366041677 0.9711285404234554 1.0676270598999693 
0.72412635855227 0 0.05376634804480883 0.33472859365353763 0.24988245833805586 0.8151266033019343 0.8988639318539081 1.1688119112432513 1.2667847875963902 0.797480910723678 1.0109114725664652 1.4739596544268878 
0.26902407104514187 0 0.5270712691390949 0.5280561236672302 0.9324546600781899 1.010853642534759 0.6730050751327888 0.807318136474866 0.9204797151401147 0.884758192421234 0.9799147674495895 1.7586747872781865 
0.6589341655602091 0.11896494676949385 0.7213617142223201 0.4625681541666409 0.6676441862928184 0.2956542702015952 0 0 0 1.1407166892225509 0.8358212118893733 1.1071182729643814 
0.8965200277583757 0.33875560397586535 0.7180580621523226 0.320730387395709 0.3404087551930365 0 0 0 0 0.4199248457032219 0 0.6760852417010625 
1.131836597626461 0.273786520481951 0.13238187720861477 0 0 0 0 0 0.2438485190642116 0.003089940025215815 0 1.029027959849532 
0.982097068214608 0.22550203088634768 0.365224514332507 0.20320171908248308 0.05714348737814312 0.04399367862973094 0.1649008800820204 0.2852957297463248 0.48571319479283986 0.4680011347166819 0.3178004465732237 1.057796364778973 

0 0 0 0 0 0 0 0 0 0 0 0 
0 0 0 0 0 0 0.019356848903717062 0 0 0 0 0 
0 0.038022734542009495 0 0 0.2057338792918055 0 0 0 0 0 0 0 
0.4590845189197392 0.6587789834573179 0.5059849076769789 0.3090419500826037 0 0 0 0 0 0 0 0 
0.7071747697070659 0 0 0 0 0 0 0 0 0 0 0 
0.5382727870210924 0 0 0 0 0 0 0 0 0 0 0 
0 0 0 0.30017544823289327 0.31326101281642094 0.4530682259884273 0.2779268420507712 0.433212406124743 0.2659303012055179 0 0 0 
0 0 0 0 0 0 0 0 0 0 0 0.2911180725171675 
0 0 0 0 0.10093290931946414 0 0 0 0 0 0 0.2932789049786748 
0 0 0.15948898054215044 0.3049443156776239 0.27210736622559895 0 0 0 0 0 0 0 
0 0 0 0 0 0 0 0 0 0 0 0 
0 0 0 0 0 0 0 0 0 0 0 0 

0 0 0.32538195494484556 0.31120936726812204 0.2963617515785429 0.27283647470249733 0.2906227190501069 0.3328713402904029 0.32650422561246184 0.32729366640238744 0.32492012623611954 0.3214398397871322 
0 0 0.18968003795608965 0.35738643485405724 0.3782638501617248 0.22171360535223808 0.10243159603174459 0 0.270005667273079 0.3760715381736462 0.3656595808137392 0.3609523809998875 
0 0 0.17813018791298513 0.9637511756594268 0.8930202040930629 0 0 0 0.5191364252361979 0.6669461268969707 0.6260010673992211 0.43371948002643285 
0 0 0.4353629259856876 0.515104281136022 0.21789094138422407 0 0 0 0.7292577200948023 0.6081059058175973 0.4929066495425905 0.2791502648613502 
0 0 0 0 0 0 0 0 0.2662800884406771 0.16605661676657546 0.15351538230480433 0.2127376064164618 
0 0 0.026332840825631712 0 0 0.3108999306998342 0.04829552023510761 0.06838452450124777 0.02311564282959286 0.39673726174936524 0.2178732815430515 0.26256920114917887 
0 0 0 0 0.1900722975288977 0.3501109736241289 0 0 0 0.10442245096018737 0.10810677170353036 0 
0 0 0 0.06711421371975869 0.13082995899157823 0.0450478544059881 0 0 0 0 0 0 
0 0 0 0.07994631774135866 0.5131457538421711 0.3358519411145887 0.4375038170938871 0.040174193031823166 0 0 0 0 
0.40805117301179983 0.5666754516331105 0.11216489838192631 0.7309475151672038 0.8179211810435532 0.7915494406597985 0.9509094685258319 0.3973294134726486 0 0 0.2329767125373179 0 
0.33762358884971094 0.4331123655531367 0.2237828907568658 0.29062646190099983 0.1762648961400703 0.25850605616803135 0.3197146426849097 0.23778077384244772 0 0 0.5532116513819018 0 
0.12841420269422407 0.23744685926857612 0.007858394737346033 0 0 0 0.03733073227708649 0.12877592961819767 0.1393372007474848 0.21552886502580393 0.473659447015127 0 

2.4709144031659487 2.111258570515256 1.9835245402757067 1.9597753273975163 1.953241528069506 1.9679950793007737 1.9735362206360598 1.9858395585997046 1.9839480792233144 1.9830751248266087 1.9845038675367703 1.990376393515708 
1.8688980366058896 2.1017931029284163 2.042382137366907 1.8115182565939092 1.5440622493626437 2.0087849552753414 2.3598102784120893 2.112832637565465 1.894912672841555 1.8936449154831025 1.841493340314936 1.9330831402236364 
1.1693862736181577 1.283032174789096 1.2096231388788579 1.407834103956525 1.3473274496793999 1.7378434480068223 1.8666630926271457 1.657883288180247 1.6880416227213595 1.7185073962998576 1.740976699163574 1.879566637981334 
1.1963374264785853 0.9094838171226987 1.344524184478579 1.3653446672752994 0.9640483389393203 1.558745994324786 2.002369788393607 1.829871708293102 1.9489973621249692 1.9509838786766704 1.9512694748774313 2.0439860329072466 
0.1353722093102147 0.7352022590276055 1.1197696544651727 1.5068753448704204 1.5461830471915734 1.4864116786603765 1.3302487745496188 1.624565506204938 1.866199191704666 1.8482541723341706 1.880313151163525 2.1496924046465273 
0 0.515475930293315 1.0818198370152634 1.015089936310096 1.1627446755892126 0.9170774321452907 0.7731355629309151 1.4888419775383568 1.8966847454414721 2.0097559102900044 1.7528488935467044 1.9648315875453526 
0.3405875892873341 2.4316487554657575 1.7634209085445425 0.8903239779699123 1.23402301845233 1.5422952645179402 1.536691182781839 1.98865338192897 2.1027781395958987 1.9210755634843535 1.6663119175410313 1.8974898314412962 
0.4948898849650736 2.6809549500324312 2.2723118811446197 1.3932048832495918 0.8144556804724201 0.6006258002619864 1.1599106278710047 1.2700169158735413 1.6467687630222685 1.7814496582571233 1.4398540810299894 1.8891833366084503 
1.3646079343841513 1.1562524513758206 0.8071639342276324 0.71743747360226 0.6878316161454554 0.8683039475666359 0.9199272610453226 0.8246223759637891 1.2211056235387463 1.6438999936826917 1.530975998680294 1.7831845362253802 
1.2517437590729308 1.3560048457751184 1.3356178568846988 1.2553472322544048 0.6486969843952084 0.6381834659688992 0.9590408142887256 0.7239948045849184 1.326402726058412 1.6451146547820072 1.8071176866146597 1.8424379672825784 
1.58204878044689 1.4163217333704152 1.4568258290530836 1.5828422502537507 1.5222534643402754 1.637665236411079 1.79118853543955 1.8080598993807482 1.843895931234416 1.4723995412238713 1.4850588643956733 1.9338456896025231 
1.5218345497014651 1.527713735977749 1.4259886574301912 1.4260384378695283 1.4042713992951108 1.6587645801405244 1.8830766263200176 1.8416215201113761 1.8179338437387171 1.878162007048549 1.6200750162997752 1.6079783349402244 

0 0 0 0 0 0 0 0 0 0 0 0 
0 0 0 0 0 0 0 0 0 0 0 0 
0 0 0 0 0 0 0 0 0 0 0 0 
0 0 0 0 0 0 0 0 0 0 0 0 
0 0 0 0 0 0 0 0 0 0 0 0 
0 0 0 0 0 0 0 0 0 0 0 0 
0 0 0 0 0 0 0.013094634658427383 0 0 0 0 0 
0 0 0 0 0 0 0 0 0 0 0 0 
0 0 0 0 0 0 0 0 0 0 0 0 
0 0 0 0 0 0 0 0 0 0 0 0 
0 0 0 0 0 0 0 0 0 0 0 0 
0 0 0 0 0 0 0 0 0 0 0 0 

0.31544075332511773 0.9892358145715383 0.5106740512709055 0.5421282468812905 0.4977222707192138 0.4834359660330333 0.5265231168690293 0.5023060141084009 0.5123864769635889 0.5126159128570053 0.5092370883704592 0.5147553403493359 
0 0.2914892568222194 0.5801972680250136 0.476242887232199 0.09057063872761051 0.35176259926401554 0.5708864023357867 0.8348513040129012 0.4738834903693735 0.35254279504136915 0.3561741968420307 0.3234748990518245 
0 0 0 0 0 0 0 0.2435816949591049 0 0 0 0.012810547308673093 
0 0 0 0 0 0 0 0 0 0.14804911619134958 0.22309297007796677 0.11375559121585369 
0 0 0 0 0 0 0 0 0.0432189980014691 0.37842210160904277 0.47139840721019005 0.30659501311097653 
0 0 0 0 0 0 0 0 0 0.2373426373791872 0.5091810457174921 0.254475961374536 
0 0 0 0 0 0 0 0 0.07796225629048764 0.3076125087575592 0.5785225378370668 0 
0.2505948724119822 0 0 0.24123779430309464 0 0 0 0 0 0 0.5738387014199904 0 
0.2435189099586452 0 0 0 0 0 0 0 0 0 0 0 
0.08842085365789054 0 0 0 0 0 0 0 0 0 0 0 
0.13202302510117384 0.42520686961809684 0.18089763638573267 0 0 0 0 0 0 0 0 0 
0.35487858433679287 0.2939780118223898 0.564055564542552 0.3134016400737932 0.21136528960606912 0.05602739074195903 0 0.08744322680536218 0.16597427427590233 0.22020877156892 0.43551589746914526 0 

0.7298311995107821 0 0.3622831903434611 0.3280915725569059 0.3686978673091977 0.4485730049327383 0.401264008462075 0.36073410140034495 0.3631489876852 0.36117349509524543 0.36483959965757445 0.3769684161414935 
0.9383347243389004 0 0.36794351063452957 0.3086618201969064 0.4773771178252192 0.6986499738662582 0.4008295397927108 0.06463963557222686 0.45439460548007815 0.41720545686826005 0.3880526614120247 0.45099832672890783 
1.245574662580938 0.34790994990217095 0.9009960755187127 0.7958133090659634 0.5703500940745166 0.4659886768916736 0.8823759590181527 0.3246439587407872 0.6729336197589819 0.5733146170117862 0.573422519161786 0.48735637912856367 
1.0646611624312625 0.5495523596166337 0.9783614455984065 1.403099386960384 0.20126440107875881 0 0.492321160565806 0 0.2980280613129656 0.27326159510283077 0.2701156325139197 0.07696275837236738 
0.8773077655758661 0 0 0 0 0 0 0 0 0 0 0 
0.07256808114000746 0 0 0 0 0 0 0 0.7365191228688093 0.40355756558265066 0.3201319712022531 0.5564317918397713 
0 0 0 0 0 0.8784604020721098 1.4128342871626534 1.458479675671645 0.6743487431546548 0 0.27382793180501686 1.1099424109335074 
0 0 0 0 0 0 0 0 0 0 0.15987882460569305 0.42769094963372917 
0 0 0 0 0 0 0 0 0 0 0 0 
0.46347771601313914 0.3268674031818478 0.3075749592815645 0.21723983162567245 0 0 0 0 0 0 0 0 
0.3214148488602801 0.06861943226470063 0 0 0 0 0 0 0 0 0 0.2697395953270705 
0 0 0 0 0 0 0 0 0 0 0 0 

1.515647692837905 0.6877353773710768 0.4072438702544292 0.43179840738171676 0.43219665708519567 0.4271659400272788 0.4249534840821795 0.4023112455843457 0.4119700122969664 0.40863771482256284 0.413846248079225 0.4343545508683779 
1.7163213747045163 0.5967734170906659 0.5085281664843067 0.3793266330098285 0.11906785070603462 0.3343817210050839 0.5542066277703417 0.4638528440456236 0.45767707571810384 0.3625966173213893 0.3558898271808732 0.37352566110192476 
1.1117273564240353 0.04934918418942941 0 0 0 0 0.19885842640869006 0.173998587371975 0 0 0 0 
0 0 0 0 0 0 0 0 0 0 0 0 
0 0 0 0 0 0 0 0 0.6590905414338142 0.8876669859679218 0.8945714104458424 0.7402060545329388 
0 0 0 0 0 0.5242273067251157 0.7349014139917915 0.38072004218251515 0.5588839410992816 0.4091211534552248 0.4917421336963794 0.4599331041603366 
0 0 0 0 0 0 0 0 0 0 0.36653336309050955 0.1757926917715151 
0.342747311666866 0.2189476442389294 0 0 0 0 0 0 0 0 0 0 
0.4300661767694332 0.3880614825232978 0 0 0 0 0 0 0 0 0 0 
0.5032096400605074 0.2021952207712691 0 0 0 0 0 0 0 0 0 0 
0 0.05713274443491293 0 0 0 0 0 0 0 0 0.5066261501775456 0.5076518054265768 
0.04597750967298122 0.48836150950004004 0.80459174223413 0.9132002132800363 0.9041011705691698 0.9455387967822166 0.8155620381121291 0.6670571768138693 0.5587059072587609 0.5497983511163659 0.5284719126567691 0.07840581731634011 

0.3796783495710562 0.3366296691017151 0.5951609881032411 0.6277044519691108 0.6929827063600082 0.6669020672384389 0.5879421431976015 0.5864772984900298 0.599548017262798 0.60231124343097 0.595650176721699 0.578371164204446 
0.5637315743439405 0.6561855096349347 0.657515895173603 0.7629999657330717 0.8955569050276555 0.721992254203911 0.49566713109135085 0.659829120972911 0.6220144436326894 0.5679919029286239 0.5688891358371182 0.5275983227412129 
1.3502013095564274 0.9743040967891017 0.46862874759903483 0.15843446162086733 0.8733105603923431 0.9645156151369128 0.6679254929587546 0.5000898138571823 0.3075886388321576 0.443732006194536 0.49187028803834276 0.32324168464122416 
1.9533228045628686 0.9772167062551377 1.20225284907486 0.8938078879957871 1.0454445411209674 0.7019874142888461 0.05452352714078548 0 0.15044870267457874 0.4920557248984746 0.4437242603498025 0.3255452868449205 
1.7791415848235876 0 0.3275008158371492 0 0 0 0 0 0 0.023507915312158796 0.045538535146211645 0.13193885233736644 
1.5018340162155894 0 0 0 0 0 0 0.4936027151360749 0.21875338778252992 0.2330894896918094 0.6784397052251974 0.6461277977083537 
0.36921115768165547 0 0 0.22127570322593826 1.106945885436031 1.7625982902814918 2.652046614377426 2.2695009143108673 0.23287104529473088 0.15918407790153155 1.4942007251451501 1.2720260504138436 
0 0 0 0.9209979627586838 1.8102195646163386 1.032260671419658 0 0 0 0.4154014513724325 1.5139947878761162 0.8811096212117869 
0 0 0 0 0 0 0 0 0.4320762382803669 0.6838280846211475 0 0 
0.6738941654056648 0.12411883866639017 0.5295157652452296 0.3551228751610161 0 0 0 0 0 0 0 0.13463642078026228 
0.8988869283507543 0 0.2577629379172168 0 0 0 0 0 0 0 0.5372009949690448 0.42688892180229626 
0.3756253357191497 0 0 0 0 0 0 0 0 0 0 0 

0 0 0 0 0 0 0 0 0 0 0 0 
0 0 0 0 0 0.15014542360539598 0 0 0 0 0 0 
0 0 0 0.6437288475193546 1.1705343729943845 0.3898573138128471 0 0 0.14799768553659232 0.06792845098348363 0.02262482461141716 0 
0 2.2567036484403813 2.0248994784707324 0.761119958064779 1.0035181167784037 1.2295814533846476 0.3275272289094532 1.1288754582464586 0.5659184957174731 0.09683738360120278 0 0 
0.16101853118662027 2.5063721866096667 2.5143382270127117 1.463418212364485 1.4639477195692971 1.0322233237448168 0.8979780876990722 0.9982706513895993 0 0 0 0 
0.850061710272908 2.941795632134722 1.6114604669071195 1.6824951570854516 1.0660956324924633 0.916468388486024 1.1220187023292814 0.3386613806894108 0 0 0 0 
1.7554268183872757 1.9546341286684141 1.065415513504223 1.5841431656536265 1.3602437176327307 1.262152639927901 0.9074189654052682 0.3074987807154058 0.499416587846358 1.0911548524460066 0.4860803516709503 0 
0.4173712556008475 1.2553375665765927 1.0777860316668706 1.6301817037010842 1.5512211588331857 1.4687537221819722 2.0683330686921373 2.3137026493754997 2.6039331739282536 0.6055701876995642 0.7643470452449903 0.19640974266941294 
0 0 0 0.8823335460893119 1.522095249337223 1.7911504732131747 1.524927487660293 1.1992675450094608 1.453646958235302 0.6032293080742911 0.9688354460565334 0.9704468927558572 
0 0.46091867213307935 0.670495275157066 0.7550730643363769 0.9950572066872854 2.033393235154163 1.4035248803669174 0.868407439956711 0.35148589479384723 1.7995868049755905 1.6319251878845098 0 
0.012858511027141334 0.82893594893101 0.7828903262252463 0.850325223738271 1.2193855645577538 1.3568651493286685 1.0391717512847003 0.644432708005738 0.09911368156350289 0.8308777014892401 0.7522047071124154 0 
0.17688114987828324 0.0872382442538542 0 0.139903690732338 0.37713440089437755 0.4571011869406195 0.45212411558358123 0.2396742717133101 0.23732716070553178 0.08077658440286835 0 0.4253919479995124 

0 0.024166247282159173 0 0 0 0 0 0 0 0 0 0 
0 0.6769685882836041 0 0 0 0 0 0 0 0 0 0 
0 0.2963399363259534 0 0 0 0 0 0 0 0 0 0 
0 0 0 0 0 0 0 0 0 0 0 0 
0 0 0 0 0 0 0 0.3705319773460483 0 0 0 0 
0 0 0 0 0 0 0 0 0 0 0 0 
0 0 0 0 0 0 0 0 0 0 0 0 
0.18170699921551942 0 0 0 0 0 0 0 0 0 0 0 
0 0 0.37945480779890806 0.08025781429645956 0 0 0 0 0.14434671984002725 0 0 0 
0 0 0.05147615032900138 0 0 0 0 0 0 0 0 0 
0 0 0 0 0 0 0 0 0 0 0 0 
0 0 0 0 0 0 0 0 0 0 0 0 

0 0.6905028661238732 0.2240133901345005 0.2180778506256972 0.2340331972302916 0.2293552606459179 0.21693655541885318 0.23395366679217516 0.2240738896324854 0.2244945462783957 0.2218555181638435 0.2243843566801856 
0 0.2867898539578895 0.24066722343977034 0.18032522656782635 0.33210452089714254 0.28464858024811995 0.2419485453455301 0.4087351253869415 0.20604541272625235 0.2876816261282794 0.312070479463753 0.37841887180288103 
0 0.5752370308693904 1.1278591937533622 1.1867090641312894 0.8869643337114684 0.30177854576763485 0.35093096836588694 0.894452622021071 0.6849139885103828 0.6815274218824453 0.6442571322327043 0.5614287523552384 
0 0.7697576437136193 1.2777865142680267 1.0846088177696789 0.9230591793188931 0.20964711002422726 0.03715955286617169 0.6124717907370018 0.581452071795884 0.4366179347845229 0.34459985653095254 0.34907646067994613 
0.11607608091850535 1.2814635519443967 0.9278563008820535 0.4389700617538026 0.39616313163147965 0 0 0.2818235807405238 0.5182616848408294 0.5268725140588744 0.46561543830399343 0.4364141464484633 
0 1.1577912034698217 0.5634141061046429 0 0.10367826053570518 0.21962000854600747 0.44467963837203756 0.9616121621282472 0.9502797539686076 0.5572323930117256 0.2731841233612438 0.42871877414209364 
0 0 0 0 0.4787283961132708 0.8177984095688547 0.3993243590178391 0.4267285432868227 0.36309857766802506 0.8253433215439475 0.22951779694365046 0.2804269750294303 
0 0 0.24719652814600976 0.36065778710225194 0.46013801500878937 0.5620020789212394 0 0 0.672443923487836 1.313365267856993 0.005651579819569019 0.0451557213650347 
0 0 0 0.407313884503019 0.19747433785499782 0 0 0 0 0.3417930313499802 0 0 
0.3059836171195056 0 0 0.32313016394263694 0.2537952146023088 0.8704620090176252 0.9339497417449016 0.51450642222152 0 0.0012075903925928382 0 0 
0.3442666465372395 0.34048345550450393 0.3725875043220599 0.43453744154042884 0.3721901563108293 0.5537975808785022 0.5697316277908041 0.23829094459634076 0 0.035919555574660825 0 0 
0.12037906513436235 0.26974044250604995 0.33116849570011664 0.39723125725766206 0.4029861344359882 0.4515190890944301 0.4160147375013981 0.31301293586146045 0.2903423786215728 0.2951702360119832 0 0 

0 0 0 0 0 0 0 0 0 0 0 0 
0 0 0 0 0 0 0 0 0 0 0 0 
0 0.07475990480373262 0 0.022511344264782296 0 0 0 0 0 0 0 0 
0 0 0 0 0 0 0 0 0 0 0 0 
0 0 0 0 0 0 0 0 0 0 0 0 
0 0 0 0 0 0 0 0 0 0 0 0 
0 0.10079542943559422 0 0 0 0 0 0 0 0 0 0 
0 0 0 0 0 0 0 0 0 0 0 0 
0 0 0.33632715621753945 0.43945567768040056 0.29880829361540734 0 0 0 0.2497145464667472 0 0 0 
0 0 0 0.10414008403640174 0.14078518953153163 0.28785083193942573 0 0 0 0.4100318081922054 0 0 
0 0 0 0 0 0 0 0 0 0 0 0 
0 0 0 0 0 0 0 0 0 0 0 0 

0 0.24958459646887815 0.024029532055262978 0.06657178838511107 0.03986284462385146 0 0 0.013885513155151434 0.02734718467471 0.03092144974827442 0.018328885822174255 0.009334365497103923 
0 0.37738857638638884 0 0.12176697815360302 0.10893498600925147 0 0 0 0 0 1.8304066955267956e-05 0 
0 0 0 0 0 0 0 0 0 0 0 0 
0 0 0 0 0 0 0 0 0 0 0 0 
0 0 0 0 0 0.6356424057710501 0 0 0 0 0 0 
0 0 0 0 0 0.6406007467334872 0.16179195085803713 0 0 0 0.05628746734779972 0 
0 0 0 0 0 0 0 0 0 0 0.27120738018216534 0 
0.3009948176133257 0 0 0.16906963785411294 0 0 0 0 0 0 0 0 
0.9858140113472765 0.9660938052765097 0.05051571561675407 0.45087356901451436 0.3224916709298077 0 0.3171267042797985 0.7471704283588517 0.3164143219934559 0 0 0 
0.3242739133437192 0.45993458594232517 0.17987046642617555 0.21843279069569999 0 0 0 0.06814197935894098 0.497688587351905 0 0.5949184502366375 0 
0 0 0 0 0 0 0 0 0.24431109319933234 0.24987820354831333 1.3119524329977017 0 
0 0 0.013476725694793317 0 0 0 0 0 0 0.023024199887119637 1.4439196374918604 0 

0 0 0 0 0 0 0 0 0 0 0 0 
0 0 0 0 0 0 0 0 0 0 0 0 
0 0 0 0 0 0.02570193185815936 0 0 0 0 0 0 
0 0 0 0 0 0 0 0 0 0 0 0 
0 0 0 0 0 0 0 0 0 0 0 0 
0 0 0 0 0 0 0 0 0 0 0 0 
0 0 0 0 0 0 0 0 0 0 0 0 
0 0 0 0 0 0 0 0 0 0 0 0 
0 0 0 0 0 0 0 0 0 0 0 0 
0 0 0 0 0 0 0 0 0 0 0 0 
0 0 0 0 0 0 0 0 0 0 0 0 
0 0 0 0 0 0 0 0 0 0 0 0 

0 0 0 0 0 0 0 0 0 0 0 0 
0 0 0 0 0 0 0 0 0 0 0 0 
0 0 0 0 0 0 0 0 0 0 0 0 
0 0 0 0 0 0 0 0 0 0 0 0 
0 1.0960853702126196 1.1674084826416173 1.248507641589764 0.8296596502884297 0.7791908919085134 1.0341755315495165 0 0 0 0 0 
1.3212944778551998 1.5653058084466975 1.1283521615273857 1.7458165377853785 0.5416074762297043 0 0 0 0 0 0 0 
2.1969610413530636 0.33362783600804186 0.6398719360278411 0.5213609666982677 0 0 0 0 0.1718054673681407 0 0 0 
0.8477599322957208 0.09432401144585861 0.4140588126507593 0 0.18984542562828122 0.9370975063847014 1.4144078357329901 1.526213921014068 0.12808797302125743 0 0 0.4630633561358697 
0 0 0 0 0.20775319963254335 1.757577851755174 1.4454460567020324 0.7129905823989674 0 0 0.8653451656248349 1.042426125410339 
0 0 0 0 0.36053865778765226 0.7891549986846081 0.26838174055630937 0 0 0.6798972367359288 1.0311657927578484 0.16964981628675901 
0 0.27877414847182297 0.1451147336079268 0.44205211624305196 0.923684439298915 0.7222838428479198 0.20141936161341814 0 0.20394714970330546 0.669954112919065 0 0 
0 0.077301442058715 0 0.14349141411915167 0.2805420047714595 0.04465898418417025 0 0 0 0 0 0.20936230907090952 

0 0 0 0 0 0 0 0 0 0 0 0 
0 0 0 0 0 0 0 0 0 0 0 0 
0 0 0 0 0 0 0 0 0 0 0 0 
0 0 0 0 0 0 0 0 0 0 0 0 
0 0 0 0 0 0 0 0.22626115356984391 0 0 0 0 
0 0 0 0 0 0 0 0 0 0 0 0 
0 0 0 0 0 0 0 0 0 0 0 0 
0 0 0 0 0 0 0 0 0 0 0 0 
0 0 0 0 0 0 0 0 0 0 0 0 
0 0 0 0 0 0 0 0 0 0 0 0 
0 0 0 0 0 0 0 0 0 0 0 0 
0 0 0 0 0 0 0 0 0 0 0 0 

0.01693689202662631 0 0 0 0 0 0 0 0 0 0 0 
0 0 0 0 0 0 0 0 0 0 0 0 
0 0 0 0 0 0 0 0 0 0 0 0 
0 0 0 0 0 0 0 0.0757825859855271 0 0 0 0 
0 0 0 0 0 0.011371442359670407 0 0 0 0 0 0 
0 0 0 0 0 0 0 0 0 0 0 0 
0.27329293130302185 0 0 0 0 0 0 0 0 0 0 0 
0.12272439701939895 0 0.025871315979718233 0 0 0 0.09738809570256926 0.2665919728811632 0 0 0 0 
0 0 0 0 0 0 0.12784007052340202 0 0 0 0.16066604067204499 0.5372474737202959 
0 0 0 0 0 0 0 0 0 0 0 0.0023916383789446202 
0 0 0 0 0 0 0 0 0 0 0 0 
0 0 0 0 0 0 0 0 0 0 0 0 

0.5072614995553373 0.6570731204876049 0.3867695195941866 0.42592572625433567 0.4564870282921428 0.413925415871155 0.38990984666022593 0.392506100275182 0.3863790261170591 0.3863443180461438 0.3857642722971849 0.3881618947351057 
0 0.7612991215418257 0.47516433407527003 0.40904480796495435 0.28040265433413347 0.3507887605709685 0.9216764855156429 0.5848873262811936 0.3729292249879595 0.3717875751080719 0.38383166433510735 0.42011887048651575 
0 0.688754165885006 0.3013903671603424 0.454200023896526 0.5366007333996468 0.6750552200364148 1.2117071380711326 0.5719464525638975 0.3781752235862601 0.3684361527082131 0.35273767972385994 0.43685199384079443 
0 0.7025750535405463 1.1667748691153046 1.43184641191843 0.7621914780559413 0 0.8183776129064251 0.6784649776863264 0.6120050724167821 0.47966936459433085 0.3666318485469012 0.4193272647622994 
0 1.071779582887951 0.9975889491877307 0.7645611407506118 0.09365062352956195 0 0.07951466876098524 0.43981494010905053 0.4394143040788272 0.30421916809369304 0.23721474278407548 0.25173174411982696 
0 1.0137732441231058 0.20349655797564303 0 0 0 0.25975397405170336 0.7728871418558263 0.6416026436461395 0.6819949857248563 0.46161523481995964 0.4741859259656034 
0 1.1844583349090774 1.084953667975287 0.7190137377323392 1.0618636122164162 1.5030303825844467 1.3865253205738968 1.3385303907324233 1.1396357647932551 1.352012647171835 1.02366799856277 0.7112484688510915 
0 0.24832884440404845 1.3707304380106342 1.0342392441062875 0.864578822716868 0.3741615037476389 0 0.07599103183882673 1.2728427598194616 1.796467188495843 0.9900766166855229 0.7055223727213739 
0 0 0.061394081266312836 0.3719339793612105 0 0 0 0 0.6915218388510768 1.0886906689906528 0.2738343949097736 0.6783972936531697 
0 0 0 0.5099451390236613 0.2719108426217502 0.33976555585216917 0.06177525533846268 0 0 0.37785932975550074 0.22580301170365225 0.7939722351841304 
0.08848607360973403 0.1532799372878615 0.10482009564731387 0.3868883606024156 0.2794835571164101 0.418017717136495 0.4754382350432945 0.2921087980300655 0.11350264444326623 0.5851501760949923 0 0.18030091621636968 
0.2037399643999845 0.4022806249617429 0.005099055635392032 0.0843905522189036 0.006311377025636972 0.012426071917755077 0.12985800463381075 0.2486379678019648 0.21220785895808852 0.3006831570436949 0 0 

0 0.08927539637194255 0 0 0 0 0 0 0 0 0 0 
0 0 0 0 0 0 0 0 0 0 0 0 
0 0 0 0 0 0 0 0 0 0 0 0 
0 0 0 0 0 0 0 0 0 0 0 0 
0 0 0 0 0 0 0 0 0 0 0 0 
0 0 0 0 0 0 0 0 0 0 0 0 
0 0 0 0 0 0 0 0 0 0 0 0 
0 0 0 0 0 0 0 0 0 0 0 0 
0 0 0 0 0 0 0 0 0 0 0 0 
0 0 0 0 0 0 0 0 0 0 0 0 
0 0 0 0 0 0 0 0 0 0 0 0 
0 0 0 0 0 0 0 0 0 0 0 0 

0.48389672891860586 0 0.45877391868161604 0.47645651051952764 0.530643919131929 0.4922329973031977 0.4158410621255452 0.4393319968664961 0.45858358010211037 0.45772653742805 0.4609388628404955 0.46203566411039343 
0.24120485242120177 0 0.45511646344537193 0.5965900351102564 0.68625729159429 0 0 0.3303333972464034 0.4532337215678212 0.379072127846552 0.34902134451754346 0.2372685672069007 
0.6882695749802217 0 0 0 0 0 0 0 0 0 0.03549867370544149 0 
1.1937416517556776 0 0 0 0 0 0 0 0.005712481136420195 0.4416304603069413 0.5659125485549943 0.5809210670268916 
1.2192211703132312 0 0 1.3525214222912396 0 0 0.22875749741694268 0 0.6666863590799406 0.636183465593065 0.6050755277757726 0.77218620071125 
0.9557817793650545 0 0 0.4735656436012638 0 0.0346293756545919 0 0 0 0 0.5631965397403708 0.4202700049431003 
0.7049371150414734 0.4183477606533006 0.35262289149707715 0.03427103387806579 0.6853193174835956 0.7014793495321656 0.4112524258418963 0.029533837942138874 0 0 0.9906669303286019 0.903682010642905 
0 0 0.12037605556088435 0.3433048670892307 1.389145006912015 0.4814131427150561 0 0 0 0 0.11506583625461195 0.9024250277300987 
0 0 0 0 0.031024987303048313 0 0 0 0 0.24945851818310066 0 0 
0.5022562827361998 0.14906039471069388 0.13567060353839447 0 0 0 0 0 0 0.05170135314735781 0 0.19608459148432358 
0.7053102317638589 0.11834481795697321 0.5755070962764783 0.8389718192098045 0.9351120528648782 1.024729490879459 1.0111593511872141 0.8028967240286891 0.6999597494792736 0.40498882788725277 0.08808170817558382 1.0273583282351724 
0.4038092284130597 0.2475185457859044 0.43651678530861104 0.5005063151115837 0.5449028174218579 0.7389495014849916 0.7975890769200338 0.6169223676852409 0.6060219543681036 0.5480961487181497 0.02571675777838682 0.6175885361730824 

1.3025662657689139 0.2949613906855754 0.47504681869840254 0.4818024582968107 0.4408028340079732 0.42020142705339336 0.4602370129778968 0.47699388831183737 0.47991169689903895 0.4832384996535573 0.4713394743581076 0.4619859041294251 
1.4856823125029768 0.6952663654922792 0.40748293508381117 0.6222937709459976 0.44569858198671963 0.19832791810363545 0.6548466686184102 0.32150181322544585 0.4601431596500515 0.4900733599084725 0.48003221896655995 0.41478958866042814 
0.8681256352966128 0.613888104751833 0 0.540030447020447 0.5552891399643585 0 0 0 0.3381237035007918 0.3593978541816469 0.37369593449083904 0.13602868047104735 
0.9576258434574534 0 0 0 0 0 0 0 0 0.04167539642106738 0.06612111526787348 0 
0.43706229640144745 0 0 0 0 0 0 0 0 0.04440164086019752 0.19344593161884566 0 
0.7022797809108329 0 0 0 0 0 0 0.04658497859195773 0 0.36590536659974404 0.39993801757500325 0.2343945985429192 
0.8157891106118013 0 0 0.09584587106162121 0 0 0 0 0 0 0.38859949371494346 0 
1.2876806280134374 0 0 0.2135252587151208 0 0 0 0 0 0 0.4697247759379221 0 
0.9377624943637188 0.6286172637279747 0.41398423182912214 0.8516040429281958 0.20302204403077653 0 0 0.3655146029174693 0 0 0 0 
0.5613133559870381 0.4003310520612684 0.22609634277776894 0.2293186822363221 0.04822964692910403 0 0 0 0.0690986974599651 0 0 0 
0.27717789000947746 0.29468605416854915 0.4192291088137712 0 0 0 0 0 0 0 0.5517123609256464 0 
0.33720540118301545 0.41116733515874077 0.5273814288755508 0.14289017759464206 0.06565095336052729 0 0 0 0 0.1343207354574526 0.8640467040311568 0 

0 0 0 0 0 0 0 0 0 0 0 0 
0 0 0 0 0 0 0 0 0 0 0 0 
0.27005229655040186 0.5834345193984971 0.49223184442019535 0.8890767635883774 0.578653794998256 0.22066992219624212 0.7248749096869294 0.19853423156933575 0 0 0 0 
0.5740385901372663 0.9917225384057721 0.6434519806943768 0.9886874162971724 0.9436745613934974 0.625549944358071 1.0756146220906024 0 0 0 0 0 
1.6512702378641095 2.3555935869306435 0.6810233659869341 0.39281085727520487 0.7141090991118767 0.5174788720427056 0.18476673297090376 0 0 0 0 0 
1.2269999001996412 1.94390674993193 2.1307840677835332 1.1875398043960663 1.0014671503788144 1.0981560995254234 0.9516750471169273 0.7216795249023612 0.13445698463997652 0 0 0 
0.6048434591853562 1.0521214249654067 1.7144114822121232 1.2602713187639076 0.6472245520975723 0.9505226094646122 0.6315480042961383 0.8241869044258333 0 0 0 0 
0.6106887235434705 1.2628280882952723 0.9824276886002418 0.5721972979348826 0.4174192480703574 0.8867493909057227 1.4289523382727596 1.392097458364005 0.7831201579836164 1.0382747357827862 0.6961492960323572 0 
0.19319343543612158 1.1252324259414077 1.058115057952813 2.1329650181692807 2.493542528855328 2.5164806602848193 2.531911425016879 1.9016280025656092 0.934720441301464 0.7366457090847917 1.229504082985035 0.08870880975473219 
0 0.5990062308572696 0.34455836790429134 1.265644092372794 1.6367029327803753 0.9608783483325696 1.08125445035416 1.0345442779848666 1.3201123181706769 0.6588929621179909 1.1556543931240835 0.150218311502621 
0 0 0 0.004765497395411988 0 0 0 0 0.26398683527205485 0 0.4458951220973854 0 
0 0 0 0.06426801468791954 0.0889936285483795 0.030028358344245276 0 0 0 0 0.443237799643227 0 

0 0 0 0 0 0 0 0 0 0 0 0 
0 0 0 0 0 0 0.07493480577229948 0 0 0 0 0 
0 0 0 0 0 0 0.4608402779264093 0 0 0 0 0 
0 0 0 0 0 0 0.7615416822438095 0 0 0 0 0 
0 0 0 0 0 0 0 0 0 0 0 0 
0 0 0 0 0 0 0 0 0 0.3541670931690403 0 0 
0 0 0.5900150619789494 0 0 0 0 0 0 0.744060684881161 0 0 
0 0 0 0 0 0 0 0 0 0.26228535431983263 0 0 
0 0 0 0 0 0 0 0 0 0 0 0 
0 0 0 0 0 0 0 0 0 0 0 0 
0 0 0 0 0 0 0 0 0 0 0 0 
0 0 0 0 0 0 0 0 0 0 0 0 

0 0 0.12084976557224422 0.13107766633835982 0.12339270417214634 0.08942499402363503 0.08645689819890197 0.11561236520728839 0.12287144249912405 0.12594640537256196 0.11625944607299304 0.10594007303023585 
0 0 0 0.16943778568491874 0.1899158969637004 0 0.0042738837722994414 0 0.07564682394172874 0.08209641521309062 0.08455773249092055 0.04047941822070136 
0 0 0 0 0 0 0 0 0 0 0.02354771475736233 0 
0 0 0 0 0 0 0 0 0 0.1063444592081989 0.17224486916681334 0.21847704479422786 
0 0 0.09653633066579465 0 0 0 0 0 0.22440764688092826 0.1603214949726417 0.16770044664354727 0.16979614000174617 
0 0 0 0 0 0 0 0.36292070574054647 0 0 0.1268321295839257 0.01480776301783671 
0 0 0 0 0 0 0.05667866756498411 0 0 0 0.21134190839865052 0 
0.515919155048428 0 0 0 0.4993925651170782 0 0 0 0 0 0.054918828439684694 0 
0 0 0 0 0 0 0 0 0 0 0 0 
0.1637600986788218 0 0 0.05118784444487284 0 0 0 0 0.38884009027561195 0 0 0 
0.08186567264224175 0 0.45772184680902334 0.28948135934289093 0.13405252896602832 0.1640934892679868 0.12806242947603538 0.12004580695232894 0.09732616715361452 0.010212791477546335 0.35666807611728046 0 
0.08190238798518075 0.13442559906356716 0.4345027630629987 0.24786284540639977 0.28187815352813034 0.24003128311112365 0.1340524060247045 0.10764712564357273 0.12684475600313672 0.14797684875900563 0.25258488302554105 0 

0 0 0 0 0 0 0 0 0 0 0 0 
0 0 0 0 0 0 0 0 0 0 0 0 
0 0 0 0 0 0 0 0 0 0 0 0 
0 0 0 0 0 0 0 0 0 0 0 0 
0 0 0 0 0 0 0 0 0 0 0 0 
0 0 0 0 0 0 0 0 0 0 0 0 
0 0 0 0 0 0 0 0 0 0 0 0 
0 0 0 0 0 0 0 0 0 0 0 0 
0 0 0 0 0 0 0 0 0 0 0 0 
0 0 0 0 0.1440037686152949 0.16730064250959512 0 0 0 0 0 0 
0 0 0 0.07902515199897919 0.25196405035525743 0.18618937324931106 0 0 0 0 0 0 
0 0 0 0 0 0 0 0 0 0 0 0 

0 0 0 0 0 0 0 0 0 0 0 0 
0 0 0 0 0 0 0 0 0 0 0 0 
0 0 0 0 0 0 0 0 0 0 0 0 
0 0 0 0 0 0 0 0 0 0 0 0 
0 0 0 0 0 0 0 0 0 0 0 0 
0 0 0 0 0 0 0 0 0 0 0 0 
0 0 0 0 0 0 0 0 0 0 0 0 
0 0 0 0 0 0 0 0 0 0 0 0 
0 0 0 0 0 0 0 0 0 0 0 0 
0 0 0 0 0 0 0 0 0 0 0 0 
0 0 0 0 0 0 0 0 0 0 0 0 
0 0 0 0 0 0 0 0 0 0 0 0 

0 0 0 0 0 0 0 0 0 0 0 0 
0 0 0 0 0 0 0 0 0 0 0 0 
0.07370461044137572 0 0 0 0 0 0 0 0 0 0 0 
0 0 0 0 0 0 0 0 0 0 0 0 
0 0 0 0 0 0 0 0 0 0 0 0 
0.08979751962135046 0 0 0 0 0 0 0 0 0 0 0 
0 0 0 0 0 0 0 0 0 0 0 0 
0 0 0 0 0 0 0 0 0 0 0 0 
0 0 0 0 0 0 0 0 0 0 0 0 
0 0 0 0 0 0 0 0 0 0 0 0 
0 0 0 0 0 0 0 0 0 0 0 0 
0 0 0 0 0 0 0 0 0 0 0 0 

