0 0 0 0 0 0.49989101389411 
0.5115987300731526 0 0.13984996724114 0.6824849572991029 0.8529523368037717 1.2264742751179638 
0.7533172706907135 0 0.09164730257702455 0.5769107511944669 0.9232415984752146 1.3328955892025527 
1.102420811566642 0.5708252522646171 0.661522653150339 0.820781126442174 0.8162353111445 1.1388667662619931 
1.08138336379893 1.0011650144954485 1.2830814583104626 1.487413312853967 1.237666069780462 1.753066699531599 
1.2885850244189831 1.1427785107561277 1.0926599660362637 1.1576102781337037 1.2677180740732235 1.7397048186629083 

0 0 0 0 0 0 
0 0 0 0 0 0 
0 0 0 0 0 0 
0 0 0 0 0 0 
0 0 0 0 0 0 
0 0 0 0 0 0 

0.5936327875844084 1.6817328730299397 1.8695068653496385 1.9610855124927762 1.897286688421463 2.025052641778191 
0 1.3028795735906713 1.8023806935844715 1.7830184990345077 1.5815322340664244 2.2844221548517467 
0 1.452206838167112 1.5893378710481365 1.6446402840072267 1.5330599338970796 2.3102022892118645 
0 1.6989980718786588 1.447966834213711 1.5760904615856304 1.945690718846595 2.377146343106439 
0.5984821852523972 2.593860848838084 2.2311334600031922 2.2465486649233237 2.2880555068541693 2.602897347425693 
0.011127862929498465 1.507228438648829 1.2523723060062772 1.0728587532918317 1.0454643276505755 1.5973676593515658 

0.1476745431872106 0.09322658768770123 0.05204340432326759 0 0.0449158915285164 0.011756153828830704 
0 0 0 0 0 0 
0.02857011787047052 0 0 0.019780169689444668 0 0 
0.15046691269789467 0 0 0 0.03685424792273599 0 
0.1866956769275844 0.0036494523811103734 0 0.0316893724142783 0.040324132122503305 0 
0 0 0 0 0 0 

0 0 0 0 0 0 
0 0 0 0 0 0 
0 0 0 0.047941363227702025 0 0 
0.2394833232781772 0 0 0 0 0 
0.4242156654020872 0.6003816750056475 0.7109290555581098 0.3182449297041144 0.12158126653771067 0 
0 0 0 0 0 0 

0 0 0 0 0 0.2594233338885795 
0 0 0 0 0 0 
0 0 0 0 0 0.4458821984777155 
0 0 0 0 0 0.10087937756294854 
0 0 0.13535498081374114 0 0 0.437592343066156 
0 0 0 0 0 0.022943424390917243 

0 0 0 0 0 0 
0 0 0 0 0 0 
0 0 0 0 0 0 
0 0 0 0 0 0 
0 0 0 0 0 0 
0 0 0 0 0 0 

1.3033998570751952 1.7150979869700929 1.6983479295884452 1.438170343642115 1.3242992260929332 0.8973482324998756 
1.4448871227693276 2.0138203786901596 2.0462171007730654 2.0016924209749054 1.62204484650108 1.3184642210258635 
1.7677162351348918 2.2125529631085645 1.7780184242167516 1.478434630597386 1.5481886959715891 0.9544729718476342 
1.3702869553759351 1.701885000138161 1.6190783204919905 1.462038774624921 1.513753763921157 0.9172246554778293 
1.3582343910184502 1.4515781118941595 1.4848593376966677 1.3890223836759803 1.4634375644779059 0.538716959079807 
1.3589554356327973 0.9972147260604138 1.0715528155318583 0.9863524853789003 0.9639604296173604 0.634800161443879 

0.6896962331158953 1.4335229248242942 1.593227480843053 2.025821454849893 1.7317565674605713 2.0189112753875396 
0 0.47333451064092247 0.6532550693741247 1.319730528286583 1.3733813533298258 1.676758986923366 
0 0.4230128491108444 0.28006921329962164 1.005951041893448 0.9581039497099617 1.679007663778937 
0 1.0866637188001826 0.6751433377105622 0.622067014847818 0.8615025960308644 1.700891999085936 
0 1.3277235824099647 1.1712394658625096 1.347209179600349 1.390190990166249 1.7864606349102856 
0.8761666292983685 1.2848706727722665 1.3995313493570865 1.1653196307926357 1.203480125435662 1.1591882354904655 

1.23193873778727 0.7509362535401273 0.9721253473386354 1.2483709634922897 1.0743192584451513 0.6081512522529854 
1.8027970631874883 1.6285328879266308 1.8272752507005814 2.0615435839034775 1.789214332167587 0.9616619696579088 
1.8935394722896381 2.080468508784899 1.952353232196572 2.1318061102403294 1.68880397485409 1.2155167118548238 
1.766217798850167 2.261006038454826 2.1167642163558247 2.2720620518361447 1.9694928163517396 1.4046470530780673 
1.5805245169692739 1.8641699626442674 1.7467050611358697 1.8333436708031152 1.8175074096481587 1.2990097254912525 
1.8897521970623825 2.7403169403391616 2.6188548581191435 2.5017698488210915 2.638989850920396 1.7728598804950118 

1.1425173257789791 0.661673854284246 1.163740469024301 1.4543239576399232 1.4560394216411452 1.1092795252041145 
0.6419281675371444 0.07082893006458552 0.5535250176263194 0.8242250286765814 0.4536992995566836 0.42772295728694826 
0.602539083739585 0.5584115336707013 1.0619420274413567 1.186386873883788 1.1737699222401072 0.8562043427251247 
1.3583456060680716 1.272968744546854 1.548411897219505 1.4751281055998855 1.404528074629369 0.9994616719034111 
1.8761768070101634 1.8824832852993278 2.097909208910719 1.9054742672179181 1.911035192184718 1.095143866893472 
1.6254224198426501 1.2219994009837902 1.3834779676323956 1.3581765730987452 1.3734910167235526 1.2114684258440909 

1.128834734885397 0.702836482366756 0.6301804011834868 0.571872690851834 0.6917087649787683 0.4187508573667035 
1.3564009215872643 0.44430642732777303 0.9746033897659312 1.5804739705632183 0.8681329196992775 0.17315778301265392 
1.4047523000244613 1.0453888160189209 1.2587331808081048 1.4438859403158415 1.3387037023639075 0.16900804040353345 
1.7253721084530118 1.1202842393700712 1.353459842314294 1.497318315707853 1.3098071943945422 0.6604272879615449 
2.2376682788205406 2.260086966479744 2.4065903332564065 2.271611984357368 2.1536860588979474 0.8465561541661273 
1.2982416788076532 0.7346750367635225 1.0411972433776295 1.131334307983203 1.1036854503855755 0.6289135849735695 

2.9053958308975854 2.790882025097041 2.648669943496477 2.7781967074070013 2.7362785810706605 2.3556854839848755 
3.443769147175473 2.9554073717624276 2.963348712446788 3.0853541328063248 2.848299988462009 1.8972053078973643 
3.2479580507966435 2.764253945823372 2.961968293975906 3.4711286824063907 3.208403473909928 2.3068586787358316 
3.3290927535254355 2.9945280279025117 3.020473525747785 3.2451670995199726 3.046524303109958 2.395803847167429 
3.5421764860542946 3.6770302333448877 3.775341166604199 3.7810499801370216 3.7025837923770815 2.812753281033759 
2.8306152034671728 2.6764621401655204 2.784890582723523 2.8038899210988237 2.908063926696075 2.322195104908908 

0 0 0 0 0 0.5525275667878199 
0 0 0 0 0.00174398688497511 0.7736673765362537 
0 0 0 0 0 0.8102316695479079 
0 0 0 0 0 0.9085456460500277 
0 0 0 0.07628117971032507 0 1.0216393293373025 
0 0 0 0 0 0.10924259381104216 

0 0 0 0 0 0.225973188006815 
0 0 0 0 0 0.14648812556037122 
0 0 0 0 0 0 
0.27640471395397564 0 0 0 0 0.004328535440108426 
0 0 0 0 0 0 
0.18998179455036318 0 0 0 0 0.26953305810693023 

0 0 0 0 0 0 
0 0 0 0 0 0 
0 0 0 0 0 0 
0 0 0 0 0 0 
0 0 0 0 0 0 
0 0 0 0 0 0 

3.5101786088480362 4.070950485184548 3.815485743333429 3.5059234725410136 3.546530338027487 2.8111835608269318 
2.8598837709958533 3.9663844383465494 4.157881652677884 3.7209567350141564 3.400932445489068 3.5645610943840773 
2.954015028352949 4.609737084557094 4.352573128482603 4.014480685007626 3.638403229634599 3.4401137073573995 
3.0586990085038845 4.264098532963325 4.269803838066344 4.06626636738966 4.284486025272088 3.678073406592747 
3.3904746600828775 3.8662022429205756 3.6124377815073183 4.093345682364613 4.146922181694951 3.8631092460834235 
3.2559155493565948 4.4129452860548675 3.9653330731280527 3.7981594081546537 3.943966704250527 3.868425000438899 

0.1968476487034455 0.1449354805287771 0.15282836433918828 0.6489163488105705 0.5900941751672939 0 
0 0 0 0.1345531816078524 0 0 
0 0.190943440909808 0.01026313311816267 0.6189397519006694 0.22189891857845925 0 
0 0.42919070613597654 0.3044599277471308 0.4938001338623248 0.2422936843715299 0 
0 0.4535302769527664 0.4094265336288419 0.20002827662314152 0.3237754378913167 0 
0.0811927847313195 0.7245815888281874 0.7598286764266301 0.74180495668876 0.7391157276341618 0.2342890688932713 

0 0 0 0 0 0 
0 0 0 0 0 0 
0 0 0 0 0 0 
0 0 0 0 0 0 
0 0 0 0 0 0 
0 0 0 0 0 0 

0 0 0 0 0.01853014152755135 0.39157573265397083 
0 0 0 0 0 0 
0 0 0 0 0 0.12375518882685795 
0.11876511538884257 0.020802200671148574 0 0 0 0 
0 0 0 0 0 0.1512306337274879 
0.6410922088550286 0.6089719579196285 0.7090790136622354 0.8768647195787249 0.8355397312454971 0.6031659930487795 

