0 0 0 0 0 0 
0 0 0 0.1418097821747886 0.43356206138406295 0.7577838689151275 
0 0 0 0.08673295159834492 0.11187239405979262 0.3317147517846667 
0.07566594947630965 0 0 0.41321676421282677 0.7713977840619325 1.2041553560508669 
0.9574208504005937 0.5699410922749738 0.296271510329584 0.24687057563692857 0.33514708812617255 0.9505390657600629 
1.5205405431998205 1.5976996062262043 1.475549068125972 1.1982272385208426 0.7728463324763167 0.8645594764387087 

0 0 0 0 0 0 
0.6341781858301091 0 0 0 0 0 
0.9515692184228131 0 0 0 0 0 
0 0 0 0 0 0 
0 0 0 0 0 0 
0 0 0 0 0 0 

0 2.267047527747963 2.669512467261078 0.7934258137054524 1.670118568798896 1.949082526825018 
0 2.077300081234954 3.4587971132661868 0.6554508095857788 1.5492805617344665 2.567851477472343 
0 1.394680483645875 3.1785708772768904 1.2490105174637258 1.3444110500152393 2.023502378875275 
0 1.2525513638057282 2.449458851178874 1.5036879850155196 0.9762098959593504 1.8906081539369144 
0 1.878422571154032 1.6413405856540169 1.4060900172575779 1.3416938242778726 1.7588446605020998 
0 0.7829811541614867 0.24116126459477222 0.2455450722793247 0.7190137296193293 1.260618441401655 

0.4565054835925989 0 0 0 0 0.0017895613971542629 
0 0 0 0 0 0 
0 0 0.1168997786946124 0 0 0 
0.23630045843750447 0 0 0 0 0 
0.03064908273262249 0 0 0.04644847902523197 0.03612282143868498 0 
0 0 0 0 0 0 

0 0 0 0 0 0 
0 0 0 0.44615444315664526 0 0 
0 0 0 0.1330399954302215 0 0 
0.4982499022945249 0 0 0 0 0 
0.2935488901226413 0 0 0 0 0 
0 0 0 0 0 0 

0 0 0 0 0 0 
0 0 0 0 0 0 
0 0 0 0 0 0 
0 0 0 0 0 0 
0 0 0 0 0 0.01716517199483919 
0.07141006989685032 0 0 0 0 0 

0 0 0 0 0 0 
0 0 0 0 0 0 
0 0 0 0 0 0 
0 0 0 0 0 0 
0 0 0 0 0 0 
0 0 0 0 0 0 

1.7269804799428548 1.408451994997047 1.9725917808168076 1.6467685652554092 1.2575732635115378 0.9579332084352864 
2.5852277410978646 2.265308346017858 2.3942221228726863 2.379977912993873 2.1901825390316585 1.3407530315425624 
2.8993763787048725 2.271521589533954 1.1137692187790742 1.6498746262164803 1.8393967511127618 1.2273539592121498 
2.108980227197989 2.056811069992528 1.4107971606928809 1.4221310823316706 1.585158651316013 1.4969644859590299 
1.575802704760955 1.6871915514770774 1.72647982300308 1.2749082568280932 1.6794971103235292 1.336463395316699 
1.5106371589167469 1.167617840365002 1.1530856803086806 1.2788815026787461 1.2410494860185186 1.1310835138491042 

0 0.2782086769106087 3.6863881590140952 1.1864792846724643 1.9730581837385817 2.0622833197181376 
0 0 2.1262177887913225 0.08170622208161676 0.5184323653837041 1.3074133798378 
0 0 0.2918231134386646 0.923469870454878 1.2858495031205472 1.089287625220758 
0 0 0.03721068610583891 0.9261851956087276 1.4835226136598676 1.3903791778053418 
0 0.8674815656339052 0.6134768907481076 0.09910130221611967 0.801253264253129 1.4450978240632448 
1.0671003570286026 1.1441527645849032 1.0201892476614633 0.5923979561798638 0.77447290880268 1.215761171812584 

1.0566617185576432 0.045136935826214974 1.3054969078943945 1.345650062477861 1.1744457218824353 0.5790065639961027 
2.239096564182965 1.0092481424064128 3.0069576123472355 2.0031433972985586 1.8795200722432337 1.0434573433455252 
2.895753678244762 1.5163144007114733 3.0894349842911635 1.8709851363892003 1.8930791259814506 1.0694581705536161 
2.3471473073666833 2.07387890187025 2.5973310893715222 1.8641299128746134 2.0477647403026076 1.2348274921640816 
1.845661538173607 2.123626078833358 1.8880307792446 1.7059661667010977 1.6543339084259285 1.3731481683760765 
2.1037771638345464 2.740939238191389 3.0418000854220146 2.532180816336738 2.480527584916519 1.7722679999500632 

0 0 0.4068642459657327 0.8926476332696228 0.4694006096925216 0.2514265099814902 
0 0 0 0.9307170112322162 0.1874193341977693 0 
0 0 0.14223080881317182 1.0911733675666229 0.20952789611389017 0 
1.1265274849610507 0.6208027750542909 0.8348724384968671 0.8705958872857195 0.1664276086909791 0.029143890275009354 
1.6545184166909268 1.1080928159996544 1.1410209589228033 0.33338982149017227 0.41165319624675417 0.41172702481263845 
1.5370097344822864 1.0651413443229418 0.8824041159106557 0.7077188116178174 0.6080297960229628 1.1072738490553338 

0.669103296425414 0 0 0 0 0 
0.8505428166866331 0 1.1192165004310832 2.0346631418005887 1.1005066395451901 0 
1.5208042139288458 0 0.800925027462524 1.5536238985939144 0.3995643738090289 0 
2.2934521304897184 0.774586790577145 1.1077094861318646 1.5492903107020968 0.6798339125909941 0 
2.0178768876675104 1.215946907959019 1.52905503255559 0.9977535816125906 1.226878436801017 0.31755074235707026 
1.3995859568831892 0.7731408778919947 0.509581799205549 0.14769477656863805 0 0.4454247654445394 

3.470456904038869 2.7155489902129597 3.1531636982400366 2.856320611015571 2.551698677155197 2.034720000698779 
4.239983640022493 2.187829352772349 3.3453627725904305 3.2237197868155927 2.7567847274870214 1.8471633639602683 
4.060946101176451 2.02998105459933 3.394379769259257 3.412008667842593 2.74169305782745 1.6278974850194614 
3.7023651730606675 2.618601969479145 3.3617379640589147 3.613853892661155 3.1667822999186597 1.7255083453965165 
3.483146213353336 3.135656801612296 3.20700456172459 3.120606927388071 3.050628364265776 2.145534618346845 
2.886761404858256 2.6483321607869468 2.753770736648092 2.5162253587147587 2.3180297013392943 2.1264565472922192 

0 0.5556849179034036 0 0 0 0.2108180558851538 
0 0.639080708779412 0 0 0 0.9683505487218609 
0 0.3231741469746502 0 0 0 0.6478659732627738 
0 0 0.04803510495831141 0 0 0.557599010181473 
0 0 0 0 0 0.33804605743045485 
0 0 0 0.11902454693843253 0.06946991062297325 0 

0 0 0 0 0 0.10423844962193676 
0 0 0 0 0 0.15452591901541873 
0.09652483023181005 0 0 0 0 0.32844731267868693 
0.6297824831418196 0 0 0 0 0.13737133406040175 
0.04596427239288217 0 0 0 0 0 
0.24576522885766086 0.04289607080346395 0 0.025170761740607533 0 0.2622117613455966 

0 0 0 0 0 0 
0 0 0 0 0 0 
0 0 0 0 0 0 
0 0 0 0 0 0 
0 0 0 0 0 0 
0 0 0 0 0 0 

5.139664611849747 5.005527793346124 3.793030841697054 4.017087547498713 3.665198983648139 2.6176332799504114 
4.012620508574125 6.425218494706426 4.875111290514904 3.5031891874881875 3.8997094518230324 3.8972558132390542 
4.126419129316072 6.587978297031077 6.515957694988382 4.078576746321574 4.046484138137489 3.8035925457281765 
3.5909194678219514 6.038461848903516 6.298490184661758 4.149550498698611 3.0298632712539475 3.464274342832983 
3.135976739738342 4.566484653096139 4.868720257237207 4.561691836478097 3.865093085346029 3.062311611331802 
2.5858137300632547 3.4189910871477314 3.784320271500669 4.270347530623954 4.335169601440531 3.4689451560278375 

0.17154070785555048 0 1.3650432607019314 0.2952478210319476 0.44096420052084523 0.4033278696637389 
0.144907712006973 0 0.8549430572595904 0.10652925720335231 0 0 
0.04794602765696988 0 1.0060590971807364 0.31915320871994074 0.213694131388438 0 
0 0 0.48849318506592737 0.18981252459908457 0.23073973663294098 0 
0 0.04559498766279634 0.432075947068516 0 0 0 
0.30216584994226175 0.5040160304779864 0.7658670154622591 0.39890009984184793 0.6915355187147264 0.5695896852682767 

0 0 0 0 0 0 
0 0 0 0 0 0 
0 0 0 0 0 0 
0 0 0 0 0 0 
0 0 0 0 0 0 
0 0 0 0 0 0 

0 0 0 0 0.07764629125687506 0.45479161551643854 
0 0 0 0 0 0 
0 0 0 0 0 0 
0.29219429219805804 0 0 0 0 0 
0 0 0 0 0 0 
0.6974223570684583 0.9496161116124797 1.22448346898841 1.0217700703870283 0.665806946454022 0 

