1.4168033880813289 0.8000880460875938 1.0097359310941052 1.0372947942858524 1.0140061554313526 0.7919489345902803 1.0096326737622137 0.9245971239252092 0.9683100103096798 0.9610051903847004 1.2144718144203288 0.5217961893400985 
1.588163795529724 1.7888820943047519 1.6967288605272635 1.3189728157027385 1.452278702123902 1.287754091376645 1.7680516033849984 1.42339762326244 1.091291134519293 1.678419708394966 2.2879823389552794 1.506681549412109 
1.3989660421812464 1.3295654987391388 1.4421457410618725 1.410462710852081 1.5109619400276453 1.3177812769312471 1.3180313062228715 1.2456152197742207 1.381918101946907 2.0646493220169133 2.5811784521907386 1.449673328318508 
1.4205466378877345 0.5304130189091941 1.145493965415218 1.3011663280533199 1.7090780489082826 1.5261204402898254 1.3920172709828589 0.9370379067050859 0.9359633284763683 2.0724952949934776 2.239000186089003 0.6479474104960382 
1.5100750986965417 0.37307236440951974 1.231031955991003 1.1796414641373705 1.4070610419420682 1.463286927792772 1.2786674057489653 0.6565978454976228 1.1489368402985412 2.911936749908898 2.501749602945712 1.0820453533203251 
2.474949241992198 1.3533046463042877 1.069558824048028 1.0048781325413036 1.3091625036310934 1.3949297773183924 0.8881807764822847 0.5149507041494726 1.6878604064229803 3.0569814778881232 2.1351631394430943 1.5350200465161141 
2.1495790490667726 1.9124238178695252 1.1702689965608775 1.3829311086896723 1.3663338123222417 1.5570850220853045 0.37894934703446687 0.16471143774434482 1.7408666385408833 3.041654447680465 1.4071324593749035 1.2564492431928094 
1.8086003736899143 1.1526901458343386 1.4649849842471958 2.2861938315800585 1.343499379986237 1.7430607623506378 0.727086536272895 0.3317017514701953 1.0831236914574116 2.7168353364006945 1.6488396262502325 1.335555998276522 
1.396352835766488 0.7651875233190186 2.0471252198472416 2.7897257796948747 0.9770038741572614 1.1036993421340169 1.1417288765744922 1.4658934910071197 0.6629217413058743 2.0867016060648558 1.4308157720909789 1.342455171128176 
1.0561088126480729 0 1.7443280601083315 2.8035676798847153 1.0425976706545823 0.8551406492674359 0.9408028525672703 1.4132524848455588 0.9490499764949379 2.036516915432037 1.109922671640704 0.9270392612046867 
0.892816857475739 0 1.1343194260805876 2.048619803958586 0.9045206455192484 0.9231198436581551 0.7979572768118565 1.2116885277743399 1.129508474733516 2.2551227445482027 1.0648366791630972 0.3357175580702176 
1.6979373906460253 0.48347592228692826 1.4430905149659865 1.9263276565266194 1.1865103692767878 1.1105428132589683 1.092601987552478 1.2194455984155461 1.716088801397929 2.5439955227725033 1.8962991170713024 1.1921964926314021 

0.6736030440979351 0.487224588515617 0.48844012295840944 0.4861568538764245 0.4034850326531836 0.408758026723148 0.39407127717736723 0.8786007615486404 0.9702972366777919 0.5991667414503121 0.30133524778972215 0.42390715508758287 
0 0 0 0.033584822084557125 0 0 0 0.4541489024303134 0.943000788224537 0.32537811795977123 0 0 
0.3284700935099172 0.016599295151703317 0 0 0 0 0.18737794822970977 0.808718117544809 0.7262129757042863 0 0 0 
0.2980243034483051 0 0 0 0 0 0.4090044375467161 1.4574752634478936 1.3750300645765887 0.17608220148024054 0 0.40207614332475905 
0 0 0.03356332743251541 0.09650881004391801 0.12825661144680306 0 0.9221837487169379 1.5591282117080816 0.9574799752056784 0 0 0 
0 0.26540929358164783 0.47376506101082794 0 0.055610179524588216 0.12858217356144297 0.8796535714091802 1.6897920063828231 0.8685062945817364 0 0 0 
0.501534151752718 0.9772291830656713 0.000704423190950855 0 0.017640461810219374 0.21337402902126018 0.996957941249928 1.3827403058398808 0.653964723916283 0 0.4859491042559965 0.5908903554845272 
0.9238881981916686 1.2304974797589747 0.06363464751757913 0 0 0.2821451043597477 0.5700610940852469 1.086588478675619 0.9055850236930231 0.11737003710206989 0.4169875453070118 0.5883191924305206 
1.1358989083842563 1.2761021722792716 0.11380927262441934 0 0.06935901493633713 0.2989379211251087 0.24682027241045723 0.6609122352478329 0.7543591324955206 0.25835999132600646 0.41445874721477693 0.5904945601701194 
0.8721989028519552 0.9828383261033149 0.17571027401370998 0 0 0.25788844431398295 0.43566170325941905 0.4407079939376238 0.4810021135844693 0 0.12026203956721052 0.2969153502700494 
0.39327501105347196 0.730530666924402 0 0 0 0.17588190094027492 0.03426966996496525 0.24265970486723398 0.15916809461770873 0 0 0.17609714816731023 
0 0 0 0 0 0 0 0.15445543904428133 0 0 0 0 

0 0 0 0 0 0.005657174214256155 0 0 0 0 0.12837707269978238 0 
0.22512689369760855 0.30910925049143534 0.16175608850292902 0 0 0 0 0 0.4221322658727153 0.8191619235118254 0.5596661441563463 0.03266274196865297 
0.043948688884604015 0 0 0 0 0 0 0 0.07832099150348402 0.1708069698049705 0 0 
0.17291558740595328 0 0 0 0 0 0 0.20644337263353507 1.054793670713618 1.0553057813292457 0.5161205310494119 0 
0 0 0 0 0 0 0 0.05477659740514993 1.2388873505315214 1.1414923032352464 0.5725279768063855 0 
0 0 0 0.07844671221798477 0 0 0 0.349795744251054 1.0569136350301531 1.0730893457029431 0.2019810031291215 0.08362814736309948 
0 0 0.11857688686289575 0.3203657158839513 0 0 0 0.6862833263668735 0.6864000936160497 0.7531237810533518 0.10085120735868952 0 
0 0.3985863952731366 0.9215796242004686 0.7049442591231383 0 0 0.18045402676550212 1.0212557524186638 0.8587336247005728 0.8193908125269047 0.11848750621714807 0 
0.1670450982058641 0.5925603008505889 1.295635844262019 0.7406806793485127 0 0 0 0.43620149932989144 0.32789697370560983 0.6895694088767944 0 0 
0.36060606064374334 0.6188834416654622 0.6530353101216751 0.6044638412942357 0 0 0 0.5289481616954425 0.29171267639567827 0.19718120664647953 0 0 
0.6533611687950852 0.49616474355557766 0.4431658686886112 0.14137276241957605 0 0 0 0.28495418584120863 0.053093354734580205 0.2756876342293661 0 0 
0.18958288907399506 0.2677729095496115 0.2031417951635191 0.055560025481080064 0 0.1775451821746094 0.009930356565736598 0.2907275585465959 0.11519602778611979 0.22519540508309555 0 0 

0.21677652996581673 0.46132088562276685 0.23227646918177716 0.035003271279340026 0.2642531406715236 0.13496224178491914 0.30255735986568466 0.6864859498053328 0.7736098908668392 0.5468689544275412 0.03018847744645231 0.4281634786242827 
0 0 0 0 0 0 0 0 0.295768307072163 0.3923671628806912 0 0 
0 0 0 0 0 0 0 0 0 0 0 0 
0.016168441948279794 0.18974432876762176 0 0 0 0 0 0 0 0.3483121019111989 0.8277125208142879 0.6671704817036433 
0 0 0 0 0 0 0 0 0 0 0 0.20253643623789458 
0 0 0.9818012431179279 0 0 0 0 0 0.08768190069911089 0.4778652025520373 0 0 
0 0.03977498780294356 1.1228450849224587 0.34760152258162214 0 0 0 0 0.28748994589532473 0.8253762920903426 0.2988307086638292 0.11004759881195275 
0 0 0.5950459153707379 0.3747393757280514 0 0 0 0 0.3892721405476269 0.5649137359693709 0.19675913322488373 0.0798458488090341 
0 0 0 0.4042085393279168 0 0 0 0 0.1174643691399446 0.3850102040535941 0.2471619280948988 0.12229829046774028 
0 0 0 0.0744944722649162 0 0 0 0 0 0 0 0.15829853105996916 
0 0 0 0.205376975000455 0 0 0 0 0 0.031012081352364107 0 0.6996914035203567 
0 0 0 0 0 0 0 0 0 0 0 0 

1.2400509950388485 1.3559529237858798 1.2766686532506517 1.0831611067802922 1.2266344523359753 1.0928996601693082 0.9168808955680823 0.8391146476670666 1.0958486742681492 2.107457977328737 1.6026589022948854 1.5400600095088104 
0.6700155699300265 0.18225095914510617 0.449224054482155 0.5556423597428624 0.6717618122974147 0.41912867946474075 0.10837288126188198 0 0.2973797873943729 1.0950813163273168 0.5319364454543085 0.3736831651470716 
1.0546976398696426 0.8194085506929637 0.7860525704851101 0.4779974166229755 0.31720552922288453 0.6285454157479643 0.01872704724696468 0.09984435912216799 0.5839938545919906 1.515131741542676 1.082173688340045 0.7135574229345767 
1.627090925333519 0.8693444693842091 0.7166009819550435 0.44518981145438186 0.49390652741733654 0.7242555478648072 0 0 0.897169730261055 1.8661092664733707 1.4493009975898312 1.2416504282724463 
1.2812571829121895 0.24804080550481195 0.8119379749222634 0.7380603601084229 0.7624549770496382 0.7143067295933493 0 0.11704427330878855 1.0171265313318116 1.323353080820516 0.5211316788928266 0.6422504256040324 
0.430267022495404 0 1.1252175038318697 1.0365455487962723 0.6692665981503547 0.6492674919807331 0.20137740174941923 0.4429243590385262 1.1160242010865034 1.3381151914557083 0.33614244097251 0.6043613120409801 
0.3349749659136044 0.6960647963643654 2.071525580552849 1.2943626084165825 0.5687901756172945 0.46975582242431635 0.38339548247425026 0.8643981162588771 1.3343726298906449 1.5576553385817025 1.1067200181107397 0.884475059377727 
0.1637192634177419 0.5828653365193204 1.4048914147695457 1.2440811650118067 0.8145155867740088 0.5085964472877037 0.2872438040067312 0.5318133408614583 0.7420863685820939 1.3787421165655407 0.9890142945680162 0.8508616045214258 
0.27485682844972004 0.5212904260207722 1.1678494949136657 1.2523978439319536 1.03712765128414 0.5082848952060404 0.37831543485623564 0.4829801454207401 0.9709646826652873 1.534132381072799 0.9998095189898184 0.9775024055657795 
0.8725542483041059 0.8893931047135344 1.2443187789629175 1.4754104099352678 0.7227036954024093 0.26131617848193134 0.5676250425565634 0.5804467022890374 0.7526115453092694 1.3497722191876576 1.0851447887682428 1.399164054218922 
1.0149536520150562 0.6298134368732355 0.8426249688857276 0.9720700641952421 0.7068541408257496 0.36027672487311685 0.5215470969550488 0.21323660881391926 0.7100777159068267 1.2011246849963104 0.7520426845805039 1.3614486322179435 
0.430177171455715 0 0 0.3601079722650127 0.34781960596114336 0.2778237703858563 0.20019166934586524 0.06360198579160949 0.5928787456347551 0.43067398396709355 0.0027410806715769814 0.4266639252501607 

0 0 0 0 0 0 0 0 0 0.03014828365213268 0 0 
0 0 0 0 0 0 0 0 0 0.3929837788977135 0 0 
0 0 0 0 0 0 0 0 0 0 0 0 
0.0361147249287658 0 0 0 0 0 0 0 0 0 0 0 
0.06823396892919617 0 0 0 0 0 0 0 0 0 0 0 
0 0 0.5789370944933803 0 0 0 0 0 0 0 0 0 
0 0 0 0 0 0 0 0 0 0 0 0 
0 0 0 0 0 0 0 0 0 0 0 0 
0 0 0 0 0 0 0 0 0 0 0 0 
0 0 0 0 0 0 0 0 0 0 0 0 
0 0 0 0 0 0 0 0 0 0 0.054033220066630194 0 
0 0 0 0 0 0 0 0 0 0 0 0 

0 0 0.013015600918025491 0.4532420715877552 0.4914185304691559 0.6033865956240193 0.5304352837557587 0 0 0 0 0.24866989847152718 
0.05303721805873607 0.16364037433497813 0.2092044600195766 0.49262341525119585 0.3930046484954644 0.5593047298620204 0.03968911928256449 0 0 0 0 0.03919138762110223 
0.2398151457668428 0.3660670226401825 0.203331911487982 0.4205877316509636 0.4468313305644256 0.31180678332941564 0.055733464187534776 0 0 0 0 0.038738124655574385 
0.1352958653673539 0.2712436079678201 0.26876512174125844 0.3775907796477309 0.29034077531006075 0.26241375901266534 0.22484305100972596 0 0 0 0 0.19725306368379514 
0.13228659240290613 0.21023594921026978 0.19810268103028636 0.21819341597741138 0.433577655553241 0.34353201342308937 0.16522584798704507 0 0 0 0 0.14217645196164583 
0 0 0 0 0.5086315734603515 0.23007834487910186 0 0 0 0 0 0.14329179088766383 
0 0 0 0 0.534245655001679 0.2442705527166562 0 0 0 0 0.0778947523491696 0.33292843831032626 
0 0 0 0 0.28286430610299074 0.058218020163494526 0 0 0 0 0 0.3488962354196747 
0 0 0 0 0.345280804709981 0.2586345515345933 0 0 0 0 0.10795634394947508 0.2866619155090631 
0.14724435736877123 0 0 0 0.4507332556200137 0.45503183662973085 0 0 0 0 0.14764214588597893 0.2597395632971605 
0.7958124387178789 0 0 0 0.41653049553357446 0.40267475067260056 0 0 0 0 0.49398016123928523 0.17923580529878524 
0.5587695816768249 0.23225023601048048 0 0 0.36758218603458137 0.41744074296321926 0.17674882718157472 0 0 0 0.42389591770191287 0 

1.9324034927080775 1.8030840788906228 1.5793996284134573 1.6712993792898758 1.6620573506947984 1.6301203857886726 1.8628722026054823 2.2869859628980653 2.4384552159537636 2.0138781245458515 1.4642138263970523 1.6900908738716403 
1.2916803509814492 1.6565965567394965 1.8723490253444701 1.717431777151992 1.4003014277064858 1.5754701164748734 1.8199435301329272 2.619771912024181 2.9356471632344756 2.69797171483046 2.152384110616504 1.6973621145461388 
1.603509943853225 1.568935896455845 1.585150268745752 1.8255085540741547 1.7094235987456208 1.677861633798681 1.905514254153003 2.233079065142072 2.096805663426445 1.5865084089119743 1.521205906127329 2.1469609685091418 
1.5326074864956312 1.5857069577151723 1.5460332071579757 1.650627768695309 1.6348456378111538 1.7798819629130258 2.256168826172952 2.368119139664108 2.0885094503810766 1.7791264286103923 1.5267931546254465 1.842412932725494 
1.6424765544981441 1.505480916029701 1.9694000122944997 1.8817131997896894 1.8147401305468631 1.8103993814309756 2.183470968839253 2.0781632147312648 1.3462845630313387 1.396624358846228 1.8338318130064206 1.9638880499067337 
1.6225187842304407 2.9045977040858295 2.666436005015843 2.105336746880782 1.7004384594825195 1.8594790592693151 1.9608723518601003 1.9528701026502313 2.1667510145612114 1.626151066713123 1.877744671863082 2.008147091444076 
1.996735323873911 2.9191962303589736 2.5206751534131158 2.006780721545654 1.8106005468325232 1.8048026443471352 1.535540271757235 1.3808735724289616 1.993083530482011 2.241280808866732 1.9753577045975563 1.9804275869159091 
1.9644970274053624 2.123425088060486 1.956878668388085 1.9501809365326368 1.7045188138925316 1.9306944560078256 1.6441589876591056 1.6572072371722604 2.048021881906037 2.1019187799631402 1.9827400679052962 1.9916553332471545 
1.7169697615285038 1.6128096304527588 1.8177902513768855 1.9814435197254023 1.6208744156256487 1.5784850565387063 1.5023971060541945 1.7513108181202333 2.038008949659931 2.0021917575159534 1.998867983358997 1.9768240368120629 
0.9962803176283213 0.8549165596998249 1.3563535370696298 1.5261225323875918 1.524473082081362 1.554124770326719 1.6798293086782907 1.8639325461538845 1.7174383012305636 1.7006182559493388 1.1695935167968665 1.7526184724342746 
1.0125709577414748 0.7469044695054299 1.0605803883626732 1.3637906249480827 1.4855315359360326 1.6204950688765933 1.361237520536857 1.4796076846815849 1.6329719451375915 1.6921914764613966 1.3919509909667405 1.670103066935816 
1.136284209344649 1.2324188231761866 1.5690198075781452 1.7933680493190134 1.8803570863422514 1.7139905796910657 1.3410316364423396 1.0034839219974838 1.3086542441210378 1.5146446943292753 1.7339737012361118 1.991834465591445 

0 0 0 0 0 0 0 0 0 0 0 0 
0 0 0 0 0 0 0 0 0 0 0 0 
0 0 0 0 0 0 0 0 0 0 0 0 
0 0 0 0 0 0 0 0 0 0 0 0 
0 0 0 0 0 0 0 0 0 0 0 0 
0 0 0 0 0 0 0 0 0 0 0 0 
0 0 0 0 0 0 0 0 0 0 0 0 
0 0 0 0 0 0 0 0 0 0 0 0 
0 0 0 0 0 0 0 0 0 0 0 0 
0 0 0 0 0 0 0 0 0 0 0 0 
0 0 0 0 0 0 0 0 0 0 0 0 
0 0 0 0 0 0 0 0 0 0 0 0 

0 0 0 0 0 0 0.08166335629176663 0.34611350782840467 0.5051392581337688 0.052403921738274906 0.09037714157466348 0 
0.3294647891254957 0 0 0 0 0 0.28098017827463456 0.35389995466091795 0.7280826772347812 0.18539790675553433 0.519287843395394 0 
0.2444765962133299 0.1530382008775893 0.22640137943593452 0 0.08978565699971801 0 0.5922328308308232 0.45904164016186655 0.28778149477027665 0 0.16506154185349003 0 
0 0.14185664105501916 0.10868515347221042 0 0.19467597750914434 0 0.6587415009996449 0.6049151799936008 0 0 0 0 
0 0 0 0.2386023232297645 0.200192865776872 0.08020491908337872 0.8955424059601493 0.6067710379392961 0 0 0 0 
0.9187537359804453 0.44606368769642524 0.8390653773051457 0.9083882657143175 0.11881514261951193 0.20409107159435025 0.6938159154021766 0.26220468483316395 0 0.18262194656852324 0.11093004019040914 0.16390161053067445 
1.3943593476772447 0.7995503131436973 0.14707299746114477 0.6610628173919568 0.2039395390699745 0.5300950187042724 0.1894828935218385 0 0 0.10867176367086769 0.49461996875751174 0.44046664318252 
1.548064570409241 0.3194066599858986 0 0 0.16010743172556063 0.6581889543669875 0.1344997547394265 0 0 0.23583508661078362 0.3985649779204297 0.4777875453241879 
1.1253558965798387 0.020969583912417506 0 0 0 0.520786756760649 0 0 0 0 0.3204034205206002 0.4577110019272022 
0.15150870726823173 0 0 0 0 0.07069321848343782 0 0 0 0 0 0 
0 0 0 0 0 0 0 0 0 0 0 0 
0.5392637733119283 0 0 0 0 0.15801265585850702 0 0 0 0 0.17322916611659095 0 

0.3130065007075837 0.06267105297094239 0.14558338974869142 0.3433330762810069 0.3236976086120496 0.40891223479031524 0.38447670146083707 0.1943212082158585 0.013136869200924798 0.11976718895999018 0 0.4105318597856061 
0 0 0 0.2391090775885321 0 0 0 0 0 0 0 0 
0.37383077589509145 0.5355122986317513 0.32726660431056837 0 0 0 0 0 0 0 0 0 
1.2078342332841885 0.5200727040177248 0 0 0 0 0 0 0 0 0 0.6733897388800123 
0 0 0.09781912942392713 0.32874589854190417 0.36218725905361626 0.006254967750587603 0 0.04856304703876677 0 0 0 0 
0 0 0 0 0.11723749155598702 0 0 0.4800630853888401 0 0 0 0 
0 0 0 0 0.020128643872511332 0 0 0.01384503350081448 0.008239890236734972 0 0 0.2953623070636004 
0 0 0 0 0.41476938118409573 0 0 0 0.23823646538708115 0 0.030214044948178056 0.31732707925382453 
0 0 0 0 0.343072813031887 0.028232361547106354 0 0 0 0 0.09997368257527238 0.46505135309933693 
0.1893861608315089 0.5336821317506809 0.012067688964386347 0 0 0 0.5344564994140601 0 0.024413058314597145 0 0.3602476407580398 1.0295774911496713 
0.4736188712688359 0.9962067085204385 0.45016152354194067 0 0.030438461424864744 0 0 0 0.12806739572366174 0 0.295542271441809 0.7065443451349953 
0 0 0 0 0 0 0 0 0 0 0 0 

0 0 0 0 0 0 0 0 0.6238381110149434 0.3316241993921806 0 0 
0.6670709161023419 0.5148263289035129 0.06512960322049699 0 0 0 0.09551814844900104 1.3485600892870246 2.111319008265276 0.6431005355813936 0 0 
0.47260951516698957 0.3875659373062525 0.07261083254861363 0 0 0 0.6206784223270373 2.3875374862102725 3.4760836253672966 2.42737849333321 1.2777340092275544 0.9710294436326059 
0 0 0 0.33408017115021194 0.3011265912041117 0.0364649552827405 1.193880548277446 3.149390778707919 3.2579078793304057 0.9084382921646844 0 0 
0 0 0.10092976676957913 0.18890310713769426 0.0009531801449092492 0 1.692010118946901 3.786253662311492 3.2845192646296115 1.0538456853376994 0 0 
0.5558671818492888 1.367098951278353 0.5290292654871687 0 0 0.2711182504409201 1.9181592755800065 3.9589813263701537 2.9839635562619495 0.8622379048138258 0.4819293640623917 0.5526532378656618 
1.2227355841358025 2.0731641314878098 0.941463017035806 0.2318575152266521 0.1495510769139734 0.3648259929735617 1.4527465930685362 2.9649499449702996 2.3899436074385347 0.7792846536817497 0.32449071381351513 0.37460793458300623 
1.7698326648244704 2.9074821296807336 1.7296295003232682 0.23835273168247564 0.3495950420304825 0.625844809417051 1.100851720888847 2.059692599789051 1.9527398406380008 0.8058549335380946 0.43419596450803616 0.46129852114674647 
1.8395338267450951 3.502755682065097 2.0986254434255023 0.13451038453702416 0 0.4943536029941912 1.1843324524672842 1.7290160175425116 1.5635335575144442 0.42846804274256683 0.3508890957798473 0.46409717614210944 
1.2197605638218603 2.3566219680881417 1.5223237219121057 0 0 0.3554012261732665 1.0296864491937894 1.3645939074448261 1.0490356820027729 0 0 0.025985686493704058 
0 0 0 0 0 0.061902628158023915 0.5634203140334263 1.356081727523569 1.0427079371663264 0 0 0 
0 0 0 0 0 0.23089047173423238 0.8421447050536759 1.337048976762106 0.9287865139080295 0 0 0 

0.7859666878528625 0.2619097856763353 0.4343582533263189 0.6831190951073016 0.7943369470817743 0.6698689477578645 1.1518297754603564 1.1337334988489163 0.9121181921070353 0.46510272428465094 0.5222730026928126 0.099722128195087 
0 0.2008646705995728 0.4879135628997045 0.1581826941461752 0.1652622516298199 0.0733920167751482 0.22665958543922948 0.46345038632990976 0.35563186924393336 0.3067726074598324 0 0.044445434122399374 
0.9565668877565608 0.73686424713176 0.17832799292213541 0 0.3762397576757247 0.4145187892128111 0.1190713767214206 0.4241788682632618 0 0 0 0 
1.492265000215509 0 0.08059124683316424 0.07894466785924587 0.034951487203482706 0 0.055852882556536365 0.5137282708598534 0.09949849769860636 0.7047544753922647 1.0502911414865619 0.5687465600268165 
0.5647109330331752 0 0.6456798684294685 0.35166925430302876 0.19857445600184442 0.35894379597474335 0.36657380458372474 0.2310798152508877 0 0 0.028791308155802553 0.03895640014480555 
0.7804877951650091 1.5137144194979173 0.8502548399349481 0 0.3545556870216797 0.4500271124849653 0.48061743487175584 0.42326923221759344 0.03611619360975327 0.3922199167460844 0.004856205295424944 0.036296016157395694 
1.3829760076906472 0.9417750657970936 0 0 0.35445383479056014 0.900417887674743 0.6022501503730788 0 0 0.3939839196564766 0.4851613522629804 0.514614323878433 
0.9154180139453583 0.5934739175231324 0 0.24907246441810163 0.56947738948367 0.3133634658295377 0.26284502613732513 0.410553263980484 0.39806545328828147 0.466339111718667 0.5567765054304329 0.5684873774703709 
0.5665388993685467 0 0 0.7120895193228314 0.394520059975355 0 0.22879436356475802 0.19549591747685818 0 0.1712338774254332 0.4971089113682442 0.6431414809868449 
0.5837749798398413 0 0.038671735903470755 0.42444029135506184 0.40877071121470043 0.5167532613612766 0.3134833749177873 0 0.20548968342954566 0.6064709307499363 0.8737449405892752 0.5883110709876292 
1.3447334776182442 0.2762135579933344 0.4463059915093769 0.6820875117761787 0.39111251734543684 0 0 0 0.27670442537881573 0.7678222729055166 1.1106042484575989 0.5093020894126684 
0.139517141130188 0 0 0 0 0 0 0 0 0.017798254731679786 0 0 

0 0.33111978057590785 0.4491550810594048 0.2617954284216496 0.35669889736907273 0.786776846451224 1.06102168727235 0.18107506725273761 0 0 0.6562552953678358 0.5524723790533316 
0 0.18128175074937994 0 0 0.6912847820254101 0.1804472993317105 0.38147568599877574 0 0 0 0 0.46276024226586204 
0 0 0.1211339944844189 0.36603127141300823 0.46583557877838966 0.05122753375173382 0.4993490662724721 0 0 0 0.43635152991569387 0.029458192723349028 
0 0.5809431774680175 0.3500357440889597 0 0 0.3433168965660095 0.38504709117880476 0 0 0 0.7935216493742534 0.047768207822171324 
0.36061117077940075 1.7441509211430903 0 0 0 0.08308671554916754 0 0 0 0 0.6727073401326256 0.536235251188608 
1.2566997595262588 0 0 0.450749203035536 0.14724751476589143 0.3650396199995306 0 0 0 0 0 0.16338876662710763 
0.23849772012724013 0 0 0.3886871786331415 0.044453217838537756 0.3971008890303125 0 0 0 0 0 0 
0 0 0 0.5109930370944371 0 0 0.2763967782350733 0.12458333106493417 0 0 0 0 
0 0 0 0.2474917125665011 0.2889344494808388 0.551690267717382 0 0 0 0.05008403348911955 0 0 
0 0 0 0.4839275645529313 0.616015201024251 0.31038683570116177 0 0 0 0 0.5832435812732293 0 
0.7754166435410866 0.38537430732975314 0.3554034278683461 0.6515964063126958 0.433483230439836 0.37796348746257086 0.2505763688505328 0.48825700175411685 0 0.8160779596781136 1.2361056762803504 0.28708312518953727 
0.6473174660177177 1.1172149000119331 0.6226180304716229 0.6732918919235644 0.6169267867965187 0.4390909078102845 0 0 0 0.8735281470255913 0.4600826056526463 1.0982037724124225 

0 0 0 0 0 0 0 0 0 0 0 0 
0 0.16458462535923518 0 0 0 0 0 0 0 0.5091925175506261 0.7582203836309475 0 
0 0 0 0 0 0 0 0 0 0.903071602130462 0.6210884631608073 0 
0 0 0 0 0 0 0 0 0 1.1437584856431169 0.7397064315456467 0 
0 0 0 0 0 0 0 0 0.3798622298802555 1.374275877980653 0.5632991179017242 0 
0 0 0 0 0 0 0 0 0.8132029345297348 1.3752224430933573 0.40538657051205096 0 
0 0 0 0.19213268793954136 0 0 0 0 0.7951080274582432 1.2603322562635244 0 0 
0 0 0.7975541651955528 1.0055503002183583 0 0 0 0 0.4352960777003012 1.2057673294869178 0 0 
0 0 1.3132536916185227 1.1576034459937008 0 0 0 0 0 0.7412772605819902 0 0 
0 0 1.0470489389850772 0.774723753318337 0 0 0 0 0.18927766198330498 0.7777767021014987 0 0 
0 0 0.3745711352173932 0.27534956367959734 0 0 0 0 0 0.4666968518286584 0 0 
0 0 0.11888995320169657 0.037927179906466275 0 0 0 0 0.08224883738839882 0.35599294705591344 0 0 

0 0.08171225519588406 0.3142128649809182 0.5862700827935038 0.5011003499443925 0.5424052016485561 0.25717956181852286 0 0 0.1789837954523904 1.1846723678589843 0.48448199586805374 
0 0 0.13864959757512443 0.17337658347624496 0.39358463857700143 0.40273922981389004 0 0 0 0 0.04131494831678262 0.0887526001039221 
0.33298477710081903 0.3835836709632767 0.3385931849657973 0.5759436895554367 0.4956742976473201 0.46695410363136103 0 0 0 0 1.3241160270296661 0.9398874162538072 
0.4936517372019443 0.4790295432187665 0.6012761846245462 0.6374091575831171 0.44275047215372604 0.4805376336283121 0 0 0 0 0.479721954215949 0.5070254844352807 
0 0.4044595113565552 0.6425494118792222 0.47248579590554257 0.30351764952545324 0.40304206959978883 0 0 0 0 0 0.17431530317672297 
0 0 0.1537856785507225 0.9275291886940571 0.5589215173727811 0.3554080530672755 0 0 0 0 0 0.2635190334980994 
0 0 0 0.9646894322710038 0.4863190443901848 0.09363882997402354 0 0 0 0.10180491966115202 0.23344816215811082 0.17774052668559573 
0 0 0 0.6841873481489147 0.5104870800181754 0 0 0 0 0 0.18364684752016133 0.18592579984947885 
0 0 0 0.5293873480757102 0.3820144172683529 0 0 0 0 0.4004932079648971 0.4074545171629457 0.246426798307308 
0 0 0 0.5206409684946101 0.5134922436099169 0.08817058023004334 0 0 0 0.6695437890075394 0.6636963332143274 0.8909572180275439 
0 0 0 0.47612826570163824 0.666126033008067 0 0 0 0 0.762960414255193 0.614144609258663 0.7336067600270297 
0 0 0 0.13453044562975 0.14935182146795245 0.03320624293253914 0 0 0 0.29062641032704306 0.06618601321560202 0.28363206964817894 

0 0 0 0 0 0 0 0 0 0 0.2368137050235098 0 
0 0 0 0 0 0 0 0 0 0 0 0 
0 0 0 0 0 0 0 0 0 0 0 0 
0 0 0 0 0 0 0 0 0 0 0 0 
0 0 0 0 0 0 0 0 0 0 0 0 
0 0 0 0 0 0 0 0 0 0 0 0 
0 0 0 0 0 0 0 0 0 0 0 0 
0 0 0 0 0 0 0 0 0 0 0 0 
0 0 0 0.07477140668490365 0 0 0 0 0 0 0 0 
0 0 0 0 0 0 0 0 0 0 0 0 
0 0 0 0 0 0 0 0 0 0 0 0 
0 0 0 0 0 0 0 0 0 0 0 0 

0 0 0 0 0 0 0 0 0 0 0.09818333639381227 0 
0.6632621148121445 0.4472863987798147 0.16561518444221507 0 0.12931682930853147 0 0.11650964724632552 0.23987586633924582 0.03095684811570408 0 0.7873197956459685 0.03243191254204869 
0.15889411800397 0 0 0 0.1700385756210801 0 0.5577096212235357 0.6307934239270558 0.08084560882097314 0 0 0 
0 0 0 0 0.06960858084980161 0 1.0692492218142922 1.2414978527416212 1.056804677515224 0 0.20191213886890463 0 
0 0 0 0 0 0 1.4764196388691244 0.97773023523273 1.0847695869614356 0.2971699985615686 0.31716462388496747 0 
0.19933035260562415 0 0 0 0 0 1.5461514928057374 0.7119203186095885 0 0.876252624575275 0.1892341735888184 0 
0.7895955088941146 0 0 0 0 0.3557559210466603 1.4681756702686133 0.7852033184752805 0 0.4829524886320182 0.06580022768973315 0 
2.1192239998891114 0.738572580579965 0 0.23151719560977552 0 0.4106712427171017 1.136641185880522 1.262990575140254 0 0.23597315602239177 0.15408813944907204 0.023186120709535313 
2.3614730345444572 0.9038205522538048 0 0.5763471096929251 0 0.5586860505974164 0.5046192630415304 0.9770306943127949 0 0.06850622311649637 0 0 
2.350174956120115 0.5289055951988572 0 0.39735373403423363 0 0.393927906073959 0.014392612810171096 0.9733458066209413 0 0 0 0 
1.6732111638051392 0.021602956608234122 0 0 0 0.2345497807583324 0 1.0518587031724844 0 0.006176207122554622 0.07997931110315837 0 
0.8217624019952784 0.34248477461008653 0 0.11498326207844048 0 0.6153546079573557 0.49532433505197865 1.543182921036328 0 0.255196025936564 0.2570429797162786 0 

0 0 0 0 0 0 0 0.059080843617048844 0.3524792188336382 0 0 0 
0 0 0 0 0 0 0 0.6164009317027527 0.4548165339774659 0 0 0 
0 0 0 0 0 0 0.0031700827827035524 1.0059225882011171 1.3623448413689263 0 0 0 
0 0 0 0 0 0 0.3655846381500999 1.3654000411567686 1.1574217381734897 0 0 0 
0 0 0 0 0 0 0.8657052925313038 1.570794755649894 0.4817289923661498 0 0 0 
0 0 0 0 0 0 0.9399314469349439 1.2956103917701927 0.21522109924228944 0 0 0 
0.409560271671823 1.1171012916711647 0 0 0 0 0.4192837431769814 0.7868774471711983 0.10074344051159334 0.030445681547912724 0 0 
0.8812155813992824 1.1759005865055256 0 0 0 0 0.1144014521518317 0.2060654652031053 0 0 0 0 
0.8135663477211376 0.7792753923039204 0 0 0 0 0 0.6838277873256804 0 0 0 0 
0.3364277828925964 0.4453646401794099 0 0 0 0 0 0.8222446325212132 0 0 0 0 
0.04796219047321855 0 0 0 0 0 0 0.7021158156665741 0 0 0 0 
0 0 0 0 0 0 0 0.018401531095581618 0 0 0 0 

0 0 0 0 0 0 0 0 0 0 0 0 
0 0 0 0 0 0 0.02278361220860438 0.11313279829531356 0 0 0 0 
0 0 0 0 0 0 0 0.12572195601071756 0 0 0 0 
0 0 0 0 0 0 0 0 0 0 0 0 
0.2642049968094215 0.25243239678188867 0 0 0 0 0 0 0 0 0 0 
0.23732423545806627 0 0 0 0 0 0 0 0 0 0 0 
0 0 0 0 0 0 0 0 0 0 0 0 
0 0.46983580014831416 0 0 0 0 0 0 0 0 0 0 
0 0.5147168593037108 0 0 0 0 0 0 0 0 0 0 
0 0 0 0 0 0 0 0 0 0 0 0 
0 0 0 0 0 0 0 0 0 0 0 0 
0.43940859491290674 0.5061410007497192 0 0 0.06868232173686598 0 0 0 0 0 0.2018782709377923 0.2718219585535515 

0 0 0 0 0 0 0 0 0 0 0 0 
0 0 0 0 0 0 0 0 0 0 0 0 
0 0 0 0 0 0 0 0 0 0 0 0 
0 0 0 0 0 0 0 0 0 0 0 0 
0 0 0 0 0 0 0 0 0 0 0 0 
0 0 0 0 0 0 0 0 0 0 0 0 
0 0 0 0 0 0 0 0 0 0 0 0 
0 0 0 0 0 0 0 0 0 0 0 0 
0 0 0 0 0 0 0 0 0 0 0 0 
0 0 0 0 0 0 0 0 0 0 0 0 
0 0 0 0 0 0 0 0 0 0 0 0 
0 0 0 0 0 0 0 0 0 0 0 0 

0 0 0 0 0 0 0 0 0.3224069704380843 0.2538876913257348 0.12077442813677967 0 
0 0 0 0 0 0 0 0.11459717129285077 0.7484125313521941 0.904906292574121 0.0937053867969339 0 
0 0 0 0 0 0 0 0.1951349356678238 0.7526389185567096 0.5878961054455574 0 0 
0 0 0 0 0 0 0 0.46131556456432726 0.9115387903960481 0.27399413235345443 0 0 
0 0 0 0 0 0 0 0.35293427322438303 0.7331707100648819 0.11408759890137192 0 0 
0 0 0.08787357333575795 0 0 0 0 0.2301902326895481 0.40412533529689465 0.2636248964282429 0 0 
0 0.29289606781113847 0.9591171938658809 0.22318190144958752 0 0 0 0.02204210462820936 0.26621504854616107 0.3000489925849704 0 0 
0 0.6486252894175508 0.8697138077369614 0 0 0 0 0 0 0.1932508924011415 0 0 
0 0.4661473059369323 0.6924165349530016 0.07515983053642061 0 0 0 0.30619858943350653 0.04735673024194041 0.099114339414767 0 0 
0 0 0 0 0 0 0 0.09792271423868223 0 0 0 0 
0 0 0 0 0 0 0 0 0 0 0 0 
0 0 0 0 0 0 0 0 0 0 0 0 

0.0250927365631634 0.4053076733523452 0.38164201472408155 0.4754474171495669 0.4117858010827721 0.447077477220008 0.4824581257149513 0.4593160426104237 0.5600202470405546 0.6921868868943547 0.4338633385350492 0.23748165011114045 
0 0.03866099261996593 0.1441203378833134 0.2796961689139619 0.4226214952656342 0.5245814101370218 0.22653433360328867 0 0 0.6946342715095873 0.46437667326583004 0.28402274180415094 
0.32481189139859695 0.34093810023866167 0 0.310201701045164 0.4690118853165838 0.39745511908301856 0 0 0 0.47959914393526454 0.7611343051115984 0.28224414134763814 
0.287351521249872 0.6164625467184643 0.26657709291602355 0.37342284454855723 0.0881368780155196 0.17869779470041425 0 0 0 0.36903021764033955 0.869148565394241 0.6714495296493894 
0 0.9610292769036272 0.6637884851888387 0.4451433444733397 0.2645465283322358 0.34041216888101433 0 0 0 0 0.26635229663808324 0.426327219836935 
0 0.9257809110986204 1.075309019894858 0.7406385788802795 0.3198507219515086 0.34914163236250323 0 0 0 0.5788838697783697 0.2738189269717276 0.3826727365956182 
0 0 1.1535665151720056 0.9431488758152066 0.40251274853852503 0.011526273825567639 0 0 0 0.7324320656743332 0.47784520564768435 0.4176933986149568 
0 0 0.5030084642422739 1.0703662307791941 0.47606120758428877 0 0 0 0 0.5707168944965819 0.46500125248290436 0.4158375876844293 
0 0 0.19224353953593665 0.725220461857807 0.39766638838183244 0 0 0 0 0.6059369023001057 0.5952488784596917 0.41891449040419143 
0 0 0.041234835308735306 0.6325930172786631 0.6563609837978424 0 0 0 0.12907412457457035 0.7658600847373893 0.710570314286012 0.6203614996909652 
0 0 0.22806379446901606 0.7814058319075639 0.5658238550291814 0 0 0 0 0.5586650479681233 0.598691569840204 0.7027424871256756 
0 0 0 0.2670590207326262 0.3801369720652907 0 0 0 0 0.2994721272046047 0 0.26387214767844425 

0 0 0 0 0 0 0 0 0 0 0 0 
0 0 0 0 0 0 0 0 0.5637452738908636 0 0 0 
0 0 0 0 0 0 0 0.10816689341309732 0.8759101611313396 0.5267467594811479 0.14329249899871238 0 
0 0 0 0 0 0 0 0.3084191986052084 0.8334601194470654 0 0 0 
0 0 0 0 0 0 0 0.7503681883448421 1.0028782613517122 0.2212411601764665 0 0 
0 0 0 0 0 0 0 0.7780518294764536 0.9062235275887417 0.3891065594987986 0 0 
0 0 0.16938040162339002 0.08619044177384937 0 0 0 0.6917208441509097 0.36811932794960245 0.12408292469615784 0 0 
0 0.24678743205125184 0.38096612377384853 0 0 0 0 0.7549354536955779 0.0802308668696555 0 0 0 
0.062061488985527755 0.6561427154842565 0.21752559655297585 0 0 0 0 0.37995386743991855 0.3196077276168373 0 0 0 
0 0.0013693147638983993 0 0 0 0 0 0 0 0 0 0 
0 0 0 0 0 0 0 0 0 0 0 0 
0 0 0 0 0 0 0 0 0 0 0 0 

0.3647863883828402 0.20311602707357826 0.2431621369523509 0.08908650942109242 0.1715457742904772 0.2513150881163235 0.05343582756200506 0 0 0 0 0 
0.1456539651983463 0.4203541192518942 0.2760310047281547 0.031962878422009205 0.05753521339830678 0.06998358576335828 0 0 0 0 0 0.6000612833379637 
0.7134257950608441 0.18260254395694953 0.09063123421452576 0.2674643376154039 0.4986787648970722 0.6743590601960947 0 0 0 0 0 0.6101395708155447 
0.810200072159781 0 0.09913920185960245 0.2614784745697886 0.39627177046660356 0.3736272389831911 0 0 0 0 0 0.22930440205969838 
0.5802890835000991 0.1650076414283813 0.5420415106883829 0.38288448242057993 0.3331289600318575 0.1334191852085517 0 0 0 0 0 0.7390287632212613 
0.21369697887430347 0.3197757555733217 0.23038195107154819 0 0.3545071288922566 0.352770472047968 0 0 0 0 0.07501379544188227 0.6037722165007134 
0 0 0 0 0.4219402177967209 0.19816690993894803 0 0 0 0 0.22636915782853018 0.4293913567112904 
0 0 0 0 0.5297191949015769 0 0 0 0 0 0.13089490800792536 0.42291309715702724 
0 0 0 0 0.46411308501009907 0 0 0 0 0 0 0.4877471988571798 
0 0 0 0 0.07488743398076811 0 0 0 0 0 0.060323870292188914 0 
0.04733464108720059 0 0 0 0.13520198518955817 0 0 0 0 0 0.5869939671806077 0 
0.028799122024784858 0.31516554178372835 0.14335353147075058 0.21478711111158516 0.6402359499890994 0.18920301419184252 0.006019162084952311 0 0.1017106221863478 0 0.5666520104208854 1.0762096567122172 

0.7458296426984421 0 0 0.43165276818407705 0.2625480446387686 0.07601929248199528 0.1327690138829864 0.08983951582251012 0.5868611841000095 0.33973492200391875 0.5093320128031122 0 
0.7507511657070337 0.43013146800307905 0.48073870763879945 0.3716239549072396 0.06048564160346501 0.0576924194424437 0.3401957301392105 0.5212486809855196 1.253259538642668 1.220210604399316 0.2473549224853739 0 
0.3555112338710167 0.6452333842262779 0.5326331790214824 0 0.1988375000785053 0 0.14263035430079793 1.2876428284508834 1.9895315768972772 1.5077246088904854 0.08745084315968824 0 
0 0.2088151094955059 0.09452521366865581 0.09797056575357044 0.3998037697563024 0 0.4748494516218891 2.105679598128572 2.4306681687590133 1.2248691610209876 0.10340630437293122 0 
0.07122265078154215 0 0 0 0.3458977988316931 0.03370485029461046 0.9855709739785238 2.584408052784459 2.7566144049059917 1.039479888154922 0.30090286789555176 0 
0.3959373766568373 0.5218517909735636 0 0 0.32476867336109005 0 0.6772761953017221 2.1745947770666194 2.41397939592633 0.834087429024136 0.583396449500805 0 
1.345648103000953 1.4383312950053593 0 0 0.3568477923042976 0.33847294140891393 0.8376068889432224 1.2108895466669567 1.860068079620939 0.8151314143232499 0.34031531806898874 0.4332168751542974 
1.6552443102263892 2.2443045078539026 1.0839710319403895 0 0.051029358420673125 0.7699313043432447 0.9751211570210169 0.8302055903590008 1.2983809431228448 0.9195168843564933 0.5070829772385433 0.5120716585302998 
1.5202430859641665 2.2776144037047175 1.9582793657715711 0.5264505311718556 0 0.5173612976041934 1.1945814095719902 0.9554075187779862 1.0759326771803617 0.600236221964808 0.5157079313308693 0.4116724858145911 
0.7584709836079524 1.707473009850653 2.285919826139212 0.6221021157013902 0.09150935738299722 0.3377021039266728 0.790452220603156 0.8227487815769312 1.1928933318276373 0.4841421050671483 0.051793725118514045 0 
0.644687261912744 0.22000675707907952 0.7194479557791034 0.08878943388760432 0 0.07834393456206813 0.5463088057847134 1.0697142674491764 0.9042210001129779 0 0 0 
1.1375042726790943 0 0 0 0 0.028615950355757105 0.5704527995664044 1.1086280786032585 0.7849066254454702 0.35981399293537253 0.5216950457678871 0 

0 0 0 0 0 0 0 0 0.6398339339821041 0.6015521916394939 0.8016803796479204 0 
0 0.049465475357760316 0 0.17928033410055044 0.06689960658681625 0.40642748446361376 0.4333427210960571 0.7257754636885164 1.5415718185933724 0.7253260457548211 0.4526844821381446 0 
0 0 0 0 0 0 0.17219113335343783 0.9677284950428044 1.9332017047139252 1.5184638437467075 0.5556352329413989 0 
0 0.27528017022100704 0 0 0 0 0.3571153450872087 1.1975305329611243 1.6584529919162703 0.7023395748281318 0 0 
0 0 0 0 0 0 0.3024451160395066 1.4325409283657617 1.7188757367689027 0.6476937474167386 0 0 
0 0.727470957744368 0.4951774333756956 0.20690464639116857 0 0 0.39833802616521224 1.1589869965933866 1.2928030829787438 0.1857123062306711 0 0 
0 1.1055015493472382 1.0161292862673446 0.14863731679699171 0 0 0.6410992457809838 1.0383331062117491 0.6275139427739846 0 0 0 
0.5452182724265731 1.5170987813363757 0.8981679056379063 0 0 0.03987367319950111 0.7834531194621741 0.7760330611473862 0.6299998398842974 0 0 0 
0.5679806692676412 1.3545706951258163 1.10137479888909 0 0 0.11610581168641787 0.9477288407440548 0.6727208229739856 0.8918183929539919 0 0 0 
0.7333046234788688 1.708089716646419 1.503087072744636 0.35499196647593284 0.07877394148752609 0.12840346244501072 0.7228226328934876 0.7401009299533845 0.8614532026766281 0.2421018535920177 0 0 
0.30657780022580494 0.9242331618455075 0.6064391820075516 0 0 0.08403035892703564 0.3592884662720074 0.35935244719451553 0.42942114364415235 0 0.09655095924712923 0 
0 0 0 0 0 0 0 0 0 0 0.17152791643647514 0 

0 0 0 0 0 0 0 0 0.16655965640727918 0 0 0 
0 0 0 0 0 0 0 0 0.22464782193524852 0.1147012576642405 0 0 
0 0 0 0 0 0 0 0 0 0 0 0 
0 0.29259586536439064 0 0 0 0 0 0 0 0.14922169057026305 0 0 
0 0 0 0.03761721850034476 0 0 0 0 0 0 0 0 
0 0 0.12043960179045031 0.2762790666127345 0 0 0 0 0.34453720798602583 0 0 0 
0 0 0.2772723550779407 0.00989676903207612 0 0 0 0 0.6525020597271799 0 0 0 
0 0 0.3210649230563392 0 0 0 0 0 1.0343206222466035 0.16057384270626177 0 0 
0 0 0.05333568805274872 0 0 0 0 0 0.431022094010123 0 0 0 
0 0 0 0 0 0 0 0 0 0 0 0 
0 0 0 0 0 0 0 0 0 0 0 0 
0 0 0 0 0 0 0 0 0 0 0 0 

0 0 0 0 0 0 0.11529735975332091 0.13194826591437656 0 0 0 0 
0 0 0.11169344917195498 0 0 0 0.005757518431017555 0 0 0 0 0.24546497862147978 
0.1654906746966 0 0.015630690694905282 0 0.269858929916613 0.1707536481637376 0.04705938555439485 0 0 0 0 0 
0.04394267079586068 0 0.023587855960304854 0.1298263825051128 0.33217823064956903 0 0 0 0 0 0 0 
0.04527525348060536 0 0 0 0.04455841014743407 0.09083035867380755 0 0 0 0 0.20969021380465336 0 
0.34557077896744337 0.47929235875015264 0 0 0.14909980105746445 0.10167229541164735 0 0 0 0 0.43836946507182867 0 
0.41402225216824484 0 0 0 0.12704516943379449 0.37347962353425 0 0 0 0 0 0.06202102983026156 
0.11092310878280723 0 0 0 0 0.09666698021435836 0 0 0 0 0 0.09434580808893477 
0.027473415612229612 0 0 0 0 0 0 0 0 0 0 0.08409956666876331 
0 0 0 0 0 0.03674188010877767 0 0 0 0 0 0 
0.05046977551288538 0 0 0 0 0 0 0 0 0 0.26907269545195345 0 
0.35814844645939725 0 0 0.35369303792783013 0 0 0 0 0 0 0.48628802275199184 0.1023606447179776 

0 0 0 0 0 0 0 0 0 0 0 0 
0 0 0 0 0 0 0 0 0 0 0.5189260510291377 0 
0 0 0 0 0 0 0 0 0 0 0 0 
0 0 0 0 0 0 0 0 0 0 0 0 
0 0 0 0 0 0 0 0 0 0 0 0 
0.0804691391412185 0 0 0.0026774564700668274 0 0 0 0 0 0 0 0 
0 0 0 0 0 0 0 0 0 0 0 0 
0 0 0 0 0 0 0 0 0 0 0 0 
0 0 0 0 0 0 0 0 0 0 0 0 
0 0 0 0 0 0 0 0 0 0 0 0 
0 0 0 0 0 0 0 0 0 0 0 0 
0 0 0 0 0 0 0 0 0 0 0 0 

0 0 0 0 0 0 0 0 0 0 0 0 
0 0 0 0 0 0 0 0 0 0 0 0 
0 0 0 0 0 0 0 0 0 0 0 0 
0 0 0 0 0 0 0 0 0 0 0 0 
0 0 0 0 0 0 0 0 0 0 0 0 
0 0 0 0 0 0 0 0 0 0 0 0 
0 0 0 0 0 0 0 0 0 0 0 0 
0 0 0 0 0 0 0 0 0 0 0 0 
0 0 0 0 0 0 0 0 0 0 0 0 
0 0 0 0 0 0 0 0 0 0 0 0 
0 0 0 0 0 0 0 0 0 0 0 0 
0 0 0 0 0 0 0 0 0 0 0 0 

0 0 0 0 0 0 0 0 0 0 0 0 
0 0 0 0 0 0 0 0 0 0 0 0 
0 0 0 0 0 0 0 0 0 0 0 0 
0 0 0 0 0 0 0 0 0 0 0 0 
0 0 0 0 0 0 0 0 0 0 0 0 
0 0 0 0 0 0 0 0 0 0 0 0 
0 0 0 0 0 0 0 0 0 0 0 0 
0 0 0 0 0 0 0 0 0 0 0 0 
0 0 0 0 0 0 0 0 0 0 0 0 
0 0 0 0 0 0 0 0 0 0 0 0 
0 0 0 0 0 0 0 0 0 0 0 0 
0 0 0 0 0 0 0 0 0 0 0 0 

