1.2852263758957396 0.6122066669922767 0.7863111161045128 0.9344899700996759 1.0393827535371531 0.853631904838986 0.8621518320613907 0.557837440935648 0.2599311360403261 0.8428601617605272 0.8840427065443917 0.17475403652006782 
2.140443743513564 1.6501047544447038 1.5119920729090564 1.5610019664854708 1.5342796301943586 1.2289360807534704 1.509890824372089 1.4689792496334066 1.2107976496574429 1.4418775896507388 1.695980104620581 1.1895759910723436 
1.4033327864161274 1.4451644226718343 1.4171191612058778 1.3705165668305306 1.113875877823139 1.004976186370963 1.234296247265942 1.3424409097701835 1.4866151707779391 0.736844974847213 0.7415650487370135 1.1594083189327353 
1.5248343648032532 1.261287890415813 1.1794336725069618 1.7647411657342398 1.491265161150661 1.2741202037513815 1.347705843641981 1.360208936472563 1.554345522801281 0.6147914339006426 0.2927966918181993 0.6813099848267078 
1.6161691558468343 1.4195609842152868 1.35016381015379 1.479311391543409 1.4876032729391133 1.3520107126833527 1.3637044779807188 1.7843310787352182 2.3106345118955987 0.6268499233303306 0.07945393680048252 0.791394114271022 
1.456686170861552 1.409754062713716 1.5990289679573397 1.3010354717626047 1.1676518769398405 0.9737500122474939 0.9124250985387168 1.5424933519180368 2.220518052943363 1.2581378565895074 0.7030927985398483 0.766526886639945 
1.3337150663661668 1.347050680647862 1.5161247054717613 1.1006473269587624 1.336040207395205 0.9881079107333866 1.1847483795996412 1.1620318931051992 0.028347803880760178 0.20226112673234123 1.0637525525911335 1.007370772655155 
1.4339089602733988 1.0832331179476133 0.9014355652529038 0.6392969749225669 0.9517124164349099 1.008182707776789 1.6407399834890215 1.9390923248309357 0.1781261620070104 0 0.94202562466815 0.5816070884598535 
1.5586198602155352 0.4843237801683344 0.9212616883767172 0.5913985364085127 0.6237168894747932 1.2755673095819193 1.8044372540062725 1.442206118986311 0.9214501256835265 0.7637946518716549 0.7177418898934798 0.4733757681456825 
2.073472807474731 0.951203341222697 1.1038476074524077 0.5364916698301105 0.17724946441909856 0.12154983172859686 1.1709862206755206 0.6476717615715909 1.1037701740182149 1.6984997580013708 1.0826603121766223 0.8189799176342946 
1.686623215714873 1.201020203561131 1.54545039559528 1.2285008840861982 0.7754562700292911 0.27281655050607817 1.0671389350846754 0.6294447911245525 1.3072538316347246 1.2129688595467232 1.216554163263585 0.9722712467022034 
1.9552301314284637 1.7049163958367146 1.7945497203386274 1.9995920346815477 1.474148222916317 1.196085815567516 1.3980916781524746 1.196066477302665 1.2369401903690824 0.8006653151543808 1.2969252164718081 1.2210059193712393 

0.606563999436857 0.6375358188353211 0.6983603231191476 0.5955909838777547 0.4311576858089732 0.3076460910084206 0.2539236792996829 0.390323288853725 0.4409708446982502 0.46933961308222927 0.5266083896995877 0.5809198426397415 
0 0 0 0 0 0 0 0 0 0 0 0 
0.29883181867199493 0.055786023499677845 0 0 0 0 0 0 0 0 0.08309926512402267 0 
0.39121054699125807 0.2612700659434417 0 0 0 0 0.03261296439590712 0.02432171194388022 0 0 0 0.3333715616301761 
0.4382887425041457 0 0 0 0 0 0.09921359992985311 0 0 0 0 0.007986061287686778 
0.3736855106107664 0.061395289538535264 0 0 0.060940598521474695 0.3500065534289639 0.16848352901716618 0 0 0 0.0338015419711458 0.20450781038411492 
0.34996615263250963 0.21823207770843006 0 0.040184203528554896 0.15071261062216812 0.31671839196846363 0.36532310797282536 0.09349871531148835 0 0 0 0 
0.06088957485536248 0.16942568896953805 0.07812974438846935 0.10145572854837841 0.08463228118916717 0.12105105550142911 0.08356528012244882 0 0 0 0 0 
0.031248506137033533 0 0 0 0 0 0 0 0 0 0 0 
0 0 0 0 0 0 0 0 0 0 0 0 
0 0 0 0 0 0 0 0 0 0 0 0.5586500953838005 
0 0 0 0 0 0 0 0 0 0.19424022875721403 0.5049844186404218 0.5833190170464428 

0 0.09040488817925327 0 0 0.0655060211444084 0 0 0 0 0.20296805047857502 0.027906357160315337 0 
0.005523532911772294 0 0 0 0 0 0 0 0 0 0.19146903323965875 0.010223665261751235 
0 0 0 0 0 0 0 0 0 0 0.021618800692547607 0.32200155534897823 
0 0 0 0 0 0 0 0 0.08452126179792442 0.014818038607648049 0 0.1546694685446427 
0 0 0 0 0 0 0 0 0.3501047312274802 0.10391936739480451 0.6526338990492024 0.5533956671249931 
0 0 0.004531000256159979 0.12072291080299227 0.02943037611832982 0 0 0.23782419727671908 0.3813329137156298 0.7064048105032994 0.6555998831740817 0.40560276938452716 
0 0 0.11427325404681271 0.18291848000579672 0.04350618067357739 0 0 0 0.7325833614470767 0.8400152822445842 0.24215450202092803 0.6126353771335015 
0.10154528276161609 0.011168931387178019 0 0 0 0 0.052421817122009454 0.9609488557819045 1.087866596147994 0.959442870865328 0.22613828318609888 0.05746885231504238 
0 0 0.12479986247153738 0 0 0 0.4637961223916907 1.2937318355924965 1.3304599992847723 0.1558133996926622 0.4888836292523919 0.5319853667334962 
0.04591700788532714 0.14856178561487499 0 0 0.07408583727001442 0.1315935083158884 0.6252355762241049 0.42130128636908437 0.37068585482438904 0.5234066305236847 0.7975598365050691 0.84520159356714 
0.09443625522125106 0.1055268693089967 0 0.13201504774025094 0.40442918542213524 0.4855547371291775 0.42939965408495967 0.25006500535351966 0.6809320984104286 0.5368140342868554 0.5594934327126148 0 
0.36125393211799506 0.40580621206135925 0.17347418695784614 0.05700993288924605 0.13574851511487362 0.06493035311770845 0.530473149709033 0.6250500917724747 0.6912246774187253 0.47743382017727704 0.0014878016527262172 0 

0.4014569287108073 0.2527972436200916 0.5726250299499684 0.3786774281737084 0.030434766695279364 0.05524560357033065 0 0.22662566967349196 0.938741975025891 0.730620038267491 0.5634272643040678 1.0377060155776023 
0 0 0 0 0 0 0 0 0 0 0 0 
0 0 0 0 0 0 0 0 0 0.2516498318818134 0.046815911342631196 0.15400199870821477 
0 0 0 0 0 0 0 0 0 1.072614566516933 1.2699699942945744 0.6311140565865957 
0 0 0 0 0 0 0 0 0 1.185500348871585 0.7342960728457119 0.6969549982675428 
0 0 0.09283187476402516 0 0 0 0 0 0 0.48372638871156176 0.32554148439964775 0.9625865697403999 
0 0 0.08318564916517782 0 0 0.1206354861252084 0.9257550539222943 2.0573586332157974 1.9477192143408704 0.282580725011546 0 0.585710922067693 
0 0.11258837679516284 0.6954271702706143 0.32293988961592357 0 0.4639852410980548 0.35607531131529935 0.3549379754636226 0.24283526681921952 0 0.7498772207688131 1.6318280657528368 
0 0 0 0.16259372813772066 0.20732320685348365 0.6912058203231389 0.28961865284296406 0 0 0.8576922216641891 0.9546108747968363 1.1685242980288264 
0 0 0 0.18376812830501138 0.7350660764465689 0.903892171435832 0.1810640071609232 0.5608285145127418 0 0.19048819078532184 0 0 
0 0 0 0 0 0.12022222976977359 0.07346250976284194 0.49844607282070424 0.33049037682493165 0 0 0 
0 0 0 0 0 0 0 0 0.2484490154754933 0 0 0.14386365641881677 

1.15065715696202 1.0672340023898481 0.9111355096437326 1.0219389020634373 1.1813776615621812 1.1047035737374575 0.9675527063994352 1.1207219809640432 0.9888951150523794 1.0400111970422623 1.050632074787473 1.461110639187879 
0.7808508202582907 0.1868053352943741 0.485696957729053 0.8312610335234757 0.7837851908536811 0.3839417161581647 0.19132243837442522 0.023072539851814445 0.13418407150345452 0.427435175697659 0.19442776122646588 0.35804771079582703 
0.7590510453234666 0.8707370325656546 0.7705457056227463 0.9754223259542774 0.82849147920492 0.4107815109199179 0.1301664511277807 0.2929853275570898 0.7866748307347593 0.9779912409613636 0.7197056339569919 0.9618531418173857 
0.7167881853366247 0.8865985789202662 0.723689971694573 0.5043095126564445 0.024793968248482887 0 0.3470194701257893 0.3799803213426081 1.3493464764607908 1.2555718132213447 0.8055336835384189 1.0381718807933442 
0.6594626052942791 0.7253292800128824 0.6890787816914393 0.44297764487076635 0.4884802956394034 0.2908409851538195 0.47349676501137383 0.2123553845435844 0.953776775745559 0.8826844734423032 0.6550858189656754 1.1092239833029567 
0.75087454446358 0.5695776286872911 0.6933133445715867 0.7136253917730048 0.7903552456224331 0.7272122144030118 0.6252288261191127 0.9645893737847696 1.1562616160534775 0.3260004162653246 0 1.128216073039866 
1.029143080202419 0.7760409980435854 1.0835822559427 0.6926781514516711 0.7939717075422864 0.7120768549344969 0.6846493193652856 1.5720943096331703 2.0595135127990196 0.8150409457399854 0.5395870088648576 1.330422429793284 
1.2887361751050825 0.9165752626179418 1.067401314647134 1.045210305549153 0.9183891399205051 0.6585482001105278 0.7794001145333315 1.4629233948827396 0.5273705649555848 0.6737414488048176 0.8399278585245645 1.3585621166222908 
1.2971173505399824 0.7911503271002959 1.0864747446359058 0.8441876922038052 0.8110786132240501 0.7994660544807067 0.7887255902837395 0.6154518515116719 0 0.008396726525770903 1.1358768355673243 1.196280767868477 
1.3206529368028355 0.39434277476494156 0.47564509390788073 0.6736730252148468 1.1779450296133263 1.0716857313188775 1.0218611333530434 0.6024805199373192 0.420654898656894 0.6986012222437173 0.30562235650660097 0.20689867457311148 
1.0236017235744477 0.35608054447619103 0.5891021336923983 0.1893037494184887 0.4789808096353308 0 0.3006397518221407 0.8820249232559527 1.1722465214970241 0.5778044270942604 0.296591319879414 0.21842392505290048 
0.5825638647470682 0.030813398880279924 0 0 0 0 0.39295739151781633 0.44136042684943677 0.6701631555710023 0.316695795280863 0.5435818031567157 0.8347764162329135 

0.005688724460937988 0 0 0 0 0 0.03827083063313658 0 0 0 0 0 
0 0 0 0 0 0 0 0 0 0 0 0 
0 0 0 0 0 0 0 0 0 0 0 0 
0 0 0 0 0 0 0 0 0.14290062628040148 0 0 0 
0 0 0 0 0 0 0 0 0 0 0 0.06703352464065615 
0 0 0 0 0 0 0 0 0.1582736867328708 0 0 0.058723499503563856 
0 0 0 0.03757716781825852 0.024394132556926074 0 0 0 0.4123313128817152 0.026401429182535865 0 0.24508227841335078 
0.2973906134914793 0 0 0 0 0 0 0 0.45496254830654514 0.5458950971653662 0 0.10656637991661326 
0 0 0.019192547586648984 0.1928324196825268 0 0 0 0.5555494379667613 0.03337752103891302 0 0 0 
0.29278599935563887 0 0 0 0 0 0 0 0 0 0 0 
0 0 0 0 0.08736571638224463 0 0 0 0 0.02573001464120317 0.05763361824100114 0 
0 0 0 0 0 0 0 0 0 0 0 0 

0.4533909136628045 0.2101147775435364 0.21727133909094326 0.37687729114574686 0.352564845683929 0.7360582257503065 0.7794257218925682 0.5206781722977026 0.4708042237876513 0.7047018887506136 0.18790811666384213 0 
0 0 0 0 0.30864057249884164 0.6786554182016151 0.593464120424143 0.2874253792589445 0.3136008461497496 0.07915391564184188 0.13188198948742993 0 
0 0 0.11915520682007807 0.17228142340974528 0.38744866208391116 0.6117185906060414 0.1909008671491486 0 0 0.15083732497794067 0.1624209596063536 0 
0.24859317040960832 0 0 0 0.2464418497583724 0.25832441796611044 0 0.06685344814927704 0 0 0 0 
0.3159217824453108 0 0 0 0 0 0 0.12223666069019684 0 0 0 0 
0.33003591002903443 0.002783722774108585 0 0 0.32211548180187766 0.45937406789392043 0.28705287687498265 0 0 0 0.35639830742013795 0.08419915165969911 
0.36155379759824535 0.18118063245826432 0 0.4609945179415358 0.3042910647150116 0.35452035122390757 0.3615121393541038 0 0 0 0.07807753293633567 0.0998172730824603 
0.24135518599114827 0.14836626601545347 0.11512862964823264 0.3108300134148677 0.13436706913147112 0.244174073430106 0 0 0 0 0 0 
0.14024276879783015 0 0.11153808596403567 0.11142848057892604 0 0 0 0 0 0 0 0 
0 0 0.22339580329485362 0.1481134980413112 0 0 0 0 0 0 0 0.3053081890403742 
0 0 0 0.5169949631335578 0.05987014453916151 0.5515117742110854 0.06733115743323367 0 0 0 0.48694510645316913 0.7467542423675806 
0.43236112731654847 0.20706665482825215 0.2572970662479295 0.39923262712581264 0.11211481561635545 0.7166606306124103 0.3419210333645465 0.05528669247527944 0 0.564331963568419 0.6089192654272209 0.3278844203460354 

1.8771257433607371 1.9828650971752226 2.069518387157943 1.921630929839199 1.6804929156060342 1.6694780637532378 1.4837605088304593 1.5251342541682376 1.6506686658415177 1.7324111876497907 1.7259371142628397 1.9848192078691578 
1.6861102456448014 2.085435251229909 1.9140389412874663 1.3837040899824764 1.3902303767211688 1.4062124788091799 1.5288252352560623 1.8661976803594749 1.8502211297940006 1.3662268638077706 1.2420046975343346 1.7882905344189988 
1.467789674543494 1.675600115881255 1.6535366748009086 1.3277491943397548 1.4040506234690011 1.4148036570182758 1.7073593930702662 1.8395304479562895 1.6953970135928198 1.5930678548933603 1.734382597918933 1.7500878860236666 
1.5572539013477606 1.7343400214230953 1.3164085058274682 1.314464678491208 1.8089326200214508 1.899490825957108 2.2098409800598486 1.9360506175828347 1.0855795879713874 1.4184533254465432 1.6132491802635802 1.9298794661278658 
1.6195632338315629 1.4257549647463548 1.4163165512743627 1.4507128955503086 1.7173194676069603 1.8215987709478836 1.790916700198905 1.1109061621808474 1.0347143629979894 1.5198500283706988 1.5713422858433803 1.9028738302683614 
1.7350331551194942 1.3844889586894351 1.6527246018188035 1.7951400775298036 1.6555386227744693 1.6785660932662823 1.1958724369698766 0.7613291650571166 1.4132302114016158 1.6494396982663675 1.8277335386076428 1.7331615815709434 
1.4805984568903205 1.5578965181390252 1.6813739274934592 1.9679004922766479 1.7114765525365512 1.696365276649446 1.304196514312806 1.1200065391153988 1.3418507209047856 1.6699196628170974 1.5879263043774507 1.6758953221499358 
1.6061777361564962 1.7017082802124661 1.475584134273891 1.3505510803848568 1.5056242235110706 1.6009325856600083 1.3994918378274244 1.0409052752833008 0.938145752372911 1.5922804966043183 1.4262233450856958 1.7094460459106628 
1.33693720077068 1.4097953272034598 1.3877422382482383 1.2355757466807493 1.3768876434924655 1.7155234586185721 1.7158334565670699 1.3271332789839623 0.8439531664076532 1.144037248098025 1.7580456651503222 1.563034398260416 
1.4145457374727366 1.4369485617031506 1.117067978122689 0.6182905051820952 1.4054596165997142 1.5125327113670028 1.4491716208169123 1.1226800760945914 1.3554277391094398 1.3681362026068478 1.8465800634559284 1.856503714957379 
0.7113924908124367 1.1572571686915099 1.1374660301543256 1.2015030251480883 1.4850609045469427 1.6314887345953986 1.3341769680737292 1.2286023829565955 1.7484546732947668 1.7896324024075905 1.55168728400685 1.9972274491015327 
1.1442504275508552 1.7240420719559189 1.7152147756756853 1.7559002664198347 1.722940273867928 1.8515302954015507 1.6151224461259117 1.5978229834671838 1.7932310024865543 1.9204197872242998 2.1082156977188387 2.0086416293330003 

0 0 0 0 0 0 0 0 0 0 0 0 
0 0 0 0 0 0 0 0 0 0 0 0 
0 0 0 0 0 0 0 0 0 0 0 0 
0 0 0 0 0 0 0 0 0 0 0 0 
0 0 0 0 0 0 0 0 0 0 0 0 
0 0 0 0 0 0 0 0 0.1534013605906984 0 0 0 
0 0 0 0 0 0 0 0.037016299726298135 0 0 0 0 
0 0 0 0 0 0 0.22326937546318795 0 0 0 0 0 
0 0 0 0 0 0 0 0 0 0 0 0 
0 0 0 0 0 0 0 0 0 0 0 0 
0 0 0 0 0 0 0 0 0 0 0 0 
0 0 0 0 0 0 0 0 0 0 0 0 

0.18913513963755144 0.048559020212957646 0.15087755778807146 0.19234008979527076 0.15348603952486342 0 0 0 0 0 0.27098462960189534 0 
0.5013495544054539 0 0 0 0 0 0 0 0 0 0 0 
0.5126863228639389 0 0 0 0 0 0 0 0 0 0 0 
0.4823668253456519 0 0.13774054915320655 0 0 0 0.026642626686517665 0.04768247824619931 0.10231213741924522 0 0 0 
0.5737739529147977 0 0 0.2076461607756843 0.006134453643413858 0.256689345045089 0.017010769550728725 0.13824874811730628 0 0 0 0 
0.6131746565230145 0.23287827559662225 0 0.006423562635471239 0 0 0.5003531083428039 0.08614215625325183 0 0 0 0 
0.22017806542254142 0.16090075042774452 0 0 0.3582406942033129 0.14738885294522652 0.5198674426078231 0.0147878611718959 0 0 0.014138544966904712 0 
0.09321041922251391 0 0 0 0.299224965658809 0.12339913289741629 0.1923162482157895 0 0 0 0 0 
0 0 0 0 0 0 0.22268298160057262 0 0 0 0 0 
0 0 0 0 0 0 0 0 0 0 0 0 
0 0 0 0 0 0 0 0 0 0 0 0 
0.41757123572958094 0 0 0 0 0 0 0 0 0 0.24903323302257965 0.3272866809960761 

0.35858738212281066 0.22727465703053915 0.12538817768141391 0.1495639033427369 0.155480787908213 0.5913506565049604 0.5284024872229567 0.3854758766546451 0.16007273456116303 0.40464300715849344 0 0.5931766005545138 
0 0 0 0 0 0 0 0 0 0 0 0 
0.1366196227353172 0 0.14496860646247736 0.30949614615155274 0.21430628378172925 0 0 0 0 0 0.4993560464737116 0.01132796648356466 
0.1611674335895129 0.27819387644052085 0.08399338674991529 0 0 0 0 0 0 0.025652421460011093 0 0.29269051200760465 
0.23032949112817014 0 0 0 0 0 0 0 0 0 0 0.09535440543759396 
0.2437075657066658 0 0 0 0 0.11901469004032875 0 0.5423959736457656 0.31446108743256124 0 0 0 
0.34958906436518267 0.03261537305585796 0 0.3453181171515581 0.3373393783437951 0.28848481264173487 0 0.06786008460064259 0.17142090977467705 0 0 0 
0.5926434077657944 0.8408052689858303 0.1970788757865146 0.5654554848304671 0.2932870586648494 0 0 0 0 0 0 0.50826479924952 
0.33660082425219007 0 0 0 0.33395285911469436 0.059090068287884615 0 0 0 0 0 0 
0 0 0 0 0 0 0 0 0 0 0 0 
0 0 0 0 0 0 0 0 0 0 0 0.08015851428746468 
0 0 0 0 0 0 0 0 0 0 0.26421414458366105 0.33790848949977254 

0 0 0 0 0 0 0 0 0 0 0 0 
0.3407660920308636 0.4343463681704275 0.36836764593387783 0.1966624635800147 0 0 0 0 0 0.045901907926267575 0.005905955972226533 0.29490647976991274 
0.8631925725500192 0.7391755009922724 0.3314205531514056 0 0 0 0 0.14519047896239318 0.1184299339311959 0 0.08211648371336387 0.15967029502800661 
0.5336619304815129 0.2608011756554951 0.04202628157565266 0 0 0 0.21772355801201454 0.23167895453661747 0 0 0 0.04085218542596157 
0.46700188042845464 0.3225739469967689 0.08932640900383189 0.32857260157312396 0.4805330034776065 0.9117161422212001 1.0975881025366803 0.8256347340963855 0 0 0 0 
0.5977115758001028 0.35411264370765433 0.1113272832724617 0 0.1703675282820542 0.3385505799004594 0.9138946975411051 0.7625508351326813 0 0 0 0 
0.34255213018504127 0.2725934770212324 0.03365065515438789 0.17024470338987197 0.12023271323354616 0.07735082927978354 0 0 0 0 0 0 
0 0 0 0 0 0 0 0 0 0 0 0 
0 0 0 0 0 0 0 0 0 0 0 0 
0 0 0 0 0 0 0 0 0 0 0 0 
0 0 0 0 0 0 0 0 0 0 0 0.4229513848671499 
0 0 0 0 0 0 0 0 0 0 0.12320441481316129 0.00523396439573226 

1.2727104817535855 0.483841479432468 0.5762154447686346 0.7076177663809109 0.7859821662142009 0.8528898948739678 0.9337618381584452 0.7413314491159759 0.5182744535904722 1.0275441812841544 1.1189212352317977 0.46748693471468755 
0.22024143727349885 0 0.05729207156105218 0.336842894571979 0.13075794569306767 0 0 0 0 0 0 0 
0.6106069879495972 0.38326959948895906 0.5100552382808727 0.6220739068398945 0 0.009670521831211143 0 0.022200832216799804 0.5256671857065486 0.6087885487518238 0.1546557827336005 0.34826629413194465 
0.8824941528557216 0.8387446973917213 0.1919040728054739 0.10767098782258766 0.016196353534729355 0 0 0.6118943111513259 1.4090673533845872 1.0137881497214107 0.47217423933470015 0.3835629168281849 
0.5241363364641236 0.35660341496637893 0.42207525365023013 0.13311980088825215 0 0 0 0.3852015194916532 1.1783143394781457 0 0 0.6964231811212818 
0.35486295919928756 0.5112480717091119 0.4025146754228406 0 0.15185478233849034 0.0915185307582084 0.9229236957896142 1.9893627287168216 0.5629514267441026 0 0.4087056871574921 0.6216415974334214 
0.6579207190264875 0.13569315525565584 0.42803102180723035 0.4114133631184906 0.7785969169643203 0.945982828828942 2.4661130746438165 2.925274465859637 0.5901889798391129 0 0 0.6899670376479847 
1.4323607263969123 1.0662448275407403 1.1774265688494603 0.7310491561331705 0.29965346474676047 0.966700506177801 0.7810750110232386 0.05604458469965609 0 0 1.3738719693021404 1.1302902758175475 
1.7045654935529517 0 0.1664205276059116 0.7977255516825069 0.8335300263185972 0.685006188882621 0.21903351731262594 0 0.5410976210161893 1.7585253708638737 0.14672153457100412 0 
0.7898375570803815 0.00797400986669311 0.7824175000751685 1.0842433148621264 0.6271496560783938 0 0.25848676024489037 0.8580097070682536 0.16793745965536527 0 0 0 
0.949551030239272 0 0 0 0 0 0.9606659367036015 0.6665845566462821 0 0 0.0750171401702865 0.40006924009297395 
0.29237727270011493 0 0 0 0 0 0 0 0 0 0.6295003682546025 0.5632002194931923 

0.2348230999615854 0.8893474305167522 0.3267924226501064 0.34810694636831957 0.7583292780486109 0.525730387555426 0.949237041839881 0.9572031022630789 1.011936982987226 0.7989793855916615 1.487946694601289 0.2719684254347329 
0 0 0 0 0.06825757025882331 0.5138095366685416 0.6214808248653484 0.6424177087839538 0.48224586352066134 0 0.04800186745932428 0.2883409020422144 
0 0 0.025601228869496867 0.4418048244374893 0.7887627605073032 0.9967092061202596 0.10330377939511326 0.45555241478703556 0.48891619823540516 0.8472881888121397 0.23361223173335594 0.11132613070350451 
0.11968181329525505 0 0.5152238911196795 0.6703646323224052 0.5626920345784464 0.4080242485289007 0.11732711471180196 0.5499711586823397 1.2529753679184563 0.5888919479203162 0.8442293637268303 0.2714519155214178 
0 0.4445522545522628 0.3034789181995117 0.2018342290057813 0.35838412662966185 0.10120402557615296 0 0.4010779618321682 0.6020283943625235 1.581440004732556 2.4142414534327616 0.04294887245839577 
0 0.06687247792534659 0 0.5202183920483304 0.230698935515743 0.1400704316422288 1.6372431422549985 0.17294346989972567 0 1.373211434322253 0.46744317548910647 0.38485056918145955 
0 0.2423172198858893 0.41563540200056853 0 0.14903616527761132 0.5454996342721786 1.1549250557098623 0.6585117190538544 1.2667244626821532 1.4425380567049668 1.151076557063443 0.18741696522291568 
0.29092400520803646 0.004727785882394114 0.28923056935598207 0.359394621124417 0.8307287822285776 0.8914329654720266 0 0.860428040015919 3.328633417881305 1.9910010048540643 0.5024187233258443 0 
0 1.4358034311960874 1.7783692386418406 1.6534667621112253 0.5477609589670167 0 0.10935922562617122 1.2622239444541126 1.8923595870887444 0.786008071302913 0.4174826409356193 1.8942515155673534 
0.06722307889805484 1.1046754459345458 0.8465889729258987 2.0921230388685514 1.1882904963993954 1.7020836074576746 1.4738987737967533 0.9109025886610619 0.029636329429331327 0.7096080459311199 1.3275793126409865 1.233680224923795 
0.7527148516298005 0.6255310452245716 1.5999878162824477 1.4095140119471803 1.9458667852714961 1.9777657059803968 0.7063699325971182 0.585508996015076 0.19987672194819842 0.6532280553314737 0.5240927111465618 0 
0.42105722573076465 0.7056102495425856 0.8106321332717552 0.4508068797845626 0.8197857608352463 0.3695647167327919 0.4975283464324608 0.6138987453532897 1.143380986844709 0.8048891032631869 0 0 

0 0 0 0 0 0 0 0 0 0 0 0 
0 0 0 0 0 0 0 0 0 0 0 0 
0 0 0 0 0 0 0 0 0 0 0 0 
0 0 0 0 0 0 0 0 0 0 0 0 
0 0 0 0 0 0 0 0 0 0 0 0 
0 0 0 0 0 0 0 0 0 0 0 0 
0 0 0 0 0 0 0 0 0 0 0 0 
0 0 0 0 0 0 0 0 0 0 0 0 
0 0 0 0 0 0 0 0 0 0 0 0 
0 0 0 0 0 0 0 0 0 0 0 0 
0 0 0 0 0 0 0 0 0 0 0.03116672051019158 0 
0 0 0 0 0 0 0 0 0 0 0 0 

0.00839816916721926 0.33943971616231317 0.3166213075818236 0.3629372873869974 0.42955357495747304 0.6311149771854817 0.5599219666595273 0.6575700601769849 0.6423595189960098 0.4698179396279861 0 0.09357313372899642 
0 0 0 0.24506945207227554 0.7435557610690705 0.5858350071667179 0.5486349660257731 0.2779675799658546 0.19828855159214165 0 0 0 
0 0.19127031060823416 0.367609694294931 0.47536783107255925 0.7895984886777884 0.9434715485645907 0.4211643023127631 0.4963281952384506 0.5899018779948517 0.7478666864731275 0 0.09091494774339635 
0 0 0.26390623122787477 0.49891877235534365 0.6866629914338581 0.39182750860151794 0.16023705735568347 0 0.21518792932776695 0.7038974060615607 0.14223272442512463 0.12308448375304049 
0 0 0.4874788254476563 0.23930376263389913 0.4451201373366054 0.24172607714806202 0.01740949032524041 0 0 0 0 0.045457341456610914 
0.006696624280391295 0 0 0.038925482256003285 0.2427933916591715 0.3695969578178698 0.2526473445207871 0.08782888613863044 0 0 0 0 
0.33041910151183745 0.03848435605359651 0.26379437998159655 0.16935077378734265 0.15956479603135554 0.3973994307564062 0.5690093001939339 0 0 0 0 0.33867281655849724 
0.3353746981559864 0.2774064767775645 0.2859000164675334 0.396072216838087 0.6003316702502425 0.5805209892697049 0 0 0 0.030203671482521205 0.26915685569816106 0.026621898460605815 
0.2896585440220336 0.2928307353700222 0.709159001353994 0.5146032796840401 0.3564579129360893 0 0 0 0 0 0 0 
0 0.23860675014572605 0.42218895974254117 0.5731887876053321 0.4714933889851599 0 0 0 0 0 0 0 
0 0 0.3225414460442597 0.0026123603482580762 0 0 0 0 0 0 0 0.19082647061265182 
0 0 0 0 0 0 0 0 0 0.07641866837556356 0.13749332177383913 0.2089361896049125 

0 0 0 0 0 0 0 0 0 0 0 0 
0 0 0.02570455447975678 0 0 0 0 0 0.061204295418123694 0 0 0.08646720864774425 
0 0 0 0 0 0 0 0 0 0 0 0 
0 0 0 0 0 0 0 0 0 0 0 0 
0 0 0 0 0 0 0 0 0 0 0 0 
0 0 0 0 0 0 0 0 0 0.019090950313816864 0.25798881069369994 0 
0 0 0 0 0 0 0 0 0 0 0 0 
0 0 0 0 0 0 0 0.09567360721825624 0.9395447044519603 0 0 0 
0 0 0 0 0 0 0 0 0 0 0 0 
0 0 0.19759005930007434 0 0 0 0 0 0 0 0.03782297715287116 0 
0 0 0 0.1942479624093293 0.0400178600209759 0.20069266504866268 0 0 0 0 0.5119680304913444 0 
0 0 0 0 0.2033990259981106 0.33653349833897545 0 0 0.018103647898092573 0 0 0 

0 0 0 0 0 0 0 0 0 0 0 0 
0.22470006212361857 0 0.24243148252136604 0.06087793414884021 0 0 0 0 0.31637780429792894 0.04756348521126118 0.707595109425781 0 
0.13904967168911828 0 0.015982835784655335 0 0 0 0 0 0.20186622922815287 0 0 0 
0.4944558561044751 0 0 0 0 0 0 0.3945725309659425 0.5216062475377807 0 0 0 
0.6806583884310672 0.12430837085533629 0 0 0 0 0.47228417304206016 1.1985096825075323 0.7800299324749153 0 0 0 
0.5418469019715211 0.4199129494260205 0 0 0.0062344081970614265 0 0.9851354914309687 0.984629508389465 0 0 0.3563215392339332 0 
0.10714619073554577 0.31888464854815846 0.013191687127526056 0 0 0.034446020467235904 1.0640356324902247 0 0 0 0.6430083371704248 0 
0.07160945185827378 0 0 0 0 0.11429522497282957 1.1433573665488148 0.6651878704846412 0 0 0 0 
0 0 0 0 0 0 0.5158281022508908 0.9086836042414984 0.946236653640184 0 0 0 
0 0 0 0 0 0 0.17660867797012747 0 0.06373572200281293 0.09678846165072931 0 0.012655278684186299 
0.3931318661038253 0 0 0.30096590132297496 0 0 0.7596066639799136 0 0 0 0.2968885272669273 0 
0.8327980703745526 0.11575972532771676 0.3575693374234949 0.586766934060361 0.29908351208110573 0.6202433346777751 1.221211071981056 0.4055904563736615 0 0 0.05707030051587484 0 

0 0 0 0 0 0 0 0 0 0 0 0 
0 0 0 0 0 0 0 0 0 0 0 0 
0 0 0 0 0 0 0 0 0 0 0 0 
0 0 0 0 0 0 0 0 0 0 0 0 
0 0 0 0 0 0 0 0 0 0 0 0 
0 0 0 0 0 0 0 0 0 0 0 0 
0 0 0 0 0 0 0 0 0 0 0 0 
0 0 0 0 0 0 0 0 0 0 0 0 
0 0 0 0 0 0 0 0 0 0 0 0 
0 0 0 0 0 0 0 0 0 0 0 0 
0 0 0 0 0 0 0 0 0 0 0 0 
0 0 0 0 0 0 0 0 0 0 0 0 

0 0 0 0 0 0 0 0 0 0 0.13103724438250586 0.21334044967834567 
0 0 0 0 0 0 0 0 0 0.2744531181891319 0.09766393836108204 0 
0 0 0 0 0 0 0 0 0 0 0 0 
0 0 0 0 0 0 0 0 0 0.14114843457846749 0.6461117238316944 0 
0 0 0 0 0 0 0 0 0 1.1439122277245726 1.2720828199200758 0.26686071666016814 
0 0 0 0 0 0 0 0 0.7234174011800173 1.4795175157868072 0.33491158463998577 0.46646200400524435 
0 0 0 0 0 0 0 0.4951791687529372 2.2597371160495756 1.018447077329529 0 0.3257757198338933 
0 0 0 0 0 0 0 1.6963582317255932 2.5652098446323732 0.6278860770205943 0 0.3906383172676346 
0 0 0 0.288827341909947 0.004652021522852524 0 0.6714292192334955 1.6980777305461952 1.4632989706819002 0.4402213632541869 0.8299344241563003 1.590209322147723 
0.2382691390222325 0 0 0.3821134605508044 0.29631614863101774 0.820093982542246 0.9474996756153793 1.1171696539510887 0.2572536409059674 1.1132465334551465 1.6126141076959253 0.6901892014388078 
0.31508160400503465 0 0.12539152443662704 0.4747724398600589 1.3663265725696292 1.0131927793032185 0.4310119595695281 0.6796007928825849 0.3088293188133648 0.8344825894363652 0.03884606266625845 0 
0.11280882972003753 0.655193820207474 0.6400643849062568 0.6840401806884236 0.7281839197515472 0 0.3651184310359405 0.628287166886775 0.6592213785602945 0.046972587575341944 0 0 

0 0 0 0 0 0 0 0 0 0 0 0 
0 0 0 0 0 0 0 0 0 0 0 0 
0 0 0 0 0 0 0 0 0 0 0 0 
0 0 0 0 0 0 0 0 0 0 0 0 
0 0 0 0 0 0 0 0 0 0 0 0 
0 0 0 0 0 0 0 0 0 0 0 0 
0 0 0 0 0 0 0 0 0 0 0 0 
0 0 0 0 0 0 0 0 0 0 0 0 
0 0 0 0 0 0 0 0 0 0 0 0 
0 0 0 0 0 0 0 0 0 0 0 0 
0 0 0 0 0 0 0 0 0 0 0 0 
0 0 0 0 0 0 0 0 0 0 0 0 

0 0 0 0 0 0 0 0 0 0 0 0 
0 0 0 0 0 0 0 0 0 0 0 0 
0 0 0 0 0 0 0 0 0 0 0 0 
0 0 0 0 0 0 0 0 0 0 0 0 
0 0 0 0 0 0 0 0 0 0 0 0 
0 0 0 0 0 0 0 0 0 0.2077527122377808 0 0 
0 0 0 0 0 0 0 0 0 0.2614191010690354 0 0 
0 0 0 0 0 0 0 0.7055321444338427 0.5686511843199238 0 0 0 
0 0 0 0 0 0 0 0.3444879580722509 0.266580225796644 0 0 0.3185711296559528 
0 0 0 0 0 0 0 0 0 0.1186166035372707 0.20592277656218733 0.07975358376533312 
0 0 0 0 0.022229381584076946 0 0 0 0 0.11341513164037142 0.03825087209874657 0 
0 0 0 0 0 0 0.07928498126285408 0.11423942429862335 0.11566033268742197 0 0 0 

0.18351697481452042 0.4759503680279228 0.5865402539358318 0.5396215005936115 0.424798445484193 0.46671798532981384 0.36860158782237795 0.5297730246030715 0.8997344924155867 0.5464101588763906 0.38403026708707627 0.7958923507928293 
0.08847593714651722 0.2744310384843226 0.35912123924324724 0.4425521263202641 0.320419589097905 0.34161430909791646 0.20037909707492169 0.39204564605581527 0.7478574517539632 0.5541401698013568 0 0.13695181864334488 
0 0 0 0.09514514399332727 0.32791335033734126 0.527492926391981 0.3580913796792141 0.5900373409288872 0.6901767942842176 1.0654727695648578 0.4779741382538433 0.5056647270717028 
0 0.07681672243553739 0.22108225190878755 0.18806537978394663 0.4815468346782674 0.3274179472892064 0.08030515112005704 0.6431090800617798 1.0311083608777134 1.3790582389183679 1.1274203729506755 0.5842454390525128 
0 0.21222425798147646 0.650865714451264 0.3840649197415898 0.29303812604685003 0.02840728612662083 0 0.1314045741967591 0.07337932179652736 0.8325732356102526 1.221403935417851 0.8644692923816237 
0 0.12209880676665891 0.27682481157680805 0.23771141762200962 0.22862207081367927 0.12695192703591313 0.6545543257157854 1.1025950021690265 0.4426187053055445 0.9388928499464149 1.0378957300378007 0.6067346869663597 
0 0.21804086883692547 0.6904785799340957 0.7106659035724456 0.4781926444863165 0.9495925918246213 1.5453366508822326 1.2581878608875547 0.9406968536821166 0.7022674927272382 0.8585725856118882 0.9526279665442625 
0.7368922094706868 0.8075762170215773 0.8389307799932137 0.6512485062174809 0.4864352479963223 0.9806512220079214 0.6472747764277337 0 0.7895907689584571 1.5754495225818794 1.4869517352426478 0.9537304962613334 
0.17220290114237619 0.571400794949223 0.7970261150959914 1.315134273463894 1.2618601154457514 0.9828864489691108 0.5098260732395061 0.22322595730050726 0.9286088497686356 1.3148772209121669 0.543051937581489 0.557151983105499 
0.09727662209037019 0.9499132596683435 0.9741807671605998 1.0741839908805202 0.8149373409978097 0.9322500625958716 0.6901420260775174 1.1733002033090574 0.373524227881672 0.11516836891590156 0.3054515702258922 0.7223334710179934 
0 0.07889535262907227 0.2994744296954902 0.339916178456773 0.5822427664498522 1.3526785345990409 0.4674546506797138 0.9217596633763538 0.5389800936069631 0.3927106002070665 0.621510141021488 0.5683378396225752 
0 0 0.23120506325670007 0.07015093844092274 0.36298697660664625 0.5424282718409764 0 0 0.47691739004224687 0.644596071395946 0.44242600691307404 0.4441731789754201 

0 0 0 0 0 0 0 0 0 0 0 0 
0 0 0 0 0 0 0 0 0 0 0 0 
0 0 0 0 0 0 0 0 0 0 0 0 
0 0 0 0 0 0 0 0 0 0 0 0 
0 0 0 0 0 0 0 0 0 0 0 0 
0 0 0 0 0 0 0 0 0 0 0 0 
0 0 0 0 0 0 0 0 0 0 0 0 
0 0 0 0 0 0 0 0 0 0 0 0 
0 0 0 0 0 0 0 0 0 0 0 0 
0 0 0 0 0 0 0 0 0 0 0 0 
0 0 0 0 0 0 0 0 0 0 0 0 
0 0 0 0 0 0 0 0 0 0 0 0 

0.5893742240486769 0.09242452366101549 0 0.3052576001564799 0.44462990330608004 0.43647989217115446 0.3192055412172104 0.13569026569338294 0 0.35838358360499456 0.3519841312274749 0.7705004036596821 
0.19372982585987697 0 0.2726204681053749 0.22050778793491507 0 0 0 0.18572173863752062 0.7382004610618433 0.22308479454440855 0 0.4026882712658414 
0.24351925919602727 0.14595460002531851 0.0184283047308465 0 0 0 0 0.4190381812901683 0.6407487700501452 0 0.16378450681533063 0.3708845992067594 
0.17646154451796622 0.20052961028635513 0 0.005455472365521699 0.3957146485625687 0.47086144239846267 0.22895578732614094 0.7052930835394312 0.8007181829553564 0.24986005498156189 0.1670215630917246 0.7181289130468188 
0.07633373071045668 0.20459676495966417 0.06912563757316739 0.3775346000135406 0.7601256678849969 0.441891529349472 0.33856633773093686 0.17829155343410694 0.6249689994071275 0.5554559964269906 0.6035239138492543 0.7904303770590865 
0.2816050156652264 0.3315891755620901 0.37058738341913877 0.5894241353958228 0.47810435038260735 0.04017017455360174 0.5168749749897597 0.7754184510569001 0.32347766960843105 0.3077521957911524 0.44247880497185166 0.5046850923933586 
0.49884908691999297 0.25100605101123064 0.2500076238797584 0.24233423903122714 0.38574209322483133 0.42872398240505866 0.7657361198730823 1.1830584879308297 0.9837759326825721 0 0.12384596223872467 0.3761748218860166 
1.1224174162281175 0.4277455196088198 0.3447050213375855 0.3151016171791826 0 0.4654421969163488 0.9042359227288926 0.5478309869629846 0.3486596301013587 0.1654769553474556 0 0.3911185424008074 
0.7550315833975483 0 0.456666732552777 0.4034158464174856 0.4566135817542068 0.46865998497250255 0.424259668860839 0.27929326527247356 0 0.3984230151678352 0.7289643043435674 0.35716445742996794 
0.8078935122229064 0 0.06012051207010838 0.4148241561961066 0.549522713175689 0.057457666459125964 0.056425910760902837 0.018661128820092153 0 0.3676372487043861 0.331747343037619 0.3033584410678757 
0.7000002633345096 0.6089102745679124 0.027380116224529627 0.2410228546877866 0 0.02714234864101267 0.19322449115556484 0.393031205894699 0 0 0.09882143288258788 0 
0.11978983983790988 0.41296153504847855 0.36802449500263845 0.5113577002924045 0.5712491214898542 0.39819866933305725 0.09229449804911372 0.37069341422080837 0.08112088746490671 0.34543354622780076 0.46620275973114456 0.49901472827852317 

0.570715882646172 0 0 0.32352561552652304 0.17471733847285195 0 0.20317439958105446 0 0 0.14788127487392672 0.2207125157512278 0 
0.8074251964369561 0.4357203327930425 0.11379732971008377 0.37686101853805076 0.44798212495755446 0.05812052667075744 0.1421514700648011 0 0 0.013791369593635416 0.6490549117866342 0 
1.008847893388569 0.2689435975652986 0.5739389203307549 0.5978481587832458 0 0 0 0 0 0 0 0 
1.0273893704050834 0.5222679853290533 0.5092323700349264 0.2797516616488314 0 0 0 0.3942669661863981 0 0 0 0 
1.0762472506424468 0.5389934436785897 0.14162005739243883 0 0 0 0.01269487943617573 1.41503749408767 0.8425352754057834 0 0 0 
0.7651215512232653 0.6287808959596831 0.12838248313379547 0 0 0.37455762874222487 0.5061750193434048 0.7084847174547484 0 0 0 0 
0.4730851207171735 0.4631942066316156 0 0.28172899279623326 0.47850446248250167 0.0899219923301308 0.8370351747127296 0 0 0 0.11047013302488914 0 
0.1131097864673896 0 0 0 0.2008513447647078 0.09777015561565928 0.3445097594441719 0 0 0 0 0 
0.4938549625073043 0 0 0 0 0 0.006060979615754452 0 0.5518818091729608 0.1416029494932913 0 0 
0.3180734897564761 0 0 0 0 0 0 0.32297398612149225 0.4455988378410963 0 0 0 
0.8250519862451823 0 0 0 0 0 0.13962127241967737 0 0 0 0.14349423461656383 0.7415037468430323 
1.0421884821079437 0.3607163960987897 0 0 0 0 0.47320952014262696 0.05612009075233733 0 0 0.5769079962680179 0.16140861394078698 

0 0 0 0 0 0 0 0 0 0 0 0 
0 0.12456598328784421 0.23031070262760595 0.6189533313808344 0.6795068020362721 0.5686739855009441 0.5573523258432871 0.131562763715462 0.2660815913301641 0.7213391448712889 0.8713973472282832 0 
0 0 0.33267152963936786 0.08971326222558967 0 0.0794723155907412 0.01905323895945949 0.41711998860246113 0.5734083154944204 0.4331526143991223 0.4056489731290466 0 
0 0 0.43462749331177924 0.024020521800481205 0 0 0 0.48042619073868925 0.4257072760325026 0.6614291367092857 0.05534276725526954 0 
0 0 0.043576068077073066 0 0 0 0 0.8643705560986531 0.5661812560705235 0.39035563478452273 0.41277229272632654 0 
0 0 0 0 0 0 0 1.4849980054146008 1.7095430192545253 0.7340166972305154 0.8283975307381058 0 
0 0.2803639246226395 0.041601907411145625 0.3375822655101389 0 0 0.4861564690772743 0.998942961833277 0.7974375264852142 0.8184915365433573 1.0064913770696298 0.1326864486514331 
0 0.15859016010614582 0 0 0 0 1.6050363285948697 1.9360899728840297 1.3559254755461647 1.4710846009324277 1.0029918299434812 0 
0.11105914764459762 0.7767092964830378 0.8130083735217464 0.6647888572033309 0.3866870886566938 0.9193653828848026 1.5716637968605636 1.9186317701313114 1.5682120848599999 0.782631965043351 0.6561312754081176 0 
0.5464632987967512 1.163745389589439 1.1973928804628717 0.982454975958084 0.7574848343419551 1.1051490364441383 1.1004251967315346 1.119402406404703 1.5331893740171363 0.9868774268253735 0.733812328384209 0 
0.1743667143558793 0.7540799944709226 1.022098968238295 1.7534643639174226 0.989517093046191 1.2502582999341798 0.8754953101717079 1.1381349272865207 1.045139017162378 0.8666921341389678 0.04198955021650225 0 
0.3013870810677392 0.29666764257223865 0.30791135094017696 0.619289590811293 0 0.5624229306909045 0.5490917623052817 0.5557781779657793 0 0 0 0 

0 0 0 0 0 0 0 0 0 0.005459126790267423 0 0 
0 0 0 0 0 0 0 0 0 0 0 0 
0 0 0 0 0 0 0 0 0 0 0 0 
0 0 0 0 0 0 0 0 0 0 0.5510847313406374 0.28452691418070136 
0 0 0 0 0 0 0 0 0 0 0.01556642777579996 0.21296485250407418 
0 0 0 0 0 0 0 0 0 0 0 0 
0 0 0 0.1811223762034965 0 0 0 0 0.3203258420285231 0.3527576067217305 0 0 
0 0 0 0 0 0 0 0 0 0 0 0.2704386846867727 
0 0 0 0 0 0 0 0 0 0 0 0.21151962479656153 
0 0 0 0 0 0.20206507898938064 0 0 0 0 0 0 
0 0 0 0 0 0 0 0 0 0 0 0 
0 0 0 0 0 0 0 0 0 0 0 0 

0.2231425453351759 0 0 0 0 0 0.0550651909983943 0.12062487476591308 0 0 0.11575346133437923 0 
0 0 0 0 0 0 0 0.2223249110466117 0.017663477341397137 0 0.1500510063991234 0 
0 0 0 0 0 0 0.14780190086698414 0.15445158503190157 0 0 0 0 
0.09812840340596339 0 0 0 0.12104232580646017 0.06345577586059359 0 0 0 0 0 0 
0.23735330029145568 0 0 0.11418193843562431 0 0 0 0 0.48594029763216634 0 0 0 
0.1539845470481804 0.09037433263415967 0.09321625528907293 0.10925268094110221 0 0 0.1878520834673961 0.271224881692346 0 0 0 0 
0.2112094997341074 0.1208850847302542 0 0 0 0.056792705831634704 0.74178820671487 0.4416984500292315 0 0 0 0 
0.027365028031053302 0 0 0 0 0.4418029106792946 0.579503213573173 0 0 0 0 0 
0.4397730844636222 0 0 0 0 0 0 0 0 0.0544476876015738 0 0 
0 0 0 0.12400147844173717 0 0 0 0 0 0 0 0 
0 0 0 0.07778039884798174 0 0 0.021067010353155897 0 0 0 0 0 
0.16523804511655335 0.13211442589393 0.25623486120040284 0.14951224872311708 0.23444340518917475 0.12398337556318563 0.12377965559900606 0 0 0 0.10636961594106707 0.170502637701647 

0 0 0 0 0 0 0 0 0 0 0 0 
0 0 0 0 0 0 0 0 0 0 0 0 
0 0 0 0 0 0 0 0 0 0 0 0 
0 0 0 0 0 0 0 0 0 0 0 0 
0 0 0 0 0 0 0 0 0 0 0 0 
0 0 0 0 0 0 0 0 0 0 0 0 
0 0 0 0 0 0 0 0 0 0 0 0 
0 0 0 0 0 0 0 0 0 0 0 0 
0 0 0 0 0 0 0 0 0 0 0 0 
0 0 0 0 0 0 0 0 0 0 0 0 
0 0 0 0 0 0 0 0 0 0 0 0 
0 0 0 0.0195530596548687 0 0 0 0 0 0 0 0 

0 0 0 0 0 0 0 0 0 0 0 0 
0 0 0 0 0 0 0 0 0 0 0 0 
0 0 0 0 0 0 0 0 0 0 0 0 
0 0 0 0 0 0 0 0 0 0 0 0 
0 0 0 0 0 0 0 0 0 0 0 0 
0 0 0 0 0 0 0 0 0 0 0 0 
0 0 0 0 0 0 0 0 0 0 0 0 
0 0 0 0 0 0 0 0 0 0 0 0 
0 0 0 0 0 0 0 0 0 0 0 0 
0 0 0 0 0 0 0 0 0 0 0 0 
0 0 0 0 0 0 0 0 0 0 0 0 
0 0 0 0 0 0 0 0 0 0 0 0 

0 0 0 0 0 0 0 0 0 0 0 0 
0 0 0 0 0 0 0 0 0 0 0 0 
0 0 0 0 0 0 0 0 0 0 0 0 
0 0 0 0 0 0 0 0 0 0 0 0 
0 0 0 0 0 0 0 0 0 0 0 0 
0 0 0 0 0 0 0 0 0 0 0 0 
0 0 0 0 0 0 0 0 0 0 0 0 
0 0 0 0 0 0 0 0 0 0 0 0 
0 0 0 0 0 0 0 0 0 0 0 0 
0 0 0 0 0 0 0 0 0 0 0 0 
0 0 0 0 0 0 0 0 0 0 0 0 
0 0 0 0 0 0 0 0 0 0 0 0 

