1.6241094750203002 1.1808854347164222 1.4110195336653548 1.3722973364517843 1.0610278223415646 1.3178006098882717 0.884516731613687 0.8751360441220724 0.9133843485301409 1.1328282460644306 1.2741914356483055 0.7591999216048515 
2.215307687768934 2.443794290804251 1.661116267189157 1.4362489968694339 2.2378258302616034 2.7576966267984093 1.3256077054296382 1.2053197016218835 1.5118160816258965 1.9499749080710644 1.746551177500738 1.250975986229742 
1.4382156095063228 1.4526413463302639 0.7621297651143123 1.0334477759761735 2.0936668491464268 1.6785227880876847 0.23547201496211617 0.25951976687641665 0.9374583418541358 1.3989064675289284 1.5047522872595829 1.2390414335974809 
1.4594989660181057 1.2095583828550764 0.5207948012461527 0.9184570899364947 2.089176703968413 1.2223309412610148 0.18162667743161048 0 0.453727519880576 0.9001652206589883 1.7062565422457507 1.62468852086643 
1.6302246831863456 1.4124506786818476 0.8653636808323142 2.0752363140887735 1.6197509715769742 1.0839817133817355 1.6124683561171091 0.692696013873971 0.9180952134701879 0.7463157304317001 1.2539933455821 1.637216918465079 
1.4925049276975997 1.3898732605064514 1.397674756776781 2.2883195277954838 2.4244724989030404 1.9241368463923267 0.503432774492021 1.3428306087595785 1.7875494247783963 0.34423663661021603 0.6168102055447547 1.5312562983874374 
1.3663046271027293 1.6295383577681057 0.3724589169689777 0.6299791482088735 1.341220925499402 0.8522593448332538 0.510477543708534 2.8564412296355783 2.7265166415967044 0.3267480234208516 0.5413777280572973 1.4628612935529532 
1.9039809267344836 1.3384557544127234 0 1.000519122111408 0.9099115060276481 0 0 2.8327135489312067 3.21377169164932 0.5603860185429618 0.5037492659811463 0.8721338605669321 
2.197614430627382 0.9002856786467158 0 1.9050283779975452 2.3400795602935833 0.23495285138822875 0 2.3025238322874655 2.5596450295251096 1.911348370552361 1.7339206862485874 0.0004186983868285465 
2.064748055506823 1.1372876476498401 0.80639217962643 1.242049596775545 1.5427248919376124 0.5830753892283547 0.31276123089758834 1.7814089326778462 0.8500367801206392 1.8912012748549891 2.4310325972637874 0.15634171634445584 
2.4031842104402807 1.9676243807124547 1.568791126720823 1.363966347528128 1.628789378980189 1.262706484138987 1.7157997508427525 1.0320022551594097 0.22847723860098085 1.5882928168691366 1.4605930899424346 0 
1.4085058801076116 1.3987276835373166 1.567597626881976 1.490270579582468 1.5182994101457217 1.6292312710530314 1.6901775549060833 0.5872491730504251 0.8599908092877449 2.2989530060963164 0.9109574515997884 0.29866833699416384 

0.06098406518589532 0.1071657029367474 0.8438900566815076 1.0968061137078582 0.3324343181938221 0 0.11938740466858838 0.2525426899336166 0.2276483677034108 0.2401126918821225 0.6184320708768898 0.8987680985915427 
0 0 0 0 0 0 0 0 0 0 0 0.24877579662493096 
0.38192994114955503 0.5625743890804114 1.5299213580749775 0.5306564398379827 0 0 0 0 0.0029569225783594123 0.7245284024609202 1.0124746273647707 0.9862161234427113 
0.36492365528400383 0.9940716120206013 1.4150429706320846 0 0 0 0 0.7398432642209536 0.4184878486582064 0.8357599070933968 0.9446056505122147 0.843619074247893 
0.243015837245863 0.8341643871564385 0.619857242111081 0 0 0 0 0 0 0.6722961840315301 1.1288352396762 0.8951963327821759 
0.17621122376785378 0.12472185701090865 0 0 0 0 0.2142765299044445 0.6711008283612265 0 0.4241752333857377 1.4321931589384118 0.9646933359796621 
0.21081556505446686 0.33996852290882207 0 0 0 0 0.9621436148528313 0 0 0 1.111823611078446 0.7147163033684482 
0 0 0 0 0 0 1.313116463771076 0 0 0 0.6179958906157518 0.5779824442406534 
0 0 0 0 0 0.13947224047451848 0 0 0 0 0 0.9170407718668385 
0 0 0 0 0 0.24011654498099366 0 0 0.020860768048135025 0 0 0.8192703721259247 
0 0 0 0.3639370155622981 0.2905585531160062 0.23283511562750386 0 0 0 0 0 0.6441212559942116 
0.42632159056999097 0.4154320553726968 0.43734282152314696 0.6079624971185765 0.5846775699623791 0.44164411649912694 0 0 0 0 0 0.43511554904205607 

0.3449405146737942 0 0 0 0 0.2685001244365411 0 0 0 0 0 0 
0 0 0 0.06258287168562422 0.5221010758937902 0.3050863247287794 0 0 0 0 0 0 
0 0 0.21111878149067914 1.1501107196200526 0.9079825280587743 0.21586673807597628 0 0.05901819008828604 0 0 0.03725008186296828 0.10201653750848505 
0 0 0.09299012019591155 1.7441900139739235 1.0353029221317256 0 0 0.23441925471321723 0.4959822259862182 0.3180297301609432 0.16698327739897717 0.17428335287532856 
0 0.30314295605001984 0.45638720050976683 1.134050338743063 0.7602827773637377 0 0 0.5233345250842472 0.9413396552833055 0.5448878204648157 0.17158722212257585 0.2653540581833211 
0 0 0.5257029153123565 0.6176945347829522 0.46249637786420705 0.3161211388566458 0.854977979730008 1.0985890612852078 1.549380331308764 0.5138342690666081 0.42540962457011816 0.2972423965887131 
0 0.31123976300902106 0.012410338966899553 0.1533603850355505 0 0 0.2706267519138963 0.9542716491966041 1.2656959583615754 0.614739202624106 0.40974390837380925 0.2547768814720624 
0.0077650941549638475 0.46170530053716896 0.11411628599481616 0 0.05605980416538171 0.531518142494986 0.1950305397220435 2.0167129761451514 1.225224475110416 0.4654061193542659 0.7135713357753054 0.2773077583354166 
0 0.3914870940149373 0.4292983528668507 0.47024604454310026 0.05764560820863587 0.6021316361953126 1.4871167936825687 1.724695944297387 0.8883794691298755 0.5781242955137116 0.5869325112902097 0.07525782469627937 
0.05569108864601538 0.0011695870211490059 0 0 0 0.9865579322353732 1.6776629192086492 1.3491360667698034 0.03939886091892397 0 0.1836919590573521 0 
0 0 0.023573855137728725 0 0 0.016045627768656055 0.35905865332438813 0.5268575141356102 0 0 0 0 
0.023133338746510707 0.07893511614754561 0.050466664314256844 0.0038463879976800286 0 0.053301126621892646 0.15687928124784772 0.6478540006303051 0.7561604556615813 0.7568200656566357 0.9242424875575813 0.07869363534071898 

0 0 0.26592329293816663 1.1498033826175362 1.4451095291412195 0.6515658446182861 0.1589762844877701 0.46817524243484027 0.25543984838717826 0.07623470444072726 0.1895531381480307 0.6149751596730044 
0 0 0 0 0 0 0 0 0 0 0 0 
0 0 0 0 0 0.2735282874666749 0 0 0.38488163117422086 0.16294072301217352 0.17943790467524304 0.27580061311591064 
0 0 0 0 0 1.2769249044754893 3.4239032286608 1.884898623200373 0.8940770725274381 0 0.048543674097595045 0.258180236322914 
0 0 0 0 0 0 1.1724944068347687 0.891463585572101 1.181872792975249 0.1282010204362825 0.22050234351156106 0.3445338008401267 
0 0 0 0 0 0 0 0.9560126957446742 2.211677878032598 0.7722486578485641 0 0.47444909947625286 
0 0 0 0 0 0 0 0.3518072574931308 1.386599351871669 1.2516894729555863 0 0.3958869999005732 
0 0 0 0 0 0 0 0 0.05416273982844336 0.6433739696849117 0 0 
0 0 0 0 0 0 0 0 0 0 0 0 
0 0 0 0 0 0 0 0 0 0 0 0 
0 0 0 0 0.26274255998602813 0 0 0 0 0 0.04650201980945015 0 
0 0 0.048098474258902735 0.01942803727325943 0.05884903833827044 0 0.07750833145404727 0 0 0 0 0 

0.7978249373944781 0.0268169811992492 0 0.4937089782962705 2.050855677670681 1.6929007270560086 0.4744847020913154 0.7392806014020177 0.7545179879079948 0.605395865747267 0.33206947416677385 0.6100675389583169 
0.33137374900971334 0 0 0.1945423831900165 0.8373618883060753 0.7783926241481138 0.17424165428579788 0.13639331336995839 0 0 0 0.5692603896557147 
1.0061672284094514 0.3386556754672231 0.26897710751427173 1.7614378216410793 1.2915765385235956 1.1787797991029647 1.2583145780288616 0.7880005218668834 0.5715893706552284 0.6187108920809081 0.9160143595436464 1.2746719995412956 
1.0065077663348203 0.27999913738438686 0.7570312456474829 2.186089390166742 1.0065767153826521 0.5731281636004849 0.49681127102159606 0.3921133986895942 0.8835566625352067 0.6505470242706145 0.7573026916796242 1.1905659906445776 
0.853552201094131 0 0.38894173360792805 1.0053054484896107 0 0 0.16381695856764827 1.6514383809038538 1.6173348656426463 1.0320020859385626 0.6058827493479558 1.3287689881110807 
0.8271450720244802 0.045275617229780026 0.5502743245869941 0.5138639766516298 0 0 0 1.0075612805375311 2.1639575964901763 1.0224871476867028 0.29336776653836266 1.5044597551020522 
0.9266208184608731 0.8012382140323998 1.136843601926564 1.1805805461261116 0.5766479487850766 0 0 1.1626574531083838 2.2456425489819365 0.8167237028465879 0.337710117895198 1.33619040356335 
0.7682221620522725 0.9766579520069744 0.361459015805348 0 0.3609850378957013 0 0 1.5078888333906566 0.899783107017369 0.3415619157064048 1.4195539335824252 0.9555728160286558 
0.96435001571944 0.8581812190155819 0 0 0 0 0.29667011108315666 0.48205313279553114 0 0.20194829604869455 0.5455799725223788 0.38744314228879373 
0.5944551809669177 0.24204996840360618 0 0 0.44764964846150074 0 0.06634870616405325 0 0 1.3619570992414538 0.670200427807937 0 
0.40709307883936086 0 0 0.5074459687547197 0.8556148265395856 0.3758589521353381 0.8294699448605376 0 0 1.2168457982559948 0.7385190420717076 0.7588826274905898 
0.8682535071183611 0.7118658641960818 0.8057663671531301 0.8142715056904746 0.9764412411100168 0.7714435586610005 0.9382950535730391 0 0 0 0 0.49390287093260044 

0.7120441547426772 0 0 0 0.283840998801016 0.15180101799621898 0 0 0 0.061200952215593525 0 0 
0 0 0 0 0 0 0 0 0 0 0 0 
0 0 0 0 0 0.8150703387820345 0.04501809473114185 0 0 0 0 0 
0 0 0 0 0 0 0 0.4756176130258905 0 0 0 0 
0 0 0 0 0 0 0 0 0 0 0 0 
0 0 0 0.19912798977203439 0 0 0 0 0 0 0 0 
0 0 0 0.1859154736306908 0 0 0 0 0 0 0 0 
0.26350315192361623 0 0 0 0 0 0 0 0 0 0 0 
0.043409410599765774 0 0 0 0 0 0 0 0 0 0 0 
0 0 0 0 0 0 0 0 0 0 0 0 
0 0 0 0 0 0 0 0 0 0 0 0 
0 0 0 0 0 0 0 0 0 0 0 0 

1.080940922121434 1.202765306958148 0 0 0 0 0.5786122205203981 0.1888466240279616 0.2490688799357566 0.5032063927584467 0.0429705951323171 0 
0 0 0 0 0 0 0 0 0 0 0 0 
0.21875792506169947 0 0 0 0 0 0 0 0 0 0 0 
0.42815559034118933 0.2182290263220833 0 0 0 0 0 0 0 0 0 0 
0.46393291661048286 0.546016263603917 0 0 0 0 0 0 0 0 0 0 
0.22289733107990994 0.3349471752799716 0 0 0 0 0 0 0 0 0 0 
0.48248751098071196 0.6444633116521261 0 0 0 0 0 0 0 0 0 0 
1.001569866757093 0.2125699514085812 0 0 0 0 0 0 0 0 0 0 
0.6588132046449138 0 0.24239810097584205 0 0 0.8453731186121561 0 0 0 0 0 0 
0.5774823994769015 0 0 0.12507277303611739 0.07483125970450864 1.0076300886828664 0.7812146600835038 0 0 0 0 0 
0 0 0.040329655734022786 0.3138201455641879 0.128740659089509 0.1517926639665419 0.19020242178479238 0.06823231797613596 0 0 0 0 
0.2003728350454142 0.15241599650372872 0.13180174699645322 0.3438847926380342 0.09569057970890647 0.14070985002395908 0.27365611937333595 0.977297996352074 0 0 0 0 

2.3423265909634514 2.482067591013326 2.8374409594158334 3.290420189771804 2.793838172471922 1.987223373880671 1.8826132946205794 2.0514498310019644 2.2585585690129526 2.3694479678047164 2.511967146115522 2.3264333362372884 
0.6832633310697128 1.7129728745984045 1.8551336178068072 1.4868327247309254 1.1096077582568777 1.3562128089885659 1.2729770628879942 1.3035811833380042 1.6096429345365757 1.8845564958661436 2.3152126737251977 2.569830491663104 
1.7459372849212929 2.012200660829957 1.9650895583580303 0.7403806309835439 0.507555155403344 1.0924622458271411 1.3786612714400617 1.3754491703193994 2.182482414688354 2.500590510298728 2.4745611273870263 2.206464441125479 
1.7656140840483887 1.617303271105514 1.4855779632063282 0.6285663342253518 0.9409673732703752 2.1333419671326266 3.2225030430291213 2.9619544964861975 2.145639024746806 2.1140959956090493 2.3212309452235034 2.3725633937655757 
1.8189587316025833 1.7414352014193768 0.9991555831504133 0.06231660029515257 0 1.377247202760178 2.7621831274626114 3.1692410146055234 2.222676770691906 1.864913222638249 2.1337110845054803 2.3894642983187047 
1.5900589843005342 0.9316402769849748 0.6724786271300763 0.6497617534726676 0.3118992099869215 1.7250402465909078 2.880951626665576 2.71823166946344 2.0119034473116533 2.022913753790921 2.1667132801610345 2.2625973865057225 
1.279609901543111 0.9083226487056045 0.8888786723677473 0.7585894141585076 1.1240242333381338 0.8645933847737484 1.8895837723251605 2.5699457217950936 2.5714287907718014 1.7926047659526834 2.1254717117532334 2.0436344421757875 
1.352557582686896 0 0 0.5291390941322404 1.3401829083586654 0.6969395572413373 0.8172492798969014 0.9530250143228616 2.3594496128619777 1.9376579915217653 1.2585427049670406 1.8174996776867505 
0.39671996928763387 0 0.6592638648344503 1.225995734329044 1.219490327606998 0.519539723091397 0 0 1.7164811945180123 2.176109178511784 1.794397236870645 2.184895604214289 
1.1713136782743756 0.9565840014932973 1.4068676572348473 2.0584633164206116 1.972002244692926 0.8050699421101548 0 0.31219302904042334 1.9061834005266267 1.9300120238768503 1.9951321893956229 2.6029165957412044 
0.9033450459784894 1.673205318188852 2.3830385660807174 2.1360394769557676 1.9568986520617526 1.46079811425694 0.7485767425494503 0.4849603914937852 0.44068898548666324 0.9549347023996239 1.5375698604875587 2.3365939272542833 
1.7848276015370232 1.9392297212209382 1.9707947126617698 1.9981521495089358 1.898099671618758 1.8121125700608047 1.0827609301241552 0.6811209116232206 0.3736030913361198 1.0547873416579603 1.2541498845402153 1.478884674850123 

0 0 0 0 0 0 0 0 0 0 0 0 
0 0 0 0 0 0 0 0 0 0 0 0 
0 0 0 0 0 0 0 0 0 0 0 0 
0 0 0 0 0 0 0 0 0 0 0 0 
0 0 0 0 0 0 0 0 0 0 0 0 
0 0 0 0 0 0 0 0 0 0 0 0 
0 0 0 0 0 0 0 0 0 0 0 0 
0 0 0 0 0 0 0 0 0 0 0 0 
0 0 0 0 0 0 0 0 0 0 0 0 
0 0 0 0 0 0 0 0 0 0 0 0 
0 0 0 0 0 0 0 0 0 0 0 0 
0 0 0 0 0 0 0 0 0 0 0 0 

0.3165641847159888 0 0.639299809383968 0.2905278048411754 0.1592282517003068 0.3337718040833317 0 0 0 0.039129019290512566 0.2163226893556892 0 
0.936939246918856 0.7551163175339299 1.1471014247398323 0 0 0 0 0 0 0.5877464300181232 0.8400462612953541 0 
0.3773514951639592 1.173109954227701 0.7488344758545955 0 0 0 0 0 0 0.47356584815319336 0.9498788276585471 0.33651543374687165 
0.28474509728341046 0.7935644530303592 0 0 0 0 0.5449331412017706 1.4792401286108299 0.7165146097460818 0.2960516764945902 0.7540418866447238 0.20820003195396075 
0.5021665455583395 1.0779136783639762 0 0 0 0 0 0.17533732526305343 0.3966897927138366 0 0.6165436945083135 0.1515126007697345 
0.7052718604672625 1.0332671323225324 0 0 0 0 0 0 0 0.22728929248969565 0.13325116083812 0 
0.37825467675876756 0.12110708051476393 0 0 0 0.02508684741005196 0 0 0 0 0.12872126872612955 0 
0.44348337253320513 0 0 0 0 0.3364503092900979 0 0 0 0 0 0 
0.17287933135179945 0 0 0 0 0 0 0 0 0 0 0 
0.623479845663888 0 0 0 0 0.6500675662356897 0 0 0 0 0.15944249896211019 0 
0.7911697516875236 0 0 0.2814402563646545 0.5701106994079215 0.8939527248081347 0.12552907168082 0 0 0 0 0 
0.39916980620164905 0.11485236186388817 0.2445932694540864 0.45689537234411487 0.4001643787967504 0.19693344146810293 0.30613440981669326 0.26404664619108875 0 0 0 0 

1.134708849135135 0.9851292378328343 0.13217981593327 0.1635721230321794 0.08037082183577143 0 0.8839916885442263 0.8872456032273199 0.7590180372422319 0.6924116255804827 0.1356746341722381 0.46820575658011365 
0 0 0 0 0 0 0 0 0 0 0 0 
0.2660548419609748 0 0.2992952408205263 0 0 0 0 0.24107489344132513 0.05045030203074757 0.18766931857735006 0 0.2658041445970375 
0.24722828384346815 0 0.73495772303574 0 0 0.8683579338785002 0 0 0 0.33616864341558156 0 0.0027861484627266864 
0.28527733920892767 0 0 0 0 0 0 0 0 0.5053826455633175 0.48476847714794363 0.023616148969552858 
0.13021039012698268 0 0.5013121839189926 0 0 0 0 0 0 0 0.37401205112375735 0.1530745923545532 
0 0.49345700820868965 0.7732140782283619 0 0 0 0 0 0 0 0.11214655525184089 0.4657057148735204 
0.17441420805344113 0.17679990604990117 0 0 0 0 0 0 0 0 0 0.8165917035862207 
0.474113522134052 0 0 0 0 0 0 0 0 0 0 0.5909069269655662 
0 0 0 0 0 0 0 0 0 0 0 0.15799017655281378 
0 0 0 0 0.03321599393529784 0 0 0 0 0 0 0.4114760493186391 
0.11386815855707984 0.010566174522635871 0.14367438313039477 0.25973232435432286 0 0.024131143731025963 0 0 0 0 0 0.08848920445295608 

0 0 0 0.30991437815522 0 0 0 0 0 0 0 0 
1.1668743438957032 2.447103200536702 4.016724519824956 4.4907347303958165 2.7865184129869363 0.7371357116123605 0.7754410479281503 0.8827929245116248 1.3757826983767971 1.866228371454803 2.5095678244078488 2.139254448238917 
0.36817050616952546 1.7102120824371476 3.0343207865610005 2.3723893263794205 0.4717193362860209 0 0 0 0.7875207255318558 1.482491241142726 1.8242688354378704 1.3595203056184861 
0.040758445494044074 1.0224657738540606 2.1785425771762803 0.28800678789512196 0 0 0 0 0.2604764711853433 1.881677374310649 2.370778367524775 1.6166896252779368 
0.20404651291307246 1.1178792630409722 1.1967271559115802 0 0 0 1.2858445069329232 1.9853858891095952 1.3818366416925076 1.540981990512092 2.5676040455513007 1.8702482269804575 
0.5733824352777183 1.6010708125158803 2.1460397705647347 0.3813284823322065 0 1.3882620725984147 3.0730956490634407 1.664815326631072 0 0.368424570011758 2.0646283356499144 1.8047507613592184 
0.07544737363969983 0.19090821970896094 0.41229544139562 0 0 2.0134471890027923 4.672424176468237 3.1781216295845454 0 0.30924309184462384 2.4112316731616787 1.7371623297684882 
0 0 0 0 0 1.5920630537572669 4.9469525719642 3.047740278205536 0.5314144353078805 0.13721151340939913 1.001462095177149 1.3311689340032673 
0 0 0 0 0 2.304049303607094 2.8616209203436473 2.089544699493816 1.9354380964158344 1.035523853881732 0.3294940968476153 0.6262233527244004 
0 0 0 0.7585103603990475 0.6306338903346101 0.7916354190046727 0.6907866393922325 0.7042099890856448 1.8214571688778345 1.004002895929823 0.8390302592177266 1.649629684122498 
0.682280580541668 0.9436774427290144 1.0034933856329857 0.5695457063705058 0.379620752167292 0.4273402160482571 0.009582358341868075 0.7582814624303662 1.706824256372826 0.005775648876309436 0.8187237618929115 1.7659472988372724 
0.6089421172990086 0.6371568426858103 0.4503882004762479 0.33671479135177745 0.30182140734218044 0.00592866730929318 0 0.5933152955174733 0.9252205627348855 0 0 0.6093571287960405 

1.1447678242101025 1.2578212272379152 1.396699850588542 1.3505425109504101 0.7628001197258458 0.7276678475730538 1.1634469497470392 0.9519532970883016 0.5724255431846108 0.713469343831086 0.6186819908532164 0.299917102866647 
0 0 0 0 0 0 0 0 0 0 0 0 
0.6283265710011503 0.8087365586493335 1.1673530366450016 0.671055348337751 1.008918770399875 0.7785921039925245 0 0.054933075632866396 0.12101944218775058 0.25989120396566123 0.508662261788981 0.4772263166839651 
0.7735756454929085 1.276885177165523 1.3368495979466413 1.3337156937428787 1.6768203532988784 1.9344034991617973 1.8766874933941415 0.6878214240230706 0.06801307240828523 0.2616738875223628 0.5162886279543796 0.41327878779788985 
0.5902149278487844 0.46121526702707466 0.7792409081822717 0.5801709480739017 0 0 0 0 0 0.6860321152294865 0.4805403952440822 0.4417417471271784 
0.6765869099996498 1.0382169978067322 0.7265340899929533 0 0 0 0 0.8481552924178148 0.6859538999116728 0 0.276653753849874 0.42156030225317603 
1.405249717254316 2.0568502021515647 0.8997034024254745 0.35154566665026904 0 0 0 0.32022229336421204 0 0 0.25832938848015186 0.2696342573322523 
1.9745713412780965 1.0746262374963567 0 0 0 0 0 0 0 0 0.2658654535635237 0 
1.9481773054078362 0 0 0 0 0 0 0 0 0 0.2320615642956241 0 
0.773182711473501 0 0 0 0.13140966380897184 0.28172221183119445 0.6545941384024527 0.550847006229488 0 0 0 0 
0 0 0 0.22418266383009539 0.8381842739878562 0.7378563699298972 0.5152529516963409 0 0 0 0 0 
0.29266772597211 0.27309870158170424 0.546978931756789 0.5483100759179218 0.3499165395074489 0.16921454726970786 0.34274160116315044 0 0 0 0 0 

0.7244997696947837 1.0012648226845444 0.35196567834909565 0 0 0.9988467690844803 0.4983173610216219 0.25727301693164767 0.5659796578777174 0.5048793649352978 0 0 
0 0.2537606412859455 0.1870164995510765 0 0.2596924662577862 1.4580524346299968 0.6769092373563284 0.8982002858609616 0.24390201129538874 0 0 0 
0 0.48675775361290674 0 0 0.5107094112886672 1.2647735501811657 1.8389032570531951 0.7788882044195335 0 0 0 0 
0 0.5011166663565175 0 1.4138629427425078 1.8591295033560697 1.2266871927928504 1.1619674018452275 0.14020241141473552 0.5901820964726626 0 0 0 
0 0.4138076603493838 0 0.45733677611457973 3.754071642012356 1.4150798867341228 0.5887355649449151 0.5575619840782211 0.6591336347071798 0 0 0 
0.04284048941337934 0.35033535890703027 0 0.45363770005671106 1.4572270277602157 0.6407695431648612 0.33167943178018233 0 0 0.8578572037657375 0 0 
0.4284055098218361 0.7409037587338745 1.0006182474401368 1.512546034007756 0.23143419161184547 1.783571268836783 0 0 0.2916970325505622 1.1727361604919297 0 0 
0.8907260126878959 0.4333354122378493 1.2124226193199452 1.9693094321145868 3.4506872187305064 2.818227704810129 0 0 0.7394078645392154 1.0997781537247964 0.1525355751835456 0 
0.3120617733933544 1.494436561867419 2.2622509997216014 1.237494682317062 0.8902121306706468 0.6328614829056858 0 0.11922903062553442 0.15541871633206225 0 0.9185774154584797 0 
0.18874108429211847 1.5836822656165643 1.5973455278581612 0.6523868862303711 0.11836088571520831 1.1766139295178317 0.7335119953641063 1.8387126496824504 0 0 0.5068750702480584 0 
0 0.3585289616071927 0.2045973151867773 0 0 0.1519655210677799 0.45088836988179515 1.4999705016069378 0.4631281790623225 0.2243201694158434 1.1503081370201969 0 
0 0 0 0 0 0 0.6286640570014898 1.1691339487508747 0.475623313800156 0.9981521800510059 1.6135566053295658 0 

0 0 0 0 0 0 0 0 0 0 0 0 
0 0 0 0 0.7308337070184895 0.46453370594209836 0 0 0 0 0 0 
0 0 0 0 1.1988465168997005 0.15314218186004744 0 0 0 0 0 0 
0 0 0 0 0.4972634905439113 0 0 0 0 0 0 0.2608673223361006 
0 0 0 0.7450326159468177 0 0 0 0 0 0 0 0.30009761581021327 
0 0 0 0.8688768344985212 0.3728383785069387 0 0 1.2706933329868022 0.6785215789155667 0 0 0.336899345617101 
0 0 0 0 0 0 0 1.4828037895302495 1.3803204325971428 0 0 0.3371292601510111 
0 0 0 0 0 0 0 1.1956626330775666 1.9408828079707534 0.13044817153465735 0 0.08262735813374635 
0 0 0 0.5356887977082684 0.5388409670187163 0 0 1.1703077795260093 1.4334365456861933 0.7909290094083821 0 0 
0 0 0 0 0 0 0 0.6086771771524624 0.06251079462273734 0.5711750478936777 0 0 
0 0.09539336737951963 0 0 0 0 0 0 0 0.3602116537023166 0 0 
0 0 0 0 0 0 0 0 0 0.6698030490335899 0 0 

0.36857594862286486 0.28816741777275107 0 0 0 1.0938727761072147 0.4264660740502104 0.120274721645101 0.36025895074081543 0.43177671796194683 0 0 
0.6542190339608013 0.39767221733724484 0 0 0 1.1085128276525489 0.4146508238476549 0.2971659775894306 0.29602849423921895 0.2708206892487447 0.21695820960634085 0 
0.2536359673665009 0 0 0 0 0.36510440951947143 1.3619919124553284 0.37452561339161056 0 0 0 0 
0.2483832830492828 0 0 0 0 0 0 0 0 0 0 0 
0.24800260088771825 0 0 0 0 0 0 0 0.6117400214073413 0 0 0 
0.24458740349705474 0 0 0 0.13883615154149534 0 0 0 0.26137500510972106 0 0 0 
0.2805325132313557 0 0 0.3163356489678268 1.0485570019812214 0 0 0 0 0.09671419556950288 0 0 
0.14260916290390835 0 0 0 0.8479338702356416 0 0 0 0 0 0 0 
0.12393999954009383 0.2240597289802897 0 0 0.20929940722159257 0 0 0 0 0 0 0 
0 0 0.48020825665866357 0.22757249367650886 0.1630589991374994 0 0 0 0 0 0.22632255286611913 0 
0 0 0.3241244837406618 0.07228513155111367 0 0 0 0 0 0 0 0 
0.033651301007045255 0 0.08829539998942468 0.0699538473808154 0 0 0.05689420128940327 0 0 0 0 0 

0 0 0 0 0 0 0 0 0 0 0 0 
0 0 0 0 0 0 0 0 0 0 0 0 
0 0 0 0 0 0 0 0 0 0 0 0 
0 0 0 0 0 0 0 0 0 0 0 0 
0 0 0 0 0 0 0 0 0 0 0 0 
0 0 0 0 0 0 0 0 0 0 0 0 
0.12460243902140722 0 0 0 0 0 0 0 0 0 0 0 
0.19746864493541194 0 0 0 0 0 0 0 0 0 0 0 
0 0 0 0 0.38273752758179747 0 0 0 0 0 0 0 
0 0 0 0 0 0 0 0 0 0 0 0 
0 0 0.01882075265452041 0 0 0 0 0 0 0 0 0 
0 0 0 0 0 0 0 0 0 0 0 0 

0 0 0.24256137028492156 0 0 0 0 0 0 0 0 0 
0 0 1.6254422124721541 1.0361866894282545 0 0 0 0 0 0 0.44703000689851935 0 
0 0.794132287602224 1.6844947179155092 1.4415397819995213 0 0 0 0 0 0 0.5451624635790282 0 
0.10972103152679323 1.870177686596093 0.9193827372365818 0.4108189592949729 0.2676316295551603 0 0 0 0 0 0.3413528630856193 0 
0.12412357162870005 2.7939084258013724 1.4702472666152444 0 1.7802865400574446 0 0 0 0.4740712181437326 0 0 0 
0.1430157266271049 2.3772696147944665 0.6395642796839724 0 2.0231985367014027 1.9719266289562416 0.743140797622965 0 0 0 0.239220965254377 0 
0.5911632787477256 2.0725572501247487 0 0 0 1.7136019463620076 1.2010892170138896 0 0 0.02180946936032724 0.1883042432197967 0 
1.1696830341978273 1.831879643241068 0 0 0 3.276686766403716 1.902733546747262 0.007634451499135657 0 0.5521979929391363 0.5579372303050735 0 
1.0617287028452844 0 0 0.37112976911722734 0.25164604405777874 4.197169184749327 3.1527269412663146 0.05201696495300166 0 0.14204361923263095 1.017438934774329 0 
0.7874331305536046 0 0 0.2565255298957832 0.24264264502608335 2.670262383354077 2.2582194946214535 0.9949341955179659 0 0 0.5155310293478488 0 
0.6642668998683445 0.05097675347939479 0.15779116141553065 0.35240538894701356 0.10737662384567999 0.7849826441349969 0.32177361389798953 1.5809311132883366 0.4946087856518279 0 0 0 
0.23483322330749035 0.2679824997239597 0.14548160151429387 0.28684095224633266 0.4468178779990965 0.5029897851000302 0.1708020096315475 1.775540429188938 1.7440302883911645 0.3302992558950464 1.848944245556252 0 

0 0.030741197375250252 1.483735463123797 1.960715212028629 0.3441752399414039 0 0 0 0 0 0.4516857809896333 0 
0 0 0.8014175994321547 0.3803631379665515 0 0 0 0 0 0 0 0 
0 0.3168781178624628 0.8359827492771864 0.18523145191091303 0 0 0 0 0 0.1190878562325463 0.4670670173178216 0 
0 0.7617862955971579 0.7454628661009431 0 0.5516137983248847 1.1143025676949587 0 0 0 0 0.6056369799269871 0 
0 0.7458024213389347 0.5044704556794143 0 0.613894222182782 0.7167953133442042 1.5403002667250285 0 0 0 0.7887335922027688 0 
0 0.4538190869093886 0 0 0.401946746580624 0.8577548283236828 2.386738799973055 0.995274260948017 0 0 0.7571037885402431 0 
0 0.2590529050130407 0.7066732098953679 0.013603715246136131 0 2.0392091521355526 3.2231541422876866 1.782586847857905 0.6560785642061816 0 0.4556067779374949 0 
0 0.3237512387657343 0.21226625704989105 0 0 1.4829579985380636 2.26135714489392 1.7445954518229434 1.2572749518224784 0.13135986767853025 0 0 
0 0 0 0 0 0.5718761041457966 0.10312433351174652 1.4822594496137398 1.7610404806261113 0 0.4816430307402193 0 
0 0 0 0 0 0 0 0.7966135477313174 1.9270512044618557 0.339832027317074 1.2947435084896664 0 
0 0 0 0 0 0 0 0.6647511822985626 0.8251101393393157 0.2277183106874259 1.4565724067226933 0 
0 0 0 0 0 0 0 0 0 0 0.6150123583110344 0 

0 0 0 0 0 0 0 0 0 0 0 0 
0.3764735085165971 0.4561742217580553 0 0 0 0 0.31989844289784497 0.5125400381333269 0.2089906923339474 0 0 0 
0 0 0 0 0 0 0 0.23895018064043622 0 0 0 0 
0 0 0 0 0 1.3304247736965336 0.8392561311165656 0.8160657832240957 0 0 0 0 
0 0 0.3819523619149799 0.34418678943616543 1.3481049564166905 2.5399099660701605 1.7632441170928268 0 0 0 0 0 
0 0 0 0.3787446590088528 0.30068057088368383 1.0242753097959598 1.2222959843331973 0 0 0.11154742497621169 0 0 
0 0 1.016275132898087 0.10806347590086807 0 1.7570471183305787 0.44371706737205713 0 0 0 0 0 
0 0.4242347106318546 1.8177542807470226 0.7453285237146874 1.1491317556222387 1.3735555056162678 0.07578580102210308 0 0 0 0 0 
0 1.6821575759352134 1.9269546920995853 1.4015678272023842 0.6207030027231818 0 0.27066485065676427 0.4940725278235769 0 0 0 0 
0.9863618648833887 2.309225992369808 0.9829459973047169 0 0 0 0.5618805052590805 0.7392455732254438 0 0 0 0 
0.8068513621256543 0.05955037228286954 0 0 0 0 0.5169406249874946 0.7392119331310582 0 0 0 0 
0 0 0 0 0 0 0.5589762825291059 0.8238291697169654 0.556138556769429 0.23138589260451586 0.16394358816691476 0 

0 0 0 0 0 0 0 0 0 0 0 0 
0.224420517614548 0.8476096601164483 0 0 0 0 0 0 0.05629281047759007 0.23436100967727552 0 0 
0 0 0 0 0 0 0 0 0 0 0 0 
0 0 0 0 0 0 0 0 0 0 0 0 
0 0 0 0 0 0 0 0 0 0 0 0 
0 0 0 0 0 0 0 0 0 0 0 0 
0 0 0 0 0 0 0 0 0 0 0 0 
0 0 0 0 0 0 0 0 0 0 0 0 
0 0 0 0 0.5268735006225033 0 0 0 0 0 0 0 
0 0 0.40331463031368 0 0 0 0 0 0 0 0 0 
0 0 0 0 0 0 0 0 0 0 0 0 
0 0 0 0 0 0 0 0 0 0 0 0 

0 0 0.13132684634614003 0.7986371894842536 0.7987463926611049 0.01769458232536459 0 0 0 0 0 0 
0 0 0 0 0.16484908846623406 0 0 0 0 0 0 0 
0 0 0 0.27651047682473184 0 0 0 0 0 0 0.10511554800106765 0 
0 0 0 0.27213273527325343 0 0 0.9426047466329541 0.7030004720775423 0.2177785364548344 0 0.10850414716551023 0.010312869327605443 
0 0 0.1481825137399217 0.7383645859261362 0.5052249170449312 0.14806161638946364 1.5882213333288855 1.8504930483195978 0.5396318638759473 0 0.08607612835684843 0.11318073205701042 
0 0 0 0.37367114633453824 0.178974602443141 0.493617533904704 1.5475835143395225 1.648186030686211 1.3469914305289326 0.45775312383869526 0.05148188730162121 0.17995187627976897 
0 0 0 0 0 0 0.8032199596641931 1.7995983669705529 1.3917823498518804 0.7739966413691591 0.009814411218581585 0.05310094302971208 
0 0 0.2701967097066946 0 0 0 0 1.482403046218124 1.9357868872538178 0.3580963202369238 0 0 
0 0 0 0 0 0 0 0 0.7869997390626344 0.5779228504947821 0.3585689637264023 0 
0 0.27421574061343434 0 0 0 0 0 0 0 0.12200088891142633 0.623120628179605 0 
0 0 0 0 0 0 0 0 0 0 0.054843873619382595 0 
0 0 0 0 0 0 0.0052940837247954925 0 0 0 0.03755170083264654 0 

0.11150211992462855 0.5114436634808843 0.3224958148872931 0.7373850780777245 1.5048842137641607 1.14690876240596 0.7397882311193095 0.6225884998616299 0.6555240277437923 0.6244448152274306 0.3054484676115666 0.7955460274759466 
0 0 0 0 0.22289356926760062 0.7064789933519243 0 0 0 0.08581997134254818 0 0.053988207803050546 
0.27580954833685417 0 0 0 0 1.2813375873878894 1.1107316734173966 0.5653856463718313 0.3226318285126185 0.10410829935767359 0 0.34065206458500297 
0.2641766189353049 0 0 0 0 1.8627647166378558 2.54732413408419 1.5520584584277692 0.3977827755853616 0 0 0.34607767545063595 
0.24864210399330758 0 0 0 0 0 0.5146293888042052 1.5819674419147036 1.1840545350745013 0 0 0.38421221433303115 
0.5262100987031807 0 0 0.002272276049003874 0 0 0 1.167058173060742 1.3199588065816352 0 0 0.34979683382469084 
0.6245874489098868 0 0 1.5669141134989337 0.009032940342475981 0 0 0 1.3378018824378135 0.8548449133081575 0 0.15451064523748415 
0.6081628856439003 0 0 0 0.38251522388394804 0 0 0 0 0.6875082439491401 0 0 
0.3737380210215535 0 0 0 0.8440051623436245 0 0 0 0 0.26294522622095917 0 0.21738759122461276 
0 0 0.5039306304590869 0.06968448132471003 0.5064109740155032 0 0 0 0 0.642052537821189 0 0.34194918396293 
0 0 0.5593762110939671 0.47921571602178853 0.46190437432792764 0.5101512706918014 0 0 0 0.09898649719322448 0 0.3372525299583984 
0 0.21269789797388486 0.3847947459631904 0.3496614192432466 0.1732389506357506 0.20553797776817748 0.19617935299321523 0 0 0 0 0 

0 0 0 0 0 0 0 0 0 0 0 0 
0 0 0.18406439069067337 1.2449397231334054 0.46857739306487134 0 0 0 0 0 0.11585629166522382 0 
0 0 0 0.39782639512277906 0 0 0 0 0 0 0.11718545630313479 0 
0 0 0 0 0 0 1.4847964682315349 0.33325740076026505 0.2589145327064117 0 0.33429594920149786 0 
0 0 0 0 0 0 1.481241835843336 1.8409178206105048 1.6579231497352338 0 0.27740501991283184 0 
0 0 0 0 0 0 1.4506065137629607 1.7586740541091168 1.684894816031441 1.115444885828355 0 0.12929114894782737 
0 0 0 0 0 0 0.33840374646063165 1.7954632814785878 1.1729186495606567 0.8591645335450441 0.15748503421379362 0 
0 0 0 0 0 0 0.13566493712765043 1.1977913004840834 1.1525580170759002 0.44138292489849673 0.3113394318531306 0 
0 0 0 0 0 0 0 0 0.10949349050661328 0.23064731740220257 0.7371285749043761 0 
0 0 0 0 0 0 0 0 0 0 0.7225477280743559 0 
0 0 0 0 0 0 0 0 0 0 0.7455108941228306 0 
0 0 0 0 0 0 0 0 0 0 0 0 

0.8352364519402189 0.36053379402328656 0 0 0 0 0.27244362940758937 0.19177628395262325 0 0.17025789077366565 0 0.5153773834451252 
0.27449386895080286 0 0 0 0 0 0.8762718440444114 0.087833581508077 0 0 0 0.6007184260382183 
0.6010560768382972 0 0 0 0 0 0 0 0 0 0 0 
0.6439492733658602 0 0 0 0 0 0 0 0 0 0 0 
0.4772777273549614 0 0 0 0 0 0 0 0 0 0 0 
0.49299490941512064 0 0 0 0 0 0 0 0 0 0 0 
1.0642157276827893 0 0 0 0 0 0 0 0 0 0 0 
1.2318073786213994 0 0 0 0 0 0 0 0 0 0 0 
0.6780398520888765 0 0 0 0 0 0 0 0 0 0 0 
0 0.13872895607116445 0.283939513717643 0.8068573875440096 0.6870513573216432 0 0 0 0 0 0 0 
0 0.45965364428173944 0.6062595293658509 0.5652197130547079 0.2968479347192907 0.2240593965675121 0.370594548670084 0 0 0 0 0 
0.3526177534672388 0.34726412896330777 0.29829722032393186 0.3578078426836484 0.274036118259837 0.21636751745796035 0 0 0 0 0 0.24435835207587359 

0.8249402671032451 0 0 0.33355848013726835 0 0 0 0 0 0 0 0 
1.078139183291126 0 0.9179480192624497 0.9761418673985985 1.0985270390402093 0 0 0 0 0.21437566283178264 0 0.00033784342071097734 
0.40936376425753035 0.5331734236683403 2.40570264449824 1.7435258315628832 1.373868414605336 0.684799187901349 0 0 0 0.7029746548511983 1.0363329447139196 1.1063919202368457 
0.5126859339558388 1.1125999103607487 2.3249631999852443 1.1627026600451333 0.37193341963293236 0 0 0 0 0.7690938832069265 1.546509496630533 1.2421568260030968 
0.6791301697332048 1.4739131667419805 2.4323048556889364 1.7176082362246994 0.8685323037879057 0 0 0 0 0.40147209639729364 1.5622854527485603 1.4488349034837058 
0.6811028116258593 1.5198198575413602 1.6773861424125978 1.2764791388814873 0.8249782547023278 0 1.6407859760239853 2.020250243927238 0 0 1.372705735821539 1.4879981029236333 
0.9221315179872158 1.1352282163566458 1.348989683497501 0 0 0 3.2158590454945233 2.3907260296974635 0 0 1.3724663009846483 1.3985514727461692 
1.422977648332327 1.249895893334362 0.47617145015865947 0 0 0 2.9457708045607838 2.021394348614012 0.7185568215051893 0 0.026858352776293046 0.8938955833543919 
1.619135742440621 0.5049049156048484 0 0 0 1.4773417463652232 1.9550831526366919 1.602318541368411 1.212950966951443 1.356782884017178 0.23022757741395916 0.5755120768443387 
1.7470716771987271 0 0 0 0 1.3262629847387504 1.6744067046350481 1.0276359788215321 1.0514582864705437 0.728031870852379 0 0.7406170599486149 
1.0798928534648133 0 0 0.29672438567984205 0.403667811132047 1.3139818444078366 0.6405551065590693 0.9337234399972132 1.1230104078446652 0 0 0.1598986967168842 
0.5384960436046184 0.3431621435825935 0.5581766506525994 0.6832341448183015 0.5596037225393162 1.0274119479233188 0.8029711712624414 1.204372210146432 1.2133229357969122 0 0 0 

0 0 0 0.21520892484855209 0.3838405977894058 0 0 0 0 0 0 0 
0 0.04799300192480212 1.1890106762379629 2.3876024598104975 1.6087663637622742 0.5482212109139977 0.429190791801223 0.3689578815311074 0.351349777567496 0.09679477928773472 0.12787531552838943 0.1421336632506755 
0 0 1.8466794015943597 2.668901832599344 2.4405099852928878 2.273679977731927 2.4661174680561215 0.9064104750688834 0.26306524338139886 0 0 0 
0 0.24829578862680418 2.3546733764602887 2.9736232895464987 2.678908333164175 2.0441979996735506 2.282962225968956 0.9940328455494569 0.3322771824855273 0.08748761181868955 0.010405370569508694 0 
0 0.6895988451113313 2.169919985306083 2.3458381068604544 2.398116371339807 2.382027687114921 2.965604953435844 3.2195231650528906 1.817063624665272 0.3693651490987989 0 0.11411105820779885 
0 1.266044715460772 2.9931730701638033 3.671385213627932 3.958505335910676 3.7195701784926216 4.0919194318812835 4.002354771879892 2.0858533372286727 0.9898255979205416 0.22328696540406034 0.25503989986867587 
0 1.6069137994140161 2.731142749370786 2.2608755569694714 2.091381210523334 2.1692061453921143 3.916919880111819 4.3077003324456475 2.0539843603037307 1.4080744544317951 1.2984360545537528 0.010068357430797651 
0.8901417091228252 2.140015063796793 2.5304328478799 1.4090186342920172 0.5586700265943353 1.2183558389811653 3.7347953081718233 3.8168260058088945 1.6659702276633441 1.2533885386964576 0.9299566880550072 0.0676307505385341 
2.0080986232067453 1.995008460750804 2.297883462542991 1.0931491381712022 0.3534572195178024 2.03047124312135 3.163686686132225 2.3250981277953433 2.022326271531938 2.5673926792440005 1.0098678113473498 0.22169769816170107 
1.0761988708875403 0.14851538839812944 0 0 0 1.097456296658876 2.1735506329404157 0.8757627450582208 1.8950104188056691 2.2226106152854754 0.9171932687579617 0.494517077937009 
0.5173598696805969 0.22996547100395823 0 0 0 0.7045387998027285 1.1410987261147163 1.316641379834343 1.872833592833453 1.5747804345554328 0.6728122333402602 0.9007039684199598 
0 0 0 0 0 0.2091847999952127 0 0.7110213727840697 0.9995313096993099 0.11155119722668572 0 0 

0 0 0 0 0.4219696627826374 0 0 0 0 0 0 0 
0 0 0 0 0 0 0 0 0 0 0 0 
0 0 0 0 0 0 0 0 0.4551835330221731 0.2634376832757827 0 0 
0 0 0 0 0 0 0.8688997021296789 0.7239165698052866 0.8994554500333296 0.31106784964460654 0 0.0021117687810938753 
0 0 0 0 0 0 0 0 0.5119825416561224 0.34172247035207826 0.2135642672650724 0.1733277592211742 
0 0 0 0 0 0 0 0 0 0.8190456948574506 0 0.08891508757797756 
0 0 0 0 0 0 0 0 0 0.7536959723881748 0.03431913618879461 0.08082125582283067 
0 0 0 0 0 0 0 0 0 0.19525533755494057 0 0 
0 0 0 0 0 0 0 0 0 0 0 0 
0 0 0 0 0 0 0 0 0 0 0 0 
0 0 0 0 0 0 0 0 0 0 0 0.42721902158086544 
0 0 0 0 0 0 0 0 0 0 0 0.25578100081412153 

0.0029373931670058483 0.09633785267896007 0.18719813926876447 0 0 0 0 0 0 0 0 0 
0.6302048539514826 0.2459298928484001 0 0 0 0 0 0 0 0 0 0 
0.19416772822301606 0 0 0 0 0 0 0 0 0 0 0 
0.17870580910028544 0.25971114013931784 0 0 0 0 0 0 0 0 0 0 
0.10286071518112666 0.14445182062823292 0 0 0 0 0 0 0 0 0 0 
0.17111795147883482 0.4900750810174386 0 0 0 0 0 0 0 0 0 0 
0.5105588188564875 0.15075350351274053 0 0 0 0 0 0 0 0 0 0 
0.4281760368562174 0 0 0 0 0 0 0 0 0 0 0 
0.253311175606745 0 0 0.049434999689867025 0.2365337702778866 0 0 0 0 0 0 0 
0.16596407750890363 0 0 0.27406085817167736 0 0.29930792585474525 0 0 0 0 0 0 
0.18333757748705315 0 0 0.049707794505243166 0.13529733036295938 0.40392061672911816 0 0 0 0 0 0 
0.016288892056684892 0 0.13249903561403753 0.15101971994410096 0.03313642979738527 0 0 0 0 0 0 0 

0.7191452827465254 0.9050392422692898 0.2369120144888492 0 0 0.6377463390069001 0 0 0.009235854930930605 0.3108311957691389 0.2115228631885452 0 
0 0 0 0 0 0 0 0 0 0 0 0 
0 0 0 0 0 0 0 0 0 0 0 0 
0 0 0 0 0 0 0 0 0 0 0 0 
0 0 0 0 0 0 0 0 0 0 0 0 
0 0 0 0 0.08914655751853379 0 0 0 0 0 0 0 
0 0 0 0 0 0 0 0 0 0 0 0 
0 0 0 0 0 0 0 0 0 0 0 0 
0 0 0 0 0 0 0 0 0 0 0 0 
0 0 0 0 0 0 0 0 0 0 0 0 
0 0 0 0 0 0 0 0 0 0 0 0 
0 0 0 0 0 0 0 0 0 0 0 0 

0 0 0 0 0 0 0 0 0 0 0 0 
0 0 0 0 0 0 0 0 0 0 0 0 
0 0 0 0 0 0 0 0 0 0 0 0 
0 0 0 0 0 0 0 0 0 0 0 0 
0 0 0 0 0 0 0 0 0 0 0 0 
0 0 0 0 0 0 0 0 0 0 0 0 
0 0 0 0 0 0 0 0 0 0 0 0 
0 0 0 0 0 0 0 0 0 0 0 0 
0 0 0 0 0 0 0 0 0 0 0 0 
0 0 0 0 0 0 0 0 0 0 0 0 
0 0 0 0 0 0 0 0 0 0 0 0 
0 0 0 0 0 0 0 0 0 0 0 0 

0 0 0 0 0 0 0 0 0 0 0 0 
0.22776021599040722 0 0 0 0 0 0 0 0 0 0 0 
0 0 0 0 0 0 0 0 0 0 0 0 
0 0 0 0 0 0 0 0 0 0 0 0 
0 0 0 0 0 0 0 0 0 0 0 0 
0 0 0 0 0 0 0 0 0 0 0 0 
0 0 0 0 0 0 0 0 0 0 0 0 
0 0 0 0 0 0 0 0 0 0 0 0 
0 0 0 0 0 0 0 0 0 0 0 0 
0 0 0 0 0 0 0 0 0 0 0 0 
0 0 0 0 0 0 0 0 0 0 0 0 
0 0 0 0 0 0 0 0 0 0 0 0 

