0.12279875835088166 0 0 0 0 0.6795745398349684 
0.7332740553861736 0.1209256396901765 0.03567897460827413 0 0.010327257962847378 1.0822455893809693 
0.44199518139838023 0 0 0 0 0.7568538589413197 
0.748520220714203 0.24212311551708066 0 0 0 0.42512463134843576 
1.0420398797090715 0.7331325405548272 0 0 0.016150314719902182 1.2438286956235578 
1.5528814750465336 1.4758557865897586 1.1988272978826897 1.168462812728752 1.4840226604530828 1.7766013305447113 

0 0 0 0 0 0 
0 0 0 0 0 0 
0 0 0 0 0 0 
0 0 0 0 0 0 
0 0 0 0 0 0 
0 0 0 0 0 0 

0.7506741191192416 1.8118010655512145 1.6862628255534562 1.853542678137489 1.9419473294920593 1.9579866530923105 
0.03268399356516255 1.7369896321820864 1.9068953745091868 2.1793746369027547 2.210692639753737 2.514888649752022 
0.1517197998740039 1.7980820000032662 1.6122648989214978 1.719482669012862 2.0475790760842805 3.0650363123247453 
0 1.5320227578776544 1.0173097553753156 1.438644451590572 2.1798550104855465 3.1768321293332162 
0 1.4993667583521015 0.7934696029965951 1.4016905884013742 1.8476712294927682 2.777201175334237 
0 0.4591661297114984 0 0.11066116558590042 0.7056016533444984 1.5139635704399832 

0.2351190911520529 0 0.023333642298139168 0.04923189049204468 0.02749694457788077 0 
0.024393513262641595 0 0 0 0 0 
0.08805233606675583 0 0 0 0 0 
0.06568167236811173 0 0 0 0 0 
0 0 0 0 0 0 
0 0 0 0 0 0 

0 0 0 0 0.014865512844166555 0 
0.45961786033681984 0 0 0 0 0 
0.21780320697320238 0 0 0 0 0 
0.1108033464914489 0 0 0 0 0 
0 0 0 0 0 0 
0 0 0 0 0 0 

0 0 0 0 0 0.45948882923867185 
0 0 0 0 0 0 
0 0 0 0 0 0 
0 0 0 0 0 0 
0 0 0 0 0 0 
0.08714638202722008 0 0 0 0 0.027081752502955633 

0 0 0 0 0 0 
0 0 0 0 0 0 
0 0 0 0 0 0 
0 0 0 0 0 0 
0 0 0 0 0 0 
0 0 0 0 0 0 

1.440224042653769 1.8060223450527073 1.4255259757305936 1.6368538683750544 1.4190367914085313 0.9062708688843608 
1.669512063370529 1.955931502197355 1.9976993607757412 2.2222402087744735 2.285970780012273 1.1584680879699532 
1.8590210418408748 2.2314583098391774 1.9216506412640126 2.332477090016468 1.8609832750797766 0.9730231159641192 
1.4525962899405962 1.9944111480042692 2.066951202006496 2.2964713103997023 2.1369757152436333 0.7320765761643458 
1.2851449332764118 1.916870081386463 2.5099075630114114 2.5287113177912395 2.012900089384846 0.8778060771355889 
1.5163323811210285 1.4745318446404412 1.6277219284384077 1.3423183791857582 0.8867331110328608 0.6282736602521576 

0.7826265436294422 1.489335780408426 1.5257707612537688 1.654866887946874 1.8720265773461935 2.226982239835661 
0 0.9100216669106426 0.6519382870640275 0.9528719364077983 1.0839980731167238 1.5671630535897472 
0 0.9684711951902478 0.32973124856577196 0.22163118716789973 0.18800999801722157 1.7497678147733462 
0 0.8033348881581964 0 0 0.4618744256165198 1.2028593517222095 
0 1.5873847147801543 0.176200874816399 0 0.2785319837080253 0.9842767720271846 
0.871086746106143 1.0552113712431066 0.634568114364743 0.16475792499296169 0.6742284398187893 0.8580991103028207 

1.2148205951880637 0.8151897719881221 1.0195104348682056 0.8989402537140533 1.173252517019088 0.7289082687722764 
1.7779703592175586 1.6251614633735014 1.340411608431639 1.2483703677430804 1.252349021363935 0.8446067863390871 
1.9902478553879877 1.906492469754703 1.721209305894395 1.2993428669996547 1.38121754365685 0.6669807909464366 
1.7287731862112836 2.2560444405578313 2.1078078585670403 2.1007767760161227 2.1178526589224704 1.1176373668894921 
1.6219113873220954 2.215758703973627 2.0533143311316158 2.2521253640430348 2.4497446326768575 1.1848373973631332 
1.991161449288327 2.969770992673373 3.0396345201881076 2.8054509285109277 3.0625574441896606 1.9225303111108316 

1.2977683714808765 1.3538151514219254 0.9462250599359145 1.167248045303156 1.3080853119707692 1.2702987305414237 
1.4215811145025856 0.8448193661795238 0.5255309440666884 0.24513393351188434 0.5265228687034731 0.478428266644323 
1.3722005945687392 0.7557614751414429 0.008727722140807331 0.10352399012579919 0.30454778336672206 0.5009647955325813 
1.2601114078253004 0.72148317901919 0.014253019628231292 0.2372613577974141 0.534729349714292 0 
0.9955732024045745 0.4426584576704578 0.3391455780674473 0.20208556548988937 0.3129985644343451 0.014435409007349478 
1.157315697805334 0.6430943445776063 0.940990518574431 0.824177455276156 0.8632175012650255 0.9588225919554807 

0.9452598896561653 0.7530806779724208 0.74154632525489 0.6896453952461078 0.579357692051363 0.5591623985103648 
1.79809183661972 1.1657267418716504 1.2070313847512746 1.0511419013040346 1.5748910244937022 0.6393833528295756 
2.0012546267820315 1.48844160343167 0.7669525521421982 0.7957654256322453 0.7774444938286731 0.11385451683432952 
2.0590507248412244 1.6119269291234444 0.9372801151316158 0.3609916586097659 0.4305189095504764 0 
1.535951486987329 0.8216233583978707 0.6076599133726952 1.1197358667585051 1.833262331429535 0.132857029443613 
0.8579223861601744 0.28696222848053543 0.6632008186077749 0.36724956953232524 0.12846941203901824 0 

2.6918426143606715 2.640848965724232 2.8817346162922455 2.6956388291936535 2.7112907061391742 2.465841462779634 
3.5655330428388865 3.3239825350737395 3.2308096823529606 2.8713400313500017 2.8243055271652375 2.1744813077049843 
3.6290167079125895 3.1715393556849616 2.992574358404716 2.8186343575961517 3.2647264721276246 2.441937908020641 
3.5840787091422737 3.3430354184885505 3.359707936663462 3.0563590693158402 3.148168934757062 2.2901173477516656 
3.3941971871285905 3.0081041059301055 2.810937003464336 2.8671061805206692 3.204394333018896 2.067721043489702 
2.6800627813403395 2.4603091735799305 2.676666059106531 2.4561829141149607 2.746116603271828 2.006046774462712 

0 0 0.006331138251651658 0 0 0.4466943394566972 
0 0 0 0 0 0.9103280717005272 
0 0 0 0 0 1.3413347466283496 
0 0 0 0 0.003303681688858487 1.4892850698493132 
0 0 0 0 0 1.2103202460093998 
0 0 0 0 0 0.10793409915711968 

0 0 0 0 0 0.08114300823095463 
0 0 0 0 0 0.11661539558079376 
0 0 0 0 0 0 
0 0 0 0 0 0 
0 0 0 0 0 0.13639822142061947 
0.4193138938363341 0 0.13291519507520966 0.09438266494419761 0.05579738147404647 0.32119205525997063 

0 0 0 0 0 0 
0 0 0 0 0 0 
0 0 0 0 0 0 
0 0 0 0 0 0 
0 0 0 0 0 0 
0 0 0 0 0 0 

3.42114211037172 4.046050758723601 3.9647935985057767 3.7408253268388854 3.3800234643818587 2.648799331250142 
2.8426407220399925 3.904467942027583 4.111203060112763 4.297416164183122 4.0000926314130085 3.559075261197123 
3.4949261304881554 4.307511602327579 4.952367468665239 4.836854215395362 4.674677087546752 4.028718481803247 
3.3808574045420583 4.859021760102532 4.9448150640192905 5.133323864873132 5.063306497580959 4.554397820079812 
3.015130400149131 4.100907665046087 4.334383442531441 4.679909274044724 5.003151901027945 4.848445727986095 
2.4139597524337377 2.990627380481845 3.4529508666840956 4.0833241206436135 4.341520327748935 4.2591798776148835 

0.33333232766948423 0.17602952628781388 0.4543274609369938 0.39795200671507086 0.5486937237945071 0.20764098755637606 
0 0 0 0 0 0 
0 0.4703659053837818 0.1902679829098505 0 0 0 
0 0.4504172733750205 0 0 0 0 
0 0.3656268400816298 0.026961968730700357 0 0 0 
0.12018223374602245 0.6890994992952113 0.6159896486264451 0.09835854809407746 0.5902185533671085 0.0033115148327708243 

0 0 0 0 0 0 
0 0 0 0 0 0 
0 0 0 0 0 0 
0 0 0 0 0 0 
0 0 0 0 0 0 
0 0 0 0.0018228421189016575 0 0 

0 0 0 0 0 0.4656508840176377 
0 0 0 0 0 0 
0 0 0 0 0 0 
0 0 0 0 0 0.046884168892072864 
0.01919609073099185 0.37181413475777725 0 0 0 0.24575229640874535 
0.9611480565479051 1.0908368516553812 0.9383680243772505 0.9674845763410963 1.2279231503943744 0.791753433331148 

