1.1807491684589702 1.861556873151239 1.3573379197507425 1.325688120845951 1.3999618651935826 0.8318188872793396 1.225231553875851 0.6997835432702357 0.7866732384714779 1.6220207572992875 1.215293302963781 0 
0.8367536030416818 2.655229064502412 1.0411882567867352 1.1376790700460488 0.8749918324630002 0.2619668530623607 1.0483413418735392 0.6125258741780109 0.8603139989839568 1.1097327258148162 1.3131362191146103 0.045904213900009413 
0.962835715008305 2.921081935737235 0.9405302043524045 0.23081388025497032 0.4456347989134036 0.26169047795428085 0.43251631989645845 0.20379913634898736 1.5570004434738676 1.5124224052245623 0.5092126929994435 0 
0.9180189849171693 2.2893870508147445 1.1449527394109753 0.7278881304708698 0 0 0.718982697586797 0.7327282133955385 1.6687479749549783 1.5123313574685295 0.6177964597926768 0 
1.2347932835412292 0.2229503547730338 0.5098525512062161 0.8273517070387013 0 0 0.736599345380176 1.5912786346752295 1.5567669676349385 1.9985391132358385 1.7106268234479665 1.546693966116637 
2.9302125815400264 1.6619727815382124 0.9046373437676557 1.337533340705787 0.19718311813684172 0.06691457039596271 1.132795067464869 0.8324148144279686 1.7020635655928984 1.9436562359855354 1.3890984774165236 1.3626113799340678 
2.8531230824168072 0.5684906790468901 1.5924079631675119 1.355930797254616 1.017168252721596 1.1217943741512477 2.2542374816569133 1.0748227531339476 1.4411991396984394 1.720301232083533 1.6424360503236042 1.393972396661744 
2.763701544649629 1.057708357686166 1.818709692373691 1.2666887326177947 0 1.0189788466329068 2.8736467222044175 1.7178799101970825 1.601757707704912 1.376289376113356 1.38078177 1.38078177 
3.153729312458701 2.799386048108233 0.18473314521280867 0 0 1.735791583344205 2.637817304203181 1.5557021925718502 1.3767504125817611 1.38078177 1.38078177 1.38078177 
1.6033109047286231 2.527590050504736 1.2048171010953206 0 1.6430570519501526 2.845806284132687 1.6168003338948589 1.38078177 1.38078177 1.38078177 1.38078177 1.38078177 
1.9932351982249228 0.40445485781162493 0 2.223639616656749 3.7141592824337044 1.9024832039711042 1.2642278674200331 1.2687548193447171 1.298930408991612 1.3211551866625726 1.3219111289788785 1.3334668083375258 
2.3776079254876903 1.4184337717636446 0 1.8194288792240405 3.3519867352368067 1.2951712203806909 1.302775993652401 1.3014565671960707 1.3326212320588326 1.3445193429667317 1.3368534585996754 1.3334046954386216 

1.116183631732491 0.45975295119186554 0.6224285174846821 0.30164623924683864 0.19015455905097328 0 0.145639326045755 0.972653819832362 0.6951529162071947 0 0 0.7005761803277881 
1.1455664930660379 0 0.09843819164119172 0 0 0 0 0.26918980972816176 0 0 0 0 
1.0714844358286344 0 0 0 0 0 0 0 0 0 0 0 
0 0 0 0 0 0 0 0 0 0 0 0 
0 0 0 0 0 0 0 0 0 0 0 0 
0 0 0 0 0 0 0 0 0 0 0.2245897362189897 0.5962864401994843 
0 0 0 0 0 0 0 0.33056075606982915 0.5983998773476825 0.5414564359142633 0.49145909169582436 0.5621333476182162 
0 0 0 0 0.24472488422375277 0 0 0.49985738512920225 0.5244665413920545 0.6155510107171659 0.61497229 0.61497229 
0 0 1.0868113802314545 0.20095101086576367 0 0 0.18550532813734996 0.5449485448670165 0.6154916189179677 0.61497229 0.61497229 0.61497229 
0 0.43635448983242514 1.0391631108831263 0 0 0.004432851906902845 0.5358030655983633 0.61497229 0.61497229 0.61497229 0.61497229 0.61497229 
0 0.9716557141816229 0.02644567790235293 0 0 0.27245994247288113 0.5254464385973654 0.5385347385626793 0.5519733862478422 0.566091776730664 0.5751243651151671 0.5940840020510163 
0.2639412546054861 0 0.6746138771098299 0.5396745539222004 0 0.5477381375603403 0.5620244083462863 0.5783188936444015 0.5799887945317334 0.5841404317829866 0.5954213571894124 0.6131979467300654 

0 0.24659704732253385 0 0 0 0 0 0 0 0.1005928931444176 0 0 
0 0.37147269909520625 0 0 0 0 0 0 0 0 0 0 
0.09782536746206266 0.5789986922319453 0 0 0 0 0 0 0 0 0 0 
0 0 0 0 0 0 0 0.1058505610358613 0 0 0.3621250550007902 2.0500849863333555 
0.36508467689220947 0 0 0 0 0 0.04772691594206524 0.4861188317725198 1.0062524872884153 1.3740756998413783 2.749428466954452 2.376287359256983 
0.332996211218737 0 0 0.07147619135154748 0.07406468932847841 0.7011404367477113 2.415841404862754 2.376622929616913 1.9064277514457046 1.5581873523122862 1.1840472073727313 0.4882078668448033 
0 0 0 0 0.09906104175299855 0.5489587742704217 2.0435020033285256 1.364005604901743 0.7282065991986496 0.2607046783958827 0.02897232531436191 0 
0.6340677068507999 0.39257153957666224 0 0.27412985915780674 1.4532548805739163 1.7341763181106353 1.2606820630474893 0.3191139496957109 0.02544930292426155 0 0 0 
0.6448681105237021 0 0 2.327047739722947 3.53296362221905 2.4045218432234305 0.6409838845450087 0 0 0 0 0 
0 0.2991300379532552 1.2231947630189592 4.523572201686005 4.238147619527471 1.0650011164987971 0.012486293584873746 0 0 0 0 0 
0 1.5038354537161784 3.133141308195717 4.695529210588438 1.8843357201151576 0.11103374935576092 0 0 0 0 0 0 
0.7639304166432671 2.9458505468244924 4.036721774902358 2.5570408635641386 0.8479777902823638 0 0 0 0 0 0 0 

0.42834514601714074 0.6544592465491316 0.1368905849327267 0 0 0 0 0.45593231687054153 0.3728463523532476 0 0 0.2551878731495639 
0 0 0 0 0 0 0 0 0 0 0 0 
0 0 0 0 0 0 0 0 0 0 0.3769316819458207 3.3412529461726344 
0 0 0 0 0.48325416704851953 0.3081567056825563 0 0 0 0 0 1.4759672592664554 
0 0 0 0 0.5410040938960687 2.1809697485001687 0.7987819386362246 0 0 0 0 0 
0 0 0 0 0 1.5488569907334 0 0 0 0 0 0 
0 0 0 0 0 0.5449370924309718 0 0 0 0 0.05567782092132829 0.08646208134677263 
0 0 0 0.2765041150560817 0.673624485249813 0.4649080841337071 0.4121079396699122 0.012481637313614702 0.09316711248145614 0.1037656005261585 0.10951276 0.10951276 
0 0 2.024340120812687 1.9733896640074415 0.28578603712509787 0 0.07771132871688949 0.09662458559658041 0.1043554085826287 0.10951276 0.10951276 0.10951276 
0 0 0.8245997936617142 1.4868349719522902 0 0 0.09681235215519392 0.10951276 0.10951276 0.10951276 0.10951276 0.10951276 
0 0 0 0 0 0 0 0 0.00029750417383030137 0.007269189985236971 0.039172543483003995 0.0896814609661651 
0 0 0 0 0.11862083640942314 0.1038307194791454 0.10507037412029094 0.13730991631976017 0.12470765960710631 0.10338621001265315 0.11919761830682904 0.13437397667054607 

1.1413005586927276 1.7917521583371365 0.9510351729471226 1.064087267154355 1.4087453162239627 1.2570605155850445 0.578625506742892 0.46669452408787204 1.5199455155513737 1.5766601970745882 0.9947106953861948 0.5569229451003376 
1.0379037037924363 1.7275081680748159 1.3297584125452193 1.16383067336333 1.2542236704577412 0.40451942977263816 0 0.6560055064998565 2.530747942385607 1.5144631129701003 0 0.5653100849181967 
0.940524878363872 1.7114469315379486 1.1273010806627042 0.5806435078324861 0.787830171119176 0 0 0.31336243513719475 0.5432416993388631 0 0 1.9967515652876835 
1.7701080067441817 1.6657661468334355 0.05249718164659606 0 0.01859294968674576 0 0 0 0 0 0 2.289686829894423 
1.9864678400072806 0.6787865859515423 0 0.11957920965651014 0 0 1.0759158599104253 0.8189884738042061 0 0 0 0 
0.5603179138513099 0 0 0 0 0 0.7372795994673741 0.34825613480686335 0 0.027815591562126655 0 0.3004628587518227 
1.3187962609170987 0 0 0 0 0 0.9862574232648398 0 0.41779271389216316 0.7200730844846038 0.86421403658618 0.8892024597541904 
1.2079757792962083 0 0 0 1.0088867508635517 1.0211623001318175 1.4492189199879542 0.761390880449329 0.8528545805892938 0.9256944466986536 0.9395951 0.9395951 
0.7351776912104893 0 0 3.1596456712642826 1.5682460191707892 0.6226875426453615 0.6560810037980322 0.8703223546959669 0.9271210153095735 0.9395951 0.9395951 0.9395951 
0.41055225389310235 0 0.126633673735164 1.9896317585247878 1.3047480337159796 0.05736813066525804 0.8542952951937316 0.9395951 0.9395951 0.9395951 0.9395951 0.9395951 
0.770439186038788 0.6402441777566052 1.2547873068878317 0.971678307110209 0 0.738335666787494 0.9983825281077462 0.9786319553495789 0.9708269838089532 0.9717427262141451 0.9628148942540005 0.9490363837002859 
0.771926149065884 0.016611185344957924 0 0 0.03059148686945609 0.7723636220398298 0.8230142611601796 0.8312487526418558 0.8565461877352185 0.8783794893880204 0.8831431212478975 0.899729277806308 

0 0 0 0 0.17083045525410534 0.1696329141535364 0 0 0.6238404221722293 0.6935512338329075 0.38121997328982044 0.13898090613382955 
0 0.00015584970626592032 0 0.5953545871834403 0.7363909847543559 0 0 0 0.3439832124473387 0 0 0 
0 0.850216327604991 1.018288641644555 0.4664580695200667 0.012395142943901483 0 0 0 0 0 0 0 
0.40352579077554596 0.6233213119559814 0.4276706801369654 0 0 0 0 0 0 0 0 0 
0.6031254671132654 0 0 0 0 0 0 0 0 0 0 0 
0.7612100108013157 0 0 0 0 0 0 0 0 0 0 0 
0 0 0 0 0 0 0 0 0 0 0 0 
0.12707841219102978 0 0 0 0 0 0 0 0 0 0 0 
0.6219981124603406 0 0 0 0 0 0 0 0 0 0 0 
0.5968772487125569 0 0 0 0 0 0 0 0 0 0 0 
0 0 0 0 0 0 0 0 0 0 0 0 
0 0 0 0 0.08182799197795042 0 0 0 0 0 0 0 

0 0 0.3270422703720843 0.6629329164700284 0.5346880854663665 1.176742772473474 0.6425848640041756 0 0 0.6150563280399525 1.5885178115124126 0 
0 0 0.724793405599625 1.7444567399517166 1.504685140505417 1.4522671251686812 0.5642409824917051 0 0 0.0839819968954843 0 0 
0 0 1.5538859451538434 1.6229717470052898 0.85243097852635 0.7743387951841509 1.0399039959067187 0 0 0 0 0 
0 0 1.462109963575784 0 0 0 0 0 0 0 0 0 
0.061877320473148645 0 0.7011226589330981 0 0 0 0 0 0 0 0 0 
0 0 0 0 0 0 0 0 0 0 0.20127907066415202 0.07662930578526071 
0 0 0 0 0 0 0 0 0 0 0.10559119929741692 0.3409534360836261 
0 0 0 0 0 0 0 0 0.09893630292077539 0.33510771334445794 0.32815254 0.32815254 
0 0 0 0 0 0 0 0.15924566825800457 0.33439393164214404 0.32815254 0.32815254 0.32815254 
0 0 0 0 0 0 0.0928864895607187 0.32815254 0.32815254 0.32815254 0.32815254 0.32815254 
0 0 0 0 0 0 0.4218066166840381 0.4195645424276779 0.40312095247854435 0.37877663992421 0.37328995510789087 0.35617026994274475 
0 0.367502770045697 1.7780807411948056 0 0 0.47687170623266334 0.4245674619748799 0.40374782931134184 0.40207124253040616 0.3850007757905949 0.36539676385399017 0.33188854568473886 

2.5794157735926517 2.1486701252015 1.9867003469385573 1.5057726504204196 0.901882231456811 1.291211940384951 2.2198361707369925 3.021820252455159 2.370707748574281 1.3574337711547275 1.9275994134946304 2.1654045138138454 
1.88175527748388 1.429688873756634 1.006141763347352 0.9353936611425271 1.149347787726788 0.9138754943256491 1.2348145644303807 1.719717246220421 1.417400073989665 0.2816278877735129 0.6784837772707857 3.740018491850898 
1.9689473864455813 1.4620939188194682 0.559645742877299 0 0.09283636500540737 1.230152837134208 0.47057311846336947 0 0.24001654806659678 1.0712670442905563 1.2618571938678775 2.5326776914062905 
0 0 0.13538802331449717 0 1.1854131731206394 2.0064464515798615 1.1923843560216882 0.19819554517901483 0.49740382137526706 1.3497027133795865 1.9749599898879884 1.0060020450414109 
0 0 0 0 0.8901505088217709 1.6285116275895468 1.142136422578963 0.8383748345279457 1.241355806858925 1.6639798384383861 1.1164797894717584 0.7532264471851263 
0 0.803773731773183 0 0.4586781587125571 3.1456414641454504 3.17878803416363 1.9843595615584972 1.3204074257734362 1.275053488481905 1.1935547912970703 1.386308973520719 1.7542756390757102 
0 0.19671967606273183 0 1.3126564176734945 4.494973350847704 3.515823523210018 1.4820392743482418 1.3408783288488524 1.5846016859500125 1.8861797135213938 1.9913032875856156 1.9807486400744778 
0 1.1428425773851758 2.548769312229556 2.7005397180571613 2.427121693137207 1.7818850754111688 1.3931338739485146 1.8237613840014744 1.9912152834128491 1.9975557109580073 1.99629569 1.99629569 
0.2221872632666177 1.6896392777310099 2.817745072189343 1.7465484916965754 1.3018283143845473 1.7040805924059943 1.8402237342676473 1.9925399733281346 1.9974264000321948 1.99629569 1.99629569 1.99629569 
1.2732684169339201 2.4406665654642032 2.406019044236066 1.4393275947458593 1.066942257462542 1.7766424936196483 1.9968254874123816 1.99629569 1.99629569 1.99629569 1.99629569 1.99629569 
0.8192341404294285 0.12714825256229392 0 0 1.3565833188949812 1.8459448295576442 1.8636654838865574 1.9072452635127395 1.920656978668285 1.9223023509511383 1.9450211517654343 1.9803144716997336 
1.8097345542450933 0.6658211914752079 0 0.7496674855616849 1.9895527785868432 2.0312715800641126 2.0290686444443367 2.0110594416471734 2.0093377084940856 2.0149309929059327 2.006755819810825 1.9962337590463493 

0 0 0 0 0 0 0 0 0 0 0 0 
0 0 0 0 0 0 0 0 0 0 0 0.014896100360109951 
0 0 0 0 0 0 0 0 0 0 0.4893093119372913 0 
0 0 0 0.6533742875968243 0 0 0.215228408858254 0 0 0 0.75158353227298 0 
0 0 0 0.4844201702765009 0 0 0 0 0 0 0 0 
0 0 0 0 0 0 0 0 0 0 0 0 
0 0 0 0 0 0 0 0 0 0 0 0 
0 0 0 0 0 0 0 0 0 0 0 0 
0 0 0 0 0 0 0 0 0 0 0 0 
0 1.2336477345223729 0 0 0 0 0 0 0 0 0 0 
0 0.054013985686559664 0 0 0 0 0 0 0 0 0 0 
0 0 0 0 0 0 0 0 0 0 0 0 

0.4328652375202857 1.0903956879718428 0.517344833354541 0.048065253285795806 0 0 0 0.3677984383676151 0.664641900329216 0.23757252061695522 0 0 
0 0 0 0 0 0 0 0 0 0 0.21117948546845908 0 
0 0 0 0 0 0 0 0 0 0 0 0 
0 0 0 0 0 0 1.2128220930456717 0 0 0 0 0 
0 0 0 0 0 0 0.058551148994584135 0 0 0 0 0 
0 0 0 0 0 0 0 0 0 0 0 0 
0 0 0 0 0 0 0 0 0 0.03620136491649976 0.38241829102010927 0.4928065123736397 
0 0 0.23248062394694743 0.7271409906871256 0 0 0 0 0.3501414287415223 0.5254806491514151 0.53359699 0.53359699 
0 0.5394303732108533 0.26739301142176697 0 0 0 0 0.3975098875621363 0.5263135968438086 0.53359699 0.53359699 0.53359699 
1.6302987147254926 2.086103621227678 0 0 0 0 0.3550521695373322 0.53359699 0.53359699 0.53359699 0.53359699 0.53359699 
0.2200958418763851 0 0 0 0 0 0.26995540454234646 0.3141372351090416 0.36223574899384553 0.39272385337558635 0.4148500084021485 0.4622367569040583 
0 0 0 0 0 0.3623046694210208 0.39247681845141374 0.40347216123119667 0.4422709448638269 0.4623266355250868 0.46288994790951055 0.4747466170484862 

0.6995540322633568 0 0.3687552096949586 0.3116917942056211 1.0306955478893474 1.1231570468859773 0.8454232105191978 0.8783306362560506 0 0.3234542638543039 1.5781357526959692 0.8919190938415456 
0.9772986801236616 0 0.8058106158416048 1.1997689411306456 1.499713952813546 0.7364554819865817 0 0.3659320418834468 0.3492517358997106 0.13349233634747104 0 0 
1.305685030685312 0 1.4872270383092252 0.9547344900792887 0.9794719271778357 0 0 0.0655682559066725 0.2244868576456806 0 0 0 
2.1594975411711164 0.007878689670191816 0.14227830409163728 0 0 0 0 0 0 0 0 0 
2.3321555847824476 0 0 0 0 0 0 0 0 0 0 0 
0 0 0 0 0 0 0 0 0 0 0 0.20616452945437214 
0 0 0 0 0 0 0 0 0.20860667801248794 0.43367322295325356 0.3101258644870078 0.29469716738389273 
0 0 0 0 0 0 0 0.27438252767649834 0.3392627541587452 0.3817492902282795 0.38837066 0.38837066 
0 0 0 0 0 0 0.1947877680290032 0.3492910060074033 0.38242881500117026 0.38837066 0.38837066 0.38837066 
0 0 0 0 0 0 0.3625277377128645 0.38837066 0.38837066 0.38837066 0.38837066 0.38837066 
0 0 0 0 0 0.3697339205566315 0.4613961226561773 0.43570753931044653 0.4221266645374608 0.42694123490229563 0.4181850775729408 0.4049581860616549 
0.7150042144595876 0 0 0.37014211504861727 0.15938040047920865 0.4446848127217832 0.4401950272210957 0.4189706673448593 0.42141035243337366 0.4198033978022677 0.40496512421546815 0.38331383877626696 

1.6249818288083482 0.7046661237909877 0.4263628605027791 0.0500601175914675 0 0 0 0.5410600918025273 0.36386872822892874 0 0 0 
1.8838388784833504 0.09149992790534678 0 0 0 0 0 0.48606964183548707 0 0 0 0.06630650779998268 
1.7635629155690857 0 0 0 0 0 0 0 0 0 0.03463987242808858 1.2230765688840455 
1.2740712358448478 0 0 0 0 0 1.4012492588853747 0.9272361246771721 0 0 0.37805658564118744 0 
0 0 0 0 0 0 0.8452184427044778 1.0385513371029516 1.261059221378383 1.1156617585677304 0.9231431555985767 0.591042457790592 
0 0 0 0 0 0 0 0.3721916658082633 1.046648668769684 0.8206243821867298 0.6176487327350371 0.5208749355142149 
0 0 0 0.4800409550781532 2.2248442696562827 2.4335582409446608 1.3968634403433067 1.0588147641207986 0.8078717587446445 0.4617320630330548 0.39629531466499196 0.4535753087050986 
0 0 1.296533091591257 3.5492007773020187 3.653299864643421 2.273790502081976 1.1228481196849125 0.5624143133276905 0.39833682597648856 0.47671676433844185 0.47508544 0.47508544 
0 0.4346078589169631 3.9126533449718597 4.163180727603499 2.8178113688204993 1.7164194364702934 0.3576881580592248 0.42500183167601746 0.4765493480274958 0.47508544 0.47508544 0.47508544 
0.6118541439615588 2.48753060090432 4.983910242631536 3.246670256338513 0.6305968067516248 0.6204424115187596 0.4135690791378848 0.47508544 0.47508544 0.47508544 0.47508544 0.47508544 
0.21026896862250627 1.4068883052855436 3.672800205234312 2.520637156204085 1.4053071391241263 0.0636987416012777 0.29689033235080514 0.3272264267370309 0.358126259709091 0.3793302145308786 0.3954503554566531 0.4291158287479161 
0.3426495247065858 0 0.8938558361258888 0.5139070390012758 0 0 0.045320383134213306 0.11975575319531047 0.2083082005572609 0.2489898448803979 0.27883821957832355 0.34591301379105727 

0.3601679648814035 0.3403201264259642 0.6000023333212394 1.021849233647448 1.0333110879115563 0.38221790075988893 0.9134764416056965 1.2538421562154918 0.7634365692939541 0.9070950324200433 1.3219452077924487 0 
0.6909629429542834 0.8546543376983318 0.5342362546963959 0.8131838742158515 0.58317230016213 0 0.15258228984829358 0.27464644106054686 0 0 0 0 
0.9534709666445834 1.4867437561196781 1.337870814436017 0.956398736628741 0 0 0 0.16889589533764343 0.6409658877274976 0.5186687779863658 1.8114642107282157 0.47446270967044313 
1.8652799066370385 0.6406988761521566 1.4890807862357371 1.8914832436379014 0 0 1.3815492362999342 1.4953018789990409 0 0 0 0 
2.7705438389419546 0.9456303737324003 0.8328866664045701 0 0 0 0 0 0 0 0 0 
1.9655378793135683 0 0 0 0 0 0 0 0 0 0.6768897197487659 0.7633951876976177 
1.1738848521453988 0 0 0 0 0 0 0.33921771862916417 0.8042653458174462 0.7114992254409513 0.5881459855197844 0.5839478925431497 
0 0 1.262874476718962 0.9991908739939823 0 0 0.5752668807541491 0.7166366576347126 0.644390828162298 0.5985508285880183 0.5987981 0.5987981 
0 1.8066581210959236 2.792277115914095 0 0 0 0.9058566762005911 0.6403257426817984 0.5985762050668832 0.5987981 0.5987981 0.5987981 
1.564543372579957 0.49620931578681243 0 0 0 0.8956090978576007 0.661182929643622 0.5987981 0.5987981 0.5987981 0.5987981 0.5987981 
0.9703659307313167 0 0 0 0.46047084255267173 0.6573992242639219 0.5007598923953969 0.4977764496727102 0.5351379590962182 0.5525683618256192 0.5438548748026875 0.5413071543278317 
0 0 0.24131694070535437 1.6477130198564778 1.145131049692673 0.6506770085915612 0.6345669008704495 0.6203199874623111 0.624723348405755 0.6214358460393196 0.6094765647068562 0.5918003827032076 

0 0 0 0 0.005318773678521991 0.6582677649941918 1.0308316886663418 0 0 0.8151030829526094 1.4365117224219264 0.4412390289166586 
0 0 0.012392479486436372 1.204984607960416 1.0568603333575153 1.403954795732348 1.1568068577309583 0 0.15164136474544754 1.681449243533955 4.40533088761745 0 
0 0.49340867311949416 1.4721972457570107 2.833002139060431 1.4228770786619471 2.0392349434144186 2.661840106648002 1.36159163173313 2.444422642318487 3.7343180270405103 1.3025785415415916 0 
0 2.470540287563928 3.7328131683856824 3.0134583049014565 3.8019679286173673 3.9044839115610186 1.7058624459085592 1.372443057938862 2.703165790737312 1.939822409461406 0.6079960954154817 3.594223485175887 
1.0646468406965706 4.165065977224341 4.343548730544341 3.373348723857805 5.699496080189938 3.4866607804912726 0.3259498982940715 1.207938542306725 1.409345130070665 0.6662076141619001 1.2998540983103348 0.7754521511505684 
2.0870758821680857 3.5091538606281483 3.748733129355867 3.7188637642316573 2.115251854601813 0.7911918245133409 0.6825920341910403 0.7260987329618565 0 0 0 0 
1.1147877514805504 3.127633022021496 5.242044826689128 3.2212763976170113 0 0 0 0 0 0 0 0 
1.4944713853635907 6.5413176625395115 1.4732480168157063 0 0 0 0 0 0 0 0 0 
0.9025948103790055 2.845209434952737 0 0 2.1599258523781515 1.0791140928309246 0 0 0 0 0 0 
1.8013309989570065 0.14432668847020413 0 0 2.060263154851375 0 0 0 0 0 0 0 
0 0 0.03515504313851407 1.4072692258008217 0.006028322158454866 0 0 0 0 0 0 0 
0 1.4429992266723237 2.068766065983215 0 0.1900694142743287 0 0 0 0 0 0 0 

0 0.09846373422594132 0 0 0.05425133920008762 0 0 0 0 0 0 0 
0 1.2993832454362617 0 0 0 0 0 0 0 0 0 0 
0 1.269934982256519 0 0 0 0 0 0 0 0 0 0 
0.0559980933069939 0 0 0 0 0 0 0 0 0 0 0 
0 0 0 0 0 0 0 0 0 0.3836143695944833 0.135579004170006 1.1630248556017473 
0 0 0 0 0 0 0.42627047375003624 0.6304567453339436 1.0843322256188621 0.8109648044602339 0.48487467701330605 0.32066692295769866 
0 0 0 0 0 0.21497288065041298 1.2761833636061977 0.6441144790013156 0.3551116943558991 0.17386850903389567 0 0 
0 0 0 0 0 1.5731631759554636 1.3467723771874365 0.2431537842190072 0 0 0 0 
0.057790856765617266 0 0 0 1.0521855483715596 1.725389802240839 1.0664570904958404 0 0 0 0 0 
0 0 0 1.702597051853612 3.2947165839498482 1.9745132520886906 0 0 0 0 0 0 
0 0 0 3.4742037238485315 3.4684823549992823 0.3331237661515279 0 0 0 0 0 0 
0.2963576237840029 0 0 2.8483188934263524 1.9081980266161922 0 0 0 0 0 0 0 

0 0.7349654417753371 0.2253742546205154 0.2835311917317515 0.7070552538301944 1.4241491489580584 0.35789366024928654 0 0.7619797811231246 1.7607047552008264 1.0540909896300819 0.8482859182681901 
0 0.7129776672411022 0.9738803922397695 1.5820533690066356 1.6048116030466208 1.7081445634453611 0.1851156645081929 0 1.3520910737051735 2.538543423043305 0.8731671375164258 1.3782061113259596 
0 0.9323645724938806 1.3671931367301768 2.274739434672891 2.8009172169747036 2.1687617928643994 0.5984951692808265 0 0.18417112135616984 1.1030069352927516 0.15314670329937854 0 
0 2.7584311916983006 2.3728664955575054 2.070268837920031 2.3215977021651777 1.7056891794590876 0.32571475190213967 0 0 0.027824498336933845 0 0 
0 2.066514396781866 2.1332869128426872 0.5676871802946818 1.6619166535646983 0.69925413826267 0 0 0 0 0 0 
0 0.517308652558123 0.042392316544476866 0 0 0 0 0 0 0 0 0 
0 0.4209550270141068 0 0 0 0 0 0 0 0 0.11107326332337486 0.2028288154701764 
0 0 0 0 0 0 0 0 0.15461002756279058 0.22510337183271656 0.22966208 0.22966208 
0 0 0 0 0 0 0 0.1723580461391733 0.22557121387127463 0.22966208 0.22966208 0.22966208 
0 0 0 0 0 0 0.15719707354562476 0.22966208 0.22966208 0.22966208 0.22966208 0.22966208 
0 0 0 0 0 0.23639119456667948 0.4277725921209667 0.4050091825448109 0.358403648724273 0.33221298118531684 0.3246891985642603 0.29991617726124276 
0 0 0 0 0 0.2620390437822589 0.2558466825661665 0.25497569695812705 0.2537397204975929 0.24496182947383854 0.2411500855363443 0.23296601466063188 

0 0 0 0.3763590497959498 0.33853622393773286 0.09828489408068941 0 0 0 0.5904337334785299 0 0 
0 0.5194429881184937 0.5212269535710685 0.6913132444062863 0 0 0.11498453006746256 0 0.44994500152362704 0 0 0 
0 0.6425267804156513 0.9576444368061451 0 0 0 0 0 0 0 0 0 
0 0 0 0 0 0 0 0 0 0 0 0 
0 0 0 0 0 0 0 0 0 0 0 0.15108535809597073 
0 0 0 0 0 0.18742753875861887 0 0 0 0 0 0 
0 0 0 0 0 0 0.4074457733387981 0 0 0 0 0 
0.4210193017656539 0 0 0 0 0 0 0 0 0 0 0 
0 0.6892339063434482 0 0 0 0 0 0 0 0 0 0 
0 0 0 0 0 0 0 0 0 0 0 0 
0.031051845512080956 0 0 0 0.19715851223811526 0 0 0 0 0 0 0 
0 0 0 0 0 0 0 0 0 0 0 0 

0 0.34420211030651954 0.02994089180711456 0.18306842979461507 0.03544849412857133 0 0 0 0 0 0 0 
0 0.6117120321667463 0 0 0 0 0 0 0 0 0 0 
0 0.6079798539894222 0 0 0 0 2.0624655079109644 0.36942992970658645 0 0 0.25934852941196457 0 
0 0 0 0 0 0 0.2336334563260708 0 0 0 2.091584706445183 0 
0 0 0 0 0 0 0 0 0.6047866169580131 1.8932691641698622 3.7445286377330564 0.9278125921989689 
0 0 0 0 0 0.6545791299310268 1.5853251716628352 1.5886701702856425 2.13077163066857 1.7758626171871428 1.2737614240307453 0.21373074239872175 
0 0 0 0 0 0 2.239176777422287 1.1060162070980843 0.6243215870005225 0.20187400677722697 0.14768995620433864 0.07044796505524048 
0.9144455989087861 0 1.119420240589653 0 0 0 1.0519357884276173 0.24118464846860463 0.08707408216075975 0.03788001906384677 0.03621775 0.03621775 
0.6389920379704217 1.7656751417430212 0.33658923938062796 0 0 0.7914304527221299 0.42127734373077264 0.08117577362789138 0.037709427019143565 0.03621775 0.03621775 0.03621775 
0 5.578132326825697 1.2695036132327608 0 1.065151319909986 0.6938268572988515 0.08783851477904095 0.03621775 0.03621775 0.03621775 0.03621775 0.03621775 
0.3802514883554161 6.778142744846088 3.6762867976511022 0.6355052574652377 1.234804110059235 0 0 0 0 0 0 0 
1.2548524048598553 5.335241135226254 3.8680746726820603 0.9588269887792555 0.43683976457492774 0 0 0 0.013147464739014524 0.009809262105574933 0.011570165263709997 0.015355798682331164 

0 0 0 0 0 0 0.46324010393807064 0.6509373051777141 0 0 0.2257738754091113 0 
0 0 0 0 0 0 1.4998927517089093 1.6755267542019001 0.35610695365141903 0.5146313348715191 1.2202650261812733 0 
0 0.04527832888212124 0 0 0 0 0.7229560014520195 0.5780056084563451 0.7110038117561565 1.0320034410756531 1.412446813619631 0 
0 0.1385110660666814 0 0 0 0 0 0 0 0 0 0 
0.0012055241510009126 0.5824289844314624 0 0 0 0 0 0 0 0 0 0 
0 0 0 0 0 0 0 0 0 0 0 0 
0 0 0 0.4586986567256436 0.992473333302073 0.029520210328697158 0 0 0 0 0 0 
0 0 1.2381545383921528 2.248642231437194 0.5151928908008233 0 0.010578467771262066 0 0 0 0 0 
0 2.0547283278092494 3.1100014446361466 0.3487672250072698 0 0 0 0 0 0 0 0 
0 2.4848326023335208 3.1622649957066447 0.5671848728778666 0 0.0698368130469407 0 0 0 0 0 0 
0 1.151231949861086 0.33896186962980007 0 0.35326084404675223 0 0 0 0 0 0 0 
0 0.15390165934925637 0 0 0.6731529067300687 0 0 0 0 0 0 0 

0 0 0 0 0 0 0 0 0 0 0 0 
0 0 0 0 0 0 0 0 0 0 1.1315135509090197 0 
0 0 0 0 0.1584001244892017 0.11181917857476553 0 0 0.23656977626777242 0.6247463375264808 0.763891249853862 0.7004821260012125 
0 0 0 0.2737817581256303 2.1122869549311654 1.9646358118987486 1.076528162878875 2.56187788623433 3.50493604767574 1.8190007320390076 0.8753487355767323 3.8242295644365174 
0 0.5945549481459087 1.3575959470231744 2.6807009092147296 3.292937481394149 2.2318533070889264 2.5739130396169165 3.388177889170052 2.1774334650753193 1.134253163285735 1.492307747198386 1.2558171874388282 
2.264810907845466 2.1660547644773556 3.462395916591614 4.511049004527312 2.604454863952394 1.1333472585966626 1.7891662613641803 1.5001482913970292 0 0 0 0 
2.0207265719476877 2.9269494110241974 4.3038333675733975 3.638872560455053 1.4031414357422003 0 0 0 0 0 0 0 
1.8158909212530898 3.7888965892153585 2.9092806938048885 2.9024954435862114 0.4116806443238842 0 0 0 0 0 0 0 
1.1549570202563944 1.6840268360036985 2.3547655847270654 2.7982127623134927 0.5408743310191906 0 0 0 0 0 0 0 
0.814711554869135 0.7148312329956357 4.1476890731625415 1.9750986685115255 0 0 0 0 0 0 0 0 
0 0 4.165511932645267 0.19234063001409485 0 0 0 0 0 0 0 0 
0 0.4150522419589399 1.2410815387123995 0 0 0 0 0 0 0 0 0 

0 0 0 0 0 0 0 0 0 0 0 0 
0 0 0 0 0 0 0 0 0 0 0 0 
0 0 0 0 0 0 0 0 0 0 0 0 
0 0 0 0 0 0 0 0 0 0 0 0 
0 0 0 0 0 0 0 0 0 0 0 0.060110496570140545 
0 0 0 0 0 0 0 0 0 0 0 0 
0 0 0 0 0 0 0 0 0 0 0 0 
0 0 0 0 0 0 0 0 0 0 0 0 
0 0 0 0 0 0 0 0 0 0 0 0 
0 0 0 0 0.02583958338484576 0 0 0 0 0 0 0 
0 0 0 0 0.19647974717927996 0 0 0 0 0 0 0 
0 0 0 0 0 0 0 0 0 0 0 0 

0.09782921186544793 0.044300192144333714 0 0 0 0 0 0 0.2101499559296035 0 0 0 
0 0 0 0 0 0 0 0 0.24787103302155372 0 0 0 
0 0 0 0 0 0 0 0 0 0 0 0 
0 0 0 0 0 0 0 0 0 0 0.4261109633081497 1.4297952195256398 
0 0 0 0 0.3391288972420595 0 0.10870825931788126 1.2495192500541072 1.1482301238360866 0.555329548594268 0.6032589184473262 0.5665847247028241 
0 0 0 0.21255484522383256 0.9097189406109547 1.9016718629150908 2.0001965903360728 1.2154794339115642 0.3701619227796745 0.013758356205633291 0 0 
0 0 0 0.5651989879988166 1.5169405844227992 1.9084885399092786 1.4123802470780031 0 0 0 0 0 
0.5533435752500337 0 0.14428909805325335 1.9607752958906772 1.9693106047171602 0.470387870850972 0 0 0 0 0 0 
0 0.23476013779472635 0.7596360524912248 3.3011185812221844 2.35098335925565 0 0 0 0 0 0 0 
0 0 3.099750249356334 4.621034863596103 1.649786246197343 0 0 0 0 0 0 0 
0.4465314882408034 0.8089130563837821 1.4033825349541078 1.2528598963344166 0 0 0 0 0 0 0 0 
0 0.49386899795212913 0 0 0 0 0 0 0 0 0 0 

0.5477410557995349 0.6737129314032158 0.38677524273865826 0.26935680051677613 0 0.22129688493601793 0.16878217037667936 0.9948931067808836 1.2943096388541968 0.3415403750650531 0 1.0030123404912212 
0 0.3085299170162711 0.046862496143136145 0.15568499781814427 0.0031579230921631174 0.4526192501193178 0 0 0.5506798650067503 0.5379735406536168 0.7979937578257195 2.0117787331947516 
0 0.1101238287275855 0 1.0762460377687761 0.5536098730959872 0.5016364196537879 0 0 0.5704407194742691 2.0929173747258374 1.189727220952281 1.0955393269613527 
0 0.9574782216006708 0.9621138324152063 1.1934423121335243 2.221463066529544 2.6168136977533285 0.127688566263214 0 0.17790799580480565 0.11683487195358008 0 0 
0 1.5057868940280248 0.7214194440386754 0 1.9010072676932284 2.5097285286624316 0 0 0 0 0 0.0030312412699791125 
0 1.0072083297180028 0.3449430367400853 0 0.0035830213434275837 1.1401285147656706 0 0 0 0 0 0.1590937730942891 
0 0 0 0 0 0.9463661514086177 0 0 0 0.20125050392479898 0.3720280948817443 0.4063201439082929 
0 0.7808752686690318 1.4930936193157376 0 0 0 0 0.2267321007992632 0.3893701665410107 0.39124803166489575 0.38830507 0.38830507 
0 0.46919960765883484 0 0 0 0 0.24023479772017453 0.3890223558237481 0.39094600724609563 0.38830507 0.38830507 0.38830507 
1.2045434528940273 0 0 0 0.24259134395751683 0.39617925680883304 0.3845874673285361 0.38830507 0.38830507 0.38830507 0.38830507 0.38830507 
0.1534421671322469 0 0 0 0.38555639023418187 0.36985088072259553 0.37047489982969756 0.393890676371208 0.38852283915584546 0.3763706832336888 0.3878283929218184 0.4002792458388178 
0 0 0 0 0.46222323184951164 0.4438071180173571 0.4289827464482308 0.43555632557220847 0.4213401554880347 0.4080705511985838 0.4119442617417557 0.41184782178800483 

0 0.12645217789683558 0 0 0 0 0 0 0 0 0 0 
0 0 0 0 0 0 0 0 0 0 0 0 
0 0 0 0 0 0 0 0 0 0 0 1.088717959541909 
0 0 0 0 0 0 0 0 0 0 1.1260759068709498 0.8753100800102078 
0 0 0 0 0.09173641276409383 1.8357768932637082 0.6414195140293895 0.7076552084804806 0.5062145359994438 0 0 0 
0 0 0 0 0.3089588023185626 2.621963034613203 0.7566429365134456 0 0 0 0 0 
0 0 0 0 0.7892703860293493 2.5316190124163818 0.9527427375520667 0 0 0 0 0 
0 0 0 1.060570249891841 2.593605160871715 1.4914714307688142 0 0 0 0 0 0 
0 0 2.683070930891152 4.545547049061681 3.4133486984293127 0.8895128882764232 0 0 0 0 0 0 
0 0.10036535637790966 2.3494727643050393 4.119607295784629 1.8409020103090303 0 0 0 0 0 0 0 
0 1.8051499929551298 0.620526481534464 0.13918245454730005 0.5627562248368257 0 0 0 0 0 0 0 
0 0 0 0 0 0 0 0 0 0 0 0 

0.477263958305542 0 0.45843184366581397 1.039260851335489 0.7222349256220157 0 0 0 0 0 0 0 
0.5795178711947044 0 0 0 0 0 0 0 0 0 0 0.9130688467028136 
0.6467889186939058 0 0.6279605858693318 0 0 0 0 0 0 0 0 1.585669034533804 
0.9661922946529347 0 0 0.22860535618998223 0 0 0 0 0 0 0 0.022986825828912826 
1.2281604245322963 0 0 0 0 0 0 0 0 0 0 0 
1.6514101020231782 0.4220213350646854 0 0 0 0 0 0 0 0 0 0 
1.4448642656002872 0 0 0 0 0 0 0 0 0.104465863928552 0.30676274994156 0.43343319935172864 
0.3846012407195532 0 0 0 0 0 0 0 0.2938087322667508 0.45508287685372617 0.45829785 0.45829785 
0.6261271925220286 0 0 0 0 0 0 0.3340898276261856 0.45541281672604716 0.45829785 0.45829785 0.45829785 
1.4023485154215956 0 0 0 0 0 0.2930581772181818 0.45829785 0.45829785 0.45829785 0.45829785 0.45829785 
0.5310633047057218 0 0 0 0 0 0.2074147326408482 0.21394959416867923 0.2947969266770284 0.3353139345321768 0.325743627556986 0.3344969840121578 
0.17882073026960477 0 0 0 0 0.509678336119985 0.5102892264525517 0.4956563954114149 0.48753585323013965 0.48638766016459045 0.4798884756571783 0.4690076265031469 

1.4285467467759998 0.27434514933327275 0.48459229072106186 0.7701313253880484 0.34111701768997194 0.4497329357574458 0.3481149250364075 0.6188167224560179 0.3576127977660397 0.6974589639581429 0.7244613678703544 0 
1.9931989604980294 0.7283687916266526 0.3891936014016698 0.9421304152201617 0.6395469257657884 0 0 0.5106722051274695 0 0.35379831436901565 0.026797908908200677 0 
2.286963854511683 1.195709416797491 0 0 0 0 0 0.059844021170955275 0 0 0 0 
1.8074079665945681 1.0118741894802588 0.10166992118402252 0 0 0 0 0 0 0 0 0 
1.577143110012753 0 0 0 0 0 0 0 0 0 0 0.787156662848673 
1.4416975376034151 0 0 0 0 0 0 0.4976749522206513 1.5553751535465534 1.5178102113558127 1.3705409410573688 1.0585305538084029 
0.7842489276168699 0 0 0 0 0 1.2546854949106865 1.5380531098480081 1.2182468315911728 0.8245745074956253 0.5792339176780004 0.5052345975800698 
0.7175010669316534 0 0.36147731420263496 0.6063568920888445 0 0 1.4024759089423195 0.8839275904838213 0.5911269591187106 0.5049519281256398 0.49750188 0.49750188 
0.49608775240357916 1.1082761920422808 2.1128852908786895 0 0 0.3159002116073941 1.1729374782201027 0.5762071833919485 0.5041873593981505 0.49750188 0.49750188 0.49750188 
1.1698295767770783 0 2.6969180290241868 1.3913422409661969 0.0426667962216668 1.815997753909206 0.6072568675826896 0.49750188 0.49750188 0.49750188 0.49750188 0.49750188 
2.372780919072999 0.7342127258154276 1.3666150637730965 2.5056900974027485 2.4912946500893574 0.7865066994079652 0.46321904820397186 0.47595771941059317 0.48892135768072775 0.481671084959897 0.48155859016540825 0.4811405314938325 
1.9512849588207553 0.7194609110990738 1.4020808326453054 2.9393643535255127 0.9704632229126409 0.2672113321219548 0.27537008848556915 0.2753937650445385 0.3484602088258733 0.3889661504347021 0.37831041518839265 0.38440832502896266 

0 0 0 0 0.008554276963213425 0.8817304848640771 0.5043090537077943 0.771596546629542 1.46925866067621 1.5850380330178704 0.8135636284216428 0 
0.3062403314798425 0 0.4287972775139891 1.4887336219349336 1.0474846759323007 0.6786498661754916 0.9454842784045632 2.175946030742537 2.9766241173327193 2.723436429321451 1.8431764900522287 1.2828250789203497 
0.5083187663110696 0.3374367534615113 0.6388762477767199 2.2679119159495373 1.7016140444224077 1.3171264307959274 2.007744776708473 3.283364312358727 2.3133578611707555 1.1752383577964565 2.4079963121257992 1.0693596006144104 
2.0424668157636137 3.027693557340971 3.1425827325761677 2.794334088007462 2.106338794249555 1.961620904890428 2.487771630604537 2.4728189481586584 1.4135617965222878 1.3322261079512128 3.3898829604940746 0.9011581585458841 
1.4974033600643333 2.1260767425185456 4.399551887135531 4.4369698404039335 2.860500199208386 3.3368226729000394 2.8194457180589443 2.6345050992496106 2.874836126973465 3.154595221160513 3.1480144243582404 1.1329771720864554 
2.1265753560694574 2.962369777218235 5.1781189217225165 4.09747690868531 3.4460486481750396 4.802195033083262 3.179238332326917 2.0926058118619597 1.5899765002065183 0.6666959551811652 0 0 
2.409374694012598 3.954249433895245 4.565728757012905 4.6109902276756145 4.505244925645587 4.409238482422158 1.6586466181597357 0.31515933619774045 0 0 0 0 
1.9755872470334406 2.9878385311775117 5.142224998067379 5.44916824085518 2.838844007540261 1.2469766776397768 0 0 0 0 0 0 
1.2009527685203716 2.49239313475566 5.8363650668883205 6.46425360277812 3.0408762763695663 0.45240857604874274 0 0 0 0 0 0 
0.19588522250650478 4.113262593593344 6.576724520953403 4.914041429978969 1.8398971168263738 0 0 0 0 0 0 0 
1.3538414543741286 4.503240930454356 5.630002665946266 2.3820071481144627 0.1495821556067623 0 0 0 0 0 0 0 
1.6644916887320789 1.6238984331803363 1.693429501344047 0 0 0 0 0 0 0 0 0 

0.02446479421372845 0 0 0 0 0 0 0 0.44048308447551077 0 0 0 
0.28201673497243007 0 0 0 0 0 0 0 0 0 0 0 
0.6152867509405533 0 0 0 0 0 0 0 0 0 0 1.5876415557018246 
0 0 0 0 0 1.1005333139528954 0 0 0 0 0 0.6380774175364566 
0 0 0 0 0 1.0795978636168806 0 0 0 0 0 0 
0 0 0 0 0 1.2485920493664586 0 0 0 0 0 0 
0 0 0 0 0 2.3315863928588625 0 0 0 0 0 0 
0 0 0 0 0.8057316220690136 2.7923892254858957 0 0 0 0 0 0 
0 0 0 0.81082728567954 1.9909299427262304 1.0608759827793448 0 0 0 0 0 0 
0 0 0 1.0859012558697447 1.2390017694470739 0 0 0 0 0 0 0 
0 0 0 0 0 0 0 0 0 0 0 0 
0 0 0 0.07557663325134767 0 0 0 0 0 0 0 0 

0 0 0.12277625367402553 0.2978067189345954 0.14223311311005213 0 0 0 0 0 0 0.10112492957265642 
0 0 0.013008105183087065 0 0 0 0 0 0 0 0 0 
0 0 0.04873650153774256 0 0 0 0 0 0 0 0.12795412910252885 0 
0 0 0 0.5527577801876261 0 0 0 0 0 0 0 0 
0 0 0 0 0 0 0 0 0 0 0 0 
0.7450310030445995 0.1960617531773355 0 0 0 0 0 0 0 0 0.10414048607933402 0.3791860748314557 
0.7144929727154473 0 0 0 0 0 0 0 0.1007726699608776 0.515949335554977 0.31283326856175414 0.10683720947389942 
0 0 0.2139474821314731 0 0 0 0 0.15487271896241767 0.34742550694393 0.12066423936983536 0.12052306 0.12052306 
0.06940047657030395 1.2712848588666117 0 0 0 0 0.877676266220308 0.2930739090597281 0.12064975069414866 0.12052306 0.12052306 0.12052306 
0.872841156090988 0.038554385861577584 0 0 0 0.3166549022822715 0.3642485471069832 0.12052306 0.12052306 0.12052306 0.12052306 0.12052306 
0.4015503011833428 0 0 0 0 0.7526203461255286 0.05384113199436881 0.053967399094641995 0.07635687671204151 0.08810101746596882 0.08462522408828954 0.08599935655288211 
0 0 0 1.0280187931448923 2.22958851283436 0.12412067673538932 0.13680990683114105 0.13578378101757133 0.12269522836828492 0.1258030167685696 0.13149306761708565 0.13881770647132644 

0 0 0 0 0 0 0 0 0 0.4893285795365777 0.6479860113123255 0 
0 0.024635485871978446 0 0 0.3986719010406927 0.4462110560916326 0.3365589986006854 0 0 1.0495698049642743 0.16645078511969427 0 
0 1.1250580547589057 1.0276210047511802 0.6670521011852495 0 0.17793745295998542 0.20402772334147534 0 0 0.027685797847549265 0 0 
0 0 0.9055405462505466 0 0 0 0 0 0 0 0 0 
0 0 0 0 0 0 0 0 0 0 0 0 
0 0 0 0 0 0 0 0 0 0 0 0 
0 0 0 0 0 0 0 0 0 0 0 0 
0 0.24856173290934 0 0 0 0 0 0 0 0 0 0 
0.5622215379925388 0 0 0 0 0 0 0 0 0 0 0 
0 0 0 0 0 0 0 0 0 0 0 0 
0 0 0 0 0 0 0 0 0 0 0 0 
0 0 0 0 0 0 0 0 0 0 0 0 

0 0 0 0 0 0 0 0 0 0 0 0 
0 0 0 0 0 0 0 0 0 0 0 0 
0 0 0 0 0 0 0 0 0 0 0 0 
0 0 0 0 0 0 0 0 0 0 0 0 
0 0 0 0 0 0 0 0 0 0 0 0 
0 0 0 0 0 0 0 0 0 0 0 0 
0 0 0 0 0 0 0 0 0 0 0 0 
0 0 0 0 0 0 0 0 0 0 0 0 
0 0 0 0 0 0 0 0 0 0 0 0 
0 0 0 0 0 0 0 0 0 0 0 0 
0 0 0 0 0 0 0 0 0 0 0 0 
0 0 0 0 0 0 0 0 0 0 0 0 

0 0 0 0.08881781284185186 0.4099603907136698 0 0 0 0 0.4348625000351659 0 0 
0 0 0.22976827154168528 0.089561474391328 0.019276430409716494 0 0 0 0 0.2428370521798947 0 0 
0 0.13167835331634525 0.434286709596974 0 0 0 0 0 0 0 0 0 
1.1840674893117744 0 0 0 0 0 0 0 0 0 0 0 
1.1135953936558947 0 0 0 0 0 0 0 0 0 0 0 
0.12788687954843914 0 0 0 0 0 0 0 0 0 0 0 
0 0 0 0 0 0 0 0 0 0 0 0 
0 0 0 0 0 0 0 0 0 0 0 0 
0 0 0 0 0 0 0 0 0 0 0 0 
0 0 0 0 0 0 0 0 0 0 0 0 
0 0 0 0 0 0 0 0 0 0 0 0 
0 0 0 0 0 0 0 0 0 0 0 0 

