0 0 0 0 0 0.46100491496135965 
0.6446154359988545 0.1830199717574758 0.3743629381323021 0.3655802832910032 0.40497577625963765 0.9939156508998778 
0.5877758950653523 0.2563378236994474 0.5014090789529613 0.3661262375515494 0 0.5355108113260331 
0.642618498914114 0.12004455434241537 0.4579984310995436 0.13439783635292957 0 0.22434272328819888 
0.7668750960779457 0.22462504093903465 0.3870098948563403 0.051754750375560335 0 0.5175627365945323 
1.6097039391115227 1.3964677869423916 1.239866604162226 0.8085507229556386 0.8552306418834614 1.5703216013578383 

0 0 0 0 0 0 
0 0 0 0 0 0 
0 0 0 0 0 0 
0 0 0 0 0 0 
0 0 0 0 0 0 
0 0 0 0 0 0 

0.7622734582183059 2.2650337267511933 2.147760055356042 2.279889065796314 2.3091622347471628 2.1569617571465844 
0 2.4201952452140674 2.0983823330736207 1.9999580116172821 2.162434252301669 2.5862806604334487 
0 2.527498760200314 1.7449833180375607 1.0158951045201672 1.5069267358289244 2.637050807457157 
0.03358710856256815 2.684867172878408 1.4799792076436957 0.7738955047485957 1.046754970253001 2.292778473290034 
0 2.008742093101807 1.2532170512900243 0.9057507214557327 1.1794285245326717 2.2106172409301372 
0 0.7219596117604016 0.24736623149774506 0.0638744817022634 0.34074220023549856 1.4648181777798317 

0.20236242022651807 0 0.140648075622724 0 0.006868190125513797 0.042775396111709704 
0 0 0 0 0 0 
0 0 0 0 0 0 
0 0 0 0 0 0 
0 0 0 0 0 0 
0 0 0 0 0 0 

0 0.04507821077787533 0.1962641409601154 0.278537717946415 0 0 
0 0 0 0 0 0 
0 0 0 0 0 0 
0 0 0 0 0 0 
0 0 0 0 0 0 
0 0 0 0 0 0 

0 0 0 0 0.19538351743455945 0.4657071613510965 
0 0 0 0 0 0 
0 0 0 0 0 0 
0 0 0 0 0 0 
0 0 0 0 0 0 
0.05325344535186104 0 0 0 0 0 

0 0 0 0 0 0 
0 0 0 0 0 0 
0 0 0 0 0 0 
0 0 0 0 0 0 
0 0 0 0 0 0 
0 0 0 0 0 0 

1.1868207963990405 1.637216511850976 1.4977670910040688 1.3954217541025224 1.1966578932540388 0.9949858573271988 
1.5163819027459355 2.1204521850161364 2.2877262582987283 1.7726534635678668 1.8048847845907485 1.2254181344280122 
1.4287265443002988 2.0144345337529668 1.6450703154640745 1.7418671821592053 1.9237839242593378 1.3106467762651302 
1.5792528454156491 2.098811034886212 1.8233460724687647 2.185137158561343 2.39836835701254 1.2935988648209347 
1.5217925450099932 1.8097679363380954 1.7199614745382164 2.3531918013208957 2.4344651348506487 1.2413600816417305 
1.608365321792634 1.4227627363198398 1.6724999785126935 1.7514048111425524 1.4814369944285337 0.9025263110765408 

0.3641402249678762 1.6482457242775521 1.5689300204345529 1.8407553620579835 2.2230627887404038 2.277992607604809 
0 1.0746499803654457 1.0865529049528668 0.8031039288239501 1.0411609189652038 1.5767568631524156 
0 0.9995089107852286 1.4190740670311675 0.7818442804322363 0.4831267385887643 1.3754942374115657 
0 1.2614674482055273 1.399361561804271 0.5812194897128827 0.20205791105665558 0.8566338450217806 
0 1.1138377324737645 0.8101682604047713 0.6084030926853446 0.6488728355489497 1.0125099930328207 
0.8028818655402099 1.0192315322364367 1.0792526085021097 0.7685773096193893 0.5541981554681394 0.7256094066367794 

1.140292489199379 0.870092704328495 1.17633208178121 1.121331463759135 1.0079347360756594 0.40348624488494367 
1.5511490571947104 1.7312338971973167 1.7902107360618114 1.9212019203137687 1.3586514201688613 0.8241907978986892 
1.5967779713787733 1.4944035320060385 2.036986913651913 1.7225637639245164 1.4870406094838386 0.7952787631046371 
1.4911276478893902 1.4516418116609124 1.823282443806543 1.739871055460134 1.785976104535709 0.8578414632137886 
1.594898546997784 1.6610155025790336 1.75013183937679 1.98116848895348 1.8751729978002967 1.0619254276014287 
2.011571748854153 2.976267060784811 2.8054350462449085 2.7617192325945803 2.6549474716794186 1.9219759895239337 

0.9694126237708863 1.4855980045159092 1.7049441735649686 1.8512372417242624 1.5315096844539395 1.1079737579161295 
0.5274186073378513 0.7933026528005728 1.4071964903747476 0.6887483202220599 0.35417739453020836 0.1066716262526527 
0.5506105473790774 1.1152751275613075 1.2802069700994294 0.4890562516137043 0 0 
0.5998094534651776 0.9525552691708814 0.7981373340944227 0.33156459029321134 0.03907982072518489 0 
0.7921904182834005 0.8765851002686378 0.5976485094501779 0.17496821264523355 0.2559671595499049 0.18207504458773036 
1.1445558385610162 0.582094094434918 0.6336251318929682 0.593446434764211 0.7434302911053939 0.8851459897659951 

0.7678430666376592 0.6606997951502379 0.9659218110419229 0.957840641987452 0.6153567764061391 0.4062240970127013 
1.2343343416942614 1.0537863996094958 1.7182062191052512 1.559823477498871 1.3964779779705354 0.10419067588780706 
1.287189427495509 1.2600682300666781 1.5260723755382517 1.0927838973208788 0.28886556333787555 0 
1.275812862031442 1.0596275881310713 1.4005536207747364 0.95387554711223 0.6013236208769637 0 
1.2076123831721588 0.6968390657035762 0.8065426916273194 0.8504252034763431 0.649819981305118 0 
0.6891570485037236 0.05627706854095962 0.29196394250192315 0.22554237987414485 0.26132928078521594 0 

2.870633896334689 2.824634874105726 3.057213596698177 2.9988360594837395 2.8392762381992465 2.3052499125347263 
3.2356224318032702 2.7654552164824047 3.1319348307716837 3.15152006274285 2.936520502829649 1.9784065639814892 
3.3057556316673495 2.767851182431488 3.352323422810313 3.2361918749237812 2.8422212875067334 1.911245069191461 
3.1669652837917166 2.5497240619027344 3.167579156784844 2.916593788030926 2.628013532556297 1.8602437530063218 
3.065412063758365 2.628445229582774 2.9858498074236897 2.8380672286591517 2.500709249236783 1.7707892156218157 
2.5755047154979844 2.263771993387289 2.4175141120537638 2.3620264284714865 2.3420839592742073 1.7607275046440414 

0 0 0 0 0.013103372091398315 0.7124563174221039 
0 0.26656175859151376 0 0 0 0.9008863060311023 
0 0.16044175848081463 0 0 0 0.9976168616414072 
0 0.1389926063138938 0 0 0 0.9482614651889288 
0 0 0 0 0 0.8743473162752777 
0 0 0 0 0 0.11233673445739899 

0 0 0 0 0 0.25937762189588875 
0.004857654068779943 0 0 0 0 0.09014117582048811 
0.04164444868076442 0 0 0 0 0.020656241103019807 
0.10416100176159891 0 0 0 0 0.1434242690057517 
0.2199662935330561 0 0 0 0 0.20507302869573124 
0.47512662120077126 0 0 0 0.17676992208824244 0.28718130308130296 

0 0 0 0 0 0 
0 0 0 0 0 0 
0 0 0 0 0 0 
0 0 0 0 0 0 
0 0 0 0 0 0 
0 0 0 0 0 0 

3.765879903397462 4.130992807857158 3.9510211224823157 3.7353975687528145 3.4832287176074863 2.7621326099229813 
3.198954250069488 4.557460286850536 4.145030098841452 4.232489270923427 3.9097513769033214 3.588479968101539 
3.2672941516574636 4.559689828661349 4.264909938165273 4.1212723820753245 4.606848434968691 4.059163369931295 
3.233849946964737 4.823104921979723 3.6142957867021988 3.618893789996299 4.436375109354867 4.281313249056612 
3.2090611406998013 4.309664520087592 3.77831399924689 3.728590828393486 3.9176708636456694 4.156367216819478 
2.3099538557514077 3.598708707799025 3.5046436776369787 3.283200612030198 3.130647122524236 3.632872323855911 

0 0.5392709316318696 0.5479546874865724 0.5515537177829808 0.7079400693514268 0.14659225604047682 
0 0 0.18075081843165094 0 0 0 
0 0 0.415244944592596 0.15161601866169708 0 0 
0 0 0.3663955216971305 0.2893696487701368 0 0 
0 0 0.33809769242016774 0 0 0 
0.004697842042818843 0.37730547932464115 0.6328034377229431 0.5657525411023258 0.35190215487483867 0.12925274528617975 

0 0 0 0 0 0 
0 0 0 0 0 0 
0 0 0 0 0 0 
0 0 0 0 0 0 
0 0 0 0 0 0 
0 0 0 0 0 0 

0 0.15588241426720267 0 0 0.2113092876508994 0.47299855449705563 
0 0 0 0 0 0 
0 0 0 0 0 0 
0 0 0 0 0 0 
0.06838455357143368 0.099097353359484 0 0 0 0.16625041493292053 
0.893232074327299 0.9487881757128785 0.9516031380114723 0.747622171649131 0.681627600211236 0.41398832486678927 

