0.4688317561693823 0 0.2566216182439706 0 0 0 
0.5181961486360184 0 0 0.723596540089334 1.0851660510043346 0.9023497144190866 
0.32430521509086246 0 0 0.24324960611080462 0.3332727404716721 0.39183992849482596 
0.5410920861855233 0.4617728603746448 0.39869046450603735 0.7841299844354598 0.8594448893131289 0.7379883774091751 
0.5816636212296221 0.12866969882881774 0 0.7929105064410527 1.2083818577267813 1.5003455248067477 
1.2837743813667493 0.9141037829768528 0.8114272279376787 1.2255637706307851 1.6751881584614974 2.075342963513079 

0 0 0 0 0 0 
0 0 0 0 0 0 
0 0 0 0 0 0 
0 0 0 0 0 0 
0 0 0 0 0 0 
0 0 0 0 0 0 

1.142862259863773 2.536747188094646 2.7326564664198036 2.0766486278716965 1.13441950108794 1.7470069280931917 
0.8219288944880592 3.282593234454949 3.59790951761036 2.479487645641243 1.2797752137486809 1.9323801933458304 
0.031015056682888148 2.0170992320123737 3.100098747261931 3.229878509948829 2.3532926526888596 2.228185316981651 
0 1.5979000392570213 2.4724795068033747 3.114811355019161 2.897086066040983 2.7399399459826315 
0 1.6816098592375563 2.7095514848567035 3.0339638460988354 2.985013625627826 3.2164341217557824 
0 0.20005501049446966 1.1466348142238323 1.428209875539562 1.1078285882459127 1.9272682043946954 

0.34406963995669887 0.24538743656633683 0.04636361687132267 0 0 0 
0.1721944499907108 0 0.27718462046469283 0 0 0 
0 0 0 0.021859038323502288 0 0 
0 0 0 0 0.0826167639853698 0 
0 0.049124513427138285 0 0 0.12835863921639293 0 
0 0 0 0 0 0 

0.4239664859680351 0.9687134928961755 0.4721746226194835 0 0 0 
0.6679841701800486 0.048208217065554976 0.4512112474447754 0.973888209663366 0 0 
0.5963463403495699 0 0 0 0 0 
0.42031470727662257 0 0 0 0 0 
0.43385971973141985 0 0 0 0 0 
0 0 0 0 0 0 

0 0 0.6697661889283416 0.8089911000495461 0 0 
0 0 0 0.39365353633714145 0.6017072580121124 0 
0 0 0 0 0.3203592291951661 0 
0 0 0 0 0 0.16722360304149161 
0 0 0 0 0 0 
0 0 0 0 0 0 

0 0 0 0 0 0 
0 0 0 0 0 0 
0 0 0 0 0 0 
0 0 0 0 0 0 
0 0 0 0 0 0 
0 0 0 0 0 0 

1.412686578306664 1.3294642467464157 1.0936238299277778 1.8676091868703435 1.570147830824986 1.1454203856039522 
1.9365719065670202 2.3553567060675196 1.7879592647591096 2.0919126400908743 2.590100669212775 1.8105031953122903 
1.6636137133449673 1.5582717272224462 1.5098555622775396 1.898248438304194 2.2647109968852512 1.7665673370249875 
1.6796278347137445 1.7117775677185276 1.985495918760781 1.9021741443465638 1.5750915492990656 1.0942174134687919 
1.841274146271502 2.0258308885708716 1.9633893477794602 1.8438906135989657 1.6167769225120925 0.7891118490527393 
1.7283584563649952 1.3590182560896515 0.9592273253223161 0.8605228859884921 0.8667150704254907 0.43828611536379947 

0.4076331961166577 1.236032543433297 2.619708103805922 3.3959033407511057 2.117530437790417 1.4098647721782265 
0 1.2618146989873014 0.904530386453506 2.4046187964637515 2.4967640482877664 0.7299204330673885 
0 0.8167862667222566 0.20267816581341794 1.7067592564010516 2.3750733177389614 1.2696996233831592 
0 0.18469552204067002 0.4379385819031159 0.9937657310283493 1.4739825836842013 1.5489309351757998 
0 0 0.21429941506864186 0.7285134509237192 1.2276155080679205 1.6978272146921436 
0.6317628809386994 0.04475928308559366 0.13730630942367028 0.6813151174621184 0.8767813916358619 0.9883151761092404 

1.312322323244184 1.0274977513616912 0.9073001480409336 1.044705679058587 0.9929536157606875 0 
1.7646972627443696 1.4760804669496144 0.9852305718755895 1.5880104403618793 1.2743746066002324 0.6801969199039198 
2.1272149631360633 2.074878724226756 1.6391634361878467 1.7054962621825713 1.529196286358238 0.5553166917458494 
2.1107491472074846 2.622466373315086 2.427665299471474 2.127645937321448 2.5914174010889823 0.9833013549855364 
2.182467439570869 2.5422966417367014 2.3826189838358274 2.325684744046848 2.546283131613027 1.317087825576027 
2.572202844555654 3.1553888752803503 3.159978402871343 3.3521772835852235 3.01777425928549 1.9894703672112342 

2.179717630221067 2.3944059999927365 2.0471432431435606 2.0711234019911062 0.5834500346622707 0 
1.976986354912956 1.390150450408113 0.8656513853273576 1.0985629975504865 0.1031781009341493 0 
1.8947827434386095 0.7015659670274627 0.031044630741361115 0.8088264499286727 0.39391909550442433 0.11165087533007974 
1.5071268922029724 0.20011386501814074 0.27129931108389294 0.6816117892391113 0.928835522569977 0.6432729380600202 
1.5364721340291518 0.4483575806467459 0.7744505394349718 1.0257127671224833 1.283945017193057 0.5889803878933233 
1.4369555063843766 0.7484693055111039 0.7191751420345976 1.0131163158633016 1.1252777517462627 0.9172171064530038 

1.898153832340116 1.700898197344588 1.0034496108979507 0.741700735286219 0 0 
2.214522110343241 1.9710107769227208 2.490776463852443 2.1521188923173296 0.49299758623910217 0 
2.6313809724110544 1.4337880632023203 0.07290830031546205 0.7370894591433353 0.4410809918665037 0 
2.605440982482191 1.3858838902810806 0.6262247512780548 0.6503143719663534 0.8621662061955363 0 
2.4204484072061634 1.5059799376447884 1.9315964891626762 1.9617673962850837 1.8276883697819968 0.6783063694137792 
1.7699059396242318 0.8043340544429101 0.43914199800946213 0.9633681413501985 1.1572707389749286 0.3160907772883934 

3.212989188014768 3.469090490321475 3.262056258887634 2.735287607384728 1.9937049129942115 1.3907839050197186 
3.6045306760485123 3.4439463412459315 3.5847044792456857 3.3309469831498975 2.582628254740163 0.8111097871329609 
4.1313002235020875 3.7740405536032924 3.221278403852027 3.0846688410034395 2.702761995011606 1.2786928536102837 
4.293181732063254 4.149032151535493 3.554790659329487 3.0907548180868436 3.3809711138250123 2.016544435580253 
4.022281617513938 3.964511389581108 3.846626171214497 3.5627185348479973 3.857906952576718 2.485880692003259 
3.2509461592767206 2.951196067778871 2.820295483268982 3.0690118598046117 3.13443866830417 2.307299710387191 

0 0 0.6582943274880537 0 0 0.35071856174334826 
0 0 0.154088136081924 0 0 0.9145620393592856 
0 0 0 0.1423740621591565 0 1.3613049283751053 
0 0 0 0 0 1.6356017356928985 
0 0 0 0 0.13521215837858414 1.642322171779374 
0 0 0 0 0 0.25371864677507056 

0 0 0 0 0 0.6716661274935135 
0 0 0 0 0 0.4971182283121923 
0 0 0 0 0 0.41998637846160497 
0 0 0 0 0 0.11617513230891502 
0 0 0 0 0 0 
0.1284903560028942 0.04927151307158492 0 0 0 0.19334316108958255 

0 0 0 0 0 0 
0 0 0 0 0 0 
0 0 0 0 0 0 
0 0 0 0 0 0 
0 0 0 0 0 0 
0 0 0 0 0 0 

3.5961096362639102 3.8871129591261218 3.420115866379065 3.5368191822532564 3.6997102834572755 3.1634891696758856 
3.596722930378869 5.035061186618855 4.591255932405004 2.8690285442802415 1.9798762266664705 3.4557535079298694 
3.64085641832033 4.958433525691543 6.414243359726685 5.051005114640637 2.7037569049583925 3.007185520408249 
3.3910969101876214 4.449900026103263 5.001690963646641 5.10954449663578 4.555388546330585 3.386318910663121 
3.553789659079947 5.035706673616077 5.118790087371905 4.687228018946331 5.05555156859644 4.157599021049468 
2.901790778880127 4.891315986818379 5.324150162843504 4.903407382913207 4.505134338248454 4.601049851851666 

0.3028430951348776 0.44530439479878836 0.41428582371116146 1.2712363587808784 0.634680381940994 0 
0 0 0 0.1881773873152616 0.10801321439673406 0 
0 0 0 0 0.651939339667353 0 
0 0 0 0 0.3822909252624163 0 
0.13910929438616912 0 0 0 0.09811353764182135 0 
0.6533984246387498 0.3269658154405658 0.2348539471782146 0.8264008796654211 0.5310151251347924 0 

0 0 0 0 0 0 
0 0 0 0 0 0 
0 0 0 0 0 0 
0 0 0 0 0 0 
0 0 0 0 0 0 
0 0 0 0 0 0 

0 0 0.22550587414674775 0.26476872485799036 0.4497583216435765 1.124471950803863 
0 0 0 0 0.09232595902539464 0.04289804621061083 
0 0 0.12213117723153805 0.26646135448835884 0.2320007393673371 0 
0 0 0 0.3182371411860394 0 0.0708289221886125 
0 0 0 0 0 0.10314465056012483 
0.8971019173922092 0.9905114751655706 0.8207434135205942 0.7309875011074642 1.0408932225738299 0.806924654245789 

