0.5011548081138484 0 0 0.1348214289071078 0 0.44298958778044506 
0.9398744744898012 0.709576828821176 0.9150034370766336 1.0583953556872483 1.1137828652404371 1.5975836660037106 
0.6736091450736933 0.49479558116961 0.5487958066016616 0.5446539587474193 0.9102625990838198 1.4755418919776842 
0.40456639660626326 0.03107862017178268 0.093298303438385 0 0.7539780199125958 1.464615990872972 
0.7403673543137881 0.5787236489047757 1.0249264301906955 0.866518179808945 0.7149054573865181 1.152001956512943 
1.5035994283429754 1.4474983411427829 1.4650021736590402 1.3652371867636535 1.1679018658819735 1.3244076604186998 

0 0 0 0 0 0 
0 0 0 0 0 0 
0 0 0 0 0 0 
0 0 0 0 0 0 
0 0 0 0 0 0 
0 0 0 0 0 0 

0.750370914850841 1.9464449814419689 2.2619163173972407 1.7484831425832414 1.5394265491688577 1.8509762602880449 
0.33227982123081956 1.9352971115844841 2.529469475211474 2.171683768087044 1.7533599851722355 2.2563324048525253 
0.2186342409895522 2.331995507429394 2.4381813604560576 2.3650154520841276 2.0143369353448497 2.215300113236721 
0 2.106027070932475 1.7390313589904196 1.80454756825476 1.86773870780234 2.3708154364890013 
0 1.952276183911982 1.4119011121014549 1.7734018578413016 2.107045543393948 2.520034134357291 
0 1.1411721719091703 0.7627812896809711 0.7209083720543474 0.9717552925385354 1.5217137113825603 

0.17313918883629326 0 0.05169833177933562 0 0 0 
0.12663502091520584 0 0 0 0 0 
0.07047949472789825 0 0.13793275158036641 0.1377801777574691 0.08985125311381632 0 
0.042993523445038845 0 0 0 0 0.06641893832428268 
0.016025216581902698 0 0 0 0 0.14907565070745016 
0 0 0 0 0 0 

0 0 0.2840941203352582 0.12099767743159101 0 0 
0.568188185719459 0.032162285932529705 0 0.22604550256429895 0.3520234792397496 0 
0.42812727846613835 0.17671399111343758 0 0 0 0 
0.08183607579265745 0 0 0 0 0 
0 0 0 0 0 0 
0 0 0 0 0 0 

0 0 0 0.018108154754609897 0.02794666405932547 0.16914797263167425 
0 0 0 0 0 0.08835791969560543 
0 0 0 0 0 0.23591966268227568 
0 0 0 0 0 0.19127372270910953 
0 0 0 0 0 0.5454746854083237 
0.2622924244094883 0 0 0 0 0.02002542279150588 

0 0 0 0 0 0 
0 0 0 0 0 0 
0 0 0 0 0 0 
0 0 0 0 0 0 
0 0 0 0 0 0 
0 0 0 0 0 0 

1.2542088421235233 1.350467920348089 1.0759777681522307 1.091949566289799 1.4951619440236374 0.6356821806641728 
1.632512139300823 1.6371962152187027 1.7737258140335728 1.757817409756531 1.7708578669689832 1.1340420434123684 
1.1814175350528775 1.7627004301092293 1.365212401983294 1.3276898737347191 1.2581907735489188 0.9431450477262535 
1.2390120991967806 1.5691962318478463 1.3678720597868934 1.1914374284894529 1.0572490806442916 0.9516334357323719 
1.3217190383775308 1.515742343498299 1.374539078062436 1.3853854639116339 1.2966692995898195 0.769328292177892 
1.2641583458899002 1.021810409301066 1.2790507830039235 1.2895933024826944 1.058197762818525 0.6985823402287138 

0.845937111702697 1.6594055926287583 1.687521924086359 2.169818223707259 2.0465477591571517 1.853962464112037 
0 0.7004249794792302 1.140628641943812 1.3288915023828205 1.3752700465983274 1.6131146570224904 
0 0.9503731177054469 1.0577581387371715 1.1082439668887143 1.5731733268184351 1.93759715040351 
0 1.054692925976087 0.8068315536591174 0.3571950207203204 1.0016704103897287 2.1432033232790015 
0 0.8988121631644082 0.43300504839336623 0.4372412828132143 0.7586319521100349 2.0392253618480054 
0.42967203521576014 0.9283015985794325 0.9563428473283425 0.8247047156416135 0.8307093341748923 1.1853263726816947 

1.6391810539805496 1.1265372308198176 1.1421298347624804 1.597767507215439 1.2080627100925811 0.8792051858518879 
1.8157002238554958 1.9917997766310591 1.8658023425569594 2.1349965517975655 2.0162292659876733 1.2518672162914728 
1.7138301386229093 1.7911182636171408 1.7686956170105672 1.5553099862295678 1.7603234713433167 1.272808899055628 
1.7997420456334419 2.232214522067119 2.130319754599084 1.9499044890620554 1.6636726688023789 1.403336023606058 
1.863268943575934 2.5660587273021673 2.454877507873651 2.306549480475504 1.7230926138920073 1.3346086537142907 
1.8432321092543411 2.886271334825427 2.7824057458725595 2.7089961699100806 2.515628726456173 1.8898265754179058 

1.8431996461930429 1.8541700934529408 1.8377701801306796 1.6384660068248773 1.8657641081274585 1.0231910189751352 
1.5938302661736048 1.1165564111915036 1.118127441660647 1.1827138341430536 1.2773774110126943 0.657337718285017 
1.3289585279397578 1.1270036381385697 1.1287276747540895 1.0808518851801092 1.0836976039511759 0.7940745034068422 
1.2376383399317066 0.8029379798914997 0.7843569313130392 0.8611477619742588 0.7678906208547444 0.807348187002401 
1.3428805533721326 1.1292458170988897 1.2051934732462628 1.1998979895360848 1.2350780669334358 1.050798710944253 
1.5480705882157584 1.1936000021969104 1.3143627433706488 1.2228140615967136 1.1774281525748953 1.2741912024486646 

1.2499622603999856 0.6485491873253751 0.8236422261696759 0.742007265642142 0.488077120018329 0 
2.2710345583631164 1.919144740914658 1.5849181090740745 2.0423666331654076 1.901882469145003 0.5476783036520555 
2.1504118460533803 2.1310609696550564 1.923610449535922 1.807102818443695 1.6316064406375417 0.6411970900430616 
1.9965955962179955 1.311998076507297 1.1868500872764631 1.24207850668294 1.1626463403568261 0.6522059440693472 
2.0144220125160093 1.7285088316827317 1.5356724373019246 1.35602470617741 1.2794764897847462 0.6958905945994588 
1.4919457112559498 0.8250540210719243 1.1385345428210618 1.139822951012291 0.6987002972062811 0.3592328155856356 

3.0582909810066763 3.0378446415124967 3.0499383737348054 3.055751783731963 2.8085190221794707 2.4203609907066874 
3.6034026810524624 3.46138884683737 3.2057829153033075 3.4824882118558675 3.2726439522483983 2.1887985067404365 
3.9017580133751246 3.8340723715407137 3.8734430974831278 3.623188633947939 3.4841030184181196 2.5089544987252457 
3.920818778506414 3.5744306006004143 3.5540848062443775 3.537780394964158 3.3557191262252037 2.5892558737356945 
3.7092344241288933 3.7000505566000936 3.5806383782340547 3.4663926339416062 3.177754603146424 2.715481379940646 
2.8985467852082363 2.763806506891082 2.800064023618226 2.6665863697781647 2.43293613576639 2.187497607106206 

0 0 0 0 0 0.444506865473891 
0 0 0.10818562580476493 0 0 1.0106853971396281 
0 0 0 0 0.025376679874564295 0.5510467534442587 
0 0 0 0 0.1720011997250114 0.4767842975249549 
0 0 0 0.012084048806435297 0.34473756812653805 0.7429695611902533 
0 0 0 0 0 0.018745219919189635 

0 0 0 0 0 0.10218467712188341 
0 0 0 0 0 0.06841899066695978 
0 0 0 0 0 0 
0 0 0 0 0 0 
0.10458993229674504 0 0 0 0 0 
0.5249035750471901 0.0038172591673799796 0.07298969083738203 0.09752769380097737 0.10830299996830196 0.3152325143810757 

0 0 0 0 0 0 
0 0 0 0 0 0 
0 0 0 0 0 0 
0 0 0 0 0 0 
0 0 0 0 0 0 
0 0 0 0 0 0 

3.542459039255622 3.8862782999660728 3.626680445912271 3.363112710101997 3.541359800824872 2.7663735443760595 
2.8076662209650056 4.013953097080271 4.240762026280632 3.6082594571772817 3.059352259874385 3.5204866731825852 
3.477856883040548 4.846446531829457 4.623434170451715 4.609604227522505 3.9468446017934578 3.417188124495491 
3.8172714690777863 5.051800232209621 5.092046521886922 4.824009748629864 4.280229256283678 3.5872877315757 
3.934782966684807 4.6626049320464835 4.4925331241008655 5.001877518779568 4.8000826931604 3.7925554559987016 
3.1515614913830827 4.212236776794718 3.8013293975769638 4.026666577763661 4.382065259434711 3.9209561769620485 

0.3075245959818304 0.6061516528860406 0.6351377197957226 0.8955877188867194 0.786674941858943 0.17091672056891588 
0 0 0 0.15194257400516492 0.226671788034732 0 
0 0 0 0.1762348822642054 0.03603816410768779 0 
0 0.3986368538634036 0.1266086528125343 0.434250900957304 0 0.07281241709242074 
0 0.6706046750449789 0.4938118077229846 0.2800232658678427 0.10889293247572435 0.22909207460404138 
0.04063330138512463 0.7196981256783165 0.6783057323181105 0.5614815778357188 0.42690695749000507 0.4612978858505561 

0 0 0 0 0 0 
0 0 0 0 0 0 
0 0 0 0 0 0 
0 0 0 0 0 0 
0 0 0 0 0 0 
0 0 0 0 0 0 

0 0.30018698814080336 0.22226427832525764 0.3820643387060872 0.28725959766693476 0.6777962085518272 
0 0 0 0 0 0 
0 0 0 0 0 0 
0 0 0 0 0 0 
0.07423989592151385 0.046681144695457366 0.1381148013539768 0 0 0 
0.9259427077413456 0.5752303071520753 0.5184956284080966 0.6318788794303928 0.7538336603336885 0.4316347687999913 

