0 0 0 0 0 0.4386081782510343 
0.9999155325284578 0.6288551459444689 0.03235725685850752 0 0.23976079054551194 1.4788565237023745 
1.0327170684798836 0.5121752992337388 0 0 0.25784816174116676 1.4790796529450427 
1.535432193992528 1.4414378303118545 1.3461027420734786 1.1802250292015655 1.4057638734302926 1.8042991065118372 
1.0990549598807562 0.996035730019522 1.2323117094111433 1.0880350842979125 1.1537755530756044 1.4912757405066555 
1.4416388589179934 1.1683418527820364 0.9677188776021335 1.0940357235851967 0.9179014925589405 1.0961431074513854 

0 0 0 0 0 0 
0 0 0 0 0 0 
0 0 0 0 0 0 
0 0 0 0 0 0 
0 0 0 0 0 0 
0 0 0 0 0 0 

0.8119935182226378 2.020528434413858 2.1242769651880042 2.024050750018759 1.7503612591132436 2.399405302204783 
0 1.3751732906246978 1.8234758505364275 1.9489338718227416 2.1003152578977855 3.114938559081895 
0 1.2569260975018346 1.344044680982763 1.4501384502188357 2.6274840944451734 3.21634411580223 
0.31539873897797505 2.006320560611398 1.4075818983379642 1.6383117186972203 2.1958302908294676 2.8242365866303554 
0.8688137875117439 3.1560377986889177 2.0373378808284857 1.8617127294998967 1.8802365615107903 2.320916599519452 
0 1.8120961314931876 0.6906866977453312 0.6514646895478717 0.49578587032905513 1.1718507830077138 

0.09335669907163684 0 0.13678608220827448 0.3255676817884746 0.05494584969885719 0 
0 0 0.0971533714933655 0.347831927514937 0.043096808917801155 0 
0.07181175934297193 0 0.14440305245158122 0 0 0.09297135717880804 
0.06931679093653509 0 0 0 0 0.11244168155868738 
0.049446354166385875 0.07255939445294476 0 0 0 0.14114101829382975 
0 0.003382614828502578 0 0 0 0 

0 0 0.13976915804706025 0.7567156295023374 0 0 
0.1629431933505471 0 0 0 0.12369224345465507 0 
0.37381399494990925 0 0 0 0 0 
0.6764426956016701 0 0 0 0 0 
0.32852221251846164 0.8270382094243042 0.6374111889887565 0.17415888961343023 0 0 
0 0 0 0 0 0 

0 0 0 0 0 0.31993027925510514 
0 0 0 0 0 0.5742688291181555 
0 0 0 0 0 0.3082543285493244 
0 0.2621793739419755 0 0 0 0 
0 0 0 0 0 0 
0 0 0 0 0 0.1696546596188008 

0 0 0 0 0 0 
0 0 0 0 0 0 
0 0 0 0 0 0 
0 0 0 0 0 0 
0 0 0 0 0 0 
0 0 0 0 0 0 

1.5955635455102983 1.1672207010240243 1.3374193029780366 1.6989744640469615 1.5740578878809712 0.9755739659778637 
1.5364327511032392 1.5545480570583947 1.691074932979476 1.9174934220966637 1.1543808899616383 0.8108758756196247 
1.64211006316885 1.8111134249345964 1.9138511418176019 1.599730655276963 1.011448996753056 0.5456103138155746 
0.9707522385393539 1.7792013922521872 1.3549150978567517 1.2928621469965935 0.7911279598955347 0.6917976512155007 
1.0589205188511546 1.52491651772144 1.6675859167445524 1.3339641648410832 1.3910393329916622 0.9863481242826325 
1.157648363751069 0.9593652133120439 1.0348149134419338 0.9105585368290616 0.9688984742535338 0.9035480378829567 

0.33533090547446975 0.8363455711017345 0.9217697171543591 1.3233664128962492 1.9084032823200536 2.778456166281154 
0 0 0.2584233516498272 0.39891686782351166 0.4620878298187391 2.231015313730519 
0.25332854337943417 0.5889844509858215 0 0 0.22130114066962583 2.189410463542533 
0.1924465766476917 1.9116435152299984 0.6524895371049503 0.6152710951450348 0.8297218157827706 2.166100386791691 
0 1.8390031818655794 1.1644855774745015 1.2353920493956212 1.4229752016818675 1.9013744870001519 
0.4564743325694603 1.613339389905389 1.1141223998215422 1.02075598854401 0.8836547659002962 1.0375844166110462 

1.3201309598029805 1.3183899247248827 0.6955636506451954 1.536390595155517 1.127760466985055 0.8867348255515717 
2.024165592852776 2.3169771081946706 1.9709975578814563 2.233118809180409 1.5132553115004408 1.5277321261419814 
2.068690342643526 2.0706902943455265 2.354959312530803 2.3698857152667765 1.8329041835033428 1.605020986679681 
1.9964748115866522 1.8234357707243398 2.5751556484745475 2.252392801316188 2.03931114698388 1.5758883443483223 
1.4271840177087276 1.7864515802902041 1.7205794397807355 1.7380082931041605 1.5004148819512162 1.2378830659620355 
1.769505114153286 3.151283921804047 2.630741829839536 2.726744292534737 2.499166204051905 1.719487094113854 

1.6255851306257076 0.9528717289157476 0.6986531566682391 0.6534500990794242 0.6535098872309837 1.1147976301625004 
1.552273131071382 0.7668208365333979 0.5028975587893463 0.9658467126202039 0.8890856023134986 1.0137188433212165 
1.552881716912231 1.1035236396200025 1.247228581196279 1.3997130103338364 1.2664071760920834 1.0989032184350918 
1.552559990795342 1.7876888305407574 1.630188077304713 1.5515607588541884 0.8664112054951156 0.6554646385574079 
1.7145996803338746 1.8855868328449281 1.9208741691441034 1.259539505167173 0.7892708478134931 0.44285176762503137 
1.2851525766310476 1.1821295157186396 1.148428662998759 0.8492561670468787 0.8764374425678244 1.1732542440880889 

1.267338954597111 0.9592118475722964 1.4452668787114042 1.5279422026631944 1.074417470212064 0.4488128851240561 
2.325219599888036 1.6807125098337188 0.987469978823308 1.686089989245056 1.2817653262063653 0.6023585664744185 
2.0176892128279627 1.3282894491557329 1.3245338377684455 1.434361476120719 1.1469980602607186 0.731847707318798 
2.0441526344453336 1.699885368310843 1.543771828858589 1.6914227622410345 1.0583424580286203 0.49973791477917795 
2.30916791470085 2.25257184742839 2.692040407564039 2.2380223351460864 1.5689777252246249 0.5145930638961524 
1.0425766652847008 0.7776742384084023 0.9529777385613418 0.7247187890496086 0.35624071218251907 0.07368668833648659 

3.0047823086358885 3.25090821957047 3.2604468793844235 3.444518383304473 3.150757693893648 2.597180825313193 
3.848057845829734 3.788226211677389 3.6065492296553594 4.009263508628166 3.559340168931773 2.5758374132305426 
3.389853163978205 2.9740580984182627 3.0825004784854584 3.3997617434290333 3.1925456209518255 2.701826307914548 
3.687240709422284 3.364803715215911 3.5098648151431857 3.6324673173591955 3.2878721885460496 2.5633918498453196 
3.7232603629719327 3.6962241234212785 3.8823130948278015 3.866573430050258 3.3702797327175573 2.4483160553183185 
2.7454328948599267 2.8770172932666007 2.8908971452389536 2.818596578379755 2.6055837257226413 2.1082977003630976 

0 0 0 0 0.18244643761216575 0.48701799532742107 
0 0.11070579207258853 0.2567750736290978 0 0.187695827748375 1.0645538140392101 
0 0 0 0 0.33648150963340795 0.9802877294529764 
0 0 0 0 0.10489595297818534 0.6852179365241624 
0 0 0 0.10051553366701323 0.3239188790516558 0.5292205037833255 
0 0 0 0 0 0 

0 0 0 0 0 0 
0 0 0 0 0 0 
0 0 0 0 0 0 
0.048881569036561066 0 0 0 0 0 
0 0 0 0 0 0 
0.20274074706824394 0 0 0 0.04698434359098941 0.2994010857415335 

0 0 0 0 0 0 
0 0 0 0 0 0 
0 0 0 0 0 0 
0 0.020591377970670097 0 0 0 0 
0 0 0.056234558698634404 0 0 0 
0 0 0 0 0 0 

4.263203881674064 4.55350547606491 4.032781320885467 4.012079756200025 3.7852201273290182 2.7089890136194406 
3.4667667955920254 5.5342018876832055 6.162797023603218 5.33341456188754 4.099188536933595 4.12179969204468 
2.9350808134629003 4.605339153625945 5.229059507700106 5.597816161595124 5.5035641458140585 4.285227377105616 
2.53147495746613 3.5501626364373924 4.040433896001812 4.390224949670364 4.845627316460299 4.2042445628327005 
3.2387305246489047 3.7049966650054933 3.619038093936265 3.785068562323764 4.15728537980827 3.776947683047767 
3.7058625619312577 4.830737359721848 3.969015082880965 4.152072027127372 3.9968476772408907 3.5917809766937023 

0.08429070344509884 0.6525879752615427 0.26331697890505995 0.5291683110359321 0 0.6064322770383537 
0 0.08630547598065995 0.14439447416069662 0.5006023487772735 0 0.243345349668078 
0.299362013901121 0.28377694262712083 0.4830946664355687 0.05192649908728862 0 0.3158910871054684 
0 0.4719105615745518 0.17928330629341813 0.08006721495506369 0 0 
0 0.862495041126131 0.022776439238000046 0.1419999787738723 0.04288300194142907 0 
0 1.0127046283918975 0.7730200681415806 0.8872499683117934 0.8751365332659842 0.48256705360246044 

0 0 0 0 0 0 
0 0 0 0 0 0 
0 0 0 0 0 0 
0 0 0 0 0 0 
0 0 0 0 0 0 
0 0 0 0 0 0 

0 0 0 0 0 0.4682439350089685 
0.07390800948068374 0 0 0 0.16507978915924268 0.06846524402948101 
0.16538181133510624 0.6065676325139135 0.35997142916291874 0 0 0.06041582829853648 
0.08876023224555905 0.46644324143742116 0.12391552995727065 0 0 0 
0 0 0 0 0 0 
0.8309608381546013 0.6631509193395537 0.9854527585707318 1.1808177616132955 1.1263719028369596 0.33466389969132304 

