0.29713414272092314 0 0 0 0 0.273888415297511 
0.8591805669284263 0.5601928676134222 0 0 0 0.5505993026590329 
0.9427945317173377 0.5982558118457142 0.5587282684365285 0.5190658776683741 0.5127531668597394 1.1413939174436825 
1.044558375330479 0.6308029656696517 0.49842628719406656 0.4943956522493137 0.22944840163626679 1.1765933461683606 
0.9170804198740025 0.9143524795606018 0.8484171227057967 0.5793146971334546 0.07033383356954424 0.9030371717057695 
1.2818378246226398 1.2913805136329155 1.3893711591463078 1.6144043384663624 1.0957888231095794 1.1177248565634126 

0 0 0 0 0 0 
0 0 0 0 0 0 
0 0 0 0 0 0 
0 0 0 0 0 0 
0 0 0 0 0 0 
0 0 0 0 0 0 

0.3325141852285988 1.2373786237254734 0.8281676863870344 1.3046284526937835 3.060963908089853 3.079949674692777 
0 1.4622795248826441 0.03829597837268556 0 2.186224801713841 3.688993437703925 
0.10360747874829812 2.2769674660685033 0.7174448342489759 0.40145879156405717 1.4057460418546537 2.93251677683461 
0.35351547445960146 2.824909619241055 1.7944620650788579 1.6376294134742353 1.5763132960810977 2.6125789935187576 
0.28803714624846094 2.524238529413855 2.0799980324479126 1.9479836487748143 2.223335381634564 2.683373500817382 
0 1.0574658589858965 0.7064840136179195 0.301104930358066 0.6570499253003181 1.549841600475388 

0.019690499154256247 0 0 0 0.04609224578992592 0.15500257150180666 
0.11217041402411809 0 0 0 0 0 
0.18352462214019064 0.34187615550484596 0 0 0 0 
0.09926842292600863 0.24358927581465484 0.06872756099165654 0 0 0 
0.011993805394563378 0.14868707269958736 0.08229591014639717 0.13291295503915107 0.09034308216173807 0 
0 0 0 0 0 0 

0 0 0 0 0 0.536927542749074 
0.2918372246530181 0 0.04453732931473306 0 0 0 
0.1824712251141341 0.3011125506113963 1.0384486767076826 0.2228510267587484 0 0 
0 0 0.5410843606235335 0.4314666951663001 0.12102169824843309 0 
0.2157574852234128 0 0.17384115306578857 0 0.08365866330629565 0 
0 0 0 0 0 0 

0 0 0 0 0 0.5350563734290457 
0 0.011418874745634565 0 0 0 0 
0 0.041452578099914185 0.07827006750628974 0.024462980165098278 0 0 
0 0 0 0 0 0.005822427456105034 
0 0 0 0 0 0 
0 0 0 0 0 0 

0 0 0 0 0 0 
0 0 0 0 0 0 
0 0 0 0 0 0 
0 0 0 0 0 0 
0 0 0 0 0 0 
0 0 0 0 0 0 

1.136267495670325 1.3128426218489702 2.2071588822476986 1.9342164397664134 1.1103397189139497 0.9063308329533438 
1.216675545816415 2.019944743487659 2.680827207771638 2.5991329537968806 1.551199966885559 0.8712765964276006 
1.0824070597930129 1.5574705300073355 1.868277991915939 1.996139734366054 1.8104742880233324 0.8118862096758687 
1.0220097396588115 1.5979974382558635 1.753580763252506 1.606154000738334 1.6899395639851844 0.8701482042644415 
1.2468530947359961 1.1955288536309931 1.8628168185020657 1.454872790929803 1.5902074459586684 0.8963345926435732 
1.4413182495806847 0.9426985779953911 0.9539045871336872 0.9960161156197661 1.0242074425901653 0.6374011139187217 

0.6424912186967181 2.114211554678991 1.3373495580988637 0 1.2672112173820997 2.920254774079454 
0 1.5227598540365417 0.9641637342641339 0 0 1.787609525083837 
0 1.2637091707190071 0.7919736919204767 0.1430040638987678 0 1.1112990442314623 
0 1.537393479601081 0.8285535907759524 0.8908554495739152 0.5434096944163342 1.3357428032727117 
0 1.3969006724901922 1.3228991383636517 0.37930499701482956 0.5637517401760486 1.5569728758549661 
0.7148710189540969 0.9655914113406351 1.1086931966710356 0.8576050371821188 0.8651315637142076 0.7466770409785033 

1.473544500156945 1.1556711892289795 1.57322778026634 0.9395088795041039 0.32622587725097263 0.5979053445203009 
1.8114106198351803 1.8314769605132613 2.9633817557777244 2.168976319824399 1.97212292809641 1.4792399908056897 
1.5872754823782347 1.9699862237658254 2.3150735985357835 2.152985183056799 2.0989070253683675 1.4279775580464142 
1.5388702959068208 2.1463081990586286 2.0876451049093854 2.0576242208034454 1.7849755356509558 1.2145159707507662 
1.5802137726622336 2.2644144530443913 1.982630582822777 2.027581897172946 1.78624615736722 0.9011336679330618 
2.053207945185123 2.6867894721235146 3.095849468875517 2.957841522948537 2.9778302712420937 1.8620706311809088 

1.3937681098976769 0.7781365242793752 1.03460492168627 0.66771585337167 0.4567028350586786 1.0436922498116026 
1.1169311603045735 0.5065697556128678 0.7340273986278264 0.27632902327267994 0 0.2570678775437424 
1.4628152536994543 1.4890324667774673 1.7153471916053566 0.9431936277046808 0.37842330069065594 0.28781393905676667 
1.4838004499280029 1.584161288555413 1.6131572227672453 1.3418231732777839 1.11180143909834 0.3586870004064124 
1.6926564378473583 1.2541441031895821 1.7214900748484991 1.1658474456233685 0.9136786122110725 0.2429662571298448 
1.491240180871993 1.1124122403564687 1.3173597998094644 0.9689435912849863 0.7514115727136303 0.7699681170973347 

1.120934197146082 0.445101110828554 0.6204003095116405 0.17866708105261875 0.4647366713347349 0.6976321762848295 
1.9377612144753238 1.076780077133398 1.3640621262712649 1.0598813084330583 0 0 
2.0126769348705134 1.5128046826301724 2.3282262107528875 1.6267996929286606 0.7089842083648003 0 
1.8614767090322788 1.662851260296484 2.167667575487286 1.934626400273846 1.5343215090448434 0.2545481612358797 
2.2444055848927436 1.733748269017492 2.1961700725293793 1.924175647781794 1.964871239773868 0.4526022833938104 
1.3714754397542122 0.8671795371347633 1.1667583211230315 0.6690767959599034 0.01407967901486438 0 

3.1141090299992724 2.8650093117414013 2.950504662187315 3.0055112804961217 3.1380431926364056 2.6858970914218174 
3.5837737820512645 2.877723420055615 3.1908217906235103 2.975920436486048 2.4841771308896887 2.300329228820762 
3.5466658735545096 3.330746494432773 3.8279556719251926 3.5667035865987007 3.053063516769683 2.2078801464993885 
3.47925076016508 3.4786192133280087 3.640709329888662 3.769995813394205 3.410694330683736 2.3883562042246522 
3.722163963150917 3.7719858456124924 3.680310487744896 3.70176582887493 3.492098874803044 2.464607787576502 
2.951357167658821 2.890566500075711 3.1355511016455213 2.957861306549028 2.744279103253933 2.0347039380548755 

0 0 0 0 0.33013087594255275 0.7655925615175132 
0 0.10951099053930542 0 0 0.1052423552928866 1.281311585089729 
0 0 0 0 0.0010039557356338602 1.1702904702283456 
0 0 0 0 0.051943547263072126 1.0748705254485855 
0 0 0 0 0.05732430925029977 1.0783351431059327 
0 0 0 0 0 0.11998409997026091 

0 0 0 0 0 0 
0 0 0 0 0 0 
0.09280499513917835 0 0 0 0 0 
0 0 0 0 0 0 
0 0 0 0 0 0 
0.1796704351980999 0.027604590617682542 0 0 0 0.3257279488447167 

0 0 0 0 0 0 
0 0 0 0 0 0 
0 0 0 0 0 0 
0 0 0 0 0 0 
0 0 0 0 0 0 
0 0 0 0 0 0 

3.4325052211664064 3.247632611380848 3.956040743538776 4.905803859832405 4.288549871130687 2.6355231448772805 
3.203142885716433 3.6124114692903415 3.3064305954910633 4.3080462558019 6.244552477923533 5.014585787969682 
3.678859971482368 4.236238102049885 3.010296048560595 3.2814148600391206 5.3812889112216675 5.067799761301289 
3.7455924926181448 4.861121915756692 4.048815868849771 3.621833643927313 3.964982283998827 4.281349039133336 
3.6788412609188157 4.585396212655336 4.37418326862063 4.9137929515818835 4.897322565998692 4.098293606171227 
3.3062672105311277 4.150693638341305 3.756984266219084 4.462906684652278 4.783123338902065 4.2888727808796485 

0.22781184155300696 0.6188830667329591 1.3500222345719743 0 0 0.5037099643184749 
0 0.5153885226294895 1.0081658110587846 0 0 0 
0 0.8870317386917891 0.7258086106167339 0.2638158761420918 0 0 
0 0.49881706198744863 0.4042390171154118 0.38881964192887275 0.25091416991317095 0 
0 0.22384756359219002 0.5817452972550956 0.07404017607773486 0.1917274423385172 0 
0.2797062005440379 0.5546994812684638 1.0616817425229035 0.5192095401639616 0.5382679466726068 0.15741658675097886 

0 0 0 0 0 0 
0 0 0 0 0 0 
0 0 0 0 0 0 
0 0 0 0 0 0 
0 0 0 0 0 0 
0 0 0.14289719825218777 0 0 0 

0 0 0 0 0 0.14103713480898622 
0 0 0 0 0 0 
0.04319674301659314 0 0 0 0 0 
0 0 0 0 0 0 
0 0 0 0 0 0 
0.7819369133251557 0.6464135708930234 1.0105486636351801 1.294958036508577 1.3743434025552392 0.7613469038939074 

