1.3809488496919338 1.3457512185537406 0.8843005607252392 0.20492273075821404 0.6652229109388409 0.8725806275737424 0.8409804973531337 0.9169817607103959 1.0358078307226641 0.9586528504119487 1.0283577522518466 0.8192635629232674 
1.4848914562293893 1.7391510427208288 1.158864841564498 0.7441469018769274 1.4680213473281758 1.5599129198989465 1.547464778008086 1.519458029636179 1.694885859538955 1.676780207648039 1.8192618711454782 1.6936327475284225 
1.8293337183938256 1.729629365691087 0.6709582732056545 0.4052956306556395 1.113008033994732 1.3233610493718195 1.3985200815614824 1.3441737640664686 1.3152223239972667 1.3382017888980873 1.3220661580871766 1.2966921086492094 
1.717279556694792 1.6496873503927707 1.3842081725270268 0.8492387696129036 0.6763180819878938 1.0135596330487 1.1764511453764706 0.9875848013816865 0.9740282951569332 0.9906853310585796 1.0118063458579099 0.954427889338422 
1.4920165384386284 0.587221909949239 1.0411075780556176 1.2427796604690153 0.6144108721340535 0.9682624098526563 1.0366531349101884 0.3796765319764728 0.3737664843495504 0.463316017571538 0.8110164242841981 0.27915956944790044 
2.0122149078668805 1.027194381201068 1.388316458312832 1.4622904638870566 1.2439500306452151 2.0149196379194056 1.7503632491990493 1.034707876490569 0.8518100138212571 1.0319047271062338 1.6299055050969744 0.6521375102583422 
1.7706116078955774 1.1482586792666398 1.4193132544878886 1.0016913301374641 1.2861159246580038 1.9631810263460368 1.661776575149658 1.57492056331603 1.4113596864557159 1.349607192916261 1.9431926634656784 1.5050219138038243 
1.6662212565028232 1.0933252446951298 1.2378325554842349 0.9603541389636835 1.1507976786020064 1.5184834914569807 1.143943153337074 1.3396445438329458 1.3828633838582816 1.0546474289629186 1.0803469890227462 1.1055274579297791 
1.5219101525696783 0.912126698531052 0.8730524495981523 0.9342260865803526 0.7883513023724745 0.8417518605128314 1.0767800118302662 1.0003783593558284 0.9483880436545271 0.9308046612674782 1.013671996797657 0.6428023445285005 
1.6981228445018173 0.6397578189987971 0.5538134028341118 0.7681872299991777 0.706867245894378 0.32040831797364694 0.49219571362716874 0.5484745566674445 0.524160905798396 0.5061991263582808 0.8738698344780182 0.1080087368079158 
2.112642244815405 0.8310546187547196 0.8808685430431314 0.8659711248840603 0.8400010387426572 0.9660769059654772 0.9442791611108038 0.7107257420880855 0.8175327595776336 0.8077423580547496 1.1241469957981551 0.5779421368671402 
2.074522348374456 0.9832265831544011 1.2457036595597557 1.189520563285647 1.1783706707755868 1.4440656840182968 1.487170654276172 1.2892951634189753 1.4311437003676195 1.4914435343010939 1.4795416576668279 0.9823548674786962 

0.3995712142205875 0.4258778235196988 0.4432679781242962 0.5579000180688017 0.6116746662677011 0.6067783476046965 0.6306156975730629 0.6507859056342227 0.6520740914723444 0.6525228971522357 0.7104937843699864 0.6068393385651416 
0.32426389559907615 0.05616414928922894 0 0 0 0 0.04263778488223795 0.14483648185961956 0.08883925316992873 0.0731918836667902 0.03947730035844635 0 
0.6095893859999478 0 0 0.17844619277722545 0.14481717454410015 0.2886128190997828 0.38528787722628827 0.46238076562423697 0.473452740410197 0.4543989536577575 0.4102125755169526 0.49475671917644004 
0 0 0 0 0.07571708942133153 0.08068486693217279 0.05400182594676263 0.04380796204615184 0.09860363296067319 0.11556354473623251 0.06740467677063361 0.32986230165145425 
0.008398887186536322 0 0 0.03350105869761155 0.1273575863041294 0.3341013610460567 0.12601571047621185 0 0 0 0.055612909092454435 0.1636628421521342 
0 0 0 0 0 0 0 0 0 0 0 0 
0 0 0 0.2787997062804812 0.25895379101699323 0 0 0 0 0 0 0 
0 0.004677910772084126 0 0.0479260176145086 0 0 0 0 0 0 0 0.07200469321832412 
0 0 0 0 0 0 0 0 0 0 0 0.09274431520511683 
0 0 0 0 0 0 0 0 0 0 0 0 
0 0 0 0 0 0 0 0 0 0 0 0 
0 0 0 0 0 0 0 0 0 0 0 0 

0 0.10960561171556792 0.029227003538033088 0.2267835015077701 0.1942919552752469 0.01612134844463784 0.00045373255468644964 0.045288775369675724 0.04807580053319009 0.06251501051482207 0.12636556869983412 0 
0 0 0.5977375293986469 0.5370633291443753 0 0 0 0 0.03400000256276127 0.07239469823503028 0.0028921123730802564 0.17102184133769538 
0.12010078296399004 0.29805403930190033 0.45747159635886225 0.14636130015365242 0 0 0 0 0 0 0 0 
0.041874088105485256 0.011294058642808705 0.0029996479572406975 0 0 0 0 0 0 0 0 0 
0 0 0 0 0.1215391813965355 0.3062793430001071 0 0 0 0 0 0 
0.23677944987662683 0.2272378735682015 0 0.05243793820547787 0 0.11966407678056448 0 0.05214047873809505 0 0 0.2566328297801834 0.22571841757461464 
0.03836413656387379 0 0 0.029992319504329783 0.09946386558158236 0.09295475089775947 0 0 0 0 0.07766654799371399 0.12693984466541477 
0 0 0 0 0 0 0 0 0 0 0 0 
0 0 0 0 0 0 0 0 0 0 0 0 
0 0 0 0 0 0 0 0 0 0 0 0 
0.1011362929218314 0 0 0 0 0 0 0 0 0 0 0 
0 0 0 0 0 0 0 0 0 0 0 0 

0.10735072698685787 0.5924389382484108 1.656997141118462 1.0834738845018375 0.3442370567466071 0.3678344934777528 0.4380388270111419 0.4680823531342649 0.44357735057484693 0.4253749546131063 0.47010988961633343 0.6901506768169546 
0.009875897893378671 0.08396339649288176 0.24390937763114198 0 0 0 0 0 0 0 0 0 
0 0 0.023652984834544283 0 0.15726705379125527 0.030651070656990367 0 0 0 0 0 0 
0 0 0 0.10277478657863605 0.5556956688236451 0 0 0.03571597265118992 0.06823416961618922 0.09011622207645165 0.24764216804757752 0.5837151189728412 
0.09392499998029194 0.18422140875076812 0 0.1581251899003165 0.7884875321473148 0.13136006004561215 0.48486576141617005 0.4473015629616611 0.5912398877386571 0.545258009894027 0.5449515243984356 1.2251684208301319 
0 0 0 0 0 0 0 0 0 0 0 0.28302873617796087 
0 0 0 0 0 0 0 0 0 0 0 0 
0 0 0 0 0 0 0 0 0 0 0 0 
0 0 0 0 0.5207398647774216 0.2591732151524375 0 0 0 0 0 0.8998490531533019 
0 0 0 0 0 0 0 0 0 0 0 0.8365624783987771 
0 0 0 0 0 0 0 0 0 0 0 0 
0 0 0 0 0 0 0 0 0 0 0 0 

0.814985035341052 0.9410692718974665 1.546286330748039 1.2517643612321698 1.1517719676267362 1.0810979198939858 1.0912069449396182 1.0069167191555939 1.0514706809747976 1.0823156326387688 0.9617950154403565 1.2949247004575237 
0.7079179018099694 1.1301566348919236 1.5881151657447499 0.17735732974032176 0.19677180122843688 0.38519103246524006 0.42276038462126747 0.4065193191995991 0.5202751432816833 0.48346375710828354 0.3688573783950324 0.5984126737017224 
0.8938171677678654 1.083632839520817 0.674672201134116 0.29903139372426824 0.7989094952295455 0.6955411510373147 0.8134032543825741 0.8752830907032642 0.9466476306245754 0.9727671119586904 0.956825977172214 0.9436735595459379 
1.1405373259217761 0.7343148969355795 0.14595633576784262 0.3175059178745833 1.0481448605400472 1.002261436253239 1.2582465070189686 1.2119464774829434 1.1784281080724393 1.130971506460421 1.0103430299378453 1.3268513727536684 
1.3289925070862412 0.8466921939416497 0.7138217287775107 0.7368498820664827 0.8011110565938321 0.8314223877248929 1.2590497913968188 1.2394975099653425 1.0863223368098962 0.9523885515782277 0.86560614810835 1.7376584595476854 
1.1965114979489468 0.1989712573949558 0.15952136655448493 0.3726657435241965 0.2863756548315677 0.44290819494382144 0.7755771044855705 0.2202008838702515 0.2859042727928884 0.08884650163757295 0.17984935574324107 0.8494166840894033 
1.022107812684629 0.20230685947557442 0.5103280215779746 0.6016725142122974 0.5802953117699471 0.8349587193169391 0.5550168174543991 0 0.048336635530424166 0 0.10911679535731202 0.25706374260136 
1.067515805308137 0.5608161573695973 0.8642133226402477 0.7603910919665805 0.7246494917888597 0.9547492959644475 0.4989702873721768 0.41637527900967974 0.5809686044432093 0.44228787755332144 0.6823661125722134 0.8602932522848192 
1.1360869636219535 0.7883191359512458 0.7828020155315047 0.674286479846885 0.8161639648387125 1.0121653486981377 0.7541313654457316 0.6442389452334474 0.8053526978103548 0.7875920477223999 0.5525966249277124 1.4787294609242574 
1.1387786689845478 0.6635049029873872 0.6235253197203235 0.5551255126807776 0.8666148840009429 1.0381806636475879 1.0180757947907622 0.8383385495166348 0.7688699489221188 0.7648575317890821 0.42617158855884063 1.689731215534269 
1.2920827787225344 0.166326687870877 0.043410242504383634 0 0.03792647268762267 0 0.1590231028852575 0.1252553554973232 0.06348055705282162 0.04383701994341141 0 0.7394167626533923 
0.7003504548459102 0 0 0 0 0 0 0 0 0 0 0.007877443289550302 

0 0 0 0 0 0 0 0 0 0 0 0 
0 0 0.2434735685878573 0 0 0 0 0 0 0 0 0 
0 0.06140964719604073 0.29976782486510406 0 0 0 0 0 0 0 0 0 
0.11662692812394293 0.10558468391832973 0 0 0 0 0.014129535719223318 0 0 0 0 0 
0 0 0 0 0 0 0.12729655771995513 0.02789360394615467 0 0 0 0 
0.0978514654883207 0 0 0 0 0 0 0 0 0 0 0 
0 0 0 0 0 0 0 0 0 0 0 0 
0 0 0 0 0 0 0 0 0 0 0 0 
0.3013984753889377 0.0113087608899958 0 0 0 0.16220637732353843 0.05093591773214459 0 0 0 0 0.12735237717336734 
0.015741185110761557 0 0 0 0 0 0 0 0 0 0 0 
0.6351537318079061 0.0335642043378655 0 0 0 0.20960667117064677 0.28991868917340957 0.04916507671203871 0.01613581938905395 0.001648927230588737 0 0 
0 0 0 0 0 0 0 0 0 0 0 0 

0.3426566867487987 0.27586109138857684 0 0 0.42944622507426705 0.4784793446337233 0.3959476815277899 0.45954434418385504 0.43935584352624973 0.35188117907219923 0.5227676422327828 0.25878292803444664 
0.26548999710597865 0 0 0.19253587959282795 0.5933185498443887 0.4815785109180436 0.3756023246477857 0.3759763722753142 0.3188156516461723 0.33552197837439607 0.29215265477082913 0.23512824063672205 
0.4558374228617318 0.39884558430110645 0.5017102202236761 0.6161059802400229 0.2712714931018094 0.19259016549234143 0.2939019476746651 0.34882708685921665 0.3961033193920405 0.3891348975176363 0.3921068372788651 0.3559426054245049 
0.020863780669799478 0.024169396009097288 0.28708846079827177 0.20837935955186335 0 0 0.26802441793786763 0.1155562489758273 0.20901499592788725 0.2331042298981142 0.12900146671224683 0 
0.20849318653792598 0.15159969190098083 0.2872256808176419 0 0.03656180720570332 0.3222178641906719 0.37374141451042475 0.1773739485795094 0.19882418057978304 0.3014350892359948 0 0 
0.1227027588628584 0.29047120365705525 0.39593854539357676 0 0 0.17970635187724143 0.36244961136445397 0.4590807194905267 0.28685516649589937 0.6070552769648988 0.40579499478467684 0 
0.1847541940317634 0.5193770374594109 0.43303918299791755 0.3712131234153611 0.5124967485435674 0.14496594842256322 0.3584654780640209 0.5734793393377061 0.3479319940026384 0.6154550747579869 0.407760442347 0.00013462640626268896 
0.3165174381328758 0.7821509529477457 0.5884331476602792 0.5980435241580646 0.6513609381802068 0.32917554687182016 0.2964197318543593 0.4430058400765011 0.48642085627919296 0.7357443307901853 0.5669479516780391 0.20739786964698143 
0.43666619420913866 0.5624003591835626 0.5243109053755979 0.4835094571004044 0.025507344571994092 0 0.058403984906139336 0.5039376009675444 0.4611570348193584 0.48923556574880156 0.25529841889939814 0 
0.40330225877583836 0.634911490942788 0.6929435148548104 0.5696568983457648 0.09330403311924013 0.3221944058078944 0.5295821202471127 0.7208281857658956 0.7008143279073253 0.7240816226029492 0.5472725487040087 0 
0.25088415233475125 0.4377519001920332 0.7021515456822227 0.7544780395177846 0.6389660517535951 0.69026542487087 0.6666246804986099 0.8959026490614748 0.9390826001720423 0.9858327731632948 0.8831791314186996 0 
0.4168697584171381 0.4637679913403632 0.5207393636987364 0.5282523614006195 0.5114518398903044 0.4864600996481977 0.4126704091170499 0.5183222574845466 0.5032255814545862 0.5210888903597567 0.6758123782463744 0 

1.8157108484899165 1.6484434909411765 1.684358572159475 1.6010743435601522 1.7464614655863986 1.7684234125666025 1.7981885471012946 1.8584397691447347 1.8788825021727265 1.8352943338313772 1.7755178313996192 1.870428888791414 
1.298668764411499 1.2830343431401217 1.4921388153998776 1.7391586135678851 1.8416313477758446 1.9140559239602961 1.977817630773767 1.9743725149005462 1.8711784723086382 1.9528142864844311 1.994838943684052 1.8255290763499192 
1.7938655747327106 1.5808341625847682 1.155332906625109 1.7361149037535564 1.996325100944116 1.8995837346368676 1.9326227559192806 1.944725275004672 1.8719245953519925 1.7861159896155743 1.793612587446523 1.9376652131837564 
1.5765553157832 1.4395927154534034 1.3457528359363176 1.7055631166438476 1.8547748359241347 1.5490777276898104 1.5365508587204995 1.5492244365811059 1.5464333537771955 1.5939740558368558 1.5821440005429586 2.007154502042097 
1.4075034264984987 1.3772501184440742 1.5508836908732797 1.9954411930048193 2.0982030565845164 1.6700811762415315 1.2691877569627987 1.2194288035719267 1.4141594114704177 1.4537721058781954 1.1645533939041166 1.907903322378405 
1.5042965688773147 1.6100642315469045 1.656166913180012 1.8008626485745134 1.4573526064179838 1.3407484353781194 1.2342522136108973 1.21131249662249 1.4706027332915446 1.5436034391527942 1.5868648243440466 1.6128757300331618 
1.4044134781094444 1.677245835012498 1.791086091278275 1.8953553523292195 1.783746566575408 1.5462953980738714 1.330244025123519 1.6624317917486464 1.9536805834586033 1.7879454352587025 1.677312076288102 1.7275581915149365 
1.2719452388085486 1.5868788626633854 1.5433172462570384 1.5066011633867635 1.4393259296673466 1.4899865057539223 1.3369273358744367 1.3532277772081873 1.6519414395318337 1.59785875538274 1.1728340817482132 1.8701775375188794 
1.4182316144356355 1.4698397976856614 1.4985336473921742 1.6302651758348081 1.6115777205041948 1.497182627724544 1.617892842106316 1.6108562869065153 1.522168680071375 1.5118208646645996 1.2969040801425056 2.07354252257395 
0.6796829904677695 0.9327574776168213 0.9623407574526985 1.0637604595255525 1.1124308259431717 0.8720678696019538 0.7685907946527459 0.8666116211301309 0.9043504204840807 0.9104618681545489 0.8544416836717326 1.6400956264935542 
0.7483536801785531 0.9623702021903338 1.0354071870312014 1.0465229893471657 1.0325368207776113 0.9009294154179707 0.890154836787663 0.962775814069037 1.0486140441957654 1.0552864396352193 1.0295202154503975 1.2417150352923052 
1.1702755479417528 1.5168184614918387 1.6005691306456173 1.5754907343204554 1.5684610672113184 1.4332262930468294 1.530324396329394 1.6256889663186804 1.6319983600231525 1.6484079010667956 1.6208833375127398 2.0155943424899463 

0 0 0 0 0 0 0 0 0 0 0 0 
0 0.039417251652112344 0 0 0 0 0 0 0 0 0 0 
0.05109745231122195 0 0 0 0 0 0 0 0 0 0 0 
0 0 0 0 0 0 0 0 0 0 0 0 
0 0 0 0 0 0 0 0 0 0 0 0 
0 0 0 0 0 0 0 0 0 0 0 0 
0 0 0 0 0 0 0 0 0 0 0 0 
0 0 0 0 0 0 0 0 0 0 0 0 
0 0 0 0 0 0 0 0 0 0 0 0 
0 0 0 0 0 0 0 0 0 0 0 0 
0 0 0 0 0 0 0 0 0 0 0 0 
0 0 0 0 0 0 0 0 0 0 0 0 

0.8405081516726606 0.38642544809460033 0 0.039574202678040536 0 0 0 0.13129461154569982 0.1924535734090281 0.11728351040668228 0.1628301224296894 0 
0.7510014375650425 0.06867047961170653 0 0 0 0.03380538006886247 0.09464124191199268 0.20762722854035717 0.3760874956418666 0.29547982346507634 0.35962421146945034 0.18357198767402697 
0.3259528283588759 0 0 0 0.12116129690113953 0.47386902836885086 0.354524457308645 0.29515453221713783 0.33272882046322294 0.3236242735393295 0.2603465853425128 0.29475308971578384 
0.23670509351832825 0 0 0 0 0.5422942573009368 0 0 0 0.024334830125561813 0.2899246060778309 0 
0 0 0 0 0 0.3870734668521817 0 0 0 0 0.00258063494467739 0 
0 0 0 0 0 0 0 0 0 0 0 0 
0.22766836835917342 0 0 0 0 0.04775514323859367 0 0 0 0 0.0913542201881226 0 
0.03970304870693994 0 0 0 0 0 0 0 0 0 0 0 
0.02670651709358271 0 0 0 0 0 0 0 0 0 0.20299232465276204 0 
0 0 0 0 0 0 0 0 0 0 0 0 
0 0 0 0 0 0 0 0 0 0 0 0 
0.3222087893890702 0 0 0 0 0 0 0 0 0 0 0 

0.16426787641323626 0.24120577132081117 0.7722947543401902 0.37497435253939304 0.162525074810684 0.18396398465443442 0.18467577171775731 0.16596383748510396 0.141733864346364 0.18162184879794047 0.08363226414620717 0.15432874813051328 
0 0 0 0 0 0 0 0 0 0 0 0 
0.523461808163803 0 0 0.035891910715076775 0.42148287415783026 0.2532193753443442 0.16912204253888435 0.2712968042815078 0.3735312894538416 0.3930414613206417 0.3586635629277609 0.36776566168316555 
0.6198020940644587 0.05509424530212996 0 0 0.2986667414332787 0.08497078248728317 0.6505983061785391 0.9221020265739772 0.9281087230162104 0.8790036957487195 0.6672585911057843 1.304052338995348 
0.04445051952637277 0 0 0 0 0 0.4336678812956301 0.5029184369811986 0.37033660940219043 0.0759470908390619 0 0.6340830973269114 
0 0 0 0 0 0 0 0 0 0 0 0 
0 0 0 0 0.06391359273901347 0.27886248704475397 0 0 0 0 0 0 
0.1581567713213577 0.23587366531763543 0.20382439953004391 0 0.44808681858018173 0.24944699987762667 0 0 0 0 0 0.2746882241940828 
0.7960878449867737 0.7242398757405724 0.7275473558290471 0.593334352125248 0.6059254292009031 0.29262373615101966 0.08749572300624728 0.5138708762980693 0.6840519291369072 0.6779690873221933 0.156853230758892 1.2389904372048826 
0.2360637225773174 0 0 0 0 0 0 0 0 0 0 0 
0.3966988941886782 0 0 0 0 0 0 0 0 0 0 0 
0 0 0 0 0 0 0 0 0 0 0 0 

0.45238262716533595 0 0 0 0 0 0 0 0 0 0 0 
0.2547000224355619 0 0 0 0.08017438547783956 0.099037873061388 0.18488193808352074 0.3359336333523211 0.43789820583090694 0.46390912949883295 0.455423979893993 0.22822827848108818 
0 0 0 0 0.17527272308831973 0.4362537623228053 0.42668772842811337 0.42293842528062003 0.388876812108526 0.35142479653328396 0.35867804988994756 0.4012859460036226 
0.033054798780807804 0 0 0 0.0629633075040925 0.50422984232441 0.28643845542074037 0.26985798859833643 0.11505330306707007 0.08409317293266143 0.2275090501870914 0.19287297309859586 
0 0 0 0 0 0 0 0 0 0 0 0 
0 0 0 0.15439405373450754 0.40553109689637623 0.012932948738708622 0 0 0 0 0 0 
0 0 0.10271793543893774 0.27331900396078945 0.14553395752677403 0 0 0 0 0 0.137180597650155 0 
0 0 0 0 0.08799263073383398 0 0 0 0.0428386749233986 0.1130640685252765 0.19146744640606575 0.3186840404664753 
0 0 0 0 0 0 0 0 0 0 0 0 
0 0 0 0 0 0 0 0 0 0 0 0 
0 0 0 0 0 0 0 0 0 0 0 0 
0 0 0 0 0 0 0 0 0 0 0 0 

0.9914480811778871 2.0978819256858596 1.8780953098009079 0.3317765488349026 0.4033285690591308 0.5927016452292961 0.49519561697533915 0.5300674899104447 0.6735101777196248 0.6023941360499638 0.8095881628336097 0.4806376310290108 
1.2902862759060845 1.0016130014632108 0 0 0 0 0.03234926816899031 0.03939901046203272 0.0998517511071232 0.12156667564879786 0 0.24806835842795844 
0.586079825197922 0.10306212834371128 0.13590635957534797 0.1425413344853009 0.44059123405803435 0.42084438247415457 0.43460220404150623 0.4626588126313933 0.5200514299418916 0.5305836640136861 0.4606110517554889 0.370016169387437 
0.813426193379267 0.1754419694545534 0.7048469336319892 0.9697503509999494 0.5051262341779176 0.5011846204687503 1.0912194955261878 1.0104107420703268 0.9958928430693829 0.9851805570021913 1.2858832473177184 1.1083080876281863 
1.396724797493316 0.22509306768460297 0.040898687957125035 0.08200842535270426 0.15465861607791997 1.1029393541270827 1.8108009330971673 1.0152476522538914 0.7165458695131197 0.8305880755737077 1.4553158785881473 0.6051611670893192 
0.4537027400488495 0 0 0 0.04953089433112613 0.38062008595580954 0.028405417898707375 0 0 0 0 0 
0.3507863157329485 0 0.0781721568268181 0 0.48372868141883296 0.5341823877347225 0 0 0 0 0 0 
0.5797174888551931 0.0798193538010328 0.026697349973207773 0.24270977220711398 0.5343808896313113 0.46908244870927174 0 0 0 0 0.2171932310811645 0.09363071269001605 
1.2357752997917222 0.7859557682061482 0.7637237675827444 1.1700067178680997 1.2521442652595762 0.6663850833060522 0.4697768620985088 0.7287860108359707 0.77077825857511 0.7826643723982283 1.4935483131337397 1.2314699139959784 
1.1788653124870938 0 0 0 0 0 0.02007721943376284 0 0 0 0.28672565598242916 0 
1.3286849897198638 0 0 0 0 0.23490793049611286 0.21936197642730637 0 0 0 0 0 
0.4559976834358436 0 0 0 0 0 0 0 0 0 0 0 

0.7454871331087124 0.38139617089485395 0 1.1921716653070489 0.9081565087923879 0.5167272162454631 0.47536936785030953 0.4591875224841544 0.32808540369259015 0.3746921813945835 0.4595021573434671 0.4493962663748901 
0.2820468310182505 0 1.0287663213790794 0.9173694733176094 0 0 0 0 0 0 0 0.07118903523064964 
0 0.31192475629930877 1.8048130959002704 0.8403225048542234 0 0 0 0 0 0 0 0 
0 0.07156031673907647 0.7446713867775213 0.2191215687661143 0.06237474099655901 0.7321459316090361 0.16313463375219908 0.0852757954547852 0.12431357169399547 0.2133847447818171 0.7375125952618784 0 
0.054360604864223505 1.1701240006038105 0.8842308429727193 0.6670129633176624 0.915655110023287 1.1640971766682935 0.6517234001533438 1.4267725779434608 1.3700051743883035 1.2614922001456759 1.5598108830696327 0.22308745910084504 
0.06281274167345849 1.0143976929186995 0.08466682015182991 0 0.06351108411296578 0 0.8302116804172477 1.5358192725180404 0.8978074776962736 1.0274954505166534 0.5314600453186505 1.3420520795559248 
0.20166950637845193 0.28844456503569965 0.09078819321002271 0.2229130152935148 0.20330896777590604 0 0.4176725571645254 0.44286954271861906 0.3404581579896833 0.28489768167761237 0 0.24369091664933543 
0.04162268540906261 0 0.13034601802258303 0.4917273146490071 0.07884183989874273 0.03201510667163503 0.26800724347202554 0.2925197838475655 0.45038035868901244 0.05587385380600496 0.6578459949408811 0 
0.3619891224590843 0.6389941466073045 0.643736741622504 0.9328333337188559 0.35471382991401557 0.5402341705479533 0.8270048675592471 0.4719590883636996 0.5492251072072885 0.5302953001991305 1.6911401570666744 0 
0.5178853251213136 1.4913631065219142 1.6584134012867053 1.319102902999992 1.330940574355502 1.7275586607352786 1.6400013805757898 1.562638963880865 1.5923751033557576 1.5675007989565946 1.6858495556669553 1.2481858090495905 
0.5429339349897983 1.5716418179709923 1.536238001734523 1.3465902733657753 1.3954020452600002 1.5047907045127016 1.4038133401429367 1.560250363827342 1.529066068405547 1.57268785813257 1.182461592485098 1.2415574643095746 
0.9480661683707932 2.1494783502368904 1.6230748006923368 1.6721290342466 1.5662574623715089 1.6182695737903485 1.7009563770668268 1.7073263448357978 1.538033268001975 1.4148743795936218 1.2264155886884902 1.3887794365200803 

0 0 0 0 0 0 0 0 0 0 0 0 
0 0 0 0 0 0 0 0 0 0 0 0 
0 0 0 0 0 0 0 0 0 0 0 0 
0 0 0 0 0 0 0 0 0 0 0 0 
0 0 0 0 0 0 0 0 0 0 0 0 
0 0 0 0 0 0.23043700363996716 0 0 0 0 0 0 
0 0 0 0 0 0.01753699887106682 0 0 0 0 0 0 
0 0 0 0 0 0 0 0 0 0 0 0 
0 0 0 0 0 0 0 0 0 0 0 0 
0 0 0 0 0 0 0 0 0 0 0 0 
0 0 0 0 0 0 0 0 0 0 0 0 
0 0 0 0 0 0 0 0 0 0 0 0 

0.2012622294200812 0.4352356347955501 0.08721137560742966 0 0.3229118228943868 0.3272048615107164 0.3042812244741024 0.32418549083711046 0.20699760031599157 0.18265139811488043 0.31040911579524477 0.08748926099807101 
0.33622331097316693 0 0 0 0.05152229677775454 0.08836213979869689 0.03662202956518047 0 0 0 0 0.13151259237064425 
0 0 0.005952400441674607 0.45775612469197424 0.5434935963392215 0.280347592807025 0.33279367697486445 0.3709326530403956 0.3737149489799687 0.38870540829296957 0.4449491997741008 0.4593997850075485 
0 0 0.2948526293741373 0.3496517675275313 0.5047131410550942 0.45552814933818697 0.7333880167390735 0.6377303744014599 0.6503154638707348 0.6287974433403057 0.48822474115847253 0.5481785378416074 
0.3447301060369057 0.44121335205069945 0.4035114517709903 0 0.07211202502828389 0.342725740314535 0.3699193246576177 0.5713541098563785 0.6927320478218406 0.5880020218010421 0.28366607238393743 0.34188344848822316 
0 0.032404177171192775 0 0 0 0 0.18889155304587504 0.2081640172548557 0.37715751531941955 0.22463501410203188 0 0 
0.042636422381292324 0.2719637395486588 0.38271582050895675 0.19904115960097774 0.043036105072049226 0 0.15795662349077452 0.14471798843791636 0.0456480478770293 0.12794722508990236 0 0.05176880270363025 
0.42679292460414886 0.6813781622366457 0.7597923285969196 0.7641411651305223 0.6662296253466078 0.5415395002276968 0.5142638245974043 0.7058841424299475 0.9499695389475695 0.8900247698529875 0.8473188974581884 0.806076896103925 
0.5534266062946583 0.9422500953508665 0.9314204225127728 0.7925198227318124 0.41913571039855896 0.5281431965907565 0.7166062668004959 0.8050109013991754 0.8535340554617796 0.865908776715913 0.6469499517658859 0.7296465364807562 
0.703218713343581 1.3988185148643268 1.444316396102669 1.0635671530253128 0.6930660579035087 1.0588761102112958 1.284666164870206 1.453962462607951 1.4709948817427079 1.4804309936099866 0.9353743838146601 0.7461661589874126 
0.4743057453747986 0.8908546744942396 1.0478760903051043 0.7843470176633495 0.5064938076574621 0.5985669669342252 0.8045676688992075 1.1028622940616326 1.0831086152565443 1.0964436625108251 0.19538312650039802 0.6153178737101246 
0.10892319097487195 0.5927910754957024 0.6350608999803231 0.6499458586588457 0.5028403799066163 0.5073622590680079 0.5509198399360574 0.6719661626705066 0.6782990338368504 0.7102042991415884 0.43204434080416765 0.2696873563925804 

0 0 0 0 0 0 0 0 0 0 0 0 
0 0 0 0 0 0 0 0 0 0 0 0 
0 0.20314663998713856 0.4901346732037658 0 0 0 0 0 0 0 0 0 
0 0 0.03374024730356345 0 0 0 0 0 0 0 0 0 
0 0 0 0 0 0 0 0 0 0 0 0 
0 0 0 0 0 0 0 0 0 0.1280088800316611 0 0.0796239579501148 
0 0 0 0 0 0 0 0 0 0 0 0 
0 0 0 0 0 0 0 0 0 0 0 0 
0 0 0 0 0 0 0 0 0 0 0 0 
0 0 0 0 0.13333722461495456 0.34605999611191063 0 0 0 0 0.07213071402273041 0 
0 0 0 0 0 0.1563032596778473 0 0 0.02381763677968307 0.057890030683956706 0 0 
0 0 0 0 0 0 0 0 0 0 0 0 

0.4181666642983877 0.7132625846397946 0 0 0 0 0 0 0 0 0.1447900493925444 0 
0.7549418228240453 0.6406761801581147 0 0 0.1955403528232693 0.20148869317524892 0.24220410758882488 0.3092095494364474 0.40921794254126964 0.34345920364255894 0.548917633130829 0.26947324670975986 
0.8907095279177192 0.6020316823136916 0 0 0 0 0 0 0 0 0 0 
0.33440332120851146 0 0 0 0 0 0 0 0 0 0 0 
0 0 0 0 0 0.33926275613791845 0 0 0 0 0 0 
0.12509267437769367 0 0.2614552168952846 0.4243327291170716 0.030212174944823613 0.7312562552631823 0 0 0 0 0.9590675788151891 0 
0.07036696380958807 0 0.041142668909857044 0.19221923639902755 0.34135816671371344 0.4571476845791138 0 0 0 0.30317880671434544 0.9273057946834959 0.0016404279206031352 
0.06765524638639664 0 0 0 0 0 0 0 0 0 0 0 
0 0 0 0 0 0 0 0 0 0 0 0 
0 0 0 0 0 0 0 0 0 0 0 0 
0 0 0 0 0 0 0 0 0 0 0.6375679855927469 0 
0 0 0 0 0 0 0 0 0 0 0.2557896916572663 0 

0 0 0 0 0 0 0 0 0 0 0 0 
0 0 0 0 0 0 0 0 0 0 0 0 
0 0 0 0 0 0 0 0 0 0 0 0 
0 0 0 0 0 0 0 0 0 0 0 0 
0 0 0 0 0 0 0 0 0 0 0 0 
0 0 0 0 0 0 0 0 0 0 0 0 
0 0 0 0 0 0 0 0 0 0 0 0 
0 0 0 0 0 0 0 0 0 0 0 0 
0 0 0 0 0 0 0 0 0 0 0 0 
0 0 0 0 0 0 0 0 0 0 0 0 
0 0 0 0 0 0 0 0 0 0 0 0 
0 0 0 0 0 0 0 0 0 0 0 0 

0 0 0 0.4153161877222923 0 0 0 0 0 0 0 0 
0 0 1.1979643305406487 0.6112750249567837 0 0 0 0 0 0 0 0 
0 0.0025225236008494523 0.8704720904969703 0 0 0 0 0 0 0 0 0 
0 0 0 0 0 0 0 0 0 0 0 0 
0 0.19965791255365326 0 0 0.11588398401488266 0 0 0 0.07937217971223953 0 0 0.2739702571166319 
0.05577728175887599 0.5352289784926113 0 0 0 0 0.20328802456675793 0.549298627001108 0.5048921322974135 0.1954142754257876 0.10219755512344386 0.921519641228841 
0 0 0 0 0 0 0.28885380709925884 0.16114781486276883 0 0 0 0 
0 0 0 0 0 0 0 0 0 0 0 0 
0 0 0 0 0 0 0 0 0 0 0 0 
0 0 0 0 0 0 0 0 0 0 0 0.5916053934049756 
0 0.17491784249553688 0 0 0 0 0 0 0 0 0 0.9449351681240077 
1.0088987146512391 1.3584374070517173 0.8880455956247048 0.847772373261156 0.8074329405814895 1.0309593323465598 1.1145647449104663 1.0166051439358599 0.8930672313939159 0.7670028254979535 0.5972777807260299 0.3482366686391311 

0 0 0 0 0 0 0 0 0 0 0 0 
0 0 0 0 0 0 0 0 0 0 0 0 
0 0 0 0 0 0 0 0 0 0 0 0 
0 0 0 0 0 0 0 0 0 0 0 0 
0 0 0 0 0 0 0 0 0 0 0 0 
0 0 0 0 0 0 0 0 0 0 0 0 
0 0 0 0 0 0 0 0 0 0 0 0 
0 0 0 0 0 0 0 0 0 0 0 0 
0 0 0 0 0 0 0 0 0 0 0 0 
0 0 0 0 0 0 0 0 0 0 0 0 
0 0 0 0 0 0 0 0 0 0 0 0 
0 0 0 0 0 0 0 0 0 0 0 0 

0 0 0 0 0 0 0 0 0 0 0 0 
0 0 0 0 0 0 0 0 0 0 0 0 
0 0.11188284882913536 0.09266440146334042 0 0 0 0 0 0 0 0 0 
0 0 0 0 0 0 0 0 0 0 0 0 
0 0 0 0 0 0 0 0 0 0 0 0 
0 0 0 0 0 0 0 0 0 0 0 0.23973835803220814 
0 0 0 0 0 0 0 0 0 0 0 0 
0 0 0 0 0 0 0 0 0 0 0 0 
0 0 0 0 0 0 0 0 0 0 0 0 
0 0 0 0 0 0 0 0 0 0 0 0 
0 0 0 0 0 0 0 0 0 0 0 0 
0 0 0 0 0 0 0 0 0 0 0 0 

0.7702716992230179 1.1645645773271338 0.687663809178469 0.44259159128409803 0.3763926233703791 0.37118103539870445 0.39359236105871886 0.4410077130792734 0.36482314446849734 0.358083945568298 0.38777363139377785 0.3302878873057532 
0.6892948405159597 0.3669811322030643 0.3527696984839529 0.5491141327753337 0.39161734242851387 0.38171897926534204 0.38917587267125997 0.4351521589053077 0.3038341317240783 0.31690112361231226 0.2649210572164384 0.407492382311922 
0.026878833593438185 0.10331399268470365 0.6784340606904616 0.853783476707979 0.6509272832982135 0.4130694367557901 0.3184140109114429 0.35599282045016817 0.37423726784190864 0.32060148070291433 0.31845759740128665 0.3582667404870079 
0.5338917292503518 0.6088705348067712 0.8139440386408425 0.9383880923902287 0.8210776352716318 0.6865246668146506 0.7732377402467882 0.8231429439357622 0.81421488205199 0.8295527294412621 1.090078419840385 0.8924672133302387 
0.27698703998459306 0.4910146605794974 0.25518934690050604 0.2535646601856301 0.8820329804779494 0.8821774877281063 0.6768832986931507 0.7578579620220067 0.8569505159655507 0.9186546488142052 0.8376473061222769 0.7353607829745951 
0.056854644996976365 0.5293670366172178 0.27641136524748344 0 0.5511084769997576 0.16127164527282567 0.0520630495219075 0.2978434336867681 0.4173875490981092 0.4026563130054741 0 0.37583876645892056 
0.17513198260176538 0.348592926870068 0.18038743158477358 0 0.3445590120706499 0.18484734095706112 0.25530300979812953 0.27065669429129147 0.2616506418495377 0.5153345870691576 0 0.3059305880337244 
0.04316288847859488 0.2852844901625085 0.25955538898360353 0.41089844238352535 0.6265588712734379 0.27409660619541887 0.24907362990864584 0.12698822535808468 0.19256912933581796 0.4215948603796309 0.10700475586927231 0.2669279747333898 
0.2959749152512558 0.7355311504488999 0.7655200031461655 0.8930405620567026 1.1394292799640666 0.9625446664061121 0.6659935988342887 0.7233214432165415 0.7318677245667026 0.7792136172603173 1.2216567067174302 1.0731522120962478 
0 0.2863630929268789 0.3014496672437075 0.11747430644938693 0.17058138560405467 0.6391161314386764 0.3577389760999895 0.32890041989723334 0.3422274847818748 0.35587869245326603 0.25497373126229184 0.4705680027146638 
0.011434675753429616 0.6213516206990047 0.659658292058103 0.31219526401933917 0.1948898487546158 0.7153986754250865 0.6001616392299866 0.5976107830896973 0.49088086802441233 0.5017586591168591 0 0.5412436844100221 
0 0.2050518693011325 0.19135072661284766 0.09046400463846055 0.02597052769150715 0.14641704716923154 0.07453494350269545 0.21882781388766334 0.18146092534392472 0.19437562929451407 0 0.05833518479389797 

0 0 0 0 0 0 0 0 0 0 0 0 
0 0 0 0 0 0 0 0 0 0 0 0 
0 0 0 0 0 0 0 0 0 0 0 0 
0 0 0 0 0 0 0 0 0 0 0 0 
0 0 0 0 0 0 0 0 0 0 0 0 
0 0 0 0 0 0 0 0 0 0 0 0 
0 0 0 0 0 0 0 0 0 0 0 0 
0 0 0 0 0 0 0 0 0 0 0 0 
0 0 0 0 0 0 0 0 0 0 0 0 
0 0 0 0 0 0 0 0 0 0 0 0 
0 0 0 0 0 0 0 0 0 0 0 0 
0 0 0 0 0 0 0 0 0 0 0 0 

0.7064773030729 1.1090388698017866 0.9645177389608716 0.30927107880452664 0.37423954217001515 0.34607284673691974 0.315658810059478 0.2813155544307494 0.44058295752627596 0.5226488607552623 0.3707819558088064 0.5132356535504334 
0.6062856494255757 1.0122689894673864 0.5784334876705861 0 0 0.1352685115667151 0.3025673461085443 0.2761392889402471 0.3290186640857648 0.3947070707004181 0.32680235587353024 0.4109555439586852 
0.45413854498184136 0.017567358135246264 0.11640577338062115 0.06928357876087814 0.22741886882953494 0.48487160991133915 0.5955857779008066 0.5066959309572899 0.3511767656224943 0.3286111966615745 0.29501200091745666 0.18557463500911073 
0.8761619566456449 0.26254584924277263 0.24704501334583923 0.28813662767240555 0.5504333285382206 0.5157036023534889 0.683366362293297 0.3334350795195161 0.25193508813599486 0.25878187165480426 0.3820962817071526 0.4437916209912247 
1.0455682484780926 0.4212019121297371 0.17862843172811738 0.16609100281012215 0.4099201198178144 0.539122871455192 1.133589250894334 0.5389267703139633 0.17703784790501237 0.4058684681128122 0.6456235322240884 0.730893913476352 
0.7314129505361671 0.1679430915805329 0.30393690460333744 0.0902960239406354 0.15414906264868156 0.15065060536685396 0.31419835582217176 0.2592490282841642 0 0 0.041146940588859426 0.07190419354480097 
0.36370284031756805 0.20102701639214093 0.3693198783035775 0.23415187209797297 0.4395332600766504 0.3093027456342454 0 0.039837795416219485 0.5689670609441415 0.20857031244814353 0.007050486311825255 0.23462002147541366 
0.4895856492347542 0 0 0 0 0.014249392920189702 0.2133109706521354 0.13322224579111772 0.21863750110613103 0 0 0.20593745565600477 
1.0003251793538108 0.3308536057126012 0.3038808876074449 0.22675312181377758 0.11667113518456797 0.28315695282278197 0.5818070362736106 0.5144189028604236 0.3561637271498902 0.33598447390811526 0.3835387756072359 0.7483239759286004 
0.9162300157628475 0.018226367022215084 0 0 0 0 0 0 0 0 0 0 
1.3479982085622833 0.059204484258550905 0.04729899121390335 0 0 0 0 0 0 0 0 0 
0.5284102060826777 0.842258095425409 0.9028739665941476 0.8708304353462136 0.8470962317863789 0.713197685385736 0.8523220217870476 0.9490267147468081 0.9283117754919631 0.9281299194658134 0.7515829573332464 1.318005399420472 

0.5980114416067794 0.5108986962154699 0 0 0 0.1227475361014157 0.0006352333823650153 0.17212546712606822 0.3140946393509907 0.10718934175065604 0.41008593245573177 0 
1.1287266030712506 0.3874194894088109 0 0 0.5136592872146255 0.3598353672764653 0.23974590086972955 0.38378630305081857 0.5209584512325414 0.5106553342267366 0.6185875623313832 0.15658857322822148 
0.9412477133778596 0.48851733392167623 0 0 0 0.1183150646916206 0.23502952860169904 0.23665903813885614 0.46655666046854477 0.5181965222468737 0.4480200019401092 0.3405367396490488 
0.3192638069592611 0 0.13782958437563908 0 0 0 0 0 0.0014987348870029171 0.0186408704456308 0 0 
0.24965567089276564 0 0 0 0 0.505424975058963 0 0 0 0 0 0 
0.1267469298220919 0 0.1302504392951654 0 0.44130823678045883 1.1055702392270126 0.24397794285409968 0 0 0 0.4325617798706264 0 
0.3489638175372163 0.35208373265811826 0.10447451127717879 0 0.5888039553538904 0.8656647181031837 0.16191564446404486 0.21193866607231282 0 0 0.749373901371561 0 
0.404140327333109 0.3828106975020711 0.11855097364762546 0.0639343761981857 0.5374406485163417 0.5626373545871076 0 0 0 0.15831458212947616 0.3758989743907484 0 
0.4077033096415681 0 0 0 0 0 0 0 0 0 0 0 
0.6658431225209408 0 0 0 0 0 0 0 0 0 0.007919158733400544 0 
0.30258477928791216 0 0 0 0 0 0 0 0 0 0 0 
0.9601773504630782 0 0 0 0 0 0 0 0 0 0 0 

0 0 0 0 0 0 0 0 0 0 0 0 
0 0.89155899402463 0.6722357194271026 0.5593202939057241 0.16375268820196712 0 0 0 0 0 0.08890171502641861 0 
0.38692060731894096 0.8548803834564633 0.05345672267036086 0 0 0 0 0 0 0 0 0 
0.2481674146409294 0.6612558475522634 0.3420505579730921 0.06976058452442666 0 0 0.030045602449628367 0.08332019552905714 0.023156268194365753 0 0 0 
0 0 0.17338078051228697 0 0 0 0 0.016225944912706652 0 0.03444802569029198 0.09890594980057595 0 
0.0829701406058041 0.25164695208495924 0.25907671545447025 0.12097170399996023 0.267538812307867 0.7622483672303659 0.8664811634786259 0.8465471057963874 0.5736966278054407 0.8052781937616591 1.1658352896305455 0 
0 0 0 0 0 0.21012083692381625 0.4066619345993731 0.47271920856228555 0 0.3688509196730393 0.6261824771732365 0 
0 0.2611839827573859 0.1171550040308239 0 0.542982036356156 0.17640476543191136 0 0.20362601668304847 0 0.23235939358480984 0.0005367411823481161 0 
0 0 0 0.028824258501236377 0.32089366265481256 0.3883198977625515 0.08512335953552075 0.015537376886610277 0 0 0.16651767718762486 0 
0.03685856497600687 0.6833286501837066 0.6935840828033843 1.029913065448949 0.9890762176509857 1.1484655176081622 0.9723874865913077 0.8892376618521307 0.8102377115160702 0.8387100113867164 1.5701199699751465 0.056900314036993 
0.6324987999340337 1.2353017382769997 1.26300750728287 1.4988561735156845 1.5342205628341639 1.5548775004439541 1.2116191906572031 1.245975545635182 1.1996990235384197 1.184824195576149 2.3011532573561166 0.0756124915117383 
0 0 0 0 0 0 0 0 0 0 0.14549866085857643 0 

0 0 0 0.4121758005282365 0 0 0 0 0 0 0 0 
0 0 0 0 0 0 0 0 0 0 0 0 
0 0 0 0 0 0 0 0 0 0 0 0 
0 0 0 0 0.3742954166007008 0 0 0 0 0 0 0 
0 0 0 0 0.27046070920145765 0 0 0 0 0 0 0 
0 0 0 0 0 0 0 0 0 0 0 0 
0 0 0 0 0 0 0 0 0 0 0 0 
0 0 0 0 0 0 0 0 0 0 0 0 
0 0 0 0 0 0 0 0 0 0 0 0 
0 0 0 0 0 0 0 0 0 0 0 0 
0 0 0 0 0 0 0 0 0 0 0 0 
0 0 0 0 0 0 0 0 0 0 0 0 

0.13374091007512823 0.6117385832052558 0.0009253626706347447 0 0.019134235412854562 0.11325154101351749 0.07156172431956768 0.0880136999964684 0.13953496380787342 0.09812274104355219 0.269041077979079 0 
0.7047177502096166 0.49605073876918043 0 0 0 0 0.04893362707902442 0.0591532645015293 0.07312062994019936 0.0604544681631323 0.08961446949913364 0.0499710190889346 
0.3929127910951501 0.01988747962612451 0 0 0 0.06233205989279427 0.17436412036593343 0.10866954794978542 0.08242195159468398 0.11241021756340616 0.0902507710050932 0.04124359477285036 
0.0856885952594803 0 0 0.18107876682304394 0 0 0 0 0 0 0 0 
0.3925930198571541 0 0.11823625671403237 0.008840959023530813 0 0 0.23476939901160387 0 0 0 0.32210977102692334 0 
0 0 0.12911938624683908 0 0 0.13722921995263476 0 0 0 0 0.2823988128143987 0 
0 0.11492058568651929 0.1566956360789022 0 0 0.19465795563715 0 0.058809061293167354 0.05831735370360802 0 0.00038753528049407376 0 
0.12786683730169857 0.001097035390714221 0 0 0 0.037311819355133884 0 0.07708388781675019 0 0 0.13106410924220807 0 
0.1672068611085208 0 0 0.03631795072005167 0.0076768240267431065 0 0 0 0 0 0.18575591138735298 0 
0.5068669077954179 0 0 0.02141264446418409 0 0 0 0 0 0 0.43952116122903695 0 
0.2456903267308705 0 0 0 0 0 0 0 0 0 0 0 
0.38747461580540016 0.1485952802454339 0.268280513453098 0.2701378249998 0.24113728098217502 0.24868711497998774 0.3403690065988327 0.17230531841682012 0.2089737412206794 0.24554902628382674 0.410596638868476 0.16464411966119927 

0 0 0 0 0 0 0 0 0 0 0 0 
0 0 0 0 0 0 0 0 0 0 0 0 
0 0 0 0 0 0 0 0 0 0 0 0 
0 0 0 0 0 0 0 0 0 0 0 0 
0 0 0 0 0 0 0 0 0 0 0 0 
0 0 0 0 0 0 0 0 0 0 0 0 
0 0 0 0 0 0 0 0 0 0 0 0 
0 0 0 0 0 0 0 0 0 0 0 0 
0 0 0 0 0 0 0 0 0 0 0 0 
0 0 0 0 0 0 0 0 0 0 0 0 
0.002746138500029416 0 0 0 0 0 0.011391890005687466 0.05520734498959279 0.1492331992093962 0.21245984539185594 0 0 
0 0.32829349708728944 0.2760632666303169 0.23503045643038767 0.12285557038689088 0.25908733260509464 0.428395581074035 0.5022719316170055 0.5424945585225693 0.5459756836729481 0.2790510882435743 0 

0 0 0 0 0 0 0 0 0 0 0 0 
0 0 0 0 0 0 0 0 0 0 0 0 
0 0 0 0 0 0 0 0 0 0 0 0 
0 0 0 0 0 0 0 0 0 0 0 0 
0 0 0 0 0 0 0 0 0 0 0 0 
0 0 0 0 0 0 0 0 0 0 0 0 
0 0 0 0 0 0 0 0 0 0 0 0 
0 0 0 0 0 0 0 0 0 0 0 0 
0 0 0 0 0 0 0 0 0 0 0 0 
0 0 0 0 0 0 0 0 0 0 0 0 
0 0 0 0 0 0 0 0 0 0 0 0 
0 0 0 0 0 0 0 0 0 0 0 0 

0 0 0 0 0 0 0 0 0 0 0 0 
0 0 0 0 0 0 0 0 0 0 0 0 
0 0 0 0 0 0 0 0 0 0 0 0 
0 0 0 0 0 0 0 0 0 0 0 0 
0 0 0 0 0 0 0 0 0 0 0 0 
0 0 0 0 0 0 0 0 0 0 0 0 
0 0 0 0 0 0 0 0 0 0 0 0 
0 0 0 0 0 0 0 0 0 0 0 0 
0 0 0 0 0 0 0 0 0 0 0 0 
0.2142447433675864 0 0 0 0 0 0 0 0 0 0 0 
0 0 0 0 0 0 0 0 0 0 0 0 
0 0 0 0 0 0 0 0 0 0 0 0 

