1.383201204128837 1.0343394757750757 1.4919995951275566 1.3446340804894779 0.907320988694307 0.7083753564974244 0.6738523035061323 0.45829308341175046 0.05449442795357037 0 0.30144082790623705 0 
1.696458367420766 1.8959708157117665 1.807375399515762 1.5275297587141439 2.140797064815047 1.7378643286388298 1.1756316324312246 1.4326877452107574 1.6283410672418348 1.418037529320199 1.292899619317736 0 
1.5457486633624777 1.854596743716636 2.070690472461372 1.6878992771738641 1.9976073774306708 1.4111826272756893 1.1636235311387337 1.3169630766608038 1.521158742056963 1.4952329389871581 1.4276486554722287 0 
0.53977012396158 2.4756004251472716 2.9811316817205986 2.2565433043545653 1.4613896689945418 1.5887983774129892 1.4364633794964556 1.405488641570177 2.210521047223807 1.9336188524299451 1.9159877163149244 1.6643341208637754 
0.8551771480207594 2.0200371675290967 2.7625651131687636 2.4093686860596617 0.3659687692736451 1.666191117908301 1.8425449948528034 1.452892755046322 1.9461099372355695 1.5258997009729889 0.8215409341231519 0.9816527351076741 
0.6785505084094833 0 3.2101878626508213 2.974090656253822 0.3141448624321683 0.8833889990045577 0.965151702524707 1.000260076713465 1.1329764005653042 1.0630624565183648 0.5509667731779614 0 
0.9225527891695346 0 3.5513451339310396 3.1964287874150985 1.6083940022880296 1.5431863118631548 0.28385950052320236 0.03671233948145661 0.12621981729909676 0.830107117321409 1.0821572449701666 0 
0.6323614155141353 0 2.427533002119797 2.671624364815031 2.7754377627390867 2.1843518517133527 0.6879567360136782 0.4096685132491323 0.9740765701123599 1.3173559865938984 0.8265881284849554 0.011610168824327544 
1.4946156328134237 0.519545422851584 1.0356489578040595 1.5267238252173407 2.7239619820895444 3.5378916260625144 1.6523587393582662 0.9594058536380289 1.2599141895429375 1.4367105300345289 0.5882751136377375 0 
1.6427267780273227 0.5280457953760171 0.7536093462648382 0.3252676664252978 2.6850234560480244 4.051835874553061 1.10994683683226 0.7796496725058735 0.900963433665632 1.2962916521301795 1.5063480199863524 0.7467520781735514 
1.926689854768969 1.356638832413941 0.2647685344169653 0 2.65916785150227 3.4906227882350156 1.3428893464183542 1.3191712922274133 0.9060153055444017 1.085766050128015 1.2697168161150236 1.0829370586111688 
1.5539358414317699 1.6167756738420909 0.2666571254644944 0 2.593283683143989 2.2761137445501425 1.188701325141703 1.9095203190514327 1.4124244857124162 1.6019008335892828 1.4582143833553152 1.3185735394403135 

1.1941335254072767 0.6708227132704503 0.8427494200556093 0.8847921416384955 0.5177149064529882 0.3580519707834736 0.12857051798203598 0.1996533232547916 0.201771681339562 0 0 0 
1.5869589651058633 0.7770591172547362 0.5041105307135629 0 0 0 0 0 0 0 0 0 
2.1312973003492313 0.7941807239319453 0.11715910314536476 0.4862926952853927 0.17749654072931925 0 0 0 0 0 0 0 
2.222942546474629 0.8058777307522332 0.19701048133448884 0 0 0 0 0.016170735957623937 0 0 0 0 
1.3512609198197945 1.3332480576373822 0.5575563979315155 0 0 0 0 0 0 0 0 0 
1.2874656472353676 1.9323160968902653 0.43114529631413323 0 0.11711045152394703 0.2842938694056659 0 0.06728903001526275 0 0 0 0 
0.32248691542874963 1.3061667659753342 0.3831591015296849 0 0 0.1165519929871956 0 0.0005077771878796294 0 0 0 0 
0 0.33341746677891043 0.0976960217803152 0 0 0 0 0 0 0 0 0 
0 0 0.37732727005778366 1.0722561548132652 0 0 0 0 0 0 0 0 
0 0 0.6675093790866742 1.3019245411714486 0 0 0 0 0 0 0 0 
0 0 0.5148977597771517 0.8302737180821904 0 0 0 0 0 0 0 0 
0.2959244246270289 0 0.1854170987494914 0.08776484747462682 0 0 0 0 0 0 0 0.21073256452340006 

0 0.16764345924631147 0.012410157682850712 0 0.18674400090739712 0.09735672115146767 0.11572849568525098 0.28837116340590285 0 0 0.0944838668262988 0 
0 0.2978354708897373 0.8169115756562024 0.21018670827253239 0.0845278767970545 0.4121135452806263 0.21317233222907433 0.20895273779282733 0 0 0 0.42656243173777303 
0 0.15234383761107873 1.1578921462212868 0.3480463868394521 0 0.182145918595043 0.16085383873919148 0 0 0.1847786556190932 0.6546266028514108 0.5220857152476516 
0.8246067520715015 1.0936804561834292 1.1884655051401745 0.6705317146615497 0.11746725762917468 0.5138153755358278 0.28407247044433726 0 0.11251831376476376 0.5741850602639945 0.3951241530937438 0.23111756019774674 
1.3379857508112059 0.9304366371561754 1.2489434508836146 1.2731480304876752 0.7162465330023448 0.740289681588452 0.3045798778406533 0.1904674174914291 0.26159050678938534 0.14521004934465645 0 0 
1.131116593152554 0.827515903157177 1.3881613131660613 1.8458791914589456 1.2235642368773825 0.5627747677150873 0.38664744759411096 0.3213856141317518 0.013842646309523171 0 0.005531416307157741 0.2654099862471146 
0.9336636047845408 1.0929523966486303 0.9048343470980301 0.5547458241383241 0 0 0 0.4359806858538385 0.3476924615058847 0.5405542072392673 0.3172376340335187 0.6197409225631882 
0.9741918765915416 0.9380832139147685 0.8915124321608503 0 0.7023448328211577 1.3325001136647527 0.5996894359571965 0.9471363032108877 0.9191055448485135 0.5853994723129914 0.5047379652592581 0.6126612294829641 
0.13762353672203442 0.13608154090841523 0.3718363393810911 0.6175177298589625 1.524686554837806 1.7530710078049447 0.5157898484825436 0.21896078000413685 0.5975151694868344 0.6730598941430357 0.6672827290330148 0.4149541538528066 
0 0 0.49958218015621286 0.897991967481181 1.126255224973454 0.2546513854538567 0 0.0656243318956746 0.20141259383403123 0.31589281019228527 0 0.002518546767098461 
0 0.016058396086821053 0.9482334388093048 1.0784805392776733 0.9670163777834297 0.2752975260221059 0 0 0.013562634283623105 0 0 0.17620415409000298 
0 0 0.5787688475160657 1.1874951128868594 0.941149581811404 0 0 0.28207637363206167 0.09212570140173082 0 0.016705382722880906 0.09639585551634351 

0.728540381862674 1.7894704156214423 0.46943637769691327 0.5153510652979183 0.691798308305955 1.2471930463313772 0.9710466595798435 0 0.3132721049572595 0.256687738681589 0.2825754238631526 1.8852744574756932 
0.048738730978548805 2.191815416928948 0.21919948253850244 0 0 0 0 0 0 0 0 0.7490703281354446 
0 2.2428374013152457 1.7021061173475658 0 0 0.11572945679976104 0 0 0 0 0 0 
0 1.2186808238332218 2.2549737610915197 0.15835433165376794 0 0.38051708321002153 0.4591605157706372 0 0 0 0 0 
0 0.3477284589725183 1.826925685820411 0.9975161246119428 0 0 0.2278316985826168 0 0 0 0 0.32793205383251117 
0 0 0.3974057786546583 1.517955585303438 0 0.6677648306293675 1.631635247189497 0.9086107561046055 0.37169771395450857 0 1.2788616749374142 1.6914060464126746 
0 0 0 1.9686026961455694 0.7398100093228812 0 1.9542579862536444 1.891498957029721 1.1699692690691084 0 0.9350842859026158 0.9468483144107966 
0 0 0 0.7129161611604865 0.6799592969710369 0 0 0.5091236479465483 0.21758501189333457 0 0 0.10895541709999323 
0 0 0 0 0.26534299705911785 0 0 0 0 0 0 0.5271204450821609 
0 0 0 0 0 0 0 0 0 0 0 0 
0 0 0 0 0 0 0 0 0 0 0 0 
0 0 0 0 0 0 0 0 0 0 0 0 

1.4403553315999842 1.9812915968679206 1.150924252441189 1.08655554465918 1.7720149413969315 1.4829033050761378 1.5244228175546288 1.4712677706644297 1.1644563258177725 0.9879257607497792 1.3487624851238917 1.990679866302541 
0.5438514070833064 0.8982354500533696 1.5730503255613577 0.4074865123085079 0.501716124361366 0.5854953313643098 0.424884434578518 0 0 0 0.44524032581219175 1.4306430042009401 
0.5984412217905735 1.8844196736644958 2.443176068550273 0.5201250027486558 0.6158569302652622 1.2858642075157702 0.6666175403781427 0 0.352231359019191 0.5713219866606939 0.3875134594240802 0 
0.24580325525885455 1.087735707610847 1.873766006226907 1.2851240785607012 0.5654851927569149 0.9010449448238051 0.7390935263459407 0.3514022600796786 0.49460479072957103 0.1845353683152508 0 0 
0.42684468525513325 0 1.9173768714735906 2.225829181578531 0.9948884146560457 0.8756095769621238 0.72405010183934 0.5993925358876755 0.5777179780060474 0.2977255035491798 0.5476115758226581 1.2114545269522006 
0.29316608412339 0 1.824730034323296 1.8339835722595093 0.7347826595621436 0.11025337275517189 0.8360920887009389 1.1089279487656716 1.355883243674492 0.8974372027267883 1.5727268532944358 1.9722429867769908 
0.5134529089970261 0 1.1431562680972902 1.3054326768374833 0.9408383187625957 0.6810225424419698 1.8816791769561385 2.0219140594168783 2.057301165129373 1.2024182083049952 1.1259278259833398 0.522492776058246 
0.3328531776748607 0 0 0.2894053316795759 1.3706175212823846 1.673677222757772 0.959841665266792 0.17926347899860867 0.4531010168775833 0.2327895378716187 0.9481491801111022 0 
0.805205090486933 0 0 0 1.1257455966452092 1.3814339576217298 0 0 0.09616117661966764 0.11250593222638933 0.09768814299750447 0.34215665632263703 
0.7755529682948179 0 0 0 1.6289414503255568 1.4816683117908727 0.08251450462754187 0.5040566005932382 0.3677881526323221 0 0 0.12346732706880172 
0.7257570185198047 0.28823619605488726 0 0.0818685623668229 1.4148921942622525 0.8726119737462904 0 0.5001316617705931 0.1709787654820027 0 0.044275036323398805 0.6745502549083927 
0.8321109523437001 0.5074060484093522 0 0 0 0 0 0.5410313761923704 0 0.16208241039909765 0.22492709072394326 0.5397975161049919 

0 0 0 0 0.013610204126090257 0 0.13550011164219 0.24726466374737188 0.09819174912751735 0.410930453131416 0.4972054405442993 0.125077493684679 
0 0.6584078689161488 0 0 0 0 0 0 0 0 0.062094563618266735 0.11944554569078944 
0 0 0 0 0 0.32807332419637436 0 0 0 0 0 0 
0 0 0.5382554153315403 0 0 0 0 0 0 0 0 0 
0 0 0 0 0 0 0 0 0 0.14250424610696172 0 0 
0 0 0 0.47907381981373826 0 0 0.6450054222661108 0.38276614449104285 0.4528978688886249 0 0.21994776489051887 0.1471906987561004 
0 0 0 0 0.13745402236125984 0 0 0 0.6045441545666888 0.1406793035497736 0.07402561754656278 0.1169617387513161 
0 0 0 0 0 0 0 0 0 0.05724927737715313 0.14744449075760852 0 
0 0 0 0 0 0 0 0 0 0 0.07794328457602111 0.09378599515922945 
0 0 0 0 0 0 0 0.279622061777034 0.35187060322904645 0.09121814748487056 0 0 
0 0 0 0 0 0 0 0 0 0 0 0 
0 0 0 0 0 0 0 0 0 0 0 0 

0 0 0 0 0 0 0.43158710404089407 0.10017150697505864 0.6879443488054516 0.8541498247122965 0.5540722214873222 0 
0 0 0 0 0 0 0.26275795515900846 0.130538833675105 0 0.21371769266823265 0 0 
0 0 0 0 0 0 0 0.4745078521255614 0.021237055883291528 0 0 0.035647848730268564 
0 0 0 0 0 0 0 0 0.002515240727968465 0 0.09229375103376877 0.2815642843977386 
0 0 0 0 0 0 0 0 0.26250096222780905 0.06483102051921676 0.0719363335596251 0 
0 0 0 0 0 0 0 0 0 0 0.2509415942051617 0 
0.31685954465922594 0 0 0 0 0 0 0 0 0 0 0 
1.0948897861796159 0.7067665947820407 0 0 0 0 0 0 0 0 0 0 
0.4990293445854967 0.8341377119063119 0 0 0 0 0 0 0.0046336689531486785 0 0.3601764206655119 0.11632172781082536 
0.42836034673158635 0.5472746066103187 0 0 0 0 0.10300673311263817 0 0.2668967063560793 0.3081658234067315 0.32588665943572037 0 
0.1508148829398081 0.7915405470236397 0.7041712137462913 0 0 0 0 0 0 0.28967458695691206 0.31206597080962817 0 
0.2750949484456496 0.5607821005943214 1.2675991357776706 1.0613133200980163 0 0 0 0 0 0.2057630641444542 0.42785317942584977 0.1993959718387012 

2.646915007579138 2.5379341869182968 2.2161119465892503 2.029109114352497 2.0032187765682585 1.4640953990588879 1.4337922622405803 1.378580819455518 1.4180177500718025 1.0383839970278366 0.78874671584493 1.4982104396102796 
3.250494252476682 3.855288444869043 2.3967963099883347 1.1346951954066185 1.314479673629673 1.999494308376457 1.226907956161586 0.924804427870316 1.0327977428359716 0.5135637485744693 0.37031880135632883 1.3709227615827637 
2.8231937683403747 3.8741817204217703 2.4710100108919426 1.6816928857068694 2.108634394051156 2.233145717049723 1.0700885572029595 0.9352648181103985 1.2504941351167238 1.1709335950279736 0.8008651051761835 1.6441693918155043 
1.587719757742034 3.0226354065901893 2.874264987301522 2.0272046919548328 1.5372248847984122 1.8419761686299132 1.9165049058966817 1.586126158736378 1.3407139564754347 1.087781101133233 1.313864855785303 2.0338543869268957 
0.30925424671043283 2.7581070475665106 2.884694155302241 1.1211629239731322 0.04834830142428215 0.841419992966185 1.8480831107469364 2.1579986731078185 1.660161850373655 1.0081691720515003 1.222640434471198 1.8485383886851448 
0.7244122889642572 1.4593331895275623 2.605993812248815 2.270564721668697 1.644171573678595 1.6876512466222104 2.144504528829937 1.8989813908425415 1.4561117676996458 0.7871206420258432 1.0032256327748417 1.7370275870380079 
0.3008955129156705 0.633123240462497 1.9319116660579088 3.3719143866423074 2.519771332773089 1.6092957140860733 1.4839617302441024 1.58480840565151 1.0595223612737814 0.9142808218096856 0.8872273485613098 1.588280955486004 
0.08513292060277591 0 1.2385523270453747 3.4827748027591965 2.573677016728271 1.1671257104972397 0.37723660706500933 0.4496254359453449 0.32658507961671085 0.8674053660134499 0.7928390006698257 1.5333617195773306 
0.9729424262759696 0.32865566914383126 1.0150890447895793 2.649496418333903 1.8990793394554641 0.5956147889371948 0.7114716988938246 0.8193799604981622 0.588871284922269 0.8095713327110996 1.5256386743368329 2.2589679873100073 
1.4602884811177486 0.6561959466814614 0.6588991496351799 1.5990122849979145 0.82844318828036 0.7510996396900624 1.8303930364723222 2.060841008283637 1.3968452601621746 1.1238691163336094 1.3615231402075365 2.0212645362449178 
1.2962461886062424 1.8192033964297984 0.7654694223348896 0 0.06337273111278008 0.9418540868279347 1.695921995255771 1.7173963766648113 1.5952594108770481 1.7581457207856481 1.717034232979217 1.806435080840974 
1.8471826250375507 1.5716917463633786 0.9493141521145503 0 0.7709478100883504 1.4090913270811614 1.0095960577815513 1.3673824643039416 1.7371979847469785 2.0154682205867767 1.978522815072374 1.8667318308136613 

0 0 0 0 0 0 0 0 0 0 0 0 
0 0 0 0 0 0 0 0 0 0 0 0 
0 0 0 0 0 0 0 0 0 0 0 0 
0 0 0 0 0 0 0 0.06628106445237053 0 0 0 0 
0 0 0 0 0 0 0 0 0 0 0 0 
0 0 0 0 0 0 0 0 0 0 0 0 
0 0 0 0 0 0 0 0 0 0 0 0 
0 0 0 0 0 0 0 0 0 0 0 0 
0 0 0 0 0 0 0 0 0 0 0 0 
0 0 0 0 0 0 0 0 0 0 0 0 
0 0 0 0 0 0 0 0 0 0 0 0 
0 0 0 0 0 0 0 0 0 0 0 0 

0.11468103437478161 1.1860913371843154 1.0387017441547808 0.4749608422255241 0.08969500770172441 0.027347713109337465 0 0 0 0 0 0 
0.7899250043226871 0.9852918997633349 2.047957923668645 0.32443077633061945 0 0 0 0 0 0 0 0 
0.4767242032854958 0 1.6775361192156402 1.3644834325186697 0 0 0.07010860255400538 0 0 0 0 0 
0 0 0.5445472493513711 2.1763908924038367 0.01545940470142931 0 0 0.3803029267660086 0 0 0 0 
0 0 0 0.8812066215984113 0 0 0 0.34120339495085455 0.21829726535584854 0.21127916900627075 0 0 
0 0 0 0.18334397089007426 0 0 0 1.1480897045991028 0.39206848807925887 0.6362198293628096 0 0 
0.09667519565471791 0 0 0 1.5617405320339792 0.23858153775165292 0 0 0 0 0 0 
0.2581703311610746 0 0 0 0.3176676118077605 0 0 0 0 0 0 0 
0.13041588205568064 0 0 0 0 0.18715624448176066 0 0 0 0 0 0 
0.39685788613367956 0 0 0 0 0 0 0 0 0 0 0 
0.5695134212469373 0 0 0 0 0 0 0 0 0 0 0 
0.5819629922403092 0.4996930922863879 0.5775467184709099 0 0 0 0 0 0 0.027821774200195798 0.14426615728237993 0 

1.133862872557865 0 0 0.21700703289583756 0 0 0.7885161033006246 0.8850618337472373 0.31221979915698794 0 0.7406581555838232 1.6028565532695536 
1.099272582720299 0 0 0 0 0 0 0 0 0 0 0 
0.023707373443977962 0 0 0 0.23124256920023495 0 0 0 0 0 0 0 
0 0 0 0 0 0 0 0 0 0 0 0 
0.4503302181447689 0 0 0 0 0 0 0 0 0 0 1.1627313453026376 
0 0.08169730934741523 0 0 0 0 0 0.1908666995705654 0.9740310576750814 0 0 1.138133811168877 
0 0 0.135234469751679 0 0 0 0 0 0.15070375674561914 0 0 0 
0 0 0 0 0 0 0 0 0 0 0 0 
0.22401054658697558 0 0 0 0 0 0 0 0 0 0 0 
0 0 0 0 0 0 0 0 0 0 0 0 
0 0 0 0.34694118728271334 0.7067531316852659 0 0 0 0 0 0 0 
0.17057005906072334 0 0 0.029179926780509402 0 0 0 0 0 0 0 0 

1.5861045007789354 0.5032946755933879 0.14318088132801637 0.43276860142883794 0 0 0 0 0 0 0 0 
3.0099696859485703 1.4954835896980088 1.022172923599845 0.9863156188293117 0.530767629119833 0 0 0 0 0 0 0 
4.504668075110339 3.406504631412198 1.4336103780826268 0.9291430792533967 0.5467962163699911 0 0 0.1642333242453541 0 0 0 0 
5.1097597641308115 4.496952121973549 2.1606736453191773 1.3722899616220219 1.677187763050175 0.5973855962778974 0 0 0 0 0 0.16668790073741507 
4.255410189923597 5.435326394838113 2.6732342981839547 0.753365216116029 1.2646842064158874 0.8815359810968628 0.42580476252830873 0.47078305442539864 0.02757693892405462 0.04056468835257725 0.3376777482950072 0.7394411013528277 
2.2147096545016236 4.796462014531813 3.450364959275589 0.35163258437779954 0 0 0.10876216643679235 0.91196127948393 0.4997242284000922 0 0 0 
1.236646874048125 3.502577707334349 2.9134331496690056 0.6979169413185705 0.07037057868560631 0 0 0 0 0 0 0 
0.48926052499881606 2.134654796542696 3.1295162063870343 3.120729847502355 1.788574352488841 0 0 0 0 0 0 0 
0.009471862891519134 1.0867287699097496 3.2833653135240897 5.009165518261222 3.2998112173105274 0 0 0 0 0 0 0 
0 0.22577247999805192 2.7181791940953586 5.059274790432538 2.3682644409324665 0 0 0 0 0 0 0 
0.3870289814780567 0.3113874404994761 1.5546233893100725 2.444272810615428 0.4483263682373219 0 0 0 0 0 0 0.026321550261936416 
0.2542552005568225 0.2088430810908717 0.9876830877193363 1.5169961858360557 0 0 0.04847218769807227 0.02587518401726778 0.10505445947018527 0.5311941177065878 0.7063439356646213 0.4576176360487822 

1.0648704457483762 0.23378486497518797 0.8994603243389878 0.9947488237148285 0.807312284478126 1.2344757244389892 1.7100535670372152 0.925865297262078 0.5313762117457137 1.0492943145269908 2.470462123143004 0.9023579344058468 
1.985103317129011 0.6019123134277131 0 0.35864000856806433 1.0083671877350007 0 0 0 0 1.381419041124366 0.9448101402435383 0 
1.0049504056584637 0 0.34089962035841953 1.1595432790246083 1.2212356327748637 0 0 0.4071786387206236 1.0411705373568418 0 0 0 
0.3258513069742457 0.6336962186569922 0.8106564986594496 0.43479910760702234 0.2999964012527479 0.020751874662066225 0.18779669592011142 0 0 0 0 0 
0.5833057255371723 0.18652946252291822 0.4269241627972779 0.29879169109969206 0 0 0 0 0.030222302982204158 0.7837196889859834 1.228855034924105 0.7180782971319607 
1.3543439730142701 0 0.6883117411513626 0.586552624011364 0.660694170366236 1.4290933428982033 1.778451066855554 1.8660911515214413 1.6350624777041263 1.456459889526658 2.2578327688433193 0.3119102190892278 
0 0 1.0656528734960167 0.5461411107280795 0.46142449955719134 1.0810690557987332 1.1351368663065735 0.886894985754924 1.136030080447886 0.8063381213022918 0.33043661962912285 0 
0.08965845455623109 0 0.16993364785246998 0 0 0 0 0 0.8471859420838175 0.2767282379990631 0 0 
0.4958883163087373 0 0 0 0 0 0 0 0 0 0 0 
0.730078759549453 0 0 0 0 0.170852370979668 0 0 0 0 0 0 
0.23270238120582806 0 0 0 0.1757314853591758 0 0 0 0 0 0 0 
0.4536945075203054 0.5289816363193687 0.08277255776947899 0.05677048377152105 0.29215238122383913 0 0 0 0 0 0 0.24392402506394154 

0 0.2679123099126561 0 0.04313850524071622 0.7093457801882015 1.3825963040425848 0.71102064083552 1.5026751987452924 1.8690081057229873 3.190711310804066 2.103633775138042 0.25307189832204147 
0 0 0 0 0 0 1.2228450308252157 2.1132033983110587 1.5983705814521145 1.5597370219185236 1.632461805902031 2.680795724012966 
0 0 0 0.330354842496637 0 0 0.982449821517587 0.8717495077904583 1.082991837212004 1.0101478437331157 2.7376808728078847 3.3135573392531024 
0 0 0 0.01983596429766958 0 0.4041861137969055 0.5554968730619356 0 0.42756997077497666 1.062907207604981 0.8278148403189061 0.9040098899651937 
0 0 0 0.2307901611780616 0.376425767943002 0.7070726343566534 0.5363972783782389 0.16960044893084922 0.03479742272985172 1.2957308661340867 0.595547630924406 0 
0 0 0 0.6317187035452971 1.316135557031074 1.5048249230788693 0.5644996863975087 0.2040670462274842 0 1.6310672354627398 1.6015220721433827 1.0421862176773393 
1.044967382303066 0 0 0 0.259368652034959 0.5417991029265256 0.7216633971132779 2.0052923061777843 2.11768817512941 1.7677001408271849 1.157617911493184 2.58798991125528 
1.098975850011617 1.0275979862120945 0 0 0 0 1.9720206140120775 2.663268990474484 2.4008351416298193 1.7431162630113346 2.01864725117652 1.6544250375976055 
0.3580525781636916 0.9303843710587791 0 0 0 1.1536441630975072 1.4721783452489243 1.1458299547034432 1.157821064025765 2.092668736671487 3.3410448502768424 1.161901407257265 
0.4189317256009186 0.29781111660391185 0.5089965835110268 0 0 1.5102723700172602 2.351944509943164 1.2202744770917537 1.0732547636413143 1.0138639370021947 0.7879584633448646 0.30520978377427016 
0.1679917381832814 0.6312444819293593 0.47099981481726516 0 0 1.6052637950209607 0.8716702135759368 0.3250366564497403 1.3719128061322843 0.6661595233832255 0.39837907603174194 0.4315446732608933 
0 0.07291522686011778 0.8647960742321323 0.9770979236568352 0.8695754856607544 0.901133812119174 0.5962943854798013 1.057922733132142 1.0496443980158512 0.3084311947983832 0 0 

0 0 0 0 0 0 0 0 0 0 0 0 
0 0.7821832043387791 0.28169715748900087 0 0.22127428649821004 0 0 0.07826036311840427 0 0 0 0 
0 0.581828946646943 0.5675582175688689 0 0 0 0 0 0 0 0 0 
0 1.225356529202612 1.9946842923162074 0 0 0.17406534181913466 0 0 0 0 0.20109106028382884 0.012083894368055957 
0 0.4416726506188161 2.1732228703637455 0.6647633148842695 0 0.18757186118022248 0 0 0 0 0 0 
0 0 2.117787085586233 1.3227106770507469 0 0 0 0 0 0 0 0 
0 0 1.8998247336249157 1.154900154295438 0.11297285266955329 0.03272316740015127 0 0 0 0 0 0 
0 0 0.3093734411620233 0.9077917811568676 1.2952386808254401 0.5226506943335424 0 0 0 0 0 0 
0 0 0 0.2484312406873561 1.8901348992656792 1.3162131768663787 0 0 0 0 0 0 
0 0 0 0 2.3717373085312796 1.6664898327628979 0 0 0 0 0 0 
0 0 0 0 2.0084068197271856 0.9527412858004559 0 0 0 0 0 0 
0 0 0 0 0.9627215731453785 0.5635910182016061 0 0 0.009880982686163893 0 0 0 

0 0.6889594314857385 0 0 0.1649645321691272 0.5512358599509309 0.29468670549665915 0.20867933013866874 0.917734740228812 0.9482346594348409 1.1457708315804918 0.6843582723254817 
0 0 0.2105216422526252 0 0 0.015147681971457546 0 0 0.4762239895049239 0.9488595427023937 0 0.8537433105713874 
0 0 0.6132114357867782 0 0 0 0.8921798788386341 0.44978613903771314 0.5607688499976622 0 0 0.07267242137211365 
0 0 0 0.127146682905119 0 0 0.5539368503067795 0 0 0 0 0.2557257429502317 
0 0 0 0.3135782137376199 0 0 0.13591925266055 0 0 0 0.5695740416354586 0.6831788035958177 
0 0 0 0 0 0 0 0 0.2760116614660194 0.563220360451065 0.9456616949995839 0.36966212321179615 
0 0 0 0 0 0 0.18479745295652414 0.1232059902492744 0 0.1179489893873621 0 0 
0 0 0 0 0 0 0 0 0 0 0 0.30851998521707447 
0.3848494741756465 0 0 0 0 0.03799592330916672 0 0 0 0 0 0.17997894690435742 
0.39605955440452695 0.17993507318762234 0 0 0 1.4156472134333018 0.5423666000478683 0.530587594852402 0 0 0 0 
0.30128081657376493 0.3582925071927846 0 0 0 0.383468816410195 0 0 0.5698743067890998 0.18575029564725973 0 0 
0.11262979284115984 0.35288829088443247 0.3312747035536559 0 0 0 0 0 0.16171494600452652 0.2297449814034374 0.10528259813719774 0 

0 0 0 0 0 0 0 0 0 0 0 0 
0 0 0 0 0 0 0 0 0 0 0 0 
0 0 0 0 0 0 0 0 0 0 0 0.6901760025108431 
0 0 0 0 0 0 0 0 0 0 0 0.7676883822756613 
0 0 0 0 0 0 0 0 0 0 0 0 
0 0 0 0 0 0 0 0 0 0 0 0 
0 0 0 0 0 0.08030920498250471 0 0 0 0 0 0 
0 0 0 0 0 0.006025254336029184 0.01899165195556965 0 0 0 0 0.09144711647817788 
0 0 0 0 0 0 0 0.5688223591946986 0 0.2072817777999023 0.5446776780643678 0 
0 0 0 0 0 0.07115019101700037 0 0 0.09911463176114393 0 0.32316076653589987 0.05614714022518881 
0 0 0 0 0 0 0 0 0 0 0 0 
0 0 0 0 0 0 0 0 0 0 0 0 

0 0 0.25139604220891604 0 0 0.05009437448172042 0 0 0 0 0 0 
0 0 1.2297060171772745 1.0818198627321325 0 0.054241163245080576 0 0.0907878362458162 0.20488015957230138 0.18876688480684795 0 0 
0 0 0.1330043928954766 1.2565260445784647 0 0 0 0.22532936741347426 0.05395096382174812 0 0 0 
2.0197884814242717 0 0 1.6038021486279885 0.018022502931323243 0 0 0.2372637109872706 0.9415980638720692 0.4087026340769805 0.2447044619417341 0.06841239017956449 
2.5833892445435898 0 0 2.201837187866237 0.613950523128055 0 0 0.08265141364751874 0.7704171118192522 0.5644692585794635 0 0 
3.1217653205994846 0.8827807351925705 0 1.2326280800746698 0.22343345566345757 0 0 0 0 0.012234350401398947 0 0 
3.787280217854554 2.0273774397840216 0 0 0 0.7364073810275789 0 0 0 0 0 0 
2.6396394478101928 2.9109801617968745 1.1685917829031995 0 0.6524709970123217 2.32121507417329 0.4333287606547366 0.6407722450552864 0 0 0 0 
0.47259984001490285 2.184749382783015 2.2504395416190732 0 0.2261211401771262 1.9119514232500032 0.6360439325798305 0.7467467855303527 0.11060616652960868 0 0 0 
0 1.1184118642824208 3.138503547599834 1.2994130390336252 0 0 0 0 0 0.0943585975967531 0.33097984173085643 0 
0.04587696403904826 0.35122427086955604 3.63729736059402 2.4695684145751637 0 0.17011096019716285 0 0 0 0 0.7189480435266602 0 
0.13614522155463665 0.036116029470219996 1.6972882549816561 1.9812679247936023 0.08208001931820028 0.6028687195828449 0.7606398492754551 0 0 0.07307766706911682 0.6269790405943542 0.03232495553315141 

0.4537124565646622 0 0 0 0 0 0 0 0 0 0 0 
1.0260494037920869 0.49486490327277166 0 0 0 0 0 0 0 0 0 0 
2.980237214055595 1.1551320073418925 0 0 0.39326894575324206 0 0 0 0 0 0 0 
2.631102665214802 1.830649981961902 0.8617244281194338 0.18553670313427692 0.3058634211988155 0 0 0 0 0 0 0 
1.684006087399827 3.127639350970753 1.1341659408283433 0.017289701768009733 0 0 0 0 0 0 0 0 
1.338627057259642 3.101459137066954 1.0738204645379255 0.2506046570849581 0 0 0 0 0 0 0 0 
1.2095609228245532 1.4740997467754293 2.7549939585301817 2.1437364189222343 0 0 0 0 0 0 0 0 
0.01858994331344206 0.11910905524816992 3.1209663266491536 2.672951378772021 0.9454496216524568 0 0 0 0 0 0 0 
0 0.21411528707975916 2.388717759467023 2.261787886756488 0.8644499682746702 0 0 0 0 0 0 0 
0 0 1.1802313479757538 2.0717863342709735 0.9429688895955631 0.4799577097800637 0 0 0 0 0 0 
0 0 0.6707748693707581 1.194997635500532 0.7091345871028693 1.050938817717512 0 0 0 0 0 0 
0 0 0 0 0 0.1892913731728057 0 0 0 0 0 0 

0 0 0 0 0 0 0 0 0 0 0 0.6705270391196532 
0.4774948298669007 0 0 0 0 0 1.1784058795148846 1.1757142422986941 0.17885020607265784 0 0.948427853512146 2.519753011657268 
0.33784834090814064 0 0 0 0 0 0.19557246283690544 0 0 1.2249935753691699 2.9341723848270655 2.480563199208314 
0.4364417109536994 0 0 0 0.9465312805657902 0 0 0 0.34256505615986343 1.9868505295980623 1.8266853420549776 0.30924155478290255 
0.4121068994017025 0 0 0 0.682033714873714 0.0952912185074653 0 0 0 0.18666979472435716 0 0 
0.4428993172982695 0.5466977423785343 0 0 0.009705890911858 0.45121337773762454 0.14178768026539093 0 0 0 0 1.3079536598199601 
0.13476253399117288 0.060548178438504574 0 0 0 0 0 0.35832971130543045 0.9028902745876632 0.12664757435393303 1.9049261106728046 2.616866386229641 
0 0 0.600939738328978 0 0 0 0.993990578867246 1.7747701849285031 1.9792643516488488 1.367681595983077 2.4909004437853595 1.414561371070242 
0 0.16448713043316826 1.0319910237223582 0 0 0 0.49955733907289707 0.37155824887827205 1.1710605606570577 1.8352194514951818 1.742060287151991 1.0020815373393537 
0 0 0 0 0 0 0 0 0.8515593734441751 1.1913532918474878 0.9375944090281737 0.3616128519023102 
0 0 0 0 0 0 0.6554598598568108 0.5527793852709245 0.7400795256455571 0.23132819366567103 0 0.00960120859711592 
0 0 0 0.04870423798068465 0.17489134873112294 0.24554685535250068 0.5457730272942105 0.7848296112374301 0.3252082392417788 0 0 0 

0 0 0 0 0 0 0 0 0 0 0 0 
0 0 0 0 0 0 0 0 0 0 0 0 
0 0 0 0 0 0 0 0 0 0 0 0 
0 0 0 0 0 0 0 0 0 0 0 0.5552755406129605 
0 0 0 0 0 0 0 0 0 0 0 0 
0 0 0 0 0 0 0 0 0 0 0 0 
0 0 0 0 0 0 0 0 0 0 0 0 
0 0 0 0 0 0 0 0 0 0 0 0 
0 0 0 0 0 0 0 0 0 0 0 0 
0 0 0 0 0 0 0 0 0 0 0 0 
0 0 0 0 0 0 0 0 0 0 0 0 
0 0 0 0 0 0 0 0 0.04561235020411663 0 0 0 

0.19339332621955113 0.5678643678867437 0.09457504843474022 0.15927507881237846 0.05630240037982522 0 0 0 0 0 0 0 
0.34785475293731816 1.4613542373535269 0.8146549377879428 0 0 0.18136078104204137 0.2191824563884766 0 0 0 0 0 
1.1735220499389252 1.6963131897641759 1.1823742230898082 0 0 0.3836743285187679 0.15227941102776704 0 0 0 0.6836421177102534 0.38652599277187183 
0.7485062927499158 1.4346996342233693 1.5837622523026913 0.5036934493229825 0.12200000394390112 0.27539913035673436 0 0 0 0.07582800976588558 0.10223268398860036 0 
0 1.3851386549346456 1.8918185703250086 0.7485599818424383 0 0 0 0 0 0 0 0 
0 0.8012724710483201 1.416104641750383 1.3842588584969346 0.020126042677832287 0 0 0 0 0 0 0 
0.2982726222643341 0 0.8588063142390227 1.9306878776722962 1.2198751526334182 0.22483128903178934 0.13546971732243335 0.3489976706765211 0 0 0.021285420343706632 0.4662774975438235 
0 0 0.27300215674062733 1.581015722960005 1.914186941310336 0.7436231323868121 0.2424538175670031 0.30120040098871975 6.579719836097286e-05 0 0 0.007029090890516308 
0 0 0 1.0340319569645422 1.2867723665457769 0.1763793307353156 0 0 0 0.30826490153021957 0.1595843709820564 0 
0 0 0 0.25281837151808817 0.9422674917018612 0.6129145846937659 0 0 0.015207310702276808 0.014763993940848416 0.10237779015250187 0 
0 0 0 0 0 0.04908832999682418 0 0 0 0 0 0 
0 0 0 0 0 0 0 0 0 0 0 0 

0.3037649911146233 1.4078957684835554 0.28567668790573514 0.12576844186078912 0.8380223427465597 1.173408244586322 0.6069196895523176 0.11022413289420566 0.6330797444847673 1.2928921694991693 1.4328793077438042 1.0161332588490382 
0 2.2890777028043967 0.2593223161961484 0 0.21325447567856612 0.5360196548387038 0.2308474514193103 0.09827752435005749 1.0860382729353617 1.505187546130957 0.6977424846219025 0.8803149620018111 
0 1.3990243635999515 1.1427862482357225 0 0 0.9762857839113824 0.9538211610171955 0.43285329473878115 0.6269386517614427 0.12100839594107576 0 0.47269890414930926 
0 0 2.0460508732481877 0.07995752150390567 0 0.687705511082328 0.9359360308402296 0.1412128635982054 0 0.06615163812185011 0.15739200222352195 0.49319465769548326 
0 0 1.505831886632962 0.017271603002294772 0 0 0.6671469456287586 0.3300123343949177 0.4728685451474333 0.88371748284078 1.440081771516824 0.7444809180485139 
0 0 0.00509507993008565 1.0150097486841025 0.011380036396531873 0.9370832258600531 2.0614731915476896 1.610440725954732 1.038982482292321 1.0417487532590182 1.3632586573313563 0.9599086765067204 
0 0 0 1.6827545845867298 1.4758491568990015 0.5587261892602003 1.5980239807311223 1.4699869286297067 1.3213387559245446 1.047961064978644 0.8038970054820127 1.0140576014978826 
0 0 0 0.13175417437158424 0.8707066085132752 0 0 0.9134829976012157 1.0896437496055573 0.7957467200976531 0.7905071138468822 1.0861245653472615 
0 0 0 0 0.4021902443117787 0 0 0.5942725941880447 0.2495176593299706 0.17842966338362404 0.6605989306553376 1.2424262502646577 
0 0 0 0 0.10636306033533115 0.33043937421812913 0.2671316135143265 1.0030019218082855 0.8161140975334968 0.5463893583570553 0.6126466152363176 0.6415147835266517 
0.016856189876559083 0 0 0 0 0.6986020855193208 0.8202036725451847 0.7639703885067438 0.7843555574757579 0.350948574903523 0 0.2347751714650667 
0.3353993311412302 0.36206395736620495 0 0 0 0 0 0 0.43857007467223635 0.20129729068965677 0.01327443156341457 0.20477846226007465 

0 1.2173036875651708 0 0 0 0 0 0 0 0 0 0 
0.09112150036777678 1.4257549826742324 0.5227760489615638 0 0 0 0 0 0 0 0 0 
0.30084092711360266 2.597407703132451 1.7676280626368717 0 0 0 0 0 0 0 0 0 
0.6255920371972262 2.762912730517048 1.5818901359108657 0.6476775889431513 0 0 0 0 0 0 0 0 
0.2918086303240884 2.431866990045358 1.7402268636061886 1.4936101257681178 0 0 0 0 0 0 0 0 
0 0.942865425329974 2.0993044167528883 1.566219705588947 0 0 0 0 0 0 0 0 
0 0 0.32239068798841386 1.3725377133283008 0.9499905784358821 0 0.4889631191044442 0.21649598281488538 0 0 0 0 
0 0 0 1.7610271879694723 0.8987041340229253 0 0 0 0 0 0 0 
0 0 0.2424080894008393 1.8030726575511877 1.3902753073197738 0 0 0 0 0 0 0 
0 0 0.20154459282705806 1.0552973913597898 0.6084008147825231 0.006929173256857768 0 0 0 0 0 0 
0 0 0 0 0 0 0 0 0 0 0 0 
0 0 0 0 0 0 0 0 0 0 0 0 

0.05655114046133042 0 0 0.05557781393236574 0.12573844447555171 0.12143016178408703 0.9125610523035721 0.2728905168424087 0 0.3298169060201589 1.084778270875455 0 
0 0 0 0 0 0 0 0.08673707620222204 0.8127443707015105 0.8280124521932664 1.0828120502367593 0.3516283388983473 
0 0 0 0 0 0 0 0 1.0779451664939566 0.8393382506997373 0.10668198725430626 0.583084655456438 
0 0 0 0 0 0 0 0.37943922588811235 0.5596107350655841 0.19859321281239128 0 0.4914820281566527 
0 0 0 0 0 0 0 0.5951371705494851 0.533593381784626 0.5991493846215808 1.1277465892336278 0.58930694508628 
0 0 0 0 0 0 0.195558903977688 0.6259212315503798 0.6611499906186851 0.10740633608093911 0.9653869112370992 0.1756025505254371 
0 0 0 0 0 0.0315637402980527 0 0 0.4986816095372688 0.27144584453440124 0 0 
0 0 0 0 0 0 0 0 0.20550315991167156 0.8680426562031685 0.8274341299570884 0 
0.4131637228556201 0 0 0 0 0 0.17273159162637067 0 0 0 0.20926995686914943 0.3718431025921003 
0.7398543819293142 0 0 0 0 0 0.5205284325255771 0.24087630060514104 0 0 0 0.47223193666248553 
0.3618342535132546 0.6807238406639442 0 0 0 0 0 0.558428787467149 0 0.47248464850935634 0.29297917902072906 0.44887541263633024 
0.35133635944466673 0.29880283522882856 0 0 0 0 0.16543598455704464 0.3006972518821173 0.19766594253960101 0.7033663659995181 0.41230086171864816 0.5058669527308466 

1.2675754808199935 0.28644230103750307 0.4446190412155766 1.1261728950679673 0.4642727673227576 0 0 0 0 0 0 0 
2.111742789158561 1.1060276753781013 0.3487622390242252 1.5935183216991577 1.3559383461086878 0 0 0.4911633292131955 0 0 0 0 
2.970618750715997 1.0611629317222 0.7656161482568977 1.2584929207737952 1.1459277324754358 0 0 1.1462353483628045 0 0 0 0 
3.4963694415008946 2.413394755417051 1.9072858570354154 0.7629310567796649 1.2109847276939372 0 0 0.11359209794099975 0.08769409256749026 0 0 0 
2.388426294140471 3.7886599092204993 2.8042714691175923 0.43132930991423213 0.6158312785367985 0.30489504722780447 0 0 0.37638835486228545 0.47461243377786516 0 0 
1.512406454267926 3.1101637726728852 3.323142352838058 1.1098305107288209 0.13232120010900053 0.2700952651374296 0 0 0.14126322493248064 0.5781946647325815 0 0 
0.8702635264824558 2.1345954715724873 3.1379242918234374 1.644122258982382 0.3981991910853119 0 0 0 0 0 0 0 
1.0826804997775563 2.3146404159155893 2.6735418329692933 1.590157217814843 1.3481581409503507 0.8996980972711606 0 0 0 0 0 0 
0.6227649213302141 1.120538243452941 1.9251369971241106 1.631637833058243 3.298736955374085 1.303445894705455 0 0 0.12188513695072001 0 0 0 
0.7383319726428792 0.11410378585624838 0.7647194208042045 2.762574227655979 3.8948663950296334 1.3588026104923556 0 0 0 0 0 0 
0.7012393377866689 0.10132085096543458 0.5933921916204283 2.7860451055482254 2.1811633320671335 0 0.10823242088029167 0 0 0 0 0 
0.6692610636008866 0.7284427088940038 0.9799608418537791 1.5255850605403791 1.185368435555332 0 0 0 0 0 0.08640920678047567 0.17994943032097843 

0.11836508357095928 0.43801327198349593 0 0.05271225388186557 0.17060867030394863 0 0.3650506896968868 0.05092713439248053 0.09035815896912192 0.3978078723283951 0.8651938798182024 0 
0.8419767152057754 1.7448809721653127 1.2911838818731132 1.156661917811837 1.1633716743699598 1.7922316064962696 1.7561650864760203 1.0682704198991206 1.115177737816405 2.1959935835157847 2.6756602986940488 0.17309001223867101 
1.2599306789756552 2.30065490677429 1.009672133423829 0.8980982260195772 1.0482296841078258 1.497414677653055 1.0560317444571061 0.721012992323704 0.6915654832525586 1.8364723212972947 1.8061542230084735 0 
2.059234660043081 2.3519368333368553 1.334934640568801 1.7204064392998155 1.0933062862757805 0.31220802008324533 0 0.24344582208733617 1.1736266000289184 1.5916718400851215 1.7089426415397924 0 
1.8475752333048336 2.4983656727056816 2.119860105310885 1.5732374933837052 1.3571074005661263 0.9263938925889855 0.1796689189191954 0.16988859585512706 0.6636452311021406 0.19603605386407152 0.5018748762248199 0 
1.1512774120262832 2.9375690622178063 3.4414169720187764 2.310817570711805 1.993182311603219 0.6644286157420818 0.8713191594776343 0.7952862334575833 0.9419924195071685 1.0926449751223488 1.1315454429414693 0 
0.6405059956064626 3.005145241505515 2.2042508284604265 2.1543376278515347 2.4580782926613405 1.8824984071446438 2.3802016429880366 2.132686750150327 1.1357329988888658 2.108776219352822 1.8579453041534 0.10303526368449334 
0.5746920266701877 2.7214753831275464 2.0348510318758883 2.313848343026866 2.9678469996611745 2.8559569875387627 1.9132286345656535 2.4021288231697424 1.6825086866928602 2.2420075871102036 1.5925148073645614 0.6530046211784264 
0 1.717272051530133 1.6983363088458956 1.9416545959252998 3.3790119493168636 2.3050218097468873 1.3945105717996233 2.3709655334789255 2.6457453837949614 2.3486100500031473 1.1705558143980488 0.20266544261375627 
0 0.509333336222759 1.2746450491848793 2.9072954562464166 3.33958021533332 1.6905439133003721 1.4964829384093792 2.081751900447693 2.0988617925233886 1.5728580570210369 1.3796502740046432 0 
0 0.30952788886755644 0.891108459230524 2.0472605771685335 1.247504413790993 0.586858656635953 1.5633380390259872 0.8187752301463793 0.46436904894043174 0 0.22424664112153636 0 
0 0 0 0.8270726307772776 0 0 0.7562698425498539 0.048558247284202 0 0 0 0 

0 0.47212792486856137 0 0 0 0 0.33441294894586565 0 0 0 0 0 
0 1.612643264491771 0.30093811641627544 0 0 0 0 0 0 0 0 0 
0 1.7906650336386023 0.8731430767289589 0 0 0 0 0 0 0 0 0 
0 0.9726202947776242 0.8544271286885554 0 0 0 0.028700517364249226 0 0 0 0 0 
0 0.5510581833505723 0.8026911068091664 0 0 0 0 0 0 0 0 0 
0 0.10197467944581279 0 0 0 0 0.40641003175955803 0.3205620062556476 0.15535346525600952 0 0 0.37555460758671966 
0 0 0 0 0.22610099825868002 0 0 0.2306532261342186 0 0 0 0 
0 0 0 0.0391367200966459 1.537774687307575 0 0 0 0 0 0 0 
0 0 0 0.3533667122137903 1.7496438087347574 0 0 0 0 0 0 0 
0 0 0 0 0 0 0 0 0 0 0 0 
0 0 0 0 0 0 0 0 0 0 0 0 
0 0 0 0 0 0 0 0 0 0 0 0 

0 0 0 0 0 0 0 0 0 0 0.298987881660184 0 
0 0 0 0 0 0 0 0 0 0.11882968853512747 0.04361160910513488 0 
0 0 0 0 0 0 0 0.42437388365632966 0.5457930295624429 0 0 0 
0 0 0 0 0 0 0 0.398269404838264 0.23168648195237942 0 0 0 
0 0 0 0 0 0 0 0 0 0.14210076478075262 0 0 
0 0 0 0 0 0.2720254912049303 0 0 0 0.11729795738152407 0 0 
0 0 0 0 0 0 0 0 0 0 0 0 
0.12803241519272143 0 0 0 0 0 0 0 0 0 0 0 
0.23566561410268758 0 0 0 0 0 0.5753756842992701 0.3550624592494337 0 0 0 0 
0.35812710358576333 0.2734467143509984 0 0 0 0 0.17847960383524217 0 0 0 0 0 
0.2761599527182831 0.004863626596630019 0 0 0 0 0 0 0 0.14920704322526104 0.06388625219336204 0 
0.17377911138867067 0.08605408380475771 0.19310330037990858 0 0.7863605708603929 1.3888280577576146 0 0 0 0.08877414332659844 0.012631995703078096 0 

0 0 0 0 0 0 0 0 0 0 0 0 
0 0 0.08720878192059377 0 0 0 0 0.26825239076103913 0 0 0 0 
0 0 0 0 0 0 0.16070061393192075 0 0 0 0 0 
0 0 0 0 0 0 0 0 0 0 0.04834867597075742 0.025970294551240298 
0 0 0 0 0 0 0 0 0 0 0 0 
0 0 0 0 0 0 0 0 0 0 0 0 
0 0 0 0 0.12148289658833966 0 0 0 0 0 0 0 
0 0 0 0 0 0 0 0 0 0 0 0 
0 0 0 0 0 0.38747603784345286 0 0 0 0 0 0 
0 0 0 0 0 0.06146166736348346 0 0 0 0 0 0 
0 0 0 0 0 0 0 0 0 0 0 0 
0 0 0 0 0 0 0 0 0 0 0 0 

0 0 0 0 0 0 0 0 0 0 0 0 
0 0 0 0 0 0 0 0 0 0 0 0 
0 0 0 0 0 0 0 0 0 0 0 0 
0 0 0 0 0 0 0 0 0 0 0 0 
0 0 0 0 0 0 0 0 0 0 0 0 
0 0 0 0 0 0 0 0 0 0 0 0 
0 0 0 0 0 0 0 0 0 0 0 0 
0 0 0 0 0 0 0 0 0 0 0 0 
0 0 0 0 0 0 0 0 0 0 0 0 
0 0 0 0 0 0 0 0 0 0 0 0 
0 0 0 0 0 0 0 0 0 0 0 0 
0 0 0 0 0 0 0 0 0 0 0 0 

0 0 0 0 0 0 0 0 0 0 0 0 
0 0 0 0 0 0 0 0 0 0 0 0 
0 0 0 0 0 0 0 0 0 0 0 0 
0 0 0 0 0 0 0 0 0 0 0 0 
0 0 0 0 0 0 0 0 0 0 0 0 
0 0 0 0 0 0 0 0 0 0 0 0 
0 0 0 0 0 0 0 0 0 0 0 0 
0 0 0 0 0 0 0 0 0 0 0 0 
0 0 0 0 0 0 0 0 0 0 0 0 
0 0 0 0 0 0 0 0 0 0 0 0 
0 0 0 0 0 0 0 0 0 0 0 0 
0 0 0 0.11704614911604802 0 0 0 0 0 0 0 0 

