1.4872844236331808 1.0699072828894056 1.0767643579545159 1.1070564217801362 1.12296814029808 1.0815143861126004 1.1479659117645582 1.0435541775910293 0.832675647315203 0.8061087752955629 1.7907674072396782 0.8246717539917993 
1.933042902076836 1.705473926395236 1.9055501201882148 1.6296743080939804 1.6183915025091788 1.531109324098098 1.317112003287717 1.855329306474929 1.5779504717648034 1.1303790233051023 0.9038510399770007 0.2614959820729266 
1.4553172299796293 1.3524952238935786 1.664672321163061 1.1599042417387948 1.2374658579397546 1.1402205083247303 0.969473117329813 1.5743202539253132 1.6335611987805052 1.3943118464626008 0.6957433385702297 0.09020685458253272 
1.3855125206801744 1.2529158526285595 1.21003144794881 0.9395028108212858 1.9349229050403682 1.0367994688432998 0 0.40963634300362833 1.4941373500560071 1.5278544811286507 0.7786684193354525 0.28748157306680894 
1.6006458789970952 1.244771891438656 0.7133085825418622 0.7919004704486715 2.44352525000343 2.1570050231809224 0.26576394070590614 0.22778630564397073 1.4246609335272569 1.6005961762951482 0.9808070041922299 0.5695152841101122 
1.6047336884584535 1.3707612082135168 0.7169094002958886 0.8010246756347267 1.6076494673044814 1.936163907190081 1.2781647912179457 0.9795350954471695 0.9896903370780609 0.905185027770483 0.6379736283580902 0.3917856701322645 
1.6469249858591861 1.5452118980864276 1.1430751928184195 0.1744044048458861 0.1879905207222674 0.11625005791507752 0.18732537468345256 1.2597322133505928 0.6978965666257565 0.5257786905571848 0.7970129827201061 0.5229753326324785 
1.4349710352862575 1.6587725981676995 1.3289939288284376 0.8586675169131394 1.3903852340785294 0.42879820291544646 0.04941773775096093 1.5901870933148794 0.8125047936177074 0.4851496958280347 0.7845451437659989 0.5689356916268702 
1.5576822091490838 1.2603282855863631 0.9043726255532573 1.0650787980811323 1.814595967316383 1.5597439325295832 0.6659791833929045 1.3809364939483613 1.8531796835562173 1.229495459849222 0.38198148233110907 0.3003378573277158 
1.8947708219803796 1.2293703674653578 0.6690489654554322 0.6273016642446217 1.077018679632075 1.5428990315492894 1.2066466998412495 1.1497414620964999 1.8869798264569473 1.8085366933012965 0.9086541698979387 0.4466475756054542 
2.236373892236814 1.469799013733515 0.4772984349404392 0.17863541840803682 0.4983550679183908 0.7785525059552443 1.0693956228367514 1.3539255415846074 1.5466856936702293 1.7134672535465068 1.094194926424242 0.4515394911247669 
2.255607399933491 1.814442260638377 1.3381091820795432 1.2208880294870719 0.9405767110687332 0.9893251145582724 1.064532876357024 1.3287491748389209 1.4406271788789606 1.5307415093956829 1.0832906758640928 0.9600164679215315 

0.2978193384782477 0.2911215682565984 0.2714663729373378 0.28230757868635004 0.3122530583960239 0.36987422635226835 0.5432801421774154 0.3039258099449291 0.2346865158092657 0.34065339913317705 0.8210114772861905 1.1141192489397571 
0 0 0 0 0 0 0 0 0 0 0.7447895722903574 1.0474493351272303 
0.3579573439344696 0.3056393426910897 0.645439911719362 0.7950207466787425 0.22996562353770755 0 0 0 0 0 0.4840809492039404 0.987038568011015 
0.36933489517795565 0.31252399884309856 0.7068461076772591 0.4633304197580138 0 0.10986107930599488 0.11586495220854982 0.29672273891233053 0.47409318228623687 0 0.44505614966535845 0.9155345697414331 
0.18732864278545214 0.37266663459617294 0.537691068458213 0.25968981532719104 0 0 0 0.3731299149027886 0.1164747701169091 0 0.3318918300464855 0.8547294363354919 
0.5814484978528489 0.19650164689357724 0.3591767344373675 0.048770895530334035 0 0 0 0.06393856626850832 0 0.00935375754772158 0.5337970438112951 0.9808182760945998 
0.5083181246934618 0 0.10863346549115721 0 0 0 0 0.008042800123333194 0 0 0.2149355193590083 0.9522239708367706 
0.2875682009571847 0 0 0 0 0 0 0 0 0 0.1503904613973825 0.8272464985680273 
0.1347418711388491 0 0 0 0 0 0 0 0 0 0.5372977203474576 0.908185439119905 
0 0 0 0 0 0 0 0 0 0 0.2172092112018123 0.3793350299231515 
0 0 0 0 0 0 0 0 0 0 0.06706019110881782 0.43005440341346884 
0 0 0 0 0 0.25248723923181726 0.29740145052553646 0.17570690512694614 0.06627950559216944 0 0.3427384315865898 0.15232828354515138 

0.13721817233866326 0 0 0 0 0 0 0 0 0 0 0 
0 0 0 0 0 0 0.047691175360584814 0.016263260514314058 0 0 0 0 
0 0 0 0 0.02175040228746114 0.0635347811441236 0 0 0 0 0.26963411318305663 0.1275108411473996 
0 0.007640080655947921 0 0.4105908839513531 0.734220764355996 0.3777471020373321 0.1938259136270131 0.2980948398075159 0 0 0.44873645224294795 0.12665381039136958 
0.023548160989437163 0.017342379859520557 0.6124358607751956 0.5466373126533173 0.5395866671253531 0.6752150080245731 0.6091883389456526 0.3883482959231302 0 0.1232397248416758 0.2023563365957654 0 
0 0.21169994122975935 0.7023285301659979 0.30003946887744865 0.5567174067860277 0.7979557250400137 0.2010446798739945 0.09029303837545788 0 0 0.07760892541842783 0 
0 0 0.16159022704355472 0.05758243142747337 0.530818197809106 0.6515548710093162 0 0 0 0.01609170066526039 0.009180937563060543 0 
0 0.27426278693224415 0.380122244970741 0.2877302222878654 0.6482898959480876 0.7002623723157201 0 0 0 0.08128213579368279 0 0 
0.07885451166599092 0 0.1868487442668792 0.04215408349074974 0.1360129063324857 0.48706740680069077 0 0 0.031240773747440748 0 0 0 
0.00879243041820052 0.09631198180056488 0.28929080049572653 0 0 0 0.12813274543682426 0.053432671832032444 0 0 0 0 
0 0.058744060056350245 0.0037446560891887665 0 0 0 0 0 0 0 0 0.059346637809676805 
0.15132976062347447 0 0.11306085431403161 0.2502871344502419 0.3844561148218417 0 0 0 0 0 0.01845562938840449 0.19898364633026494 

0 0.09938165850138908 0.06683168004346966 0.090214378072973 0.11970624270653221 0 0 0.3434976938467411 0.39779310952415925 0 0 0.5789169311497628 
0 0 0 0 0 0 0 0 0 0 0 0 
0 0.11954876965961286 0.32934490116501114 0.7827253732150138 0.5178389303944877 0.5753897119429988 0.20110850534320776 0 0 0.006513255188771994 0 0 
0.2880340935708218 0.14136191830245362 0.07020353647856337 0.15740886100363674 0.4846426909868964 1.580613544019484 1.8572404296426677 0.3109114952305486 0 0.16374199729311667 0 0 
0.1411618615013884 0 0 0 0 0 0.6375576021781351 0 0 0 0 0 
0.1951592578440353 0.28588475526758295 0.04460460304596623 0.7251808353605396 0 0 0.06625179733082984 0 0.4955175217516854 0.30241632700697574 0 0 
0 0 0 1.359505893581765 1.0455920596813568 0.7336746535129886 0.2447147185741505 0 0.4778477748767653 0 0 0 
0 0 0 0.32173010533865043 0 0 0 0 0 0 0 0 
0 0 0 0 0 0 0 0 0 0 0 0.600468031878259 
0 0 0 0 0 0 0 0 0 0 0 0.5000892671891551 
0 0 0 0 0 0 0 0 0 0 0 0.1694171312960905 
0 0 0 0 0 0 0.13333611399846218 0.027564645418739875 0 0 0 0 

0.8656313122045196 0.4790912575582697 0.5090771557707744 0.48546280950373044 0.4895333608125096 0.6119303306383957 0.739693924955437 1.2546693919250793 1.3641016583969514 0.9504516346112432 0.5720537311546876 1.1732738518377108 
0.5856923520321102 0.19564711734567536 0.025071033862676576 0.14799678810178626 0.34897912776406775 0.3381006666041383 0.165616258124611 0.22338232396589547 0.19816226285800176 0.5142136904572197 0.2002932890886132 0.944298631126577 
1.0898743758116294 0.7848305331056176 0.6661654033990043 1.0491663224665828 1.6098387275497579 1.5849836627803209 1.0899336067360594 0.5067991159233024 0.4730483199953543 0.7572109567784671 0.44581126250125075 0.8094456378571879 
1.0354297607942655 0.8155097536200113 0.6926071647214969 1.1016665344997252 0.9866906730519056 1.590681733252796 1.6618556480494544 1.0855877837485874 0.7506939114734209 1.0232226723213482 0.21179524524536164 0.6136023440266957 
0.8939382550525883 0.7727068758065153 0.9470429059647388 0.7769409886091032 0.5046223008782338 0.9670985995741909 0.6085030394603728 0.40487882649444074 0.9022952377804473 0.9095857255802298 0 0.5607469775702469 
0.8560430436643791 0.9077692750776302 0.944025854891979 0.7230333268266308 1.0022901047645418 1.1626445280782098 0 0.2400446164285005 1.0167537725137286 0.9681924249011544 0.45804615667778337 0.7685074012488001 
0.8791916190803618 0.9049250411917398 1.3621334100453688 1.0134521867261856 1.452740598714849 1.785889135215784 0.4623749001864464 0.8786410203611932 1.257364279661436 0.8791265708477777 0.19282178159657723 0.5258553053079371 
0.8575726397513534 1.0047649194316013 1.1182269472460333 0.19296990430628758 0.44249173968800626 0.6645022021400442 0 0.9025812828677608 0.897672295096839 0.46739184162010955 0 0.8039673863709883 
0.9601977115092186 1.1965163534723775 0.8257424533128859 0 0 0 0 0.4043641045829418 0.1259474739976073 0.09779024831687122 0 1.1035171580386616 
0.9014012550203838 0.9117997483131146 0.3049081716621863 0.12724285636287472 0.01992345681563425 0.13754695178711207 0.3916607838515359 0.05881102238410053 0.0575869332601505 0.38598305273076167 0 1.0291945592382392 
0.7200881117596357 0.43234106179241194 0.26522811005136704 0.4874145517897471 0.6220101852869329 0.777725389316684 0.4716020182039054 0.26027021661512767 0.3642410316793049 0.422582819739581 0 0.8877089592344837 
0.4882287574068513 0.100213509678793 0 0.006276520702499233 0 0.18221925019030116 0.5051098301311695 0.634493138893688 0.4831410267201024 0.34381462654363754 0.14751738872126885 0.8134657911785297 

0.26219314857290027 0 0.038393886927779945 0.02177556383316283 0 0 0 0 0 0 0 0 
0 0 0 0 0 0 0 0 0 0 0 0 
0 0 0 0 0 0 0 0 0 0 0 0 
0 0 0 0 0 0.13335329938596402 0.005200535193093603 0 0 0 0 0 
0 0 0 0 0 0 0.0325745175259145 0 0 0.01209227641723623 0 0 
0 0.02471337156354446 0 0 0.11969475983313767 0.19148227016838512 0 0.03313396626453811 0 0 0 0 
0 0 0 0 0.0916362191432371 0.20503110606368907 0 0.031304672315322746 0.007537134174650323 0 0 0 
0 0 0.3022456777630915 0 0.28506647916564737 0.49900244500053964 0 0 0 0 0 0 
0 0 0 0 0 0 0 0 0 0 0 0 
0 0.05462975956548424 0.1622505038462222 0 0 0 0 0 0 0 0 0 
0 0.17847856250091323 0.07009159236542709 0 0 0 0 0 0 0 0 0 
0 0 0 0 0 0 0 0 0 0 0 0 

0.7331538412764662 0.8720588109866072 0.8356647628921919 0.7799963794416548 0.7548581389830419 0.5121185980510076 0.069765830462976 0.09807678193642097 0.36303396441944535 0.43334136438673804 0 0 
0.006540835777552077 0 0 0 0 0.15715183830802104 0.31650693895256254 0 0.11312348371225638 0.42744223199075415 0.03935191301024632 0 
0.24970977818720846 0.1719406135361404 0 0 0 0 0 0 0.07697826919975187 0.3231310045836086 0 0 
0.2310587305888768 0.04671716162895788 0 0 0 0 0 0 0.3723774227914079 0.20369619024316493 0.221179163592142 0 
0.14260920123570242 0.3244619099852144 0 0 0 0 0.3016631640135381 0.4519862706933737 0.257965512846061 0.10163531402378861 0.43545199251611805 0 
0.23336043174233467 0.28940582543202337 0 0 0 0 0.0008830963140846193 0.4898058774057907 0.1417548282369962 0 0.23378676254502612 0 
0.17205033556929653 0.23822753498239557 0 0.03731097715245286 0.131383714162694 0 0 0 0 0 0.23846533233281442 0 
0.37002604328538413 0.4094097994002007 0 0.04482496286130122 0.7105339642133975 0 0.37118458991936165 0 0 0.348517433390163 0.4122949602694709 0 
0.5017549029303758 0.11065256687037459 0 0.012779472678737261 0.5270608842597856 0.2305673893592876 0 0 0 0.42998633015544946 0.576709891197828 0 
0.29294602355628013 0.1507659559810623 0 0.04503999882263182 0.23316423138772144 0 0 0 0.12073302469078613 0.04811187548658198 0.176919034083219 0 
0.11948870636901507 0.49630095824795906 0.15637691113571653 0.3154584779531434 0.23715784213318594 0.1021447096125841 0 0.32789821458330715 0.4011628861516444 0.2733024821093572 0.4071173095540904 0 
0.4361954793595662 0.3681220694518246 0.18837415819379774 0.5050182718258966 0.7389921482990487 0.578447906232991 0.31870647360551224 0.38963570544064086 0.5207614623491698 0.3378209899575474 0.38261827087758016 0 

2.192389856374134 2.0526512887588235 2.141354275212034 2.0999557880023856 2.073816652676235 1.9576247370272688 1.597189938271943 1.5609684552247536 1.7069822923666662 1.7308476490018776 2.337049043553545 2.677205261045599 
1.1809206634205431 1.5151622412177705 1.6836868842677986 2.1040914696995783 1.9734109287178039 1.8058582136423191 1.864918616373666 1.6961509159135968 1.6697114115530582 1.6978263900892947 1.7964443249228133 1.9874263877466205 
1.8262447974208975 1.9327754559562558 2.3455174535362264 2.3930066280764866 1.6324706161531388 1.1281253016664432 1.6407012917446773 1.8120458617144115 1.5194165023443296 1.584807519954618 1.7106488546452259 2.0149217507483197 
1.7579829240964608 1.8132927081252608 1.7708314707598338 1.5817991082011786 1.4886651929638095 1.3092804069323873 1.5748586758606926 1.7435348686078755 1.8058921176622789 1.4077406712226943 1.6242063960350808 2.1017201858233103 
1.6245138392111529 1.6676709388341215 1.1744999474329356 1.2002232380290705 1.235717845762182 1.5272582908772063 1.5817480833928004 1.6457950129543983 1.7601940219026686 1.4819799573591395 1.6053916219172766 1.9433813572650573 
1.9795221224151232 1.7371975276491827 1.492263790494917 1.2613068896072062 1.1084267735150684 1.4293990930950422 1.4590454654174998 1.6168742762280892 1.6217054392235044 1.5777403561586019 1.7602795356335024 2.022446239136986 
1.7884485216025663 1.0535279399102149 1.2049794125145834 1.0811580324054606 0.474336174212632 1.2290056815149182 1.6719462666248586 1.4155275295685594 1.544160319981066 1.6308163020458308 1.7578961587263802 2.1965617525185186 
1.4386183552103535 0.9679509912318858 1.3284532832596467 1.4813853000071833 0.9475235719666233 1.0269455745142773 1.8087680229637166 1.8119865884654007 1.3111059714676518 1.2292422526615505 1.7073483047848137 2.325581847553368 
1.0966534081476393 0.6983921103276486 1.0714179833897448 1.7643390907327168 1.321963581126614 1.4352310297219688 1.691438651175402 1.400485874221181 1.4932366679750155 1.6766383577834882 1.6616345626451345 2.0549977081543487 
1.136193374867496 0.5603031103372342 0.9817310025708044 1.8065973990261155 1.3020688786594137 1.3354486489864306 1.5096571748364696 1.3836192846964166 1.2126056368557712 1.6026029136148923 1.9555111198260478 1.963278902024363 
0.8730560917651662 0.9271213674106911 1.1240047914872495 1.4768581976658002 1.3064962478927802 1.0924983777962707 1.1169240711382669 1.4364541633096666 1.1787492444235466 1.34422237513674 2.0945559955842787 1.9336585631467975 
1.8223421633775696 1.4312958762195929 1.4683976495570492 2.062675892089921 2.1308448061704293 1.87819737481638 1.9706226873583077 1.8780278800944736 1.8291008370906547 1.82799377119927 1.5257768295919174 1.577340191589756 

0 0 0 0 0 0 0 0 0 0 0 0 
0 0 0 0 0 0 0 0 0 0 0 0 
0 0 0 0 0 0 0 0 0 0 0 0 
0 0 0 0 0 0 0 0 0 0 0 0 
0 0 0 0 0 0 0 0 0 0 0 0 
0 0 0 0 0 0 0 0 0 0 0 0 
0 0 0 0 0 0 0 0 0 0 0 0 
0 0 0 0 0 0 0 0 0 0 0 0 
0 0 0 0 0 0 0 0 0 0 0 0 
0 0 0 0 0 0 0 0 0 0 0 0 
0 0 0 0 0 0 0 0 0 0 0 0 
0 0 0 0 0 0 0 0 0 0 0 0 

0.365869799212408 0 0 0 0.0035478536929132096 0 0 0 0 0 0.6264557034649334 0 
0.7120034840597773 0.18764192924040424 0.6212138117037626 0.7143449935855972 1.0245410107704496 0.4238737006140581 0.025544659144668348 0 0 0 0.5431374385563964 0 
0.28965764580472075 0.591164426820675 0.7728607052114204 0.5040570396726145 0.7697251714341988 0.24553136538565384 0.07332523033028412 0.7214232178432073 0.4309159048353663 0 0.6474754748397717 0 
0.4522473164054378 0.43675887437685385 0.5792440579455111 0 0 0 0 0.5209230831569893 0.3769221500979234 0.021082129639620875 0.2999123541105322 0 
0.5621060399148291 0 0.08512122116498233 0 0 0 0 0 0.1354313472269551 0.045851998176606706 0.17980144700684503 0 
0.6409825139472484 0.5145300326456232 0.23904260666423743 0 0 0 0 0 0 0.10287526504788785 0.42018437156272853 0 
0.5496463819012044 0.10721952728386797 0 0 0 0 0 0.17851186126018725 0 0 0.28491839057721924 0 
0.5587401732012394 0 0 0 0 0 0 0 0 0 0.0013269373127052994 0 
0.31734842349187986 0 0 0 0 0 0 0 0 0 0 0 
0.32990620691873984 0 0 0 0 0.05359653752833886 0 0 0 0 0 0 
0.3499213518637062 0 0 0 0 0 0 0 0 0 0 0 
0.6379586581655753 0 0 0 0 0 0 0.12623168216980074 0.33389168593416024 0.23107579501966205 0.07793155084289985 0 

0.7953123432297247 0.6810222206880032 0.714803238852666 0.7225333539950551 0.7334386654038033 0.4533602097743144 0.47006853359183626 0.2297879553589579 0.43717997652237606 0.5830812555175565 0.06970173968581245 0.9300826253044919 
0 0 0 0 0 0 0 0 0 0 0 1.1271393946431403 
0.5165616468140013 0.30010791342422594 0.02786216788905294 0.27634192236415317 0 0.1635021627621977 0.9257898370266759 0.11707379268131358 0 0 0 0.8468347356886982 
0.04326756110107527 0 0 0 0 0 0.5441301210085828 0.6002256661049993 0.13057481773829308 0 0 0.35288422563733035 
0 0 0 0 0 0 0 0 0.3764328927658539 0 0 0.6479526365292495 
0.15520333666164385 0 0.05430094004886433 0 0.4241398457289949 0.2838092267769986 0 0 0.462825424039852 0.5262051841128856 0.07534405070353092 0.8539154156576892 
0.01894810816218854 0 0 0 0 0.7456199376644732 0.0070191212050136325 0 0 0 0 0.45623730808547447 
0 0.5916034540517284 0.06540423579868236 0 0 0 0 0 0 0 0 0.8568444680190437 
0.22490670762906603 0.12475655546579296 0 0 0 0 0 0 0 0 0 0.8759794297007137 
0 0 0 0 0 0 0 0 0 0 0 0.2101506927149438 
0 0 0 0 0 0 0 0 0 0 0 0.10679115608910446 
0 0 0 0 0 0 0.24358342795457671 0.33173283689893074 0.2666346307204681 0 0 0 

0 0 0 0 0 0 0 0 0 0 0.8306292873441496 1.5328126064142145 
0.8413818614803326 1.1202673235575002 1.4412062795393419 1.7052714031070524 1.4931058011366944 1.194398420887357 0.9529668111710837 0 0 0 1.5698227294212328 1.871233920251907 
0.3096800822349148 0.36309095131078 0.671897809190987 0.9953806925502876 0.5807488673245536 0.5779157027368919 0.7377396166769384 1.0814755960691012 0.49857641045178047 0.1558518386272343 1.272195272579439 1.6311958388234935 
0.16684055357416655 0.17646012318297247 1.139428786252146 1.3195662364882594 0.07901185047277641 0 0 0.002201227853326543 0 0 0.6547489196554556 1.508295477465311 
0.240551607100848 0.25810560485621387 0.6122602557854014 0.6512789530381191 0 0 0 0 0.03434922193852871 0 1.2348041486701193 1.7191680929003792 
0.26284776353269257 0.11145425007146442 0.01599807770514109 0.2308197678240963 0.524453310715189 0 0 0 0 0 0.8094162605671652 1.2792467140903305 
0.3043220055353396 0 0 0 0 0 0 0 0 0 0.7357871982160901 1.4644159603388296 
0.28829581997512743 0 0 0 0 0 0 0 0 0 0.9311974416781549 1.6397273322933434 
0 0 0 0 0 0 0 0 0 0 0.17643866283754517 1.1095890150339924 
0 0 0 0 0 0.49566531890127613 0.3563753845015429 0.3006250267386562 0.2844142609216167 0 0.5717010252282722 0.9803935179593974 
0 0 0 0 0 0 0.3499818934324654 0.5820165853098175 0.22325932986872796 0 0.7791041154331005 0.9139711522020016 
0 0 0 0 0 0 0 0 0 0 0.5506041129659922 0.6877853741853932 

0.9301120553017792 0.826139959088193 0.8470685426226809 0.9287642007309352 0.9346095580465941 0.7210021021169136 0.5680069011120068 0.6044360005388344 0.5242776080964276 0.41069669168498785 0.644527351689572 0.11949500553186537 
0.0883500467233389 0 0.006255329057592768 0.06751929819651814 0 0 0 0.032435523843886024 0.27664896330408584 0.5818817195155771 0.541682106391395 0.06647982802636632 
0.889800255993985 0.6967248722372918 1.1256861605910837 0.8653118590616461 0.8431230790335362 1.2705823562498701 0.6289185358885999 0 0.5680458243063446 1.0825713426331223 0.4248189370557083 0 
0.7571559186608715 0.6699658432982953 0.4469044873423737 0.27764860211118625 1.5792576026626595 2.1622164921190588 0.6313511648303576 0 0.6644801248583087 0.45893896546038937 0 0 
0.8069529579093323 0.7270199386229286 0.06959458692081966 0.3836364630215223 0.537535544649991 0 0 0.0437761849625169 0.19645291041173057 0.2599791200858439 0.22122124412772093 0 
0.8487863623519496 1.1463994870264849 1.0195579232259362 1.2292323184401863 0.9918790496688873 0.08482646051242883 0.1951681118510743 1.0418317518189304 1.201236867109537 0.859267358743293 0.3634462509094545 0 
0.569845475800748 1.238344587810377 0.9956983482007253 0.7851939550953501 1.9884342021236052 0.7135322571494758 0 1.3334496318521099 0.44215686048076774 0 0 0 
1.1047726866928003 1.5871081728970267 0.4053630337839071 0 0.39856823059381113 0 0 0 0 0 0 0.30257833986283966 
1.7675648290516635 1.0254808570208644 0 0 0 0.3050090130349705 0 0 0 0.05618256730187317 0.29388267454870215 0.456097815445263 
1.0059172215283214 0.36937040060570464 0 0 0.15781854533908418 0 0 0 0.023371241143419666 0 0 0.102642472963719 
0.5144662677316026 0.41202800644508597 0.15420052212041638 0 0 0 0 0 0 0 0 0 
0.27344108796843214 0 0 0 0 0.4404419645371882 0.44304187181199506 0.5389177237700031 0.44378035510207986 0.17898372168778665 0 0 

0.24961991506727885 0.5358114003529185 0.498150764947953 0.3894200388437962 0.38818744398867583 0 0 0.3215600182374876 0.5495420912401222 0.4660792111608221 0 0 
0 0.1409926864041787 0.6008143055720186 0 0 0.5070250836533704 0.19249278377020113 0.17801297052673046 0.788110612182651 0.6183554858543157 0 0 
0 0.28395021690490235 0 0 0.6102062199167246 0.5144049722997014 0 0 0.7049425484549705 0.0646394887999477 0.6613871200605936 0 
0.21298947360266987 0.2888596165953062 0 0 1.0983867187700098 0.9950477834808276 0.9653788776184029 0.9717226083787218 0 0.18880283972931236 1.0508119390412527 0 
0.18977260942005741 0 0.4009625526518744 0.15865666539394593 0 0.7543641393374984 2.179517003420666 0.9817521072978186 0 0.23963492442750267 0 0 
0 0.6871636279801724 0.6572591643892841 0.7098287324000203 0.08478807346554243 0 0.8341661995853853 0.5119961726220891 0.27149102096410144 0.2869811152154843 0.39398397777623645 0 
0 0.4616472670801405 0.5099934635159763 2.1693854626682705 2.144550932017303 1.3310692935887956 1.8707995002432434 0.7192500370475211 0.5752050604035305 0.9568772979485224 0.8639380607527493 0 
0.5477124899641945 0.09472187772661131 0.5921997027326459 1.0781764859791139 1.2899767400136086 2.6939859991084547 1.0223854108526218 0 1.0609283342481313 1.2170873201432812 1.1498645303750594 0 
0.5998537376568458 0.6278836227180338 1.3670705205966656 0.9666146291517994 1.2768980125959613 1.3716738712449397 0 0.35499744750777723 1.0660990702782314 0.5195655344608335 0.8619465832078776 0 
0.31283715592161704 1.6763555016921396 2.057820636586752 1.063980532979428 0.040747700122624284 0 0.851896403227636 0.7038997085056253 0.5849276890340743 0.831758718678819 0.6464922787664875 0 
0.6312166480910393 1.5891242042871518 1.860879819354094 0.8924326047379786 1.0890975682324342 0.5377936244091875 0.32431869413767417 0.2765657776406656 0.08297612447765956 0.8223084294879127 0.5304414753841102 0 
0 0.34121753066712196 1.2263480350378737 1.6050830656692259 1.0207361123050314 0.17677561004992798 0.25603965748107405 0.2807515400003925 0.05364044766692022 0 0 0 

0 0 0 0 0 0 0 0 0 0 0 0 
0 0 0 0 0 0 0 0 0 0 0 0 
0 0 0 0 0 0 0 0 0 0 0 0 
0 0 0 0 0.19132672791728492 0 0 0 0 0 0 0 
0 0 0 0 0.5181589444195199 0 0 0 0 0 0 0 
0 0 0 0 0 0 0 0 0 0 0 0 
0 0 0 0 0 0 0 0 0 0 0 0 
0 0 0 0 0 0 0 0 0 0 0 0 
0 0 0 0 0 0 0 0 0.15426742992953804 0 0 0 
0 0 0 0 0 0 0 0 0.03341842741444201 0 0 0 
0.014895266912809985 0 0 0 0 0 0 0 0 0 0 0 
0 0 0 0 0 0 0 0 0 0 0 0 

0.29356209314006326 0.47185215934323965 0.43852889518509836 0.3707539390646464 0.3856954354293296 0.1232222061726043 0.05423664448290935 0.4568702952642513 0.6808732331917691 0.4632219752701277 0 0 
0.49700433540613304 0.8188774113643316 0.5061856663686447 0.4360985621495432 0.7613947103067237 0.9092562721566447 0.09783575689214209 0.013756068999602696 0.2016660437195657 0.5552611753807224 0 0 
0.33185612932829966 0.14270736947386153 0 0 0.1353370214016095 0.7310118883453846 0.5901201283217781 0 0.4228027918983882 0.4392280988181496 0 0 
0.10193364105545072 0.08181833758913312 0 0 0 0.04794784059158136 0.30942450028868645 0.19041402989971348 0.10466536647262384 0 0 0 
0.15640834436606973 0 0 0 0 0 0.1162716916324923 0.07267576492326173 0.013955949616292282 0.07519890166934222 0 0 
0 0 0 0 0 0 0 0.08694265677315192 0.3908003008836221 0.26267999904644923 0 0 
0 0 0.13792554981047828 0.5299047027154399 0.10931119025998974 0 0.2691529951608653 0.18251381001931424 0.5273293963372708 0.3512629685467155 0 0 
0.01684462790777454 0 0 0 0 0 0.030068749903782162 0 0.1390074864611439 0.6175589699188107 0 0 
0.3578634985932309 0.028744536351478382 0.015365288125418191 0 0 0 0 0 0.4294927001382921 0.8089643094264369 0.07997731884821585 0 
0 0.053673756349151475 0.18653890340433074 0.5786155122172726 0.31851349328118234 0 0 0.12942035998656096 0.5012386176674359 0.8539487449601144 0 0 
0 0.36623262170849225 0.6607291111998526 0.8430010263387975 0.336421118191552 0.12210260889316601 0.496852450745802 0.6983984099860991 0.740802969886794 0.9116985783607824 0 0 
0 0 0 0.07895467614631035 0.09644586169518307 0 0.11444469499615387 0.3483579598050894 0.32702146923165315 0.3084242526591036 0 0 

0 0 0 0 0 0 0 0 0 0 0 0 
0 0 0 0 0 0 0 0 0 0 0 0 
0 0 0 0 0 0 0 0 0 0 0 0 
0 0 0 0 0 0 0 0 0 0 0 0 
0 0 0 0 0 0.1356703157769161 0.7312274387024785 0 0 0 0 0 
0 0 0 0 0 0 0.5525796520796625 0 0 0 0 0 
0 0.03413574470598468 0 0 0 0 0 0 0 0 0 0 
0 0 0 0.22536245104438804 0.8435412224680617 0.5008151435589799 0 0 0.6001135142491083 0.0036252065751719575 0 0 
0 0 0 0 0 0.0047397117355297835 0 0 0.17968520593931503 0.09250844436933187 0 0 
0 0 0 0 0 0 0 0 0 0 0 0 
0 0.04873785145333165 0 0 0 0 0 0 0 0 0 0 
0 0 0 0 0 0 0 0 0 0 0 0 

0 0 0 0 0 0 0.06711254238879705 0 0 0 0.2890863999840876 0 
0 0 0 0 0 0 0.24231089068489967 0.2878231604582918 0.07094145330356129 0 1.4251595637855508 0 
0 0 0.27687582611214473 0 0 0 0 0 0.49661853891243707 0 0.8055128846277297 0 
0.03158598896402174 0.11280578867824312 0.956240911309783 0 0.7745234872343327 0 0 0 0.4405707532315082 0.06112944026635658 1.1411058281421458 0 
0.47554454019264114 0.451094587564409 1.0398744891657488 0.320957154026147 0.9005819390962259 0.43076738841996526 0 0 0.11220512275806725 0.04409678952781122 1.2364666875177808 0 
0.4637524862827636 0.4980794243494543 0.48624811702973614 0.38795713784584795 0.37169734156269413 0 0 0.18641656848993574 0 0 0.4585414971441445 0 
0.6607009347839861 0.6535296537812344 0 0 0 0 0 0.004477101836896438 0 0 0.47092273276395047 0 
1.0799351708527174 0.7663814789335026 0 0.32084811162993165 0.5270746672452168 0 0 0 0 0 0.7618780346703777 0 
0.9899044733747515 0 0 0 0.6252577024911351 0.3513847934933586 0 0 0 0 0.9714114350288261 0 
0.9402296025487332 0 0 0 0 0 0 0 0 0 1.4088860875086118 0 
1.0285275052441534 0.011131850823193554 0 0 0 0 0 0 0 0 1.2709071230317013 0 
0.8240402469921765 0.4165353264104056 0 0 0.29510504654611364 0.1419294558940395 0 0 0 0.017879530490025324 1.7632455672435063 0 

0 0 0 0 0 0 0 0 0 0 0.9165685507637814 0.2442968003145796 
0 0 0 0 0 0 0 0 0 0 0.7772800559570621 0 
0 0 0 0 0 0 0 0 0 0 0.39882613154009616 0 
0 0 0 0 0 0 0 0 0 0 0.3101975017841252 0 
0 0 0 0 0 0 0 0 0 0 0.397660984297498 0 
0 0 0 0 0 0 0 0 0 0 0.2208539983528537 0 
0 0 0 0 0 0 0 0 0 0 0.1598710531951468 0 
0 0 0 0 0 0 0 0 0 0 0.3873392137029859 0 
0 0 0 0 0 0 0 0 0 0 0.5243757450179403 0 
0 0 0 0 0 0 0 0 0 0 0.1555004213626208 0 
0 0 0 0 0 0 0 0 0 0 0.08722982709285196 0 
0 0 0 0 0 0 0 0 0 0 0 0 

0 0 0 0 0 0 0 0 0 0 0 0 
0 0 0 0 0 0 0 0 0 0 0 0 
0 0 0 0 0 0 0 0 0 0 0.2228658715281106 0 
0 0 0 0 0 0 0.8464620476940179 0.2518883195429904 0 0 0.5689330883365196 0 
0 0 0 0 0 0.4941837529266561 1.1569069414517241 0.0829024891260284 0 0 0 0 
0 0 0 0 0.2670178682704111 0.5038307046381398 0.22306425399195576 0 0 0 0 0 
0 0 0 0.11116646209361315 0.743950827036185 1.2685545001221727 0.4524331379880422 0 0.08253518610457922 0.538222928100815 0.20866235011951595 0 
0 0 0.26503110089802107 0.522931806060441 1.2276549340386684 1.9242889826930054 0.232512208609449 0 0.04282963226326325 0 0 0 
0 0.5641616700268479 1.0835607798545124 0.3344195416915591 1.3000259070173081 0.8382935382237731 0.06610016645034356 0.2536778944917768 0 0 0 0 
0 1.1419463515872879 0.9675633378055316 0.23215664442913145 0.23941301636123977 0.24553179277164985 0.5067163441425808 0 0 0 0 0 
0 0.434446284554725 0.8840973977306892 0 0 0 0 0 0 0 0 0 
0 0.8148271928569987 1.0246958902477485 0.5491750921103159 0.2515562365600965 0 0 0 0 0 0 0 

0 0 0 0 0 0 0 0 0 0 0 0 
0 0 0 0 0 0 0 0 0 0 0 0 
0 0 0 0 0 0 0 0 0 0 0 0 
0 0 0 0 0 0 0 0 0 0 0 0 
0 0 0 0 0 0 0 0 0 0 0 0 
0 0 0 0 0 0 0 0 0 0 0 0 
0 0 0 0 0 0 0 0 0 0 0 0 
0 0 0 0 0 0 0 0 0 0 0 0 
0 0 0 0 0 0 0 0 0 0 0 0 
0 0 0 0 0 0 0 0 0 0 0 0 
0 0 0 0 0 0 0 0 0 0 0 0 
0 0 0 0 0 0 0 0 0 0 0 0 

0 0 0 0 0 0 0 0 0 0 0 0.19660218020437123 
0 0 0 0 0 0 0 0 0 0 0 0 
0 0 0 0.04871194291412831 0 0 0 0 0 0 0 0 
0 0 0 0 0 0 0 0 0 0 0.1166141807327054 0 
0 0 0 0 0 0.5620208692621247 0.19178715986546224 0 0 0 0 0 
0 0 0 0 0 0 0 0 0 0 0 0 
0 0 0 0 0 0 0 0 0 0 0 0 
0 0 0 0 0.39338814901129177 0.3742195760652203 0 0.26196541639331766 0.19019687751601508 0 0 0 
0 0 0 0 0 0.1947606066063302 0 0 0 0 0 0 
0 0 0 0 0 0 0 0 0 0 0 0 
0 0 0 0 0 0 0 0 0 0 0 0 
0 0 0.06024963879536084 0 0 0 0 0 0 0 0 0 

0.21738671183919947 0.6086427138661487 0.6338066515245346 0.6225572243710042 0.6102194989837368 0.36630255263270534 0.18432508702802713 0.5433296624164382 0.5890729000028647 0.4738408302760638 0 0.753106060642516 
0 0.20436325679175976 0.20490284268503675 0.5129188022168364 0.5427453145470763 0 0 0.027224952903913475 0.5867696012429996 0.693006614469154 0 0 
0.42351360545894623 0.5102819067756231 0.36526744393592736 0.6900378867275676 1.160379145605966 1.2847416323940768 0.7400700345220594 0.21670308202618344 0.6791199988451543 0.6881574444380963 0 0 
0.4454381436317064 0.5805163976781462 0 0 0.8520331699181968 1.226545761007419 1.113000248686184 0.5667483024310772 0.3060109956368955 0.21123921007550112 0 0 
0.5808102716364916 0.22471581639770838 0 0 0 0 0.9969562710425394 0.7222907375037767 0.4139419932249193 0.497450534221214 0 0 
0.4391169071443432 0.539112770800865 0.5086438894431771 1.0373373636683187 0.7134833733870887 0.40015255000449995 1.0971401000790708 0.965621560446218 0.9633801982275952 0.6694103559525636 0 0 
0.24054228428408217 0.5757462922282639 0.4276531400882109 1.3178735347894115 0.9830786700693449 0.40733231249326596 1.0190223054829777 0.7262691869081183 0.7890962120920244 0.5480918386263754 0 0.04361795765451902 
0.47898477913956417 0.28807678340552534 0.2573801316584398 1.0167211702924055 0.4399888608225623 0.3286739684542905 0.8404109492021372 0.10625168655956006 0.3534044624471198 0.4392100151119623 0 0.37456818653640456 
0.5301473774458096 0.32608109461283696 0.08613469504206328 0.41047343263765546 0.5812206127966376 0.21094230413780757 0.06150214784306719 0 0.267102839879804 0.4252131244285826 0 0.2980584613291742 
0.28282965632537294 0.44125924085384943 0.5091412025002384 0.9805056447299724 0.7416530223898636 0 0 0 0.04549431120041846 0.04865226010718009 0 0.334462914416084 
0 0.6378499071183089 0.9167464646554723 0.6519298659646374 0.014540718972892136 0 0.0004941419921630219 0 0.11699256438004156 0.026528184348734378 0 0.17827668284394696 
0 0.17761729943198637 0.10760827751641612 0.34767895892440354 0.3222450505392609 0.15041102752009303 0.45155579775767346 0.4933076498543029 0.33398795196375836 0.3001342106102967 0 0 

0 0 0 0 0 0 0 0 0 0 0 0 
0 0 0 0 0 0 0 0 0 0 0 0 
0 0 0 0 0 0 0 0 0 0 0 0 
0 0 0 0 0 0 0 0 0 0 0 0 
0 0 0 0 0 0 0 0 0 0 0 0 
0 0 0 0 0 0 0 0 0 0 0 0 
0 0 0 0 0 0 0 0 0 0 0 0 
0 0 0 0 0 0 0 0 0 0 0 0 
0 0 0 0 0 0 0 0 0 0 0 0 
0 0 0 0 0 0 0 0 0 0 0 0 
0 0 0 0 0 0 0 0 0 0 0 0 
0 0 0 0 0 0 0 0 0 0 0 0 

0.7119798117661603 0.5762037740229295 0.6294331079370102 0.7517401717284126 0.709787835578505 0.6079433714673949 0.3536458585609985 0 0.05998271324045511 0.2130355035024173 0 0.07051725826713674 
0.4680720309563876 0.6727977845163657 0.3277501049744472 0.6005812055985985 0.43712162234879576 0.5441525583722115 0.5445684799641253 0.3168038496662272 0.39423283310399687 0.9075754090467362 0 0 
0.7096946219091007 0.39120917853436243 0 0.22831665013467622 0.3126782317228177 0.31351204310691927 0.06682198022443059 0.3769849032216289 0.6070940580542882 0.9085509508383479 0 0.2278131726545973 
0.6155868810409616 0.4598609421187788 0 0 0 0.7737081223068699 0.5531290689989962 0.17788333439500809 0.35969815067245786 0.3687290435386829 0 0.21484399240465096 
0.5036058088084522 0.6072820162368623 0 0 0 0.0436893338631955 0.09902292188989187 0.2990416817619409 0.3588192667264398 0.2880755909258138 0 0 
0.45358982752254057 0.7303194573815355 0.5240153297385597 0.2070118403246498 0.7189632665072179 0.30141888676328105 0 0.689131841371935 0.5712779924886595 0.41251488270570014 0 0.09427756958426815 
0.3869298265472386 0.4962310297545944 0.5133735090739984 0 0.827275040215192 0.6202338317349654 0 0.4948881360150533 0.018098018994878007 0 0 0.30884425416454914 
0.7996767774477233 0.658442924890619 0.03123648012457239 0 0.02219428556626224 0.18758367727217065 0 0 0 0 0 0.2089872675600315 
0.9129178143104363 0.3079730657202634 0.23764566039389207 0 0 0.24060265722006088 0 0 0 0.06502597439290345 0 0.2389254459782026 
0.62955155180631 0.5068393639208926 0.6422975716530703 0 0 0 0 0.01548673426426514 0.2334867249715062 0.6246219017682407 0 0.26518895651824104 
0.521087122020054 0.3169653414148619 0 0.3211701197049963 0 0 0 0 0 0.07203278195875101 0 0.1999654394602291 
0.375049888556674 0.2855639703902512 0.45433776360000205 0.8596360086524093 0.501096778313178 0.426580216487774 0.43074545361474015 0.3195138254763387 0.5174260788245143 0.5546513520598563 0 0.4734836938266009 

0.6798589814600314 0 0 0 0 0 0 0.06766536484724274 0 0 0.4459432731471452 1.2600359572582518 
0.7992338297862109 0 0 0.05639233693360015 0 0 0.1556363233376671 0.06512615848551281 0 0 0.15697138554340304 1.070049294801837 
0.36106396331115415 0.22632792533128682 0.506041552121052 0.7763898806142921 0.1915219447674325 0 0 0.09374725926114742 0.2932234535595105 0.18334488085664596 0 0.6334303827843548 
0.37573413006875817 0.2074558085475053 0.6195102259622677 0.6848977368831467 1.2799183149710998 0 0 0 0.8102887119288712 0.2897622518160744 0.33022117039945 0.9092007978052667 
0.5184283590899104 0.5230556509568259 0.23383401773500012 0.9442930317419403 1.8514495264046589 0.06866331171166103 0 0 0.22325149732372443 0.10281954655035111 0.7116854235648532 1.236612932656544 
0.6507709958499102 0.4840343380445933 0 0 0.35292177126041124 0 0 0.3224732378192583 0 0 0.05568030021846687 0.8107725015830979 
0.7000651637641013 1.1327594016883515 0.0017818588140320057 0 0 0 0 0.37834228558710514 0 0 0.049315907692944846 0.8216773703444198 
0.7737700421358136 0.8700097434276675 0 0 0.31474897634352506 0 0 0.5920579446675467 0 0 0.3088029836516193 0.9317317761672272 
0.9761048726088549 0.3158749693456555 0 0 0.16860358978156711 0.3212387845619553 0 0 0 0 0 0.3968666424176081 
1.0776568607369228 0 0 0 0.04593694499401157 0.796463437032831 0 0 0.4671647568224998 0 0 0 
0.996944851601072 0 0 0 0 0.13298125083432286 0.3743369717164642 0.4615901191669681 0.8118308752664074 0.10571617562712668 0 0.027825163064144676 
1.2388920457114208 0.21110431981460048 0 0 0 0 0 0.056061201293748114 0.2093551921218197 0.010826851812074115 0.0552097755552342 0.09727942214611912 

0 0 0 0 0 0 0 0 0 0 0 0.1030817558079775 
0 0 0 0.1962063108295673 0.27285981577984714 0 0.03129686168870997 0 0 0 0.037985356932987255 0.3567604904443432 
0 0 0 0.1526961484257064 0.29839946388664834 0.2600647329338366 0.25540118381625293 0 0 0.19435225816023624 0.09907484533335383 0.24642648010022855 
0 0 0.11116820050824464 0.4246421224506118 0.6722877798066691 0 0 0 0.01925340232513044 0.04502670924836971 0.21093998593060395 0.23540839647418832 
0 0.17386655085883396 0.1841648900084446 0.7169000817888368 1.3285560693573009 0.9145989336835274 0.46360728227323766 0.03456144489756732 0.34515710550493206 0.2533444682323621 0.5159766491427092 0.2707987474818644 
0 0.16620197565527314 0.21211588481954197 0.7587939797908958 1.3767699510963314 1.0100285492498369 0.654237361971866 0.23290128583603315 0.15040154393757277 0 0 0 
0 0.7390242448047258 0.5027326358129288 1.3460545490546174 1.399924382092108 0.15229085437460704 0.8818160866608749 0.7774001896463096 0.9598999864053781 0.5032143419440419 0 0 
0.019754036996771446 1.357387212954917 0.9567369050496435 1.7823903421679357 2.2393994911270068 0.490650621330951 1.7080917461566947 1.4936885180635397 0.9602708512568416 0.5809474157436829 0.5011954490354223 0.39857497121219576 
0.5413465004248162 1.4022656572351622 0.7666438971569317 1.257247985204795 1.895039398534879 0.8720357112294517 1.2777106362438042 1.000877662473522 0.6699389036446182 0 0.2958948245654881 0.21409757116893113 
0.8656048594481534 1.2615563072349827 0.8994983402220503 0.8019969761844743 0.7677652117176341 0.6374204918647955 0.228023205171471 0 0.001144683041210376 0 0.3434948967111794 0.33939879697690645 
0.8206857223358623 1.6823913045493768 1.205604235498031 0.5384148070211565 0.6173335810388096 1.071585334032011 0.8107212177047074 0.4624984249211267 0.4530792027874521 0 0.7080950721295851 0.2142693853782494 
0.10798198260000069 0.3256786383159817 0.06257932320804807 0 0 0 0 0 0 0 0 0 

0 0 0 0 0 0 0 0 0 0 0 0.07753222093463602 
0 0 0 0 0 0 0 0 0 0 0 0.2795773583715344 
0 0 0 0.053286162993156715 0 0 0.25742644861537906 0 0 0 0 0.24216120156510362 
0 0 0 0 0 0 1.0777129447668021 0.4938588342140031 0 0 0 0 
0 0 0 0 0 0 0 0 0 0 0 0 
0 0 0 0 0 0 0 0 0 0 0 0 
0 0 0 0 0 0 0.7489085030915336 0 0 0 0 0 
0 0 0 0 0 0 0 0 0 0 0 0 
0 0 0 0 0 0 0 0 0 0 0 0.20488591813287518 
0 0 0 0 0 0 0 0 0 0 0 0.12421742339633912 
0 0 0 0 0 0 0 0 0 0 0 0 
0 0 0 0 0 0 0 0 0 0 0 0 

0.11937368350115996 0.05935265029318033 0.04774841632914501 0.09552223645619617 0.10494584355935022 0.09126517201292489 0 0 0 0 0 0 
0.4648278312940539 0.2532130234021262 0.33891047284208775 0.3387377730550957 0 0 0 0.3003269089585898 0.24410299583698875 0.0959271533269331 0 0 
0.1460746560363395 0.015997875948876684 0.14518267378391464 0 0 0 0 0 0.33052525247919634 0.09631258203739529 0 0 
0.11766791088672106 0.1243680108553596 0 0 0 0.0647078882044185 0 0 0.40872656359460385 0.023524008943121948 0 0 
0.26093093990724986 0.15687270804972095 0 0 0.13543058302191874 0 0 0 0 0 0 0 
0.3215637944571304 0.018795958825501523 0 0 0 0 0 0.14480688262650968 0 0 0 0 
0.2412356122789514 0.06994019256029725 0 0 0 0 0 0.3859889566620506 0 0 0 0 
0.2955951929170514 0 0 0 0 0 0 0 0 0 0 0 
0.5402487453762429 0 0 0 0 0 0 0 0 0 0.08341747041713897 0 
0.4859811792528953 0 0 0 0 0 0 0 0 0.3406253125964018 0.1824134685857694 0 
0.5862894291321399 0 0 0 0 0 0 0 0.18837623057086156 0.36254820443520375 0.013787313840349955 0 
0.4458712313059342 0.007027881615186499 0 0 0 0 0 0 0.19537561361793052 0.35637887195303614 0.004706095939106467 0 

0.16221367208163584 0.11237156908269602 0.12421483964306212 0.139877646754945 0.0704759794094257 0.06305976236739792 0 0 0 0 0 0 
0 0 0 0 0 0 0 0 0 0 0 0 
0 0 0 0 0 0 0 0 0 0 0 0 
0 0 0 0 0 0 0 0 0 0 0 0 
0 0 0 0 0 0 0 0 0 0 0 0 
0 0 0 0 0 0 0 0 0 0 0 0 
0 0 0 0 0 0 0 0 0 0 0 0 
0 0 0 0 0 0 0 0 0 0 0 0 
0 0 0 0 0 0 0 0 0.2995299349717869 0.16082725453979185 0 0 
0 0 0 0 0 0 0 0 0 0.034948677989995514 0 0 
0 0 0 0 0 0 0 0 0 0 0 0 
0 0 0 0.05604521570972082 0.21163761494460342 0 0 0 0 0 0 0 

0 0 0 0 0 0 0 0 0 0 0 0 
0 0 0 0 0 0 0 0 0 0 0 0 
0 0 0 0 0 0 0 0 0 0 0 0 
0 0 0 0 0 0 0 0 0 0 0 0 
0 0 0 0 0 0 0 0 0 0 0 0 
0 0 0 0 0 0 0 0 0 0 0 0 
0 0 0 0 0 0 0 0 0 0 0 0 
0 0 0 0 0 0 0 0 0 0 0 0 
0 0 0 0 0 0 0 0 0 0 0 0 
0 0 0 0 0 0 0 0 0 0 0 0 
0 0 0 0 0 0 0 0 0 0 0 0 
0 0 0 0 0 0 0 0 0 0 0 0 

0 0 0 0 0 0 0 0 0 0 0 0 
0 0 0 0 0 0 0 0 0 0 0 0 
0 0 0 0 0 0 0 0 0 0 0 0 
0 0 0 0 0 0 0 0 0 0 0 0 
0 0 0 0 0 0 0 0 0 0 0 0 
0 0 0 0 0 0 0 0 0 0 0 0 
0 0 0 0 0 0 0 0 0 0 0 0 
0 0 0 0 0 0 0 0 0 0 0 0 
0 0 0 0 0 0 0 0 0 0 0 0 
0 0 0 0 0 0 0 0 0 0 0 0 
0 0 0 0 0 0 0 0 0 0 0 0 
0 0 0 0 0 0 0 0 0 0 0 0 

