0 0 0 0 0.17420566723687114 0.8540309982979364 
0 0 0 0.7090456228940605 0.9036619689276761 1.5604473685855087 
0 0 0 0.050858159194298425 0.6988464627442469 1.5458084597762622 
0.16854845942410546 0 0 0 0.1786547667838429 0.9537667284089493 
0.22198382909823366 0 0 0.008325023402570794 0 0.4373047963981046 
0.6625233085544509 0 0.2529184335708338 0.6613660463773362 0.6967085915163473 1.033282539366404 

0 0 0 0 0 0 
0 0 0 0 0 0 
0 0 0 0 0 0 
0 0 0 0 0 0 
0 0 0 0 0 0 
0 0 0 0 0 0 

0 2.045421979143213 2.103278279068373 1.700261233849189 1.792733858223448 1.8523920709873085 
0 1.6758037672255495 2.5632640233336432 1.88990101932391 2.007809862550093 2.0040318350591098 
0 1.4667203068319021 2.21110554758085 1.7036915065368359 1.9702061074612613 1.8597107339523327 
0 0.7950612699659739 1.1580825695949808 1.473391957179094 1.7601246688436452 1.8550269224757232 
0 0.8026012407235887 0.6820873689388107 1.1602287762170482 1.3752865455883747 1.8255192259589748 
0 0 0 0.3382021955919554 0.38293103581537996 1.1492399829729378 

0.15829410210793599 0 0 0 0.043760363753325524 0 
0 0 0 0 0 0 
0 0 0 0 0 0 
0 0 0 0 0.17534756300686088 0.11109108261509963 
0.07918832750184807 0.008961565121416382 0.05524203098730834 0.00554000424982511 0.0961470278803294 0 
0 0 0 0 0 0 

0 0 0 0 0.1913411953560576 0 
0 0 0 0 0.01439555573615392 0 
0 0 0 0 0.027836548616659795 0 
0 0 0 0 0 0 
0.222757728661521 0 0 0 0 0 
0 0 0 0 0 0 

0 0 0 0 0 0.4400165583979879 
0 0 0 0 0 0.05699165635981379 
0 0 0 0 0 0 
0 0 0 0 0 0 
0 0 0 0 0 0.3259963547793708 
0.11855039291953692 0 0 0 0 0.1686725335096425 

0 0 0 0 0 0 
0 0 0 0 0 0 
0 0 0 0 0 0 
0 0 0 0 0 0 
0 0 0 0 0 0 
0 0 0 0 0 0 

1.2771920545673436 1.9524005942491003 1.5206658609876729 1.2184534848006479 1.330312778775828 0.8184535307930967 
1.708550441707802 1.9193677488555667 1.8979300530805165 1.6790684717346533 1.886806579031043 0.9543072253747688 
2.04138033602134 2.0594270488273474 1.593052419118368 1.0803057022819988 1.4460464231615235 0.9173778576395176 
1.3897435975321617 1.7721809379020401 1.6185143599717773 1.4149647425637348 1.6961621248365186 1.2344261770552465 
1.2630246936265532 2.030604198067184 1.9202287343917606 1.733709828632169 1.8313668538525092 1.089735140490868 
1.5814389296215565 1.328584056941258 1.3360853620075939 1.3044626045068899 1.4226919737742278 1.0306739343814038 

0 1.028885008668164 2.0920647739901996 1.66123044178361 1.921748122589535 2.225888845639418 
0 0 0.40016766362102685 1.1186760636160344 1.8572379663743537 1.7015882238257876 
0 0 0.16283098515172253 0.6809822085094692 1.839447128434709 1.7049267146976879 
0 0 0 0.31573313108728424 1.2784580159922219 1.6031086365216143 
0 0.11038956433594597 0.01881058081890084 0.5092959174299236 0.9271141808287632 1.1748444783737753 
0.3472973548587319 0.19269075130203211 0.18324632233987212 0.6025211765523003 0.6747868348796024 0.7145015395149883 

1.208788098594255 0.5535753378771359 1.2845625595528765 1.4941561208734584 1.2829166634061935 0.9492892238894568 
2.006945637129878 1.7157935058354512 2.331716357657089 2.0970194919403093 1.7537053929767146 1.3841766266649231 
2.1372304901271106 2.1511769451009393 2.3512894177446046 1.7072087898266108 1.6749633044840797 1.3303159054461733 
2.0101729188124464 2.482033688652973 2.575241288903768 1.6911594675836783 1.7103327709855896 1.0067201800159395 
1.6430158325020179 2.0042532954244114 2.1772958436792025 1.81248416342013 1.684479476885938 0.9061103103186098 
2.028486366687666 2.976206708374595 2.7051445672438286 2.7672535795541466 2.6083545687247787 1.710893618941585 

0 0 0.2077795535549523 1.2362348553677855 1.6686568999482332 1.2952756476616092 
0 0 0.059374244125888924 0.6960710008559833 1.3165482914916529 0.7167742568001194 
0.22755473044353003 0 0.3605557831404315 0.5191699981450553 1.0794512603816857 0.45505115478774016 
0.6320284865392188 0 0 0 0.26372552877056094 0.23060263732449013 
0.7588285872827544 0 0 0.3162820790988548 0.7466961733289564 0.6785410043113854 
0.9395106010882419 0.5106211866667983 0.6665676667989902 0.8196102533506613 1.0464229331973565 1.1972258139525147 

0.34367312284609297 0 0.14306583554528382 0.5069691926335513 0.8370699398260436 0.6298865194452663 
1.0611314823368152 0 1.0237339039202262 1.525093088318455 1.5818117333824595 0.6465251841349265 
1.5970546791502258 0.6231771150873746 1.1937898942470686 1.3965622181255464 1.4308297149454539 0.5049368828969829 
1.78091899632665 0.8769579940040952 1.0595214977320206 0.9918631848916251 1.1700956961462134 0.5645749839925571 
1.96304952412326 1.3584502928434252 1.4248966319423007 0.8436014707259692 0.6114768928116322 0.025040314311253677 
1.1177040552203443 0.10997577538157452 0 0 0.07756781038009068 0 

3.276613999930282 2.638705093800889 2.8701392631699063 2.899994962415033 2.8270374866195147 2.55058089909645 
3.975485694921063 3.047726020298988 3.251621921132732 3.259108633021557 2.9579974347890503 2.297223776865062 
3.6720329813485497 2.7694964045873736 3.5460903999646947 3.560241867187408 3.2490757277244744 2.394440314110001 
3.8065106267972064 3.284818749919837 3.5084078048727183 3.164166286959227 3.0369833755835014 2.297611531634427 
3.807597949896731 3.4193426386003365 3.323983062775156 2.957592731168667 2.815477028695026 2.193857533432926 
2.876645338125245 2.6461250096062265 2.4096016334986157 2.2387134420016657 2.1290296068005743 1.7705895778478125 

0 0.22872140235533472 0 0 0 0.33383914668256043 
0 0.018599889462158292 0 0 0 0.4427820768889693 
0 0.13077254982954778 0 0 0 0.22198311784233207 
0 0 0 0 0 0.28116092405603477 
0 0 0 0 0 0.5846128139742252 
0 0 0 0 0 0.09786366226455093 

0 0 0 0 0 0.018938051541581853 
0 0 0 0 0 0.004401611038350628 
0 0 0 0 0 0 
0 0 0 0 0 0.06833714361980497 
0 0 0 0 0 0.3324455527010376 
0.3852168680848512 0.1002633972102788 0.20392520068561065 0.24103459476223754 0.2865848982940878 0.48078411095879753 

0 0 0 0 0 0 
0 0 0 0 0 0 
0 0 0 0 0 0 
0 0 0 0 0 0 
0 0 0 0 0 0 
0 0 0 0 0 0 

4.760751074098919 4.945949603518019 3.7057376470794576 3.387370200654124 3.22449678750406 2.577339739400881 
3.758429160852513 5.583478301472008 5.108559095680319 4.082207299351652 3.3935698215728674 3.322233737508021 
4.161937855811938 6.0829229144035475 5.578624461443148 4.171157665478901 3.500822431270716 3.2132249499148773 
3.7499285488227465 5.775697609569811 5.535478150842646 4.907475379820591 4.169459499973717 3.1491599108761714 
3.4713794079700935 4.742768740975039 4.937205337218784 5.006649426407426 4.5467913401280065 3.6602581407869645 
3.7420071028724 4.241795113583275 3.7696946421701436 3.7626460748186035 3.530633541163848 3.588034223683315 

0 0 0.5457121123634645 0.7361295628569537 0.6759492274607277 0.3051265996370062 
0 0 0.04844901952031746 0 0.3382700311191311 0 
0 0 0.3453767925038014 0 0.3756208703636692 0 
0 0 0 0.018460301788068647 0.18183950109118627 0 
0 0.20299307390151422 0 0.22540493330817096 0.41540043026980233 0 
0.3779175759739184 1.3603822344810244 0.8975797156339921 0.7749681005461739 0.5855376971787475 0.10713797131544667 

0 0 0 0 0 0 
0 0 0 0 0 0 
0 0 0 0 0 0 
0 0 0 0 0 0 
0 0 0 0 0 0 
0 0 0 0 0 0 

0 0 0 0 0 0.430394562650596 
0 0 0 0 0 0.06117134178403286 
0 0 0 0 0 0 
0 0 0 0 0 0 
0 0 0 0 0 0.04644622405946201 
1.1169343901038813 0.7417858608558878 0.8066040473650974 0.9206113084251607 0.8121601615421828 0.4101364645557629 

