0 0 0 0 0 0.434547722249252 
0.6713303678982473 0.22335275367305552 0 0 0 1.1708893447994586 
0.9450825845173659 0.6630081491928371 0.42154100068964884 0 0 1.1911964415709029 
0.8893118814434013 0.4782834418168717 0.717006211383273 0.49126994453268846 0.5952101089194319 1.2541678335651645 
1.0868201389966565 0.8418282573020641 0.8552882453501216 0.7409752597753234 1.176442791236959 1.8295655209798083 
1.394100269448383 1.371561502909016 1.4872415110243025 1.3366288606095955 1.6408938909669641 1.477606129134724 

0 0 0 0 0 0 
0 0 0 0 0 0 
0 0 0 0 0 0 
0 0 0 0 0 0 
0 0 0 0 0 0 
0 0 0 0 0 0 

1.0980005984705654 2.3514174876296314 1.3383216533687001 1.5482967317636747 2.0242734582346906 2.6071330956609255 
0 1.9655419442086322 0.6429266551862701 0.8667427554812418 1.8233461419739994 3.49621382274656 
0 1.7722565398951629 1.40927119975798 1.5008571413353096 1.3689348752899098 3.365393784653439 
0 1.8950951649997965 1.650914297286193 1.6301849282442706 1.2675212224328012 2.7842301613871387 
0.32085826187402344 2.3349319145803067 1.8883256991530555 1.7427401148586241 1.124194886380415 2.1385365193976345 
0 1.275314528735941 0.5129412060156724 0.4154527772228132 0.686436616151892 1.4311086252054124 

0.19936068203690346 0 0.0032402607821468976 0.13027517727397891 0 0 
0 0.22775552848408587 0.236254749086575 0 0 0 
0 0.2895613504835573 0.2628919268505036 0.22510032774066863 0 0.0005716601164268281 
0.048176429596539234 0 0 0 0 0 
0.15748845218637386 0 0 0 0 0 
0 0 0 0 0 0 

0 0.43823381865193944 0 0 0.12798488625217241 0.037119069317406994 
0 0 0 0.1001710318918129 0 0 
0.0559544394352183 0 0 0.19151118206153125 0.1412910589428281 0 
0.07918330839496884 0 0 0.16365938214690773 0 0 
0.37035244957582614 0.06715974828380128 0 0.330345252452688 0 0 
0 0 0 0 0 0 

0 0 0 0 0 0.24260197390528498 
0 0 0 0 0 0 
0 0 0 0 0 0.03353961754292149 
0 0 0 0 0 0 
0 0 0 0 0 0.05836789930377154 
0 0 0 0 0 0.2075075576752334 

0 0 0 0 0 0 
0 0 0 0 0 0 
0 0 0 0 0 0 
0 0 0 0 0 0 
0 0 0 0 0 0 
0 0 0 0 0 0 

1.028363766234413 1.0622067427788084 1.484446122798314 1.9218648638917621 1.3344528663686188 0.544326335326174 
1.095004400089923 1.3805051392006715 1.5967991437810651 2.1516035728308 1.5925034289279225 0.5914930611780205 
1.1389628844069237 1.5790294447756024 1.4396510606274167 1.970516468652583 1.5658962318627752 0.33512248787153354 
1.305107613600352 1.5056736800664918 1.1188120848274663 1.4045500968541424 1.362357674213146 0.579441100756427 
1.1743054915350783 1.5865149796147464 1.4463016745679198 1.6224136682133992 1.1438713385318544 1.0922303178980348 
1.240379899374984 0.8861545367506459 1.0413888649282868 1.0814724917160718 0.9897251695176235 1.0416141471377736 

0 1.5369501605123854 1.477483500805723 1.3270639275704545 1.1582469714071209 2.4145121850419646 
0 0.47760343144219813 0.11613931240514715 0 0 1.7568637161028242 
0 0.4058554066579787 0.2322043840787597 0 0 1.428442951285288 
0 0.9783645997848732 0.6136952642281284 0.9689156206594081 0.8692611276530013 1.3573354006275173 
0 1.4692251771145133 0.8210339908714848 1.0096473342705585 1.1916204963059818 1.7636485463085116 
0.749163187310152 1.2551802250776385 1.1801829728910609 1.109027599973108 1.1282878649804777 1.5259268223338738 

1.2649163815292417 1.279111429762562 1.4005894256810443 1.3129569808878083 1.3995531675705686 0.9459325224139045 
1.8007803949055385 2.7341444139880435 2.4871059950403085 2.4643470594798536 2.419518816123312 1.4082958373683705 
1.7566808794982505 2.34792028217672 2.0623139686351966 2.3270086642474386 2.2550857328054885 1.1973731568022323 
1.801083351606888 2.211510793988869 2.0197474234323995 2.494074228959317 2.0685100550207314 1.2808548805895754 
1.7579607703737472 1.9314051960403706 1.9708682554066266 2.019891187356653 1.883509666682971 1.1865743166615135 
1.777181908519648 2.8640058177319485 2.713115781234812 2.750338307961792 2.2302439487215637 1.9090109418330745 

1.5715705037695473 0.9577693565357883 0.5142195655649823 0.3278748624711494 0.6944900923510432 0.9540886062714226 
0.8410863283145298 0.21831634971033087 0.24331084690303126 0.951664219555053 0.7651809000815523 0.35257012606918514 
1.128459772420664 0.8982371476049049 0.8634616289316164 1.7083985322426876 1.4273646190790903 0.3672953753681253 
1.4077992081413442 1.4136285938785544 1.4683601366963077 1.841474591386802 1.1437215437501953 0 
1.738670931487014 1.7436989287937614 1.5275865888407774 1.3432813676051212 0.34317271959290463 0.29295899392620245 
1.5951198639294801 1.308372091071772 1.2339416736427848 1.029912580605993 0.6000222695605293 1.1972769780662558 

1.7438994759867643 1.5139748375621624 1.1587442497304643 0.7300731294116224 0.7334211495859726 0.34241297816507227 
1.8407442040977178 1.3676992033515358 1.438186950238805 1.7810484970735525 1.4867394499711946 0.4404072413459483 
2.0772523156244405 1.5860098742885698 1.4433042775901428 2.1274045659234018 2.3054322231261564 0.39150957354941557 
1.834287529827434 1.5027908109329464 1.4087635873796203 1.7448048615587284 1.3629987001224009 0 
2.2052248886210357 1.8910195099692215 1.8301279329227886 2.3079656468696403 1.5848526077102723 0 
1.4158137681357819 1.0572135055907974 1.120832268622736 0.7508160807333799 0.04164658134437922 0 

3.558055204620131 3.8477110427031374 3.678643542727328 3.272855554821786 3.2465073660281503 2.8059077030508703 
3.811562590196289 3.6744235894895882 3.8106581512933335 3.8682237585476984 3.6187950525672 2.7304863307547182 
3.806134232800478 3.5219376094593664 3.2919444655830254 3.657979132122588 4.047970969805175 2.91637135024116 
3.5183823264334224 3.437312360491069 3.44598607052672 3.8889473790200086 3.5703871290530573 2.3331596367626894 
3.6408366066910918 3.5380432431028788 3.4725270607553305 3.6726728559813395 3.325524278763321 1.984687709619931 
2.8536857501882604 2.87777817692968 3.003496038131529 2.9337084886299483 2.41728919341866 1.9606435016254704 

0 0.3031342604273442 0.20892690083806548 0 0 0.6560383825654538 
0 0.22193535083035404 0 0 0 1.6232356571838076 
0 0 0 0 0 1.5305740555509988 
0 0 0 0 0 0.9473653612758625 
0 0 0 0 0 0.41564017172541384 
0 0 0 0 0 0 

0 0 0 0 0 0 
0 0 0 0 0 0 
0 0 0 0 0 0 
0.013561846369943363 0 0 0 0 0.07972802687000416 
0.06799886972936975 0 0 0 0 0.1199784249465171 
0.36126916416525084 0 0 0 0.08354622579036364 0.16829480547959022 

0 0 0 0 0 0 
0 0 0 0 0 0 
0 0 0 0 0 0 
0 0 0 0 0 0 
0 0 0 0 0 0 
0 0 0 0 0 0 

4.417951995175091 4.158359613874032 4.086608801031955 4.121460928013421 3.9935241470327028 2.7164924485935145 
4.383798106357218 6.355473323318304 4.925729864050133 4.853115073415289 5.249913572054874 4.591226466819875 
3.575235874560119 5.450032693694409 5.234235851820791 5.459535295063148 5.53191384355795 4.968773777358558 
3.538204227565246 4.657004251940458 4.459220071802859 4.434476673384442 4.520187909680919 5.0421298844315645 
3.4665609527247416 4.158240133396463 4.184058445991836 3.8994129594276963 3.4187014114803542 4.073390932595547 
3.14153662200279 4.106737683758996 3.8515858121972473 3.9681611464257927 3.2805819030381835 3.097915189979672 

0 0.9988061611526354 0.585945346391389 0.3072392239072769 0.08677836528874965 0.28141101516426065 
0 0.5792219193495521 0.4326593088985741 0.7452897944227324 0 0 
0 0.3410410756562771 0.07655534748728811 0.8232631324261724 0 0 
0 0.45517744866074195 0.40103624764615997 0.8108127721370806 0.09197448139752948 0 
0 0.5716711945972974 0.41871026581042076 0.3278654417705567 0 0 
0 0.9417436378189876 0.7462762675080274 0.7507416474357513 0.45696286690303517 0.6886203989858637 

0 0 0 0 0 0 
0 0 0 0 0 0 
0 0 0 0 0 0 
0 0 0 0 0 0 
0 0 0 0 0 0 
0 0 0 0 0 0 

0 0 0 0 0 0.3516284304830629 
0 0 0 0 0 0 
0 0 0 0 0 0.14474346954442682 
0 0 0.011954354425555813 0 0.1372216800476137 0.5074046800958828 
0 0 0 0 0.05555112299573586 0.2478089720645526 
0.6873042795469114 0.775572085368914 0.8606134561515164 1.078221697244844 1.0255149493266418 0.23974445274236603 

