1.4467851386537136 0.4820222402820353 0.8305578046973022 1.0053085800877908 0.9441886363499719 0.3521758444164162 0 0 0.46758705417787594 0.7108366868117185 0.3967189639124961 0.9587512354688157 
2.0996749469207425 1.1347588335795202 1.6615486385555682 2.2207497378660053 2.3006080198915067 2.2304607966304912 1.76465241939234 1.191125781046751 1.5315779605179032 1.5046646221261841 0.5783645451832763 0.489438581859696 
1.6031299548727378 0.8613194230899093 0.9121130326574192 1.476003643840355 1.6712056165112341 1.0521759013830227 1.185785982761896 1.0637251072514136 1.608997458991415 2.2536757224691355 1.0015159428099742 1.0625463558927413 
1.7129216421365925 0.9733936265006756 0.9391947231724977 1.4086918367559664 1.5098515080262023 0.8171849527093392 0.27871597081939425 0.27602112338158624 0.9100438185826822 1.426128516655121 0.222740464743832 1.0364118347579796 
1.9746513751346493 1.373214187887713 1.3877757289993495 1.6976562887925928 2.030677172034293 1.7096508019814163 1.522936987460088 1.1432729711634382 0.6124364489009856 0.9102538581460374 0.00451247799918382 1.6475196640779453 
1.6211324470612687 1.25792474380205 1.2727769967580336 1.616856017516749 1.97877925980968 1.4544750217437774 1.3367528538327997 1.7832905167464679 1.8462022111733867 1.0922220364965083 0.21267640198861207 2.5612911749512373 
1.6037754653667533 1.2765181485476638 1.0756117238063674 1.4208628409532134 1.8303050276347328 1.5867049161251443 1.3125437392623867 1.345152238654383 1.4203347446771162 0.7748356214642711 0 2.63946089987251 
1.3998342251599392 1.4080696484892525 1.2496600264612046 1.2528843010586397 1.6795193308308496 1.609013943004951 1.616442312230005 1.6581346223261466 1.5614124595735583 0.9305499048673761 0.23988753538161145 2.1947222164929205 
1.432402836337741 1.4763263235621016 1.1128317465485893 0.9983538343156158 1.070876363034049 1.1998820976306825 1.377107750064786 1.3795272578389415 1.3615878035786444 0.9008947783850855 0.1342130911716235 2.325968878589784 
1.4158544509537916 1.4667711561857661 1.0749716748035953 0.9863345084628896 0.7333539692961011 0.5892166157195107 0.7483884616840735 0.767247377519907 0.7821878245544316 0 0 1.2816916589739282 
1.4902679889002428 1.1948648887862052 1.2500409780478738 1.4368046571353021 1.1864742516692084 1.1074150585771625 1.2445014614937175 0.7601626020666656 0.8389750530307045 0.2405240072545989 0 0.0939926910236228 
1.6265813755607808 1.0558622355647929 1.515690245203828 1.5197501119170616 1.4401244840562357 2.022227215187469 1.8836530269382739 1.500475273097883 1.5970418417359376 1.8577970392368235 2.103290103820411 0.953818624989791 

0.19956997471252358 0.17813899921374984 0.1248594753926416 0 0 0 0.09902467261034911 0.04627683748070335 0.19970103958428873 0.48242644883356023 0.6719185423578915 0.5751141267526098 
0 0 0 0 0 0 0 0 0 0 0.5960958540443062 0.6393152639883402 
0 0 0 0 0 0 0 0 0 0 0.46958475912175424 0.413417900984426 
0 0 0 0.15479108058804114 0 0 0 0 0 0 1.0655299328683567 0.40857111464538726 
0 0 0 0 0 0 0 0 0 0.6200826875282258 1.5721719916190282 0 
0.074952248385529 0.1410341367201745 0.18528779897604722 0 0 0 0 0 0 0 1.4802671604648459 0 
0.22838220204285878 0.25139985800767783 0.45277577611126363 0.030904989326192223 0 0 0 0 0 0.7687233294860852 2.058429389839239 0.10295520979520915 
0.3199176874149809 0.035582457408084266 0.1410879071351693 0.0029640104179832275 0 0 0 0 0 0.8689761037163815 2.231098792935407 0.3587988769627801 
0.33724459851910527 0.11748068238144864 0.08155841783501724 0.25879160415646346 0.25057233694844316 0.13548019621132318 0.05561726873524401 0.11885423193480776 0.09835012634091597 0.9301252567291517 1.9174645100039833 0.21125732398313973 
0.4981085213199382 0.006651016582470935 0.043542185737892584 0.17824934863747274 0.30221116167630346 0.43117994946968574 0.3338223916624813 0.23419321792203981 0.10222608868144349 0.4910199653790403 0.8520746746308658 0 
0.11368307026632964 0 0.09792692294711541 0 0.11405698485996671 0.04721859045004345 0.0558332430276889 0 0.03003418284036466 0.12274658774966968 0.06162970810860602 0 
0 0.048490392539997325 0.036315165292898695 0 0 0 0 0 0 0 0 0 

0 0 0 0 0 0 0 0 0 0 0 0.05621168025717804 
0.07596511585406075 0 0 0 0 0 0 0 0 0 0 0.21919787571829125 
0 0 0 0 0 0 0 0 0 0 0 0.558021207430837 
0.1065926888222665 0 0 0.0436747232916527 0.29431426791757986 0 0 0 0 0.08987896320635796 0.19550539207487888 1.332670438229854 
0 0 0 0 0 0 0 0 0 0 0.4315333960244184 2.281564647944516 
0 0 0 0 0 0 0 0 0 0 0.8500720280110172 2.0581020850182634 
0 0 0 0 0 0 0 0 0 0.04836513979103867 0.8022925201756453 1.9429250148148163 
0 0 0 0 0 0 0 0 0 0.00622387349197423 0.5617423929043913 1.2549111758462135 
0 0.00960912967574863 0 0.027151917659726965 0 0 0 0 0 0.3835916592854419 0.7392954156868272 1.3669466903431329 
0.09326982834729441 0.162206310895139 0.01952439794591912 0 0 0.04779822327430195 0.045371351671868385 0.02997122383232116 0.015795862196385874 0.18514299735326373 0.9409507958216845 1.0618507932912242 
0.3612969063242195 0.09225966350637874 0 0.15677055848289598 0.2546331022642427 0.16343143865539853 0.44876308626576017 0.20700860698742596 0.2806873676952484 0.8051010047755951 1.5435203509311983 0.7595843371887205 
0 0 0 0.17581706223134877 0.29350993171758205 0.3614966204870331 0.19451758688396895 0 0 0 0 0 

0 0 0 0 0 0 0.3611766300496625 0.8222326016940781 0.4547930634618756 1.2961240847764468 1.4817149339164721 0.8274158982121324 
0 0 0 0 0 0 0 0 0 0.1608357439836428 2.0855449866722884 1.6737638306319675 
0 0 0 0 0 0 0 0 0 0 1.0908330362815029 2.6823686888287415 
0 0 0 0 0 0 0 0 0 0 0.06093511599849456 2.6591577962078934 
0 0 0 0 0 0 0 0 0 0 0 1.519036233877573 
0 0 0 0 0 0 0 0 0 0 0 0.6202548003957277 
0 0 0.06708574809412131 0 0 0 0 0 0 0 0 0.5729830129366552 
0.17101032175685915 0 0 0 0 0 0 0 0 0 0 0.894592916435772 
0.31650443850702037 0.3759243172051059 0.23146722749372034 0.27227794494654955 0.5331279514667912 0.4296448820879905 0.25547078004756174 0.18583738183342277 0.32125953633810567 0 0 0.8376090153706343 
0 0.14200358237046104 0.09114304835133455 0.29937471779879166 0.8385327832624946 1.0670170357546058 0.8328853690328163 0.4584404766385426 0.27448326639690435 0 0 0 
0 0 0 0 0 0 0 0 0 0 0 0 
0 0 0 0 0 0 0 0 0 0 0 0 

1.371605177670543 0.8939656980785362 0.8152125014728328 0.6838319410858763 0.6440178252223188 0.6356672709963659 0.9162053459651419 1.0532493639674116 1.0423097305685574 0.7732149834529866 1.0654630641697096 1.1513190957256199 
0.5852006597805893 0 0.0023382332045547276 0 0 0 0 0 0 0.36441372986872944 1.1414409653187774 1.5744594922201134 
0.8760079204878677 0.6351167078648382 0.3024022858780575 0.29630247139674787 0.9067125400213308 0.801368203247128 0.46692719584146 0 0 0 0.6059715828532674 1.9393312939214589 
0.9806969843292697 0.46369817463499413 0.2881161231166286 0.45124353929985106 1.0634429651029382 0.5707222666766147 0.2253925944779164 0.2929221222504602 0 0 0 2.1586571141401274 
0.7329854854236921 0.08789729941953812 0.2115521432811697 0.29401881531665164 0.10353206384828915 0 0 0 0 0 0 2.1947154553018136 
0.8693841623378599 0.5854064095654765 0.7859422577872431 0.5581016589642458 0.4615138954354888 0.028240359650648764 0 0 0 0 0 1.8675128747341645 
0.9541463287557105 0.8277372453493663 0.7955073690181775 0.5906145736761779 0.5934752335811697 0.2595541759636689 0.15905922533973568 0.13129941048705476 0.2543027422318229 0 0 1.9588692767341127 
0.8198871281494127 0.9107661124458157 0.7998392595618196 0.6596102882542729 0.6899021966211483 0.40703276447598363 0.34075920065981313 0.33497085907402036 0.5375497239944124 0 0.007433202684265672 1.9472766432081368 
0.9920738014461477 1.120843178740808 1.0338277533409992 1.0079322695533015 1.0545669221011622 0.9410288480881197 0.9489655810327677 0.9201952525257379 0.8995266537073343 0.02227866918980325 0.35547308438488523 1.7077315368949693 
1.30242047575325 1.104407921109734 0.7958639813876286 0.9251015601859427 1.2554840081887182 1.2205259959137056 1.3680866945898036 1.4058529015893875 1.3204205333396732 0.7079222547778444 1.5532360789128725 1.9110086798946724 
1.3262935859882234 0.5889408841954644 0.4730287905641017 0.6843173292832189 0.5731464845823951 0.7381447228232139 1.0611079396571534 0.831512632518821 0.7769228222865617 0.156610054693922 0.6128222218058325 0.2744989409627778 
0.9507186727807215 0.3368678377800661 0.44496659141123873 0.5036693841872438 0.2240917979416527 0.14219346554983808 0.30997453998027535 0 0.10409150727231954 0 0 0 

0.31875174993982525 0.08205163816013936 0.034689970378024106 0.3219620808554297 0.46978463176804236 0.03891195998513847 0 0 0 0 0.5915880528794001 0 
0 0 0 0 0 0 0 0 0 0 0 0.4271738540715215 
0 0 0 0 0 0 0 0 0 0 0 0.17603115239338593 
0.0364266912847808 0 0 0 0.34050837756696306 0.23472504251339554 0 0 0 0 0 0 
0 0 0 0 0 0 0 0 0 0 0 0 
0 0 0 0 0 0 0 0 0 0 0 0 
0 0 0 0 0 0 0 0 0 0 0 0 
0 0 0 0 0 0 0 0 0 0 0 0 
0 0 0 0 0 0 0 0 0 0 0 0 
0 0 0 0 0 0 0 0 0 0 0 0 
0.24156555717122127 0 0 0 0 0 0.028596795369058688 0.17125193858397939 0.1005827762906858 0 0 0 
0 0 0 0 0 0 0 0 0 0 0 0 

0.6877465547995977 0.5118805998613125 0.5667849364696352 1.3642475689302906 1.4141027484945476 1.1319366445578232 0.19082919961491876 0.0178955575328697 0 0 0 0 
0.3419321318959564 0.02335735555582548 0 0 0 0 0 0 0 0 0 0 
0.3996706250575649 0.1367962807292741 0 0 0 0 0.19866896575577256 0.35172534053291066 0.23284992852438977 0 0 0 
0.47053230011198 0.4104310258020295 0.5972460041494644 1.1638736325582748 0.7978326150015973 0.9622948371133617 0.999809611393184 0.6305551200087884 0.8564232595210832 0 0 0 
0.0078012269027522025 0.36944093454400184 0.5335842816272705 0.9423304232558197 0.5746739459323217 0.4497636292756528 0.745123287429879 1.1150408334906765 1.1991847870345282 0.10748776382886269 0 0 
0.2293087463514806 0.3683522412944667 0.3991972185706903 0.7084538220276272 0.2748894206827499 0.34441529593686315 0.40716503858176634 0.44013426641133413 0.3474530460192612 0.09371822828004629 0 0 
0.4637302503514787 0.37160454169127305 0.4677945885529101 0.6863375316967439 0.42749250293651986 0.44747933180442917 0.6538234207381209 0.569911297263873 0.15337531736022497 0.39212637129358424 0 0 
0.14865616144683805 0 0.06448450705631957 0.16533817592400502 0.2223741643844351 0.22292970049308938 0.17798658822132546 0.14499285144847385 0.2310383535604876 0.3108684961651376 0 0 
0 0 0.0004519795111679256 0 0 0 0 0 0 0.11359617088107923 0 0 
0 0 0.3962282866153082 0.08825982845988217 0 0 0 0 0 0.45765682299165966 0 0 
0.22779289325713709 0.040626741077827176 0.5680908713219351 0.2619639665067019 0 0.06505143936547655 0.15783828263026745 0.6472961381635014 0.5370948203668733 1.8403499480222785 1.2367189398379954 0 
0.301224034474718 0.31065674874097526 0.34671292892441696 0.26017950178212235 0.10045394271463723 0.31589093147450337 0.13558490018461722 0.4012658388883291 0.3510151596672103 0.7888462256514599 0.4132360592430312 0 

1.5799459578719568 1.876920220272843 2.0815040398197944 1.7531263480243948 1.4434488724731402 1.3540287142246425 1.4666974397173032 1.7428390911715412 1.8906908721103617 2.4080663313003727 2.793593729936114 2.328539264382962 
0.8846554931942728 0.9452516750175448 1.3672728558864593 1.254971998360301 1.341903023666628 1.2845483789039858 1.4920792936988145 1.1756872252987434 1.4813526224496258 2.4123901537025816 3.2735842601748386 3.3532315969825315 
0.4869768373630244 1.1936935181503727 1.7221112935950014 1.0915101109165666 0.40934392038506234 0.5338794460073848 0.9234049643801482 1.5284368173400302 1.2753530880080002 1.6577105802364713 3.211654800727741 3.3569140267649105 
1.496420864917999 1.6880010357697084 1.8418098322142902 1.6930192906578303 1.1473887502414184 0.9879477022998113 0.5905197188643931 0.2456966391274899 0.38458491025869207 0.9808355148573571 2.3730423003044656 3.0510318648270727 
1.3714774475780813 1.9791990492011027 2.089948681784784 1.2259173282687665 0.7291642960146552 1.2929113957826879 1.926884229200753 2.2159048797984386 1.140763336143731 0.9946633077671392 1.9961391125084373 2.423534798205522 
1.6594315770462613 1.8353219498056759 1.80386003259497 1.1745279890206723 0.8071089798409335 1.075372943034921 1.0628278543236729 1.0103769788468595 1.636977287903301 2.0731210436380216 1.562569518376358 1.910028959684972 
1.800645679514435 1.9640045379979894 1.9392130814822452 1.6528825321411857 1.6453570021219046 1.8238250772396487 1.9033314818348899 1.6004193486419658 1.4827426448480074 1.8234792138286553 1.7334883870263036 1.9625499023647424 
1.8614904046004215 1.8761814826415155 1.940504234366398 1.5081199407116122 1.4615112580940401 1.770033651553735 1.6724734695228696 1.6477577233500715 1.9897788111462673 1.9243185240057468 1.6686150883345343 2.218243555293407 
1.7008302612990196 1.6802734844573104 1.8972295278140026 1.9327383256544346 1.7562255297919953 1.6879715447164705 1.8014777833066478 1.886066754149129 1.7927118225994594 1.6475791280041325 1.755774259005776 1.7950631048160546 
1.477239135163265 1.4571138934154557 1.377197925319181 1.6075574451225338 1.789731957371522 1.764656001228877 1.4875131752093198 1.352768259721175 1.400045013130126 0.2325400512383628 0 0.8169115599272013 
1.5871623708368776 1.6731680516973964 1.5472402674481196 1.554968144784805 1.866753700821746 1.713117724576859 1.4082604063027935 1.6238491401402992 1.6318352845356958 0.9286946670118101 0.0778407299321135 1.0694441832626995 
1.5839856682403695 1.9839039350307401 1.9621794491663143 1.7177027844999495 1.7222555005882716 1.8531729496152738 1.8690013228986084 1.5885564075201202 1.8387766644700876 1.4739861002911854 1.2519557105132986 2.236810010185766 

0 0 0 0 0 0 0 0 0 0 0 0 
0 0 0 0 0 0 0 0 0 0 0 0 
0 0 0 0 0 0 0 0 0 0 0 0 
0 0 0 0 0 0 0 0 0 0 0 0 
0 0 0 0 0 0 0 0 0 0 0 0 
0 0 0 0 0 0 0 0 0 0 0 0 
0 0 0 0 0 0 0 0 0 0 0 0 
0 0 0 0 0 0 0 0 0 0 0 0 
0 0 0 0 0 0 0 0 0 0 0 0 
0 0 0 0 0 0 0 0 0 0 0 0 
0 0 0 0 0 0 0 0 0 0 0 0 
0 0 0 0 0 0 0 0 0 0 0 0 

0 0 0 0 0 0 0 0 0 0.4901804199684089 0.8715993896266848 1.0977397802531743 
0.46421720730474025 0 0 0.38057789738670667 0.49286527702136407 0 0 0 0 0 0.2912963623234117 1.6608101777692412 
0.22301181709600026 0 0 0 0 0 0 0 0 0 0 0 
0.17424090546833992 0 0 0 0 0 0 0 0 0 0 0 
0.4725443356149322 0 0.06630131599584582 0.4836447886936985 0.0367301117258495 0 0 0 0 0.2736876694855826 0 0 
0.3476704233216046 0 0.2270435882034943 0.49803617991859744 0.2619501979662111 0 0 0 0 0.29247689952113287 0 0 
0.30575351933048944 0.10367066333529242 0.05250083902310124 0.5540316675351524 0.5329516984596234 0 0 0.03870328618938628 0 0.8591658071754561 0 0 
0.8443007999995855 0.5969432507242618 0.03888836544434619 0.45661697609538426 0.5273716629811469 0.36827569606174954 0.2866274788579599 0.2775492362748824 0 0.9266065460067799 0 0 
0.5276756446657356 0.5436093378689917 0.2642631907088053 0.30102815216700013 0.5214230572238744 0.6200693829469679 0.5926047573441612 0.5672033459204755 0.5330720913833576 1.3190352722458432 0 0 
0 0 0 0 0 0.2061230549795422 0.2531233072665929 0 0 0 0 0 
0 0 0 0 0 0 0 0 0 0 0 0 
0.298252271981471 0 0.14406765001031363 0.11119842654485887 0 0 0 0 0 0.28024816760084137 0 0 

0.6890272585296808 1.0205743083203105 0.6972809079479999 0.509836492130984 1.0204740905224459 0.5959499396018761 0.5804724383363695 0.5778210401498447 0.38552323131965927 0.5597934748235428 0.5391330117654553 0.16514660069284917 
0 0 0 0 0 0 0 0 0 0 0 0 
0 0 0 0 0 0 0 0 0 0 0 0 
0.3211609696247811 0 0 0.3732559983677832 0.6125406570987643 0.34787953490967116 0 0 0 0 0 0 
0 0 0 0.04079897803647224 0 0 0 0 0.07104538518089831 0 0 0 
0.01363459993972446 0 0.14561430447747323 0 0 0 0 0 0 0 0 0 
0.4266984848780846 0.4219582604770334 0.3967512570347556 0.31745021423793557 0.023201927822227915 0 0 0 0 0 0.12428220174924193 0 
0.25440766525692826 0 0.320060600760923 0.1753654150059156 0 0 0 0 0 0 0.44965857027343037 0 
0.018439139525985693 0 0.03477098082310241 0.522050797484595 0.5750484015226743 0.30814097081004344 0.35487161595688105 0.47601658982870154 0.3061935167898147 0 0.8423863140310041 0 
0.5696825331249757 0 0 0 0.08207180342557242 0 0.07187930143364932 0.2813285656405652 0.15350311996110236 0 0.5551274455196504 0.6611891586334652 
0.7563464427434718 0.2368815683116001 0 0 0 0 0 0 0 0 0.5737334200066753 0.5206528193202005 
0 0 0 0 0 0 0 0 0 0 0 0 

0 0 0 0 0 0 0 0 0 0 0.10470945617497568 0.15130083626398497 
0 0.522269173249659 0.4315016450228969 0.9549186901016874 0.9248217670946257 0.3555115415714812 0 0 0 0.17612979831666814 1.1134776093628185 0.9739372026468167 
0.29000054888769755 0.1251461710249051 0.12865602931178988 0.35359003221279545 0.46175800604640166 0.34970450704501815 0.14567412906499946 0.09531075330522953 0 1.1501828955454683 2.380490167000091 1.7141347106255722 
0 0 0 0 0 0 0 0 0.006184311159036615 1.92964420582828 3.6381087272434263 2.3658405731246455 
0.12786866777490102 0.21514568405203605 0.5715968455989996 0.22439120073232385 0 0 0 0 0 0.4126524661894278 3.9691320381727655 2.344576746765723 
0.21555245349174904 0.33268613693016286 0.4310055649601657 0.4224155401965748 0.1289851615301558 0 0.22953527564867915 0.2538963564672365 0.10940431044909613 2.4139128731027695 5.198830453108439 2.6999504465397663 
0.2613473729684527 0.04854344092169717 0 0.18870847310640143 0 0 0 0 0 2.6049897850073664 5.432124366158706 2.5524557277612563 
0.5717071026970892 0.2529672628088151 0.31165642790802656 0.5559296090192338 0.6749528185840983 0.8076169322829875 0.7412658640452264 0.7441909984773374 0.5306718251817165 2.3594257950340594 4.4954643856688286 2.45959574208695 
0.7221989138296563 0.44183532802528896 0.3084048602769234 0.2666604532511018 0.44171061307889004 0.6720737470302824 0.9070890749305393 0.7256679593059049 0.5182583075008588 2.3206980388835534 4.296079212832079 2.497513383044479 
0.18165297338195452 0 0 0 0 0 0 0 0 0.8060886985121405 1.9533765859295518 1.0821542157067605 
0 0 0 0 0 0 0 0 0 0 0 0 
0 0 0 0.007767795185159451 0.3208098684643538 0.16598781362282009 0 0 0 0 0 0 

1.2590945618331364 0.09698705279045361 0.4241512646418954 0.9514759692691437 1.1865528475400884 1.0333587683841219 0.6970595767147919 0.6073878064034866 1.0151901551791318 1.6524163690644744 1.1916633017551472 0.629409259799196 
0.5485097462627893 0 0 0 0 0 0 0 0 0.8345022415783673 0.5989297863329271 0 
0.8736048227434434 0 0 0.2083418407153973 0.3251306249068047 0 0 0 0 0.5783595522590995 0.29151213475141186 0 
0.7334152689981139 0 0 0.5434105815820365 0.5894857585405945 0.24505506913389083 0 0 0 0 0.5611660469547667 0 
0 0 0.018266198835153853 0.42078625023824834 0.11453132052498657 0 0 0 0.17471329049606732 0 0 0 
0.4257862914642422 0.1522452729799309 0.18417818722439044 0.4629053711797342 0.07633180474843335 0 0 0 0 0 0 0 
0.7482389372316346 0.42029559939892713 0.35062949581074554 0.51108846057042 0.3569727360599274 0.010304088604430273 0.05713630686539171 0.11865128719248702 0 0 0.07073801650147374 0.4322395947424831 
0.9252602441530593 0.6503089999616507 0.5319143416733508 0.28864723152762045 0.14014324804717504 0 0 0 0 0.2382365697795601 0.27310640480575193 0 
0.8748673652501701 0.7740352930228237 0.714775063935713 0.9544156367217056 0.9872717088239846 0.8460876918572943 0.94781933985908 0.9114051537747541 0.8539838354443605 0.83826855953983 0.3299908960892445 0.2563013403348468 
0.7397361009175356 0.24766602714654992 0.6956993819920747 1.0610799043326544 0.9302044369992535 0.9220367029438864 1.1573639580330548 0.9131698058981229 0.562845822192567 0.2703942451689856 0 0 
1.0408883491191803 0.2519710992356696 0.43241234911192106 0.3737624706699841 0 0.08920459707323289 0.29788900826065623 0.1248941330058093 0.2035276184919623 0.6330972295664138 1.1541911995366023 0.03220593501795983 
0.5343291935859653 0 0 0 0 0.02674143638053919 0.012958431106571064 0 0 0 0 0 

0.5921761044771373 1.3136399251721214 0.47141736044005245 1.1037455992477152 1.3782760931862907 1.9545343887998199 1.5785186685300026 1.2458022300583849 1.3372386395167766 1.025448835598323 0 0 
0.7916524957436752 0.10165231100164748 0.15833433349027742 1.3202436093796683 0.7873701420829902 0.8849006578102475 0.8383420970765387 1.103646138139654 1.6882657838426418 0.43542414689008957 0 0 
0.4697974499234067 0.9372615557974292 0.9167065102173506 0.26570697125450216 0.03559166672339753 1.189264585661637 1.841188716290774 1.347565420085468 0.6700491081223418 0.7257414532746892 0 0 
0.047347908820295374 0.6570212477033985 0.6376055167824126 0.1125561894422504 0.7050976446137882 1.2010723586053833 1.3080006038924028 0.9882511175579753 1.3468400050989053 1.8367899693801393 0 0 
0 0.4493885172000915 0 0.20604658959511538 0.8959872327664528 1.1628054747502106 1.4166697115509383 1.2313206877656566 0.8824969541025872 0.7238910879171613 0 0 
0 0 0 0.028281077497284948 0.28285274702940794 0.8530973380344437 0.8562340043818196 1.1039506032826316 0.9370861999067813 0.6064649267448641 0 0 
0 0 0 0 0.12006820189212214 0.5174138803594693 0.46410774859459825 0.3367672764149324 0.22603273197113177 0.7686471368633355 0 0 
0.008728455184035061 0.17731024383295865 0 0 0 0.10300782138919098 0.020224659365218996 0.157036372109745 0.2721625610266767 0.16131889663591006 0 0 
0 0.23352878794622559 0.803680450028834 0.4061768152549612 0 0.01192927489197372 0.014908865467337107 0 0 0.47080601616870926 0 0 
0 0.45453937432061625 0.9500594475507844 0.577521902478593 0.7310826630417713 0.7333672468608717 0.6428429827317349 0.588805701193209 0.7135162180626219 0.8490137971433152 0 0.03804404706060205 
0 0.3684139311937881 0.06166297853643587 0.07165780815673681 0.4026864693451345 0.5315768359986436 0.6820046365234197 1.0411752964189223 0.7343713416725803 1.7804886661136226 1.8859911787550163 1.0107525695566202 
0.3707205047471076 0.6070874383831588 0 0.15423662266201904 0 0 0 0.29802922415883165 0.3184035980357096 0.3063166342185605 0.9177564674114045 1.0764245743863425 

0 0 0 0 0 0 0 0 0 0 0 0 
0 0 0 0 0 0 0 0 0 0 0 0 
0 0 0 0 0 0 0 0 0 0 0 0.3641919997862023 
0 0 0 0 0 0 0 0 0 0 0 0.964898354984984 
0 0 0 0 0 0 0 0 0 0 0 1.6140308049545231 
0 0 0 0 0 0 0 0 0 0 0 2.1779635636737114 
0 0 0 0 0 0 0 0 0 0 0 1.8321205461168693 
0 0 0 0 0 0 0 0 0 0 0 1.359621859549999 
0 0 0 0 0 0 0 0 0 0 0 1.559978862376707 
0 0 0 0 0 0 0 0 0 0 0 0.47799008245391533 
0 0 0 0 0 0 0 0 0 0 0 0.03292994643214703 
0 0 0 0 0 0.1508000053619924 0 0 0 0 0 0 

0.037254343784036546 0.5079221880585724 0.948648229924262 1.0479452180336777 0.8033399104804799 0.7598371582871817 0.6630816405816735 0.7611893495347428 0.46167050227373885 0.33165325660345796 0.26328007918143204 0.42926158085886734 
0.2983136569274194 0.20512042200302544 0.6820072979932471 0.7728001313401838 0.46616398765840716 0.45536982520220043 0.016180612321025377 0.11756211899690472 0.030514570636285966 0 0 0.5603178869241608 
0.6793457710485332 0.9074510362266119 0.6688781329079657 0.4952974467540145 0.6029924350580753 1.2049904481909006 1.2037325473711442 0.6655460695541793 0 0 0 0 
0.1165342806883992 0.22819181577622485 0.5004606066699017 0.06691087965088152 0.04655436848863599 0.6849155214190128 1.0757088523715486 1.3463601815208555 1.0716871165632762 0 0 0 
0.1687841807506203 0.621307663453554 0.4184561517064528 0.36303212577578714 0.5063760991282877 1.0021245709712439 1.2001383431040127 0.9218908851311881 0.7230952653514002 0 0 0 
0.33734699156602393 0.5838520724746445 0.5940356006511265 0.6483599171126371 0.79759742436469 1.3474731541953544 1.3417732989148352 1.4018801560853593 1.1965066186301017 0 0 0 
0.41810990151430866 0.46699636099353903 0.5305455478341141 0.48915262198939696 0.3173101779781154 0.582539478302465 0.7069533746654961 0.6378930261436337 0.6458620085153008 0 0 0 
0.12792619169451094 0.48744267731375795 0.4239201226450682 0.3993781598336209 0.5522654318579191 0.632520458571304 0.5931628241108495 0.6267662926719622 0.6465587547915211 0 0 0 
0 0.39166422093317477 0.23612539006736324 0.27137100982868084 0.29854264186676405 0.3370565368805443 0.2953115034242754 0.2201265737009927 0.1614422700011461 0 0 0 
0 0.10673548498110466 0.2990611411060585 0.1147508957445235 0.1368320654957692 0.2938989667654158 0.3073773570424237 0.2631543945840982 0.4452739761908893 0 0 0 
0 0.06587141107856612 0.05008169436168882 0 0 0 0 0.19245569292859818 0.0921538455486238 0.04838925558908181 0 0 
0.12273082741529634 0.24152861672765458 0.022789917399567403 0 0 0 0 0 0.01652383267441808 0.04860980978624507 0.1041407902165161 0.3361038615951353 

0 0 0 0.23520172902248132 0.02286496111135894 0.2920690839947563 0 0 0 0 0 0 
0 0 0 0 0 0 0 0 0 0 0 0 
0 0 0 0 0 0 0 0 0 0 0 0 
0 0 0 0.0648104467328956 0.05663299741235395 0.3258354509695799 0.3654218359680862 0 0 0 0 0 
0 0 0 0 0 0 0 0.1255175923797356 0 0 0 0 
0 0 0 0 0 0 0 0 0 0 0 0 
0 0 0 0 0 0 0 0 0 0 0 0 
0 0 0 0 0 0 0 0 0 0 0 0 
0 0 0 0 0 0 0 0 0 0 0 0 
0 0 0 0 0 0 0 0 0 0 0 0 
0 0 0 0 0 0.4587547081455031 0.154699387020312 0.07910884808054547 0 0.23231011292968706 0 0 
0 0 0 0 0 0 0 0 0 0 0 0 

0 0 0 0 0 0 0 0 0 0 0 0 
0.4980258097687061 0 0 0 0 0.14777429850687726 0 0 0 0 0 0 
0.12556087320883536 0 0 0 0 0 0 0 1.3407973809490985 2.060932009305807 0 0 
0.1246435332186346 0 0 0.8022083823480256 0.42200852756061796 0 0 0 0.5743730898301792 2.5823537727832724 0 0 
0 0 0.07548160395008488 0.33882634347058943 0 0 0 0 0.16375747937145085 3.130981602671324 1.6993853909524392 0 
0 0 0 0 0 0 0 0 0 3.3802248326309763 2.920958868268827 0 
0 0 0 0 0 0 0 0 0 2.9195460413524583 2.197714081722128 0 
0 0 0 0 0 0 0 0 0 2.5622051776686687 1.4454920031225658 0 
0 0 0 0 0 0 0 0 0 2.5182688464223464 1.1490492481623873 0 
0.0896596747052184 0.015888007409507587 0.13934361239550305 0 0 0 0 0 0 2.2945304440893444 1.114076082894398 0 
0 0 0.5098537232741092 0.2807361090591856 0 0.27761958979230794 0.31717261902523314 0 0 1.825413538494308 1.1630521710066273 0 
0 0 0.372882036402462 0.6207346952831901 0.5751844381446728 0.7395903405583587 0.4705065700145306 0.25678527617170427 0.0832979970121087 0.6372076265039992 0.03050297164391169 0 

0 0 0 0 0 0.17836180063330304 0.0334709303381219 0 0 0 0 0 
0 0 0 0 0 0 0 0 0.08445831560441763 0.9839585378124512 0.05639869701671618 0 
0 0 0 0 0 0 0 0 0.04316011240449373 1.5449660436482393 1.7356843700060895 0.20882527798728562 
0 0 0 0 0 0 0 0 0 1.720210212695252 2.0821473317486636 0 
0 0 0 0 0 0 0 0 0 2.1728976519690053 2.0375675119243066 0 
0 0 0 0 0 0 0 0 0 1.691636748665641 1.656436605526636 0.15607690540020985 
0 0 0 0 0 0 0 0 0 1.2210018761182793 1.300449044264078 0 
0 0 0 0 0 0 0 0 0 1.23821790611157 1.5737656289893955 0 
0 0 0 0 0 0 0 0 0 0.9632018594302111 1.2273802310477218 0 
0 0 0 0 0 0 0 0 0 0.1377103755554568 0 0 
0 0 0 0 0 0 0 0 0 0 0 0 
0 0 0 0 0 0 0 0 0 0 0 0 

0 0 0 0 0 0 0 0 0 0 0 0 
0.47818715516438004 0.19417077606249689 0 0.4040998645256875 0.9652847541860031 0.6997069605643077 0.2010777868246304 0.06887159328100212 0 0 0.12176016983871635 0 
0 0 0 0 0 0 0 0.44643287506660967 0 0.20156474003378344 1.039852395254256 0 
0 0.06690750390498544 0 0 0 0 0 0 0 0.9165116409897077 1.0863707713133648 0 
0 0 0 0 0.16534797128855738 0.1998505920184822 0 0 0 0.8907429028043485 1.1585085539562412 0 
0 0 0 0 0 0 0 0 0 0.13042387019317375 0.31709628335721585 0 
0 0 0 0 0 0 0 0 0 0 0.05424771891592188 0 
0 0 0 0 0 0 0 0 0 0 0 0 
0 0 0 0 0 0 0 0 0 0 0.07561801798651713 0 
0 0 0 0 0 0 0 0 0 0 0 0 
0 0 0 0 0.15115967433308672 0 0 0 0 0 0 0.19736273585569492 
0.058803914921595396 0 0 0.021441813878544606 0 0 0 0.13290690935331423 0.010586614778316192 0.37293705187623444 1.019576360499057 0.02827009103131861 

0 0 0 0 0 0 0 0 0 0 0 0 
0 0 0 0.3330513067119514 0 0 0 0 0 0 0 0 
0 0 0 0 0 0 0 0 0 0 0 0 
0 0 0 0 0 0 0 0 0 0 0 0 
0 0 0 0 0 0 0 0 0 0 0 0 
0 0 0 0 0 0 0 0 0 0 0 0 
0 0 0 0 0 0 0 0 0 0 0 0 
0 0 0 0 0 0 0 0 0 0 0 0 
0 0 0 0 0 0 0 0 0 0 0 0 
0 0 0 0 0 0 0 0 0 0 0 0 
0 0 0 0 0 0 0 0 0 0 0 0 
0 0 0 0 0 0 0 0 0 0 0 0 

0 0 0 0 0 0 0 0 0 0 0 0 
0 0 0 0 0 0 0 0 0 0 0.820505564190259 0.9629865611907144 
0 0 0 0 0 0 0 0 0 0.07347296001449832 0.9698458777854141 1.648830871559546 
0 0 0 0 0 0 0 0 0 0 0.8694268077387443 1.4456063027250183 
0 0 0 0 0 0 0 0 0 0.20401113614612723 1.1228618457258288 1.7635982926629832 
0 0 0 0 0 0 0 0 0 0 0.5276535009367417 1.4515379993609412 
0 0 0 0 0 0 0 0 0 0 0 1.045767843065434 
0 0 0 0 0 0 0 0 0 0 0.36456207802710705 1.079634375137632 
0 0 0 0 0 0 0 0 0 0 0 0.8016348131233019 
0 0 0 0 0 0 0 0 0 0 0 0 
0 0 0 0 0.14909390548214374 0.0025412530210184026 0 0 0 0 0 0 
0 0 0 0 0 0 0 0 0 0 0 0 

0 0.25575985264120515 0.6695183274102621 0.5587665484738871 0.05612912883190013 0.4248484346750462 0.8744505257851329 1.1053345744701772 1.0425157320003966 1.4457198599181353 1.6525047098735868 0.9562211537486776 
0 0 0.09017007490811499 0.3965587691810856 0 0 0 0 0.03322919393628006 0.4807067247247328 1.364485879918677 1.72626249151734 
0 0 0.29156603844029766 0.33923128422406856 0 0 0 0 0 0 0.4544720194431292 2.451308122231745 
0.10123305943421164 0.3243767726958271 0.52365463260667 0 0 0.23344380392258773 0.3960618252382512 0.08781437528571182 0 0 0 1.5302384921457777 
0 0.39998768246065647 0.4062008895417161 0 0 0 0.2484673675838267 0.3411068676443003 0.12938632856572185 0 0 0.7438623507074824 
0.05414155976605214 0.35481182037286874 0.40953014842756635 0.3204161919294213 0 0 0 0 0 0 0 0.012925017623452634 
0.17797604863206 0.30385435984458364 0.5098754168754197 0.5288887199591733 0.018230692436331023 0.20495432117948575 0.40809238446164936 0.41897754775967605 0.28390711178416955 0 0 0 
0.6435325781667017 0.5786052730729934 0.4876940387766086 0.4986186225869289 0.15904615121728283 0.25100577845153466 0.19479379585339737 0.17072289515594585 0.23553886928118029 0 0 0.1434712346188238 
0.6706017669631067 0.5919900269235927 0.622929107167733 0.8746282831161899 0.9581553241333041 0.895837472760303 0.797110369689244 0.7349667744472286 0.7190124451178784 0 0 0.13850319787587131 
0 0.4491664080996066 0.6739186065336296 0.6619795070630008 0.7907941657046649 1.029125315634902 0.8695894705338874 0.6228194461706 0.5840757027489504 0 0 0 
0.12366865483835746 0.5864485887225787 0.4778298222312882 0.014773142817555873 0.14151881755958123 0.502233444526378 0.32863557973793334 0.6311071504111041 0.4726616319822877 0 0 0.1041983429271221 
0.07952615357433022 0.3366669437423327 0.2281028785384417 0 0 0.09305796166401312 0.14553277741804524 0.4077943181361292 0.29175153928087727 0.18401678279142683 0 0.2189680681994211 

0 0 0 0 0 0 0 0 0 0 0 0 
0 0 0 0 0 0 0 0 0 0 1.3512339339365915 1.612460902791088 
0 0 0 0 0 0 0 0 0 0 0.8991974300056078 1.7569603718522468 
0 0 0 0 0 0 0 0 0 0.12140397787953361 1.5735852041404241 2.2865853682798343 
0 0 0 0 0 0 0 0 0 0 1.5017363306635996 1.9374697568528174 
0 0 0 0 0 0 0 0 0 0.21266522132306767 0.885486311787183 1.33993801304094 
0 0 0 0 0 0 0 0 0 0.5315066718702924 1.2546191061539482 0.8387473460049616 
0 0 0 0 0 0 0 0 0 0.39453752673648734 0.8420533074545169 1.3343295545379927 
0 0 0 0 0 0 0 0 0 0 0.32376850414043323 0.65129626874144 
0 0 0 0 0 0 0 0 0 0 0 0 
0 0 0 0 0 0 0 0 0 0 0 0 
0 0 0 0 0 0 0 0 0 0 0 0 

0.6698053668523236 0 0 0.03818943465155494 0.4753980071622008 0 0 0 0 0 0 0.13735639249255777 
0.4650715966817126 0.370877291075312 0.03153649291086722 0 0.8092116020904709 0.9616237907685855 0.9830085164999425 0.1273435175475609 0 0 0 0 
0.4830599896732749 0 0.05280873734323767 0.16105254896834573 0.32449713354182946 0 0 0 0 0 0 0 
0.363481161075438 0.058533587354812885 0.4299784657304947 0.5626269643545411 0.3568207178240026 0 0 0 0 0 0 0 
0.36040492958437226 0.4287006743940535 0.559337921617102 0.35364176130358416 0.46189261132930504 0.2832736801904945 0.5989615282787477 1.044283860929983 0 0 0 0 
0.6669243627397174 0.48966289067105706 0.049039052317760984 0.1682679873407158 0.4752107715706788 0.3383399335769558 0.21293121385882113 0.15094356366147876 0.22003448250722643 0 0 0 
0.7809029897451855 0.4984848958824968 0.08414568997295069 0.01708988968305278 0.6229994272920144 0.8525787171998073 0.5400399439521327 0.36641398877784115 0.5762398331508828 0 0 0 
0.587796696814898 0.7777711626595846 0.8358154519824098 0.12083777805848 0.1808370980297198 0.43857563336234545 0.6945951795987474 0.6910453908864437 0.8041218273946619 0 0 0 
0.5156512722992368 0.42275846447886056 0.9923461619027422 0.8546566783671643 0.4252959973568989 0.4731806900488119 0.8469578824180973 0.806385628949198 0.7207607962137637 0 0 0 
0.5811905629771207 0 0.04031576710244257 0.4846632044555392 0.49699134766498015 0.33580014277623593 0.4560555660754547 0.6173542988970746 0.32691744204455 0 0 0 
0.8762604017571636 0 0 0 0 0.08726205690867594 0 0 0.03317160425928292 0 0 0 
0.5071240262770618 0.6366289375910399 0.5558037747571267 0.255121477950533 0.14247916007938236 0.10345104338955205 0.1340692959090689 0.26439931040179004 0.4656468593230993 0.14514371716321578 0.448456703440996 1.2016421172367642 

0.3969858836901148 0 0 0 0 0 0 0 0 0 0 0 
0.9314303981465969 0.03652967669425411 0 0 0.18459657018957787 0 0 0 0 0 0 0 
0.874040522585403 0 0 0.5170923221644015 0.6016485050938474 0 0 0 0.6848648719733643 0.317169418498653 0.1598046775385089 0.1771441937028254 
0.7440147227369935 0 0 0.8804621505912786 0.543870493065781 0 0 0 0.14241686073084578 1.4139575816911618 1.6765016351923583 0.05721247639449753 
0.5646305964787436 0 0.005272441143056365 1.2150280850115935 0.8556121981494096 0 0 0 0 0.8082251194030875 2.3258155427328293 0.8279509446922606 
0.48719059172505425 0 0.35349911942930934 1.2167184939241906 0.8609842877160291 0 0 0 0 0 2.765170212354303 2.160124376333995 
0.5164617280920192 0.033127308467094684 0.01865875055114521 0.8198369237369251 0.7940550855693651 0 0 0.004478701004398147 0 0.08209092265575813 3.31115775818388 1.9107241779690003 
0.8082981626439967 0.024920164095063646 0 0.3367360052474883 0.6393583606232663 0.25592403935674324 0.028731012285828337 0 0 0.7566797212382685 3.272505835174828 1.9480310449482838 
0.891559563482907 0.24918588916245354 0 0 0 0.033624057143813835 0.051752672611530263 0.10800805635108561 0.005479734002440541 0.8876674783723467 2.5194713980270085 1.5894147432597001 
0.6135341662231696 0.44522007846095685 0.5198926342616702 0.20711507325577372 0 0 0.005053608727730766 0 0 0.9398422205411758 1.044296045215245 0.5675204224371485 
0.21937148894497724 0.02589626388315204 0.45394831652353657 0.335859128826053 0.1566901447450702 0.28094246126877925 0 0.1292204485136595 0 0.7339431099732207 0.48650892381852295 0 
0.47826230070331877 0 0 0.09461645043918235 0.3651541326975031 0.7914593233922813 0.5474121209479532 0 0 0.7513451806323144 0.48600006965956327 0 

0 0 0 0 0 0 0 0.48092175889423516 0.23370381938835477 0.3383155456111363 0.42336282389574603 0 
0.01506238407244051 0.09581179496393358 0 0.29533316661628817 0.7267715968798991 0.8714084474323036 0.7080138925612254 0.7919267594321668 1.0176340624585143 1.4162884103973141 1.4817282789173873 1.1837192748840035 
0.24149797780279586 0.315042889739373 0 0.46204002643044667 0.7930337609708893 1.9397032247201607 1.775209835215441 1.1972320287716611 1.3241108412346567 1.4863815250292616 2.146762984548789 1.8834278302234084 
0 0 0 0.580561704116769 0.603502671658735 0.7297352052368721 0.6940723895470936 0.7534143967514995 2.274872874535175 3.026644319222393 2.931741866457687 2.1669938487549207 
0 0 0 0.3706046239439814 0.22058036414764365 0.23179425964524009 0 0 0.3527626711607704 1.5366851406595579 3.581766553837782 2.3040050801717866 
0 0 0 0.18620723042311485 0 0.1401495908195349 0.5644095789708974 0.6745160772732742 0.501508213772747 1.3974333382437534 3.4978480459323915 1.7083282928438068 
0 0 0 0 0 0 0 0 0 0.36834946646958033 2.804672942006717 1.1475462357309565 
0 0 0 0 0 0 0 0 0 0.5819036320021718 2.003589020785723 1.1258660162271923 
0 0 0 0 0 0 0 0 0 0.405933884710298 1.70139457835712 0.6991461797073444 
0.03416269184172735 0.17381738559445314 0.21443358993562076 0.17074403586382528 0 0.10634731895481518 0.12452268216523184 0.09231982748948217 0.15848554821652538 1.3563870739813773 1.7200846115065485 0.7195266236823954 
0 0 0.44435104193373526 0.48790010674397116 0.37894585864862323 0.7723786297590414 0.6410729036476965 0.8572604408378726 0.3211177285760006 1.4749490458187733 1.2454200857833504 0 
0 0 0 0 0.02004929090168102 0.23350257258534113 0 0 0 0.6937304281780818 0.005458270316287539 0 

0 0 0 0 0 0 0 0 0 0 0.5968020268138597 0.6358751373450905 
0 0 0 0 0 0 0 0 0 0 0.04358484051244327 1.4374136686606953 
0 0 0 0 0 0 0 0 0 0 0 2.311148478278265 
0 0 0 0 0 0 0 0 0 0 0 2.6794487244048577 
0 0 0 0 0 0 0 0 0 0 0 1.0382419009151451 
0 0 0 0 0 0 0 0 0 0 0 0 
0 0 0 0.07274099236450807 0 0 0 0 0 0 0 0.05728796663699287 
0 0 0 0 0 0 0 0 0 0 0 0.4975517836510537 
0 0 0 0 0 0 0 0 0 0 0 0.817907524208313 
0 0 0 0 0 0 0 0 0 0 0 0 
0 0 0 0 0 0 0 0 0 0 0 0 
0 0 0 0 0 0 0 0 0 0 0 0 

0 0 0 0 0.0420709960673637 0 0 0 0 0 0 0 
0.0752520931756806 0 0 0 0.36619888676035495 0.1839922954453308 0 0 0 0 0 0 
0.3834576171244504 0 0 0.4739979460392229 0.19326810474176034 0 0 0 0.01429313106330797 0 0 0 
0.11958927197238914 0.045488790758787784 0 0 0 0 0 0.14952913780842209 0 0 0 0 
0.2868398310434547 0.05453060127451739 0.013790299133510497 0.02565654951155827 0.2985359566510817 0.22504896189228557 0.06778040526214457 0 0.06214779411136085 0.25078984574631624 0 0 
0.3320933549241133 0.09259233154065794 0.015604581584294926 0.07405185116256544 0.4708998317862774 0.24736955643698744 0.04517768976327635 0.07856053795943635 0.09353478590640325 0 0 0 
0.16737484413492731 0.024299191973080156 0.043009253373567334 0 0.29568952829100364 0.13775847941135266 0.03660962242333983 0.19263133660754245 0.3851466372370538 0 0 0 
0.15992736617102365 0 0.05644142873516347 0.00025673252071776315 0.17067882988073385 0.1257676746603304 0.23285650560623383 0.2756831839922327 0.1630709590314528 0 0 0 
0 0 0 0 0 0 0 0 0 0 0 0 
0 0 0.06458321915438761 0.0038309617067387863 0 0 0 0 0 0 0 0 
0 0 0.16079644307998403 0 0 0 0 0 0 0 0 0 
0.11214465244200972 0.16870058078737146 0.16992004769916433 0 0 0 0 0 0.06372125434073855 0.035752764522106406 0.2235550768613508 0.20634658482147478 

0.05314234903556786 0.0807655726124751 0.00914618222848318 0.676039161897873 0.7435971465264963 0.3924252903292897 0 0 0 0 0 0 
0.40353953335994863 0 0 0.10797725033934599 0.3007413832289215 0.1553283260084356 0 0 0 0 0 0 
0 0 0 0 0 0 0 0 0 0 0 0 
0 0 0 0 0.18620310387769984 0.22182679577041514 0.19737869925249268 0 0 0 0 0 
0 0 0 0.20954209108045402 0.5527266255752715 0.4798164808272407 0.511322278738945 0.6303467691025322 0.40973064439829265 0 0 0 
0 0 0 0 0.15327603605402 0.01795209329251085 0.014190848598886224 0.1460697788655561 0.051410499628592156 0 0 0 
0 0 0 0 0.00691818282994934 0.10523194686558307 0.09250005874366471 0.06951882218915009 0 0 0 0 
0 0 0 0 0 0 0 0 0 0 0 0 
0 0 0 0 0 0 0 0 0 0 0 0 
0 0 0 0 0 0 0 0 0 0 0 0 
0 0 0 0 0 0 0 0 0 0 0 0 
0 0 0 0 0 0 0 0 0 0.10231463927403506 0.38149884212772156 0 

0 0 0 0 0 0 0 0 0 0 0 0 
0 0 0 0 0 0 0 0 0 0 0 0 
0 0 0 0 0 0 0 0 0 0 0 0 
0 0 0 0 0 0 0 0 0 0 0 0 
0 0 0 0 0 0 0 0 0 0 0 0 
0 0 0 0 0 0 0 0 0 0 0 0 
0 0 0 0 0 0 0 0 0 0 0 0 
0 0 0 0 0 0 0 0 0 0 0 0 
0 0 0 0 0 0 0 0 0 0 0 0 
0 0 0 0 0 0 0 0 0 0 0 0 
0 0 0 0 0 0 0 0 0 0 0 0 
0 0 0 0 0 0 0 0 0 0 0 0 

0 0 0 0 0 0 0 0 0 0 0 0 
0 0 0 0 0 0 0 0 0 0 0 0 
0.11473255089759574 0 0 0 0.17226565411420153 0.11819891998855836 0 0 0 0 0 0 
0 0 0 0 0 0 0 0 0 0 0 0 
0 0 0 0 0.1022646862293615 0 0 0 0 0 0 0 
0 0 0 0.020549741786486497 0.30618255654925425 0 0 0 0 0 0 0 
0 0 0 0 0 0 0 0 0 0 0 0 
0 0 0 0 0 0 0 0 0 0 0 0 
0 0 0 0 0 0 0 0 0 0 0 0 
0 0 0 0 0 0 0 0 0 0 0 0 
0 0 0 0 0 0 0 0 0 0 0 0 
0 0 0 0 0 0 0 0 0 0 0 0 

