1.232058085474767 0.8157831189524873 1.0409659404445246 1.1027943785612673 1.1468663147610108 1.1325149035428623 1.119311130319054 0.9431257799674242 0.8511921554538249 1.0214271603195844 1.1565205008962725 0.9642028841032422 
1.7501008481485176 1.0598176215854422 1.1553927565168236 1.4294359643311048 1.438976989162893 1.4131442737828375 1.4811598944053221 1.377673015712326 1.405284230272405 1.392527256937129 1.6974006409192413 1.6427636755485664 
1.5323552809461456 0.8476860598868898 0.7712830505075234 1.1916497771719603 1.2578963027278447 0.6220342477472196 0.6413240074702409 1.033490520591334 1.2605986405330964 1.2369586896450462 1.204355556338115 1.2153532964590659 
1.8362743933005208 1.1835091179870878 0.5986713926864761 1.4859303584246808 1.5123668286502567 0.3260910158519195 0.3786800049639631 0.4460321493153503 1.1705167597332005 1.2839061896395323 1.255267945085012 1.1891789052815906 
2.06695690692316 1.9072967765722983 0.37460109705348715 1.1111975057755799 1.8352758219754324 1.3876214034387362 0.5674937929407553 0 0.520620726964083 1.3491512869569227 1.375341331444775 1.2294408621978714 
1.869924073239889 2.0538181405667286 0.6188844412971833 0.6485349136326506 1.4624214847475798 2.1167390398856862 1.3713356541846682 0.008805206468292123 0.40640607871643863 1.5711973780234523 1.27804590072662 0.9379493594802264 
1.8035965141697725 1.798978929921699 1.5979989264761332 1.227331524865249 1.0681445212943537 2.563765807781994 2.2066029813498664 0.4129248474113796 0.7326833468935015 1.7612669270636323 1.3924833409630317 0.8669191543606859 
1.59009836755057 1.0760268557288661 1.5337200737935675 1.5934316445430694 0.956120975055568 2.1016297166853413 1.7950411156425683 0.3693778394453904 0.9023889615342925 1.1356300041164678 0.69376473677015 0.9898324273891631 
1.4504389759701128 1.19107182554699 1.2296999397590973 1.0840909381185901 0.8767816054339979 1.6968008391886304 1.8560235544561379 1.3512547673768718 1.2904338177238994 0.9736153659814589 1.5511058386208607 0.9020508268423543 
1.5033575908422538 1.2865084061097705 1.152783619577828 1.1409232495215729 1.4516734995078668 1.5034316448585023 1.1358594629813115 1.1627593630804058 0.7943244265719724 1.0869348668847163 3.0056795794421056 1.7015134104979543 
1.5749995394846634 1.5500836220552905 1.2807354039681238 0.9143232491610251 0.7534745104249602 0.8948638155362936 1.102738333700928 1.1966595590009848 0.11641992017718261 0.20074943908509693 2.299939592440739 1.6685078113231069 
1.5006146776697782 1.580028474970373 1.7348268862033291 1.6366034189035787 1.32271983184762 1.2377196102416732 1.4279512311753215 1.6293021136898487 0.985869227136325 0.6803955202100956 1.2184463343927838 1.231247944191543 

0.6202259564820576 0.6050487995759454 0.6145294535219323 0.6406191544197233 0.6283861403625406 0.6357111357042009 0.6677569631904274 0.6215057276353078 0.6225597381369345 0.630970678715919 0.7698470792808916 0.6244253702269352 
0 0.1843059479111088 0.22166033204600888 0.26972867250062854 0.0779373899655035 0.07627380451090746 0.09089589126720274 0.013327888687363815 0.22787264758691966 0.2736802069197319 0.2864210890590699 0 
0 0 0.19590238463354004 0.27477971113738575 0.03015313266575792 0 0 0.3185455608204658 0.2914584911283748 0.36716488355783883 0.46423201015662197 0.5347343587666785 
0 0 0 0 0 0 0 0 0.11869721814690846 0.26108922477644164 0.4181308250518663 0.5253908533182602 
0 0 0 0 0 0 0 0 0 0 0.11517673064128305 0.3207780094223726 
0.4833413830160852 0 0 0 0 0 0 0 0.0024252479821547934 0.086442698670051 0.3980979722784317 0.5398308912258418 
0.1685097969533731 0 0 0 0.18672899011415217 0 0 0 0 0.25058167517335705 0.18375198890246403 0.05966743596999949 
0.05622496848813811 0 0 0 0 0 0 0 0.38962645435858556 0.5191992164942005 0 0 
0.3841041552044305 0.2829156408856591 0.3432471425371578 0.3185054018909729 0.2815016538850075 0 0 0 0.3508053333333403 0.6662717662358143 0 0 
0.46710355373518314 0.24357039715584877 0.36817248823596394 0.027473681148947687 0 0 0 0 0.1313860034730918 0.23511994108937517 0 0 
0.3385972956170307 0.1816915984667376 0.09637220319759236 0.14571646408521594 0.2810444009942822 0.014119515728482426 0.17017433893836043 0 0.37836390847602486 0.469645486565933 0 0 
0.4462107075956628 0.07990885816070892 0.037355321800934205 0.1213095711399782 0.050201435566522165 0.1436282696632044 0.35644538640585005 0 0.005877653782270568 0.3724087297108056 0.25294328620922224 0.3906869372296171 

0 0.06477399347627016 0 0 0 0 0 0 0.1119067119292374 0 0.07255641601861137 0 
0.14977228096170125 0 0 0 0 0 0 0 0 0 0 0.18110805816870254 
0 0 0 0 0 0 0 0 0 0 0 0 
0 0 0 0 0 0 0 0 0 0 0 0 
0 0 0.17467461373778098 0 0 0 0 0.04029908694865736 0 0 0 0 
0.07006035543541339 0.31589698651986364 0.33521522052693065 0 0 0 1.3082988027054532 1.114915185068744 0.32233624437664116 0 0 0 
0 0 0 0 0.2992073523531418 1.2291391282564197 1.3549189315742989 0.4904965667699468 0 0 0 0.055642659328795765 
0 0 0 0.5604351265719604 0.9938882529071849 1.036132131117554 0.8728185524949799 0.2990346167502888 0 0 0.4325115471511337 0.6074037240639079 
0 0.04495564013103918 0.13733816849743988 0.4252862837123768 0.588233965565468 0.6584081592243738 0.4018087600076888 0.1985668214671026 0.2581407469781628 0.454133699124146 1.1594711738819232 1.393005733382126 
0.06565728564788692 0.238297424306533 0.1892175223988723 0.08359672036582592 0.2745565983147986 0.09360849052067291 0 0 0.5089044283494097 0.5268143975128817 1.1877114632463472 1.15515881453538 
0.12354874362772508 0.08116419135608693 0.08042007914054658 0.010318834383338915 0 0 0.18260357034787056 0.24717921313717928 0.5607579738977314 0.6125057772758031 0.7961239755789736 0.4925638547498963 
0.023086913427282165 0.10719619588510414 0.07683597850073827 0.0827586370751905 0.1791924549032559 0.2535270139252439 0.25064285810035136 0.14115044076592095 0.31123678484291867 0.36576934034756525 0.4536879421269981 0.1738486630963278 

0.3653006143301699 0.24608314827738267 0.31522065150809897 0.3336217716887392 0.2572392796961456 0.21015233974263814 0.3216514103953537 0.4890670144153244 0.327780340682623 0.3816632142334931 0.4434945857196544 0.7412335466573691 
0 0 0 0 0 0 0 0 0 0 0 0 
0 0 0.5605759689257759 0 0 0 0 0 0 0 0 0.07744005891914112 
0 0.05998204209172281 0.7942920958623934 0 0 0 0 0.36526828529426747 0.4965100209707246 0 0 0.12510421584929998 
0 0 0 0 0 0.13524369842564093 1.100081514467748 0.7025275314652741 0 0 0 0 
0 0 0 0 0.020650753939607303 0.41373985938109015 0.20812391759764312 0 0 0 0.10971386579441367 0.33842765694254867 
0 0 0 0 0 0 0.05306906794714958 0 0 0.04803571663002876 0.6624717742819174 0.8476802446994374 
0 0 0 0 0 0 0 0.31943777125654205 0 0 1.0690692207986647 1.5218252282772011 
0.2403253711197255 0.34542284003345747 0.3488181789684742 0.27711728749879894 0 0 0 0 0 0 0.8235970931690306 1.9761014748256183 
0.1920956896372648 0.2917789473110667 0.18006103355331377 0.185410139989094 0 0.04921836341537859 0.2698179832500712 0.2861707337632011 0 0 0 0.5852175950417822 
0 0 0 0 0.2719765864546161 0.08471302679474257 0 0.2696128192317081 0 0 0 0.04776477319743823 
0 0 0 0 0 0.05348364740442306 0 0 0 0 0 0 

1.2252848762688597 1.1341050646791082 1.0587992670511732 1.0207338801268409 1.0466431275227845 1.0498644006704456 1.0120763308013156 1.176034245092142 1.1239528568380788 1.0380403300517476 0.9192018765434348 1.311316669927615 
1.1313279117208486 0.49886208454620024 0.6092095217607842 0.709536433903116 0.8550278297574297 0.8960367468086186 0.6342623843353284 0.554361183319486 0.5033275613845136 0.6433326015848125 0.5836565866793936 0.7513130303382826 
1.07719058294232 0.76720160910712 0.5688129358846911 0.9734355731005827 1.2838524121562411 1.1853557613996961 0.7446647038227773 0.6347922002003267 0.9717388983185251 0.880579739680766 0.937808300522663 0.9109694569381096 
0.4714368501322333 0.49361777590101474 0.7907231101954679 1.1191733086815476 1.0649013590289558 0.5572899773591552 0.6186069865575416 0.961148547429925 0.9631286625293461 0.9114650069683381 0.7965822556956528 0.8050736693732796 
0.36125667960077884 0.7740407682571825 0.8876297066104331 0.31723908205671786 0 0 0.7480926074987425 1.2065353707133175 0.8484024276003961 0.7306707695386956 0.8480687263083176 0.7713123923546699 
0.7943680317011126 0.8903137922004756 0.40851157155132123 0 0 1.3701802619970096 1.4230217654752613 0.45244497407396606 0 0.48536867365889946 0.9958334471776152 0.9388081159524377 
0.8257560698382087 0.07830631534143101 0 0 0 1.508281941197433 0.6038654547083365 0.1862650336399068 0 0.30484013201292737 1.2235936225050268 1.659770450320794 
0.8554928277832236 0.19531458459920362 0 0 0 0.8596381712419342 0.5432166899533489 0.4676743822964359 0 0.6164127322376644 2.0303536816763126 1.9368604982416815 
1.0266413769047305 1.078923221019625 1.0503475111318328 0.8724674547483278 0.47057169320741554 0.4868699996955616 0 0.2254898040446514 0 0.05281055075740167 1.2211761959129444 1.7755938454663203 
1.041829682683436 1.0108955730962148 0.9771048483208359 0.9804159186953623 0.6981943180166776 0.6391446454811845 0.3914665328730179 0.945426924929124 0.6297717786000321 0.052042898487257655 0.5885961219516148 0.4524591848523565 
1.0647426057449847 0.7504677020802915 0.8370066977704369 0.9051121232664932 0.8835600961191428 1.2352168262861392 0.811939846728796 1.0095705067341405 0.7984895753548495 0.4780144274215481 0.7567639787047867 0.35513138354752977 
0.9278914920309511 0.6371125887593982 0.44733359577873394 0.3938929406614427 0.4867735727961321 0.34548727281288744 0.3601147892756193 0.4505561556235534 0.31385963156323776 0.01673996766627418 0.6847121320255332 0.5755187972690928 

0 0 0 0 0 0 0 0 0 0 0 0 
0.14773870359050126 0 0 0 0 0 0 0 0 0 0 0 
0.24937600809431512 0 0 0.1735508535842865 0.20528097372945053 0.10794712894183055 0 0 0 0 0 0 
0 0 0 0 0.20019023973402544 0 0 0 0 0 0 0 
0 0 0 0 0 0.2598275482960437 0 0 0 0 0 0 
0 0.037334116147805074 0.12191816068160008 0 0 0 0 0 0 0 0 0 
0 0 0 0 0 0 0.16737662527486438 0 0 0 0.19134997143947263 0 
0 0 0 0 0 0 0 0 0 0 0 0 
0 0 0 0 0 0 0 0 0 0 0 0.19992057757850534 
0 0 0 0 0 0 0 0 0 0 0 0.1651988470786311 
0 0 0 0 0 0 0 0.0033264596681573527 0 0 0 0 
0 0 0 0 0 0 0 0 0 0 0 0 

0.3506676370063554 0.36482669197961165 0.41637129937764966 0.39157520888645464 0.3780131881964636 0.37999595310733353 0.4747078403211708 0.37443598661095184 0.3300055293511508 0.35754362870638895 0.4717243623203615 0.26800096454092964 
0.3215930650093277 0.6197075430171134 0.6094059964584231 0.33989246051803934 0.48208900894017215 0.39809986582689416 0.38297603705034367 0.4307425152759331 0.38379319602159906 0.4080910165548104 0.3210631483754478 0.2723950329507871 
0.49659117923913254 0.26084860258595804 0.26496009783234464 0.06047541917434715 0.3207994338598499 0.5215462270766048 0.45367138838703824 0.0692935434193418 0.0544927424718655 0.3621274459971541 0.4232570932091444 0.40856746235348185 
0.4579197101825998 0 0 0 0.19363172460475386 0.24463488162907193 0.0558710000331261 0 0 0.20626159466561322 0.38583257601903476 0.36321356927616166 
0.0541023498613552 0.03910389609468767 0 0 0 0 0 0 0 0 0.15847036772925255 0.33640302790375687 
0.5231474651191532 1.0878000443073268 0.08568877728804503 0 0 0 0 0 0 0 0 0 
0.3322400643082054 0.7768771441196775 0.18427149943399712 0 0 0 0 0.27258202833800654 0 0 0 0 
0.03628816133155258 0.13445978551850657 0 0 0 0 0 0.5070609858755569 0.11160195901778053 0 0 0 
0 0 0.003533138926568192 0.4396333646954688 0.46412110609530977 0 0 0.2133763817839394 0.3138612098104323 0 0 0 
0 0.11662928802769496 0.1871286006931708 0 0.12937173176166628 0 0 0.024706601590105556 0 0 0 0 
0.10605926160586684 0.3246022613066366 0.5054716846243574 0.4514813916368149 0.39897254251824893 0.18597768399684822 0.2214157723047138 0.5049183655130643 0.48215787855561987 0.034567040368942 0 0 
0.3020168898995932 0.29680045975954544 0.5810181426931132 0.5843729432592815 0.37326264532888415 0.6032615640151122 0.6111188812209527 0.45676690007603665 0.4795607217696395 0.719975574313045 0 0 

1.688389254798516 1.7714445276247253 1.9044815082903066 1.9104056018097397 1.857575256238724 1.8058338844797475 1.794144762784722 1.7786820773325933 1.8405636140329205 1.8991995588718051 1.819417076494653 1.8684432375547393 
1.4797059181550163 1.810286344119424 1.9245656149266532 1.7629113745660703 1.6882596327400141 1.6491300546521885 1.8877911051709924 1.9586617715761387 1.971678007931012 1.922753772579435 2.0311224192923025 1.7909602406711254 
1.160105888667106 1.739526939519314 2.3047088634533432 1.8424782715918933 1.1677438548226144 1.4521281547900367 1.8769471774488282 1.9575697524830549 2.0739088447000844 1.935611839115068 1.8652189678699544 1.9596819496264486 
1.3799869114350425 1.9168094262073356 1.9546293041509335 1.575365775453447 1.2752211146102914 0.8424578626795342 1.3957084762158596 2.171546897828944 2.086408341260556 2.0391180375366003 2.0013739777514292 2.0097569992448983 
0.8451707994983227 1.2042170813800501 1.223710760352926 1.5747246830648294 2.1596686749823535 2.2880324972359394 1.384776175329159 1.2201847725327608 1.6965321245005531 1.860708755861321 1.9135088215066058 2.11141937809029 
1.6846400226167368 1.3792397819096154 0.8537795590291162 1.2752943564344346 1.5303462247768989 1.5429578413740406 1.2687409639456513 1.5122723256303785 1.9300906047575417 2.035958846468272 2.1856033213714205 2.1930076136905914 
1.7509209999271258 0.6677355351339829 0.6850350589017971 1.6558161505764302 1.6789756153753985 1.0031402960336364 0.7368231850099145 0.9834698409606432 1.9425833232495298 2.4629671355163336 2.5052851446542284 2.4187748157601288 
1.777359917561235 0.8669279830359597 0.4894156984244854 1.2083087740901586 1.1800063480939493 0.9747291958805462 1.5067844330364666 1.2253449109178924 1.6269357872308725 1.6783109213280543 1.1605075175886093 1.951889206929983 
1.738109982805265 1.9786057043576257 1.8545947890923706 1.5473645069037543 1.1574176041195725 0.9895077306996737 1.6424408600739568 1.8558622013524266 1.6861872825153887 1.1760002233666347 1.3776150456326028 1.6516550572876507 
1.7613565790387051 1.7289164687196885 1.6810383111427016 1.5701779902967472 1.6554817110166649 1.7171352105915172 1.4938564203930638 1.48952920868421 1.2486960857716736 0.9061626619886539 1.5096631349158602 1.9010643755160357 
1.7477401534134918 1.6868734161468686 1.5502899496709397 1.326245509229467 1.3489520029646664 1.503061003800414 1.6800103462614961 1.3326120684581588 1.307412657158542 1.1146123924128641 1.398444837954247 1.9387598603173388 
1.9273049418609813 1.9462412160421336 1.8765539273549567 2.1686494986019995 2.056725926194252 1.8774196534126395 2.0808019922209637 1.6804347942386424 1.451161269771629 1.6001087153658726 1.5489089642911942 1.8501602373404344 

0 0 0 0 0 0 0 0 0 0 0 0 
0 0 0 0 0 0 0 0 0 0 0 0 
0 0 0 0 0 0 0 0 0 0 0 0 
0 0 0 0 0 0 0 0 0 0 0 0 
0 0 0 0 0 0 0 0 0 0 0 0 
0 0 0 0 0 0 0 0 0 0 0 0 
0 0 0 0 0 0 0 0 0 0 0 0 
0 0 0 0 0 0 0 0 0 0 0 0 
0 0 0 0 0 0 0 0 0 0 0 0 
0 0 0 0 0 0 0 0 0 0 0 0 
0 0 0 0 0 0 0 0 0 0 0 0 
0 0 0 0 0 0 0 0 0 0 0 0 

0.09447721920018565 0.05945466835755499 0.21456249627423626 0.2966394265739527 0.28532127990457684 0.23794248420756892 0.1906253450051682 0.06355899444147592 0.11153250295716437 0.2373209813680697 0.3323165264025451 0.0769863196623388 
0 0 0 0.2548517999452881 0.01987684601807463 0 0.0525993970128796 0.01699155686046893 0.1212082156479131 0.15049441902030403 0.35811327929721504 0.2425885093555402 
0 0 0 0.4726265896333282 0 0 0 0.00582706754986391 0.286103401619116 0.23344844057546665 0.1616816305901675 0.28189539903664534 
0.8678713571410571 0 0 0.21196115759092576 0 0 0 0 0.3303894437496203 0.32794394188778575 0.2212431430786334 0.22950062756530812 
0.983067749865008 0 0 0 1.0499659187990344 0.0651822346354532 0 0 0 0 0.22742634848984367 0.1427367723501161 
0.42751989026214443 0 0 0 0 0 0 0 0 0.08364424192461012 0.1785584490207483 0.5816459428079113 
0.4697074914240148 0.5743624150882165 0 0 0 0 0 0 0 0.6641371138281372 0.7225722883903406 0 
0.6020026804101546 0.7208827062648339 0.5660618117389735 0 0 0 0 0 0.0832328130516031 0.2965643486385451 0 0 
0.42589411595541576 0.34476588112313905 0.35572737271112526 0.29409628515444375 0.15656743380047344 0 0 0 0.5603545012561228 0 0 0 
0.31560356624102764 0.07030626474387974 0.03173664598072848 0.26899314202544056 0.29579295239542075 0.17458609458524826 0.29164493361378424 0 0.3194004659734813 0 0 0 
0.08181419126192233 0 0 0 0 0 0 0 0 0 0 0 
0.37209202613910064 0.315190888332128 0.37869519642613225 0.017398254320389703 0 0 0.07317050619656429 0.16684998383924332 0 0 0 0 

0.25400110501431805 0.2647463578474094 0.24230434192832195 0.22058871220107526 0.24410266589113977 0.2681173128442296 0.17674170860626948 0.15690793375166034 0.2290982903000937 0.23263526108147303 0.06653163271526984 0.13874238733886374 
0.26268897767968635 0.21440086604331118 0.0429240340462275 0.026006235567024156 0.14744393309443804 0.46918042037290436 0.30817505788514843 0 0 0 0.12467287830296808 0 
0.5700893447966173 0.4944479781623858 0.5959756062518398 0.34987552756247636 0.6630547764770726 0.8377559390625317 0.3936096823235425 0.5286280947440815 0.010569287531276034 0.19621461072900032 0.4325478141304358 0.3788566670661192 
0 0 0.31359821324585746 0.49938532845586836 0 0 0 1.0521997307711641 0.4195778091281956 0.09363422329857973 0.2933700427099878 0.30636361930057865 
0 0 0 0.02193556423259125 0 0 0 0.5201534063591832 0.11101985544502214 0 0 0.13278819019182672 
0.429258293023248 0 0 0 0 0 0 0 0 0 0.42601872259269674 0.14335239062833766 
0.5644276496488372 0 0 0 0 0 0 0 0 0.09444894060607512 0 0 
0.12464693781050303 0 0 0 0 0 0 0 0 0 0 0 
0 0 0.14964694200662124 0.16624277700274837 0 0 0 0 0 0 0 0 
0.036809381463656934 0 0.13326635492959962 0 0 0 0 0 0.022377586697356275 0 0 0 
0.31345080451434404 0 0 0 0.08651159243080676 0 0 0 0 0.17717210754706564 0 0 
0.28548321681863265 0.05168618049350065 0 0 0 0 0 0 0 0 0 0.050927990408210666 

0 0 0 0 0 0 0 0 0 0 0 0 
0 0 0 0.27170189936443523 0.15054199778611183 0.007933611671954 0.016068314294442894 0 0.11984494463591747 0.17555974024847354 0.3779497961688998 0.16886707564059372 
0 0 0.1315980211056818 0.05741890000555583 0 0 0 0.20209088133658193 0.22619686799654537 0.13074197405156335 0.15029697060418246 0.2757243610744749 
0 0 0.0814268307090793 0 0 0 0 0.34886673130513113 0.33265452915874477 0.022662776164597997 0 0.1078917674593351 
0.5575100306446148 0.09282120641996877 0.03310904406571319 0.0018701629589170654 0.30158830972802897 0 0 0 0.025028137007315737 0.267294002064675 0.3569071529851458 0.3889860237992424 
0 0 0 0 1.0873799216683515 0.8079553295994296 0 0 0 0.28152811814370715 0.1930926700762766 0.21952586151937142 
0 0.0035742579369283656 0.227243920157195 0.5706474961085977 1.3551300824734847 0 0 0 1.0483024084657768 1.4705917946328124 0.9273368773385102 0.058507944290325395 
0.4363548855318246 0.9562336034048751 1.6881214501708741 1.8192402714358298 1.5510095271112958 0 0 0 0.1789021643760956 1.6627894382563695 0.900106399599973 0.15060545777930587 
0.46158803674017157 0.38819696694354927 0.14439430920669596 0.021103717621422668 0 0 0 0 0.9804271085425025 1.2927889475279248 0 0 
0.20722539513637692 0 0 0.03684948834615102 0.14021995790133335 0.23692006485277872 0.05771157354620081 0.1329292069114676 1.092966989718858 1.8328975415238604 0.3280080248520133 0 
0.11699894421084811 0 0 0 0 0 0 0 0 0.46455360013575037 0.6233485100667561 0.31531085230590167 
0.23365547348530044 0.022260850410272592 0 0 0 0 0 0 0 0.13789146591317097 0.3482727288655587 0.5117275923245889 

0.8723115253084879 0.30885793662138844 0.47874698503404056 0.5736377161684875 0.6477810024374206 0.6440424912249301 0.7633904724274458 0.6411810065321607 0.4093178212926944 0.5151922741070525 0.842282263551562 0.5812074550889321 
0.5437680835805466 0.018320466236217713 0.12930351427719103 0.38769328443455453 0.5623111338301938 0.42441601770683535 0 0.06793141895351934 0.1832747739666183 0.20806160036220034 0 0.32427110027150285 
1.0214091246875372 0.4412347377894207 0.6300250369458201 1.2060568788428125 1.2579654756433722 0.30900005692231747 0.07469074511683282 0.36356240774097653 0.33327765538408083 0.4051982540248033 0.42552063843168697 0.4009786070286485 
1.00035503477949 1.0205881793017304 0.6424310784596171 0.6863016173595144 0.5998704691905608 0.2846353497016473 0.5463510076083901 0.4365680913109001 0.24519854343274486 0.33718715696669155 0.45107172308752985 0.42674727294992393 
0.5335897430796634 0.9141572724484329 0.033205956202063125 0 0.4213524932892456 1.408593439092196 1.3174659687832542 0.1327876859378996 0 0.049124301886352854 0.14741566069771608 0.22233276493911702 
0.6481283302883447 0.830944253505784 0.3695104545825484 0 0 0 0 0 0 0.8278051752167551 1.0476539491066381 0.2069339746479175 
0.18861791258447735 0 0 0 0 0.04625355391936378 0 0 0.38054650829457914 1.5298385600740043 0.8881232866563668 0.18393382117669857 
0.653255792045851 0.24708284409993617 0 0 0 0.37882777136831236 0 0.11774701332260165 0.7588270090301705 1.0956512583578708 0.8700095826010831 0.29482111074239786 
0.9038123175443403 0.47159656497089647 0.6126173375022794 0.7487917316662717 0.21880893515623928 0 0 0.15631384713992946 0.20656765422531398 0.5148666561853176 0.607800816510807 0 
0.6427869670050343 0.6778796198044228 0.6853826983895837 0.2642128965414407 0.4981110929040246 0.7302152523099378 0.643343649649503 0.8517042377166393 0 0 0 0 
0.6020551043555241 0.47451935218115415 0.4420055335398747 0.7681715775785039 0.4774720209499338 0.043433690950606244 0.010802331936678483 0.7974836366918812 0.14084029020612 0 0.001739370671010914 0 
0.4527785784409226 0.17192666191757588 0.46922499596611883 0.24111282669048845 0 0.2853688729136088 0.2559473895499419 0.20590670520644438 0.17654444410655715 0.06599346150856175 0.07646167510909838 0.11336900171636682 

0 0.5320795620482996 0.17810970971920378 0.1164521799804789 0.07151410553013146 0.09999984986288414 0.17376600335991133 0.39224233808360615 0.4812093011381704 0.1592797614386538 0.1482956285335756 0.30274832834975124 
0 0 0 0 0 0 0 0 0 0 0 0.049579130821504516 
0.6059216245912821 0.6504236495472028 0.02475835996554034 0 0.27854968188724055 0.8147090289798454 0.4027660104314726 0 0 0 0 0 
1.243883185518593 0.7860507639275925 0 0.4044614327332797 1.1364345774516047 2.053477310414679 1.66003517414539 0 0 0.03222555768176479 0 0 
0.3784322122868629 0.6133328976958183 0.8743885812667286 1.3973740352856463 2.120996687179746 1.0765096988137783 1.0524738082507359 0.774979299164462 1.0351132529509743 0.08944471365589585 0 0 
0 0.8793607561592769 1.6736948899531672 0.041493313601599996 0 0 3.190376529913394 2.2344205439271363 0.7627936603166269 0.37869884786796076 0 0 
0 0.8561781930653555 0.8292859870973677 0.535241856734969 0 0 1.2719550199607517 1.2940104542755912 1.2345579574503533 0 0 0 
0 0 0.20398771322357787 1.3745790804971056 0.15226196504176193 0.4105065645757845 1.2036431649711505 1.565320426247507 1.0902840413880486 0.12616969956367455 0.5693664605632474 0.08276968585900832 
0 0.28188773063015227 0.13296305331284552 0 0.48392147427007604 0.7100716281552863 1.1069935681506637 0.23054488472194715 0 0 0.38495925234147493 1.8853673591503146 
0 0.34275600889905095 0.10311449916298634 0.5278261232258036 0.42682890097234916 0 0.46675491581488693 0.5911089807254571 0 0 0 1.2677746374055645 
0 0 0.4853810871246146 0.5285339497883071 0.22006996726740416 0.851524400794824 0.5561425589263743 0.9485203576286332 0.9705141361856878 0.3042689909658597 0 0.043003118168014595 
0 0.05107688890205761 0.00021827895184733936 0.033846942149244996 0.24482082744960781 0.30957533118050745 0 0 0.5889102516589974 0.39468064880701503 0.28722960307261514 0 

0 0 0 0 0 0 0 0 0 0 0 0 
0 0 0 0 0 0 0 0 0 0 0 0 
0 0 0 0 0 0 0 0 0 0 0 0 
0 0 0 0 0 0 0 0 0 0 0 0 
0 0 0 0 0 0 0 0 0 0 0 0 
0 0 0 0 0 0 0 0 0.010812456829041632 0 0 0 
0 0 0 0 0 0.5873611622142278 0.8064986403185469 0 0 0 0 0 
0 0 0 0 0 0.28582267966236935 0.3593634226538323 0 0 0 0 0 
0 0 0 0 0 0 0.14446759028203152 0 0 0 0.17163377823652318 0 
0 0 0 0 0 0 0 0 0 0 0.882110517020954 0.5908231828877899 
0 0 0 0 0 0 0 0 0 0 0.33554849618437343 0.40581206536628167 
0 0 0 0 0 0 0 0 0 0 0 0.025336271501022373 

0.18746975190813853 0.398355708334534 0.3460171554416856 0.25607057136930755 0.21752526573318945 0.2701533368959464 0.3158887389301938 0.22523887685603966 0.34647991822123325 0.2673789277731426 0.2874648906889795 0.04965019607617972 
0.20568249657731516 0.38874543892960567 0.34237016030949574 0.14076349860413537 0.30787892084591817 0.2779023813342478 0.09848689130179926 0.18548970628262298 0.11743314472157564 0.13596927135624373 0 0.15551986505413912 
0.5393925102661007 0.9171267465484592 0.5890827388170694 0.35392518152369334 0.8199564296848085 1.1641568947258398 0.8445678155782123 0.3312955958942461 0.6515799630434026 0.5989392833164905 0.48547450709855555 0.4507263288414849 
0.39943788659779167 0.24058179216863948 0 0.09729866090348008 0.7092642638904688 1.227949536680405 1.2036129723256668 0.3825744970159858 0.3487963998477059 0.575767831829293 0.4386413570875959 0.3791842576643224 
0.17857836574704491 0 0 0.18010196428896919 0.11393217709607983 0.6546089353332522 0.5071242258882804 0 0.05709458564693933 0.6592282063520217 0.7332453933652603 0.5290442946680939 
0 0 0 0 0 0 0.1443376980404787 0 0 0.1264964904648762 0.3288514442227509 0.6649167774015077 
0 0.10362172701579302 0 0 0 0 0 0.028937056688981343 0 0 0 0.7706443253622147 
0.19254530610330345 0.5129712196077292 0 0 0 0 0 0.2012606460507445 0 0 0 0.5593078676456578 
0.17557929054850566 0.2258830342068315 0.028869992671745733 0 0 0 0 0.129772140033056 0 0 0 0 
0 0.09751083934883903 0 0 0.02376142238711776 0 0 0.09584122418050503 0 0 0 0 
0 0 0.03400734869838246 0.47361712452071014 0.36263827358460965 0.3255065605087164 0.014020187030057672 0.2684095221625802 0 0 0 0 
0 0.0520027762113423 0.10676278519428109 0 0 0 0 0 0 0 0 0 

0 0 0 0 0 0 0 0 0 0 0 0 
0 0 0 0 0 0 0 0 0 0 0 0 
0 0 0 0 0 0 0 0 0 0 0 0 
0 0 0 0 0 0 0 0 0 0 0 0 
0 0.26515189413143014 0 0 0 0 0 0 0 0 0 0 
0 0.5199662720100365 0 0 0 0 0 0 0 0 0 0 
0 0 0 0 0 0 0.4001834160643022 0 0 0 0 0 
0 0 0 0 0 0 0 0.08391491916594264 0 0 0 0 
0 0 0 0 0 0 0 0 0 0 0 0 
0 0 0 0 0 0 0 0 0 0 0 0.5436225358307198 
0 0 0.039433982509372634 0.08891854126963639 0 0 0 0.10123335835399899 0 0 0 0 
0 0 0 0 0 0 0 0 0 0 0 0 

0 0 0 0 0 0 0.027608627507112495 0 0 0 0.266860680240322 0 
0.2663159764043085 0 0 0.2618144804690609 0.1424779319243662 0 0 0 0.17429425308898996 0.14340998557860773 0.49145918827691165 0.2604724149584866 
0 0 0 0 0 0 0 0 0 0 0 0 
0.2674219775407541 0 0 0 0 0 0 0 0 0 0 0 
0.7938418726704556 0.6487652428552751 0 0 0 0 0 0 0 0 0 0 
0.9829803474760035 1.0555075996581134 0 0 0 0 0.23176524271075413 0 0 0 0 0 
0.3674319596469655 1.0149753766998573 0.3040304501535685 0.8506612016950768 2.1605648337009264 0.7861132026109978 0.7277799237373322 0 0 0 0 0 
0 0.13634798746397098 0.2833583416163069 1.4228817550736648 1.932454210982982 0.11567681495802645 0.15891739562918972 0 0.4038790509045798 0.2158512302098172 0 0 
0 0 0.05633077033733353 0.4050417209932196 0.9267529147446941 0.43688053970355406 0.23014608884597168 0 1.7819250516445726 1.6957522061170973 0.15833825629931791 0 
0.32030991088258026 0.20799437230509568 0.04606158624712743 0 0.19425272372656258 0 0.029995044686556012 0 0.9996276397603115 1.6078245536877351 0.8712165839856568 0 
0.23703413249558616 0.24705337605695274 0.2745937129599306 0.010039600887818384 0 0 0.24871033486956684 0.18146469283291983 0.2620029598620575 0.8319863931540845 0.5631538676413694 0 
0.05652663918938465 0.1954129760429096 0.36027118168884187 0.367961400719848 0.34194958581953405 0.3265917160618049 0.4923256343849078 0.5709899539557458 0.4036739151882468 0.5986005573694059 0.5147678760049327 0 

0 0 0 0 0 0 0 0 0 0 0 0 
0 0 0 0 0 0 0 0 0 0 0 0 
0 0 0 0 0 0 0 0 0 0 0 0 
0 0 0 0 0 0 0 0 0 0 0 0 
0 0 0 0.10513391174588622 0.3746142862932385 0 0 0 0 0 0 0 
0 0 0.18397764472898676 1.2788603737721382 1.07698787020528 0 0 0 0 0 0 0 
0 0 0 0.2833476267470767 0 0 0 0 0 0.183855093728668 0 0 
0 0 0 0 0 0 0 0 0.0360521242485115 0.8783982693736937 0 0 
0 0 0 0 0 0 0 0 0.21646532339545582 0.4004785689959987 0 0 
0 0 0 0 0 0 0 0 0 0 0 0 
0 0 0 0 0 0 0 0 0 0 0 0 
0 0 0 0 0 0 0 0 0 0 0 0 

0 0 0 0 0 0 0 0 0 0 0 0 
0 0 0 0 0 0 0 0 0 0 0 0 
0 0 0 0 0 0 0 0 0 0 0 0 
0 0 0 0 0 0 0 0 0 0 0 0 
0 0 0 0.5700044873097595 0.6101916703946371 0 0.23975353310947523 1.0730055755519787 0.06725667897831206 0 0 0 
0 0 0.7588010135778267 0.20211842001695002 0 0 1.2417776658956785 2.199988265885518 0.27465762555834716 0 0 0 
0 0.991988809513263 1.1168211676247053 0 0 0 0.7166376234693522 1.4531354820389597 0.3058897940448511 0 0 0 
0 0.2122386945660738 0.2065462281022178 0 0 0.09298327731666861 0.3224121393237004 0.7686117865989258 0.17210895807189125 0.1204903124765817 0 0 
0 0 0 0 0 0.6447415604835371 0.4870949287629159 0.14602926628457386 0 0.5089868000572396 0 0.8975297551846146 
0 0 0 0.04286938487717047 0 0 0 0 0.1856769536411076 0.17935261690891477 0.02133964491073545 0.5988170977306911 
0 0 0 0 0 0 0 0 0.3433984481459672 0 0 0 
0 0 0 0 0 0 0 0.09691984467168588 0.20092321081579176 0 0 0 

0 0 0 0 0 0 0 0 0 0 0 0 
0 0 0 0 0 0 0 0 0 0 0 0 
0 0 0 0 0 0 0 0 0 0 0 0 
0 0 0 0 0 0 0 0 0 0 0 0 
0 0 0 0 0 0 0 0 0 0 0 0 
0 0 0 0 0 0 0 0 0 0 0 0 
0 0 0 0 0 0 0 0 0 0 0 0 
0 0 0 0 0 0 0 0 0 0 0 0 
0 0 0 0 0 0 0 0 0 0 0 0 
0 0 0 0 0 0 0 0 0 0 0 0 
0 0 0 0 0 0 0 0 0 0 0 0 
0 0 0 0 0 0 0 0 0 0 0 0 

0 0 0 0 0 0 0 0 0 0 0 0 
0 0 0 0 0 0 0 0 0 0 0 0 
0 0 0 0 0 0 0 0 0 0 0 0 
0 0 0 0 0 0 0 0 0 0 0 0 
0 0 0 0.007800592844885851 0 0 0 0 0 0 0 0 
0 0.1202621880043433 0.058180975586208106 0 0.3727910811252718 0.336193878972582 0.4517666999909227 0 0 0 0 0 
0 0 0 0 0 0.3283149437750684 0.5599215595884759 0 0 0 0.03443116289235747 0 
0 0 0 0 0 0 0.0702014473590714 0 0 0 0.056972793241386654 0 
0 0 0 0 0 0 0 0 0 0.32142810032295827 0.47630582647907127 0.5298884796696176 
0 0 0 0 0 0 0 0 0 0 0.5282749479414144 0.798958689931891 
0 0 0 0 0 0 0 0 0 0 0 0.1498945336444067 
0 0 0 0 0 0 0 0 0 0 0 0 

0.2213578758034921 0.3951518676733008 0.4135779766618344 0.404434573736288 0.35390624594470155 0.3349829944546186 0.34958161248381064 0.36722996118485446 0.42863743859090625 0.4181286390685882 0.39452308869916847 0.3093028988225161 
0.06893461839671151 0.46523882601430994 0.5668481509977746 0.44789858075130695 0.4775080889624592 0.2795213490309536 0.26149485855307136 0.557600637752708 0.45745437073406303 0.4146220904186022 0.2594994060019556 0.4718590058153542 
0.04932022964888315 0.6617724138220676 1.0468151295158072 0.6801830126334125 0.3528124138248236 0.5424769515675467 0.5627725143774425 0.5326848061091801 0.5896964765468229 0.4430648981458401 0.38607249101964464 0.4490359957027776 
0.3617178728709293 0.6368070326149734 0.7330414202495459 0.13886968094328594 0.1356318488156118 1.0459382973578757 1.0344937512305215 0.9278846779981846 0.6954942440357573 0.5268479855514319 0.4098127287587426 0.4797781301531079 
0.2444259607711182 0 0 0.20637656528097717 1.143173842441697 1.9567090905748652 1.158930998862811 0.08757466100671932 0.3671927112426847 0.5460792696910567 0.4066417207026582 0.4796354514187813 
0.07907332333510929 0 0 0.10257422592957133 0.43445352816801563 0.604093820946103 0.28152182593721653 0.13211567669283142 0.2598889290370928 0.5508502353422485 0.6764216229176601 0.7337319508783935 
0.037683881722695795 0 0 0 0 0.29222245878190023 1.060424691270719 0.6474325076557865 0.21433051543336182 0.6010060259090919 1.1530876374979926 1.1969185365879402 
0.4396228486505583 0.17492702576254668 0 0 0 0 0.46409134681560404 0.5734445148446773 0 0 1.1256852862159106 1.031311306529741 
0.45994996318099385 0.6104674916378948 0.638221050933297 0.05773174059531492 0 0 0.5893027571261324 0.8131867770806706 0 0 0.2391034777197577 1.0801203286662215 
0.3602242874420776 0.6670168438306517 0.5140484851131271 0.703646754225076 0.8292339278533059 0.6846369678074566 0.8037563269863385 0.7514565300622063 0 0 0 0.9714406882435896 
0.20506452359390964 0.32839830800170644 0.33255949522367934 0.5702826514039273 0.5520435484426206 0.364169014321027 0.3830417401712383 0.6249516214294711 0 0 0 0.637035498715268 
0.12736893800549587 0.3829842312724805 0.2896440712599952 0.21502066182570828 0.44333043673271694 0.5684546691448403 0.362584810344146 0.38299294117748295 0 0 0 0.20345688145501978 

0 0 0 0 0 0 0 0 0 0 0 0 
0 0 0 0 0 0 0 0 0 0 0 0 
0 0 0 0 0 0 0 0 0 0 0 0 
0 0 0 0 0 0 0 0 0 0 0 0 
0 0 0 0 0 0 0 0 0 0 0 0 
0 0 0 0 0.594016405517231 0.5849528615739765 0.0330594393102952 0 0 0 0 0 
0 0 0 0 0 0 0 0 0 0 0 0 
0 0 0 0 0 0 0 0 0 0 0.07943075395309034 0.3264453784057543 
0 0 0 0 0 0 0 0 0 0 0 0.2125511312242056 
0 0 0 0 0 0 0 0 0 0 0 0 
0 0 0 0 0 0 0 0 0 0 0 0 
0 0 0 0 0 0 0 0 0 0 0 0 

0.5498253492343241 0.1737425346833651 0.1921532295405246 0.3825581602654473 0.5114398701375245 0.4421387516315626 0.2920385419375869 0.40369668827439104 0.3178978937184344 0.3085511197416805 0.34644468265462036 0.55556947972015 
0.5629076655201578 0 0 0.3140621918336417 0.4017061460303468 0.28029030528865967 0 0 0.13790560616129321 0.2718314116458112 0.24160224023715052 0.22330397772184357 
0.8791392643495333 0 0 0.5677907193127453 0.3682659949945654 0 0 0 0 0.1749639946911254 0.16856441740872613 0.12286815503452614 
0.7539082177081599 1.2574361893687478 0.6965479834343972 0.1779113240969286 0 0 0 0 0 0.04062460963814247 0.39727337819486996 0.341342616010614 
0.5423695311653635 1.2455478745512045 0 0 0 1.5423496416021574 0.9583520019656436 0.5404357606785051 0 0 0.1525964211983458 0.29989200157957996 
0.44510904202350554 0 0 0 0 0 0 0.48080561396672183 0 0 0.19811696888817024 0 
0.321958669087813 0 0 0 0 0 0 0 0 0 0.029128934878445797 0 
0.7196764073957551 0 0.13829245283716626 0.5504500289717573 0 0 0 0.03491505064355378 0 0 0 0 
0.7548016155796329 0.730644746738432 0.6327078351429473 0.14929988288309531 0.017616534049322813 0.10173049278897534 0.07008206156450322 0.7142815864173337 0 0 0 0 
0.4582009637061314 0.2838021860129297 0.5461586270451273 0.24702806039174147 0.4321618468024365 0.6150175581743479 0.5185673239884689 1.1064109435705523 0 0 0 0 
0.5034705185751506 0.08651244819175721 0.42403973066266365 0.2637787671703462 0 0.09089838845892625 0.3518416084910943 0.18957184595705287 0 0 0 0 
0.5232813049154357 0.35991767186193474 0.4049064255865639 0.6424550557453382 0.5207156245911748 0.34023191372915335 0.3806869678857723 0.20209036370633435 0.15893727551180456 0.22039991863361488 0.0007018959830346339 0.2791163867108329 

0.3451697359470521 0.0841472398082305 0.3491276748690397 0.3480717688213656 0.35000138612191894 0.3434052661471068 0.48769909069349343 0.18269667516338364 0.030035634674477906 0.2470610975630683 0.6163457820134649 0 
0.28511770146117743 0.2291989216503394 0.3856047748341394 0.4506162570460684 0.4876556872068353 0.3523696664014683 0.3543189481531667 0.5061649952012086 0.37794815581002283 0.3010870401008199 0.5902351492286854 0.29101553335994734 
0.54376107269658 0 0 0.6167970817416313 0.12885110931289992 0 0 0.06299164352568186 0.23776556085898076 0.1759732920769247 0.3085932880316462 0.3249251060888457 
1.1483909417395954 0 0 0.687951484359968 0.33191627117316125 0 0 0 0 0.12464485380472143 0.08535986770779508 0.05613749122493508 
1.4454036153220893 0 0 1.0555124318861069 1.1659601559273713 0 0 0 0 0.2439851522053491 0 0 
1.128067670317001 1.0770513059605926 0.6338910883697113 0 0.8989385167281475 0.16809861957814662 0 0 0 0.28336392038016384 0.10786186975656621 0 
0.8361362881949843 1.2605322405030042 1.4556525826184123 0 0 0.7764584476190585 0 0 0.09736224680005882 0.8639623752560647 0.015927084852644047 0 
0.5073950534994514 0.47415186253615843 0.9063496271453246 0 0.45186750888590943 0.7281827544526933 0 0 0.6539291111799599 1.3181147241810327 0 0 
0.49773577446247363 0 0.0471109914877542 0.5372789475991482 0.9574437332708192 0.25551370284581676 0 0 0.9639267877302531 2.2238474432153676 0.5967827512353997 0 
0.6018120972089431 0.3439884314241825 0.20072381027255431 0.03949700225039217 0.31021104557095136 0.1651248534957032 0.07493982443353689 0 0.15562910879075995 1.8970067492590035 0.9747992180490094 0 
0.5620917699389936 0.5777806016655892 0.4160520747676089 0.0645764642110681 0.20692622367712363 0 0.04768374888231791 0.28435235911920653 0.05992474571899892 0.5106567635956427 0.5572165504982197 0.4721161908737483 
0.5034722435822402 0.33669459649348554 0.7097000718165343 0.20481365828980314 0 0 0.5230227915447525 0.48681351750119767 0.05771599000853405 0.20762804868822332 0.33411599928289915 0.283883411119654 

0 0 0 0 0 0 0 0 0 0 0 0 
0 0.07042557633186718 0 0 0.060227919146623704 0.05981845210301015 0.2270072643995703 0.10266388456092701 0 0 0.061810157697308465 0 
0 0 0.168388812533238 0.2388014997632444 0.33493945494551947 0.3930968441580734 0.10755470394166974 0 0 0 0 0 
0 0 0.02652232714203301 0.6990592718115358 0.7010843155028157 0.5829782331919573 0.6497322844094391 0.632590353770151 0 0 0 0 
0.35534008161846853 0.9937666630679871 1.6134639724877244 2.0982793634682193 1.5426468272331777 1.3275276493859651 0.8929158307778577 0.1532488295237887 0 0 0 0 
0.47032948887423237 1.4588395585349587 1.2051243991201281 1.1891635594290197 2.1095479995434 2.6550458479710874 2.1297194792459506 0.7507274623251621 0 0 0 0 
0.05514311304168577 0.9049394409188398 0.46460726291898513 0 1.6573185686017486 2.303128850467913 1.991649390978848 1.04706739165519 0.45390292858142256 0.6343751497116171 0.654948105357864 0.020496784053116175 
0 0.05801813823464242 0.3892592640163459 0.40512513439510495 1.6087221120055082 0.9835051239902632 0.48530909199800154 0.06321077097685139 0.4877557288555463 1.467244211136099 1.7837186913758099 0.4231934784233684 
0 0 0 0.11618230768031852 0.6378211888913128 0.5697092181708188 0.5312282167532457 0.29125553665800136 0.9430230898330572 1.8476107054986286 1.8257328872077327 0.022558845330081314 
0 0 0 0.07915013533917425 0.37137272085844975 0.007366254454867861 0 0.036529040251462114 0.8098126838154966 2.2346868549576713 1.9108188490263436 0.23466248186433342 
0 0 0.104073144803943 0.05228050526434336 0.4220676148547273 0.1575701261849645 0.49626307159174154 0.53591492806804 0.23762553641689182 0.9367533010019136 0.30721850673348433 0 
0 0 0 0 0 0 0 0.055417211458558824 0 0.08382234359782643 0 0 

0 0 0 0 0 0 0 0 0 0 0 0 
0 0 0 0 0 0 0 0 0 0 0 0 
0 0 0.41092675673966494 0 0 0 0 0 0 0 0 0 
0 0 0.9575223689029272 0 0 0 0 0.3842191821263879 0.33740959567186213 0 0 0 
0 0 0 0 0 0 0 0.42827493482791434 0.3120754022690166 0 0 0 
0 0 0 0 0 0 0 0 0.07575380684997672 0 0 0 
0 0 0 0 0 0 0 0 0 0 0 0.2740627884326464 
0 0 0 0 0 0 0 0 0 0 0 0.7520945028965444 
0 0 0 0 0 0 0 0 0 0 0 0.4321684101926303 
0 0 0 0 0 0 0 0 0 0 0 0 
0 0 0 0 0 0 0 0 0 0 0 0 
0 0 0 0 0 0 0 0 0 0 0 0 

0.17414735959190739 0 0.046379464085618424 0.11005551569834819 0.14246135531463805 0.16144702833226746 0.2458283672202803 0.06786893723918383 0 0.06975390635540245 0.37529891335417126 0 
0.04279096683058898 0 0 0.06278773412535561 0 0 0 0 0 0.0388529837191164 0.04570948840930396 0 
0.2407125267708154 0 0 0 0 0 0 0 0 0 0.05568596756841005 0.02910348475049832 
0.5216255019105032 0.41322498738390573 0 0 0 0 0 0 0 0 0.07188762718975161 0.08933898169717565 
0.8743112069416513 0.4748575276031658 0 0 0 0 0 0 0 0 0 0.008376208815574139 
0.42978401488460993 0 0 0 0 0 0 0 0 0 0 0 
0.1420452926914696 0 0 0 0 0 0 0 0 0 0 0 
0.26802782850952583 0.1360486865815428 0.4723839462742687 0.34832008464105296 0 0 0 0 0.021953756193957993 0 0 0 
0.24310103931750612 0 0.0020580279552336288 0 0.05802300932071017 0.10485463238114953 0.2952386513178431 0 0 0 0 0 
0 0 0.028537604357554626 0 0 0 0.2022007849820081 0 0 0 0 0 
0 0 0.0789527321997961 0.20098100282321635 0.002858577589484001 0 0.053642672531272785 0 0 0 0 0 
0.07200760288289682 0.059639237944971585 0.19146127755524475 0.1734319349169233 0.030463183247800493 0 0.1299452829577686 0.11429812513509356 0.2380658965950738 0.019048412609237196 0.12714164632643804 0 

0 0 0 0 0 0 0 0 0 0 0 0 
0 0 0 0 0 0 0 0 0 0 0 0 
0.07610006785341694 0 0 0 0 0 0 0 0 0 0 0 
0 0 0 0 0.3761365991996469 0 0 0 0 0 0 0 
0 0 0 0 0 0 0 0 0 0 0 0 
0 0.11664140859767502 0.344062165987134 0 0 0 0 0 0 0 0 0 
0 0.2184413233971739 0 0 0 0 0 0 0 0 0 0 
0 0 0 0 0 0 0 0 0 0 0 0 
0 0 0 0 0 0 0 0 0 0 0 0 
0 0 0 0 0 0 0 0 0 0 0 0 
0 0 0 0 0 0 0 0 0 0 0 0 
0 0 0 0 0 0 0 0 0 0 0 0 

0 0 0 0 0 0 0 0 0 0 0 0 
0 0 0 0 0 0 0 0 0 0 0 0 
0 0 0 0 0 0 0 0 0 0 0 0 
0 0 0 0 0 0 0 0 0 0 0 0 
0 0 0 0 0 0 0 0 0 0 0 0 
0 0 0 0 0 0 0 0 0 0 0 0 
0 0 0 0 0 0 0 0 0 0 0 0 
0 0 0 0 0 0 0 0 0 0 0 0 
0 0 0 0 0 0 0 0 0 0 0 0 
0 0 0 0 0 0 0 0 0 0 0 0 
0 0 0 0 0 0 0 0 0 0 0 0 
0 0 0 0 0 0 0 0 0 0 0 0 

0 0 0 0 0 0 0 0 0 0 0 0 
0 0 0 0 0 0 0 0 0 0 0 0 
0.07718340291862169 0 0 0 0 0 0 0 0 0 0 0 
0 0 0 0 0 0 0 0 0 0 0 0 
0 0 0 0 0 0 0 0 0 0 0 0 
0 0 0 0 0 0 0 0 0 0 0 0 
0 0 0 0 0 0 0 0 0 0 0 0 
0 0 0 0 0 0 0 0 0 0 0 0 
0 0 0 0 0 0 0 0 0 0 0 0 
0 0 0 0 0 0 0 0 0 0 0 0 
0 0 0 0 0 0 0 0 0 0 0 0 
0 0 0 0 0 0 0 0 0 0 0 0 

