0.05856386514978845 0 0 0 0 0 
0.7387852059246042 0.4534487003830806 0.7757879226615998 1.0666093934746739 0.8008910000564223 0.8017927485427054 
0.6649054964856655 0.3902244863116118 0.6864206476088378 1.2189668503586653 1.1900171598158145 1.2380132211088555 
0.4868761482279787 0 0.17739972732121626 0.6544218947823007 0.6177640697588042 0.7994226851931928 
0.9454536742246844 0.4909099679083428 0.4486473135729676 0.6479804961732256 0.7417212702368521 0.48624564573918116 
1.8882130086209892 1.9464980344613327 1.799661971535218 1.9971796456267514 2.00989341487144 1.5052821746575509 

0 0 0 0 0 0 
0 0 0 0 0 0 
0 0 0 0 0 0 
0 0 0 0 0 0 
0 0 0 0 0 0 
0 0 0 0 0 0 

0.26119445745381936 1.9035303074569832 2.036244482842296 2.0521439645563415 1.9049279984682717 2.1244485944673284 
0 1.754356867463755 1.932162163988592 2.012003825399699 1.6694783869917393 2.2526556795392922 
0.12478573894598567 2.6377854709858317 2.7955474504889564 2.1746566146469357 1.7115909550169723 2.118029081177706 
0.1793425030206406 2.787216257337557 3.0051342972655766 2.7753943692369187 2.3986827611155017 2.1915836549672494 
0 2.0333894590685544 1.9446574140975865 1.9060316786560474 1.4046833292644358 1.5756077500778254 
0 0.6047684735972253 0.5970210231955682 0.7006198068017725 0.45451258153759655 1.0883107627888065 

0.012733985780476603 0 0 0.05580126435108831 0.07650367523461425 0.04502674301432792 
0.14931493966640697 0 0 0 0 0 
0.2587719659616184 0.17115071603747917 0 0 0 0 
0.043882898581896077 0.020351794092458395 0.21920350752755774 0.021995542610360075 0.1356189500932302 0 
0 0 0 0 0 0 
0 0 0 0 0 0 

0 0 0 0.08169211633731656 0 0 
0.47812051459514776 0 0 0 0 0 
0.5229396157646111 0.1848820201631923 0.5863836776270015 0.2632147339534868 0 0 
0.2264028145572806 0 0.20661328758251224 0.00928516929453349 0 0 
0 0 0 0 0 0 
0 0 0 0 0 0 

0 0 0 0 0 0.1671594067410959 
0 0 0 0 0 0 
0 0 0 0 0.3208696617938574 0 
0 0 0 0 0 0 
0 0 0 0 0 0 
0.23071177562416958 0 0 0 0 0.02905211775688441 

0 0 0 0 0 0 
0 0 0 0 0 0 
0 0 0 0 0 0 
0 0 0 0 0 0 
0 0 0 0 0 0 
0 0 0 0 0 0 

1.2796739387803424 1.5954855599447106 1.6178746193985245 1.6459045885610895 1.6679919700665191 0.8963382748389571 
1.693249116508415 1.9326850524916805 1.7469636192757094 1.8842938862143093 2.1998197618371327 1.2816305500925196 
1.4158668290584604 1.604644523828967 1.7845493125605192 1.6302993294832682 2.0196673454349 1.181761268613856 
1.3026075105242456 1.404159398475955 1.4305994954616856 1.7777040558579271 2.2267249958446547 1.7569740260452382 
1.358483558374019 1.5051174440919166 1.266435636005684 1.1302368395619113 1.3540662353432489 1.3495057706892761 
1.236595255840105 1.0868287660584994 1.118668220001795 1.2067446133211521 1.5686522477388856 1.4915569277523344 

0.5857530289412949 1.9351601684923385 1.884765768058481 1.87716535262509 1.9426706516782677 1.877239443654174 
0 0.7681318046541087 0.9040351396317947 1.7314393678433162 1.9496409535171793 1.0696916338377132 
0 0.7830770731017003 1.1194198915406557 1.8774546842030784 2.225769227264666 1.299322262338757 
0 0.6488247323972982 0.9876251361813522 1.8475439809002703 2.3004944610124385 1.3717782163804766 
0 0.7805999072944767 0.47052561567373835 1.4085486518790575 1.9349437405023306 1.0921661542292591 
0.6912445685551166 0.9693595376945914 0.6997164702544626 1.087901420637469 1.4156157678536585 1.027989909198293 

1.5259965082998206 1.1612788562174194 1.0176198028507144 1.0603196232291219 0.9117220339033358 0.17071095605374265 
2.0360219863384432 2.1996926019277403 2.151753380126302 2.122533175380956 1.7688044352457795 0.6796113777165496 
1.7208220290863743 1.7790758614761204 1.9539658880669224 2.022155724591631 1.808182431036328 1.0017375816000351 
1.8390088250845704 1.838210541360279 1.882366465708805 1.443888436574271 1.548080140468546 0.5484630692605977 
2.0506602559001137 2.4091638817797696 2.3861298393462658 2.179331800334636 1.9674731403191865 0.8623448303172309 
2.1157965293951078 3.12373943911616 2.7821989162713603 3.0252821931716682 2.6869060184615696 1.6948122396945615 

1.4210372796144435 0.8909565565229031 1.0985622482102357 1.7325881467246669 1.48792754048878 0.5274798138217025 
1.262037034056828 0.8338157080185504 1.1459558824823992 1.4148136074390139 0.7376628028202511 0 
1.6919465277032613 1.4260592644424768 1.4858454615853378 1.338868549366581 1.0741732515188505 0 
1.7642631985197081 1.5391246889841914 1.2360744949422193 0.982862373993908 0.36153218998115233 0 
1.467127424827898 1.0123338777207584 0.8474510058991988 0.681238181620742 0.11903052335916128 0 
1.5039359117832207 1.0697201051728875 1.0590781265591782 0.6253394331239581 0.5635073910266142 0.9286984713897027 

0.9418486319847467 0.003236704792380707 0.31974228569852525 0.8230329518078131 0.6264403851231715 0 
2.18304371839711 1.4151530593832071 1.0892963195904415 1.0490428029158818 0.6248544570359972 0 
2.5040152883738 1.8650715711184418 2.1261899460885596 1.9190946966062872 0.9677768200461778 0 
2.319380340458825 1.8328685357021488 1.919388596449595 1.7667287698865317 1.3386848679613936 0.2527709003866419 
2.10560387438295 1.5146970040132295 1.2686364363048173 0.7231468672331283 0 0 
1.7169621717653316 0.8255887823099461 0.5564915820325345 0.4236370479804717 0.0725861516631339 0 

3.100380756181028 2.752256870907531 2.5651476014839165 2.593705755193026 2.495909701521325 2.0903382791910405 
3.7096068657468235 3.236598282772133 3.0469821226119653 2.955181063049381 2.5686547660850274 1.3914303932162027 
3.9391623169893295 3.7843047760208415 3.62176987816508 3.5400545076308103 2.930872018678229 1.5726234480800059 
3.9615054430665144 3.9890566984200357 3.9243799707729514 3.426588206136385 2.86465274430185 1.4897000796545015 
3.690160863333559 3.5906106248270975 3.5371222303420495 3.1358705578604797 2.5071284991858134 1.4180245939816727 
3.1312594657200017 2.969316919907895 2.8182546968628897 2.602276664954173 2.2670457947522187 1.3918975427547877 

0 0 0 0 0 0.7279070824078686 
0 0 0 0 0 1.0236243474784041 
0 0 0 0 0 0.9618194630658975 
0 0 0 0.04379806949244108 0 0.9853460629162906 
0 0 0 0 0 0.2989282343578059 
0 0 0 0 0 0.1861889005132864 

0 0 0 0 0 0.38423989677542525 
0 0 0 0 0 0.4654733379487661 
0 0 0 0 0 0.23637887603447755 
0 0 0 0 0 0.4387478374406513 
0 0 0 0 0 0.4998679985522834 
0.4202631655189731 0 0.13129904175638446 0 0.13230039606525867 0.31881428447715926 

0 0 0 0 0 0 
0 0 0 0 0 0 
0 0 0 0 0 0 
0 0 0 0 0 0 
0 0 0 0 0 0 
0 0 0 0 0 0 

3.643795149716383 3.803364718261926 3.765802469082097 3.808709216397146 3.741800184981868 2.9321106697647528 
3.1817957634213423 3.8406594426223157 3.812942451982524 3.6152525407146654 3.2125479169039557 3.7052852933193003 
3.746094387831214 4.606843579993663 4.139298684160741 3.264722175736841 2.585680361957646 3.3310997126386823 
4.170621123653414 5.547106522654341 5.006239165924796 4.028274326051403 3.219574304230572 3.217996304109524 
3.6241984899883035 5.551610471634565 5.3806284405551015 4.870639293298782 3.7315026592567015 3.54003643584874 
2.524002672547817 3.937544788870702 4.080195012594349 3.5305482629506506 2.7621448230210994 2.794459236571421 

0.2735898214618245 0.5355288427730914 0.4226779058162325 0.8258462200171813 0.6724516597196035 0 
0 0.017977800177712406 0.07006281966593775 0.2331317512872636 0.1317887732001048 0 
0 0.03640394926705729 0.18346674733671253 0 0.4132872611629628 0 
0 0.2038997102579947 0.18370439329053526 0 0.30357155886024706 0 
0 0.3900809783455029 0 0.36178771207878524 0.47334304967952223 0 
0.25866337771209585 0.6732108198839593 0.12706446335464316 0.46624589273359185 0.374010854445039 0.0264485294328132 

0 0 0 0 0 0 
0 0 0 0 0 0 
0 0 0 0 0 0 
0 0 0 0 0 0 
0 0 0 0 0 0 
0.06521097642879685 0.019919638692343616 0.039234252891783304 0 0 0 

0 0 0.20371927091821443 0.23972679804937275 0.1657037078638339 0.8246755638659834 
0 0 0 0.02286553176182654 0.13547956051752785 0.48389171395046227 
0 0 0 0 0.04267774392611377 0.18365218236067155 
0 0 0 0 0 0 
0.14307628281223472 0.29012865772694796 0.14979588101947383 0.5610982718733319 0.5599387804036972 0.3065009388175549 
1.0118135183151034 1.1744210863013764 0.953926233469296 0.9845493614531134 0.8231349248464533 0.08766297030286538 

