1.8318422824418947 1.8218243651405015 1.25112289576915 1.4420587705746513 1.0138881975097147 1.1253505565720776 1.1183427040735194 1.0623655354904833 1.1403895795720422 1.1976001776963592 1.1847466016354762 1.170886925249096 
0.5667922513244446 0.8911025447678359 1.5659523600264056 1.9704574688946046 0.943227587551606 1.1453549833487198 1.238916279148451 1.2614535561961855 0.8200891827094529 0.562954301875491 0.8896789539319446 1.5589845304427332 
0.8878720683117782 0.4163080548243525 1.1100894709763616 1.9276816064393847 1.2452234962489084 1.4778412931293539 1.6029258724015971 1.4259534678810377 1.406613672732514 0.9842520530177813 0.4772650297888338 1.6184297512990924 
1.647958457222541 0.6738035453010907 0.5375305467599922 1.1070271299216594 1.2375665826299203 1.4796193755582114 1.6859612088880715 1.5987450009892021 1.560208064647348 1.4857438908504106 1.0546564398915441 1.3909833911039526 
2.078565020204838 1.7937982331117321 0.9286995692470997 0.7161369508212675 0.6677408763684912 0.8205249391673535 1.0560267293590277 1.3708702367648242 1.3847059044184915 1.4279802646215947 1.3677237296622085 1.3456101183364528 
1.9635635338951904 1.7131695835415108 1.7115073140893622 1.6893256476697325 1.0565494626394725 0.4171918917992991 0.5665566570686633 0.7875759438385951 0.7286322716030992 0.8451318351192063 1.038084931369188 1.3059096941287671 
1.3791736968202875 1.3160295580415826 1.0175312436747053 1.7256823366442222 1.6991808373525359 1.5834404751539681 1.174011782052747 0.7527590291801953 0.32453815564952554 0.25777306918436105 0.2122988766967158 0.7025757552589191 
1.548174314861676 1.6411635725643157 0 0.2353179608551936 1.5824161173863596 1.8644336622178372 1.6995051632216904 1.6464835898678167 1.6937959727477299 1.274135996345194 0 0.2627003466978855 
1.9529586699335828 2.095425195950266 0 0 0.4313703954773347 0.7529053414645974 1.4858023902517152 1.571269432308134 1.72538929834142 2.186020411237763 1.3833525661218358 1.106562048590446 
1.6258222553713555 1.3603991601621366 0.8958183397785031 0.23783910649002646 0 0.19255694621112665 0.6867877466947049 0.6018540775988992 0.47055469504556735 0.725699470074121 0.8676307295444701 0.3959904971148824 
2.1314839253699196 0.466799205060748 1.011817379294601 1.0673452886889938 0.902147273812195 0.7097297433265287 0.7780681736596006 0.9012642135497957 0.8920811485816627 0.8728093049469696 1.2382255855803257 0.1964960936038018 
2.3830246900824728 1.0814460246559001 1.7586094270754868 1.7717493778989546 1.7953602835292704 1.8228673304760397 1.8277458306394694 1.8786295230700574 1.89841104467573 2.051622415311473 2.156413492337559 1.6945116347731546 

0.8696772720681929 0.8947504151114678 0.6834103134059911 0.23627542579427852 0.3849094438399393 0.40989249428815655 0.3778502575501571 0.4340987378379536 0.592040537815333 0.7062714715068151 0.8331739409365636 0.8524350062156574 
1.3698181301936936 0.44990495250450985 0 0 0.17144956460880065 0.29328003434454153 0.10087711958602025 0.1443610760108774 0.13266694517448635 0.6913495844108717 0.4710779235452736 0.48525646199860234 
0.15568566514362758 0 0 0 0 0 0 0 0 0.1609410470628819 0.4572297568814294 0.5645206162028523 
0 0 0 0 0 0.18356953663526912 0.07705922945539315 0 0 0.11204540091594872 0.5093360010167086 0.6196449086169199 
0 0 0 0.2753269314726736 0.3261380734472694 0.47282650411665034 0.3777563572258285 0.5475424375575346 0.609045613483767 0.5593856185333547 0.5587983650471141 0.6152853208311992 
0 0 0 0 0 0.17026403120499525 0.2455024983581488 0.25223790069477775 0.29929771127890703 0.30703317528914553 0.4418402185276151 0.5900238696481492 
0.40053482697479625 0 0 0 0 0 0 0 0 0 0.19707858625331937 0.30517893266680723 
0.3808237707362817 0 0 0 0 0 0 0 0 0 0.032356987324574524 0.39740639516589193 
0.19673789816592846 0 0 0 0 0 0 0 0 0 0 0 
0 0 0 0 0 0 0 0 0.006246237784596653 0 0 0.033434016139702004 
0 0 0 0 0 0 0 0 0 0 0 0.015288030326546803 
0 0 0 0 0 0 0 0 0 0 0 0 

0 0 0 0 0 0 0 0 0 0 0 0.09948444008187284 
0.46748271501777766 0.9974485010116046 0.7161520616796498 0.22657631068208303 0 0 0 0 0.06368684240185132 0.39425868916142165 0.23747322876454807 0.47816573572679144 
0.4700350094466498 1.0766033981615273 0.1395126875715243 0 0 0 0 0 0.03556789308359298 0.338081978897071 0.7380612119383603 0.5195601771597442 
0.33334446403157036 0 0 0 0 0 0 0 0 0.04822325851954753 0.12311732765160202 0.09187694779101363 
0 0 0 0 0 0 0 0 0 0 0 0 
0 0 0 0 0 0 0 0 0 0 0 0 
0 0.32715463569062425 0.2371867853990279 0 0 0 0 0 0 0 0 0 
0 0.2481303364293839 0.06360570658370099 0 0 0 0 0 0 0 0 0.0862402111798706 
0.269765911865531 0.38368240969446166 0.3838611394324939 0 0 0 0 0 0 0 0.5873791008632588 0.6696847148474545 
0.04070956094440864 0.31026515185681103 0 0 0 0 0 0 0 0.20849190404989376 0.16765315932032826 0.11358161239186922 
0.49655139093729717 0 0 0 0 0 0 0 0 0 0 0 
0.13206747315513961 0.13922035292292367 0 0 0 0 0 0 0 0 0 0 

0.10747643471741974 0.7783531403159888 0.6510766782968496 0.3479853951558236 0 0 0 0.01719915424312385 0.19738995341098753 0.4984528982061497 1.3692068166955373 0.8236987567931454 
0 0 0 0.3685778355041691 0.02945923384531801 0 0 0 0 0 0.1488787916270412 0.04419608796578212 
0 0 0 0 0 0 0 0 0 0 0 0 
0 0 0 0 0 0 0 0 0 0 0 0.03520748337596508 
0 0 0 0.08928468701846282 0.16421096566428578 0.04519106343884133 0.2861550728206088 0.16794488016903142 0.09264931220459567 0.10302361113949024 0.12210990834723101 0.09597590972616614 
0 0 0 0 0 0 0.124211328776067 0 0 0.002909531969209622 0.20489330072912315 0.1382967808955809 
0 0.16735337489004837 0 0 0 0 0 0 0 0.28801321910686983 0.7684438402474499 0.561524961427201 
0 0.617715046131647 0.2998562436679182 0 0 0 0 0 0 0.5737031314526774 1.6414722965135116 1.3610293339061976 
0 0 0 0 0 0 0 0 0 0 0 0 
0 0 0 0 0 0 0 0 0 0 0 0.24797796252508375 
0 0 0 0 0 0 0 0 0 0 0 0.8264202285009327 
0 0 0 0 0 0 0 0 0 0 0 0 

1.0478564278495337 1.7095336865602633 2.000925419400736 1.9086184769917238 1.1437118766708825 1.019757725044968 1.1155819962727218 0.9651107227418713 1.1549273088195318 1.2419298141342192 1.5279809702773237 1.5306089597694141 
0.9507741466768408 1.4710220150869993 1.3307686349484928 1.1027649477046424 0.7561274204120287 0.682287975781224 0.793711621859657 0.7210861475765225 0.6673998443214875 0.6428735532245273 0.6903616301158942 1.232111257877061 
1.1919460985328008 0.7023844143671224 0 0.222769002776461 0.4286637918729987 0.4521940504817298 0.45895213612813435 0.3606356623481102 0.3096507600512748 0.177517178685104 0.2548894457345753 0.5334388225099449 
1.4515236783412346 0.6058573887262503 0.30601865924098737 0.7307189629866562 0.6179000069575442 0.5515332879681849 0.6491670162192684 0.5927361935001001 0.3668167086788512 0.5898504843268517 0.5755511794313588 0.8811061597763137 
0.45814896441822245 0 0.26607272066312604 1.2833596808225576 1.2389537725560456 1.1488821448239788 0.975912804066916 0.9370795862070339 0.889823487125105 0.9459405263732547 0.9150714414480384 0.8940779397082462 
0.5005580054690351 0 0 0.4910184229566731 0.7536263928328211 1.1330553687297598 1.085948680313274 1.2638379988990367 1.3150544286544825 1.1214134503001236 0.9513708034908142 0.9222490537960378 
0.7973618810745587 1.2360840479229256 0.6875244460761306 0 0 0.20750959261202417 0.5957044216674237 0.9708208984096025 0.9887724971247479 1.1902442593189826 1.1982285016479028 1.1461281231428349 
0.5657516728211622 1.6477056696898231 1.4296044610019225 0.6394691983986 0 0 0 0 0 0.261907651777512 1.1738542152439684 1.2953762447629813 
1.0608545006524206 1.3936617474891722 0.6738755296272061 0.32424492375214625 0.6944569873646695 0.6532668473068809 0.2738097864280417 0.11782070751804999 0 0 0.2576106902487562 0.6186103810980921 
1.6297070856891647 1.0241306459045674 0 0 0.48638342204437846 0.8795002312388404 0.8459568353574538 1.0705325514943294 0.6425070658841605 1.085586523143607 0.4380460046711523 0.9271422092900438 
1.6004106005885765 0 0 0 0 0.15556601977261852 0.12458343189187662 0.13325027909503787 0.23914499044385723 0.262255429485122 0 1.0336628155474965 
0.8193737036989546 0 0 0 0 0 0 0 0 0 0 0.21842296889984417 

0 0 0 0 0 0 0 0 0 0 0 0 
0 0 0 0 0 0 0 0 0 0 0 0 
0 0 0 0 0 0 0 0 0 0 0 0 
0.1660658527662131 0 0 0 0 0 0 0 0 0 0 0 
0 0 0 0 0 0 0 0 0 0 0 0 
0 0 0 0 0 0 0 0.04339563463823071 0.036327693990387946 0 0 0 
0 0 0 0 0 0 0 0.11033551581780454 0.168782010821239 0 0.10340070069890181 0 
0 0.17877915070406342 0 0 0 0 0 0 0 0 0 0 
0 0.5113010727530407 0.539401309193552 0 0 0 0 0 0 0 0 0 
0.24964563221888447 0.31804057038863703 0.21542952954717004 0 0 0 0 0 0 0 0 0.461099362165615 
0.7139433108020432 0 0 0 0 0.04751781991527726 5.5563214619747114e-05 0 0.06952839184593398 0.1476949911330575 0 0 
0.14008361985186946 0 0 0 0 0 0 0 0 0 0 0 

0 0 0 0 0.4170212775321547 0.5384053951561166 0.5550388824806407 0.4141985998777677 0.004532304879114393 0 0 0 
0 0 0 0 0.597680294536056 0.5339420369170967 0.5142103078834815 0.5714454070900268 0.5395895321245674 0 0 0 
0 0.003793098428289593 0.023399238181578852 0 0.26655074250291616 0.325838820835457 0.3484781705784079 0.4449413893168116 0.25612345276861587 0.25097929578392736 0.19534714572721418 0 
0.10703657818712117 0 0 0 0.1633897785701739 0.27567145305308927 0.16662856474179868 0.16620840508865628 0.23762152350111185 0.2371058685865087 0.41155495428313327 0.14293235404883184 
0 0 0 0 0 0.10507218655752568 0.41157819370638227 0.2591234778782577 0.30088854170000884 0.2989974656403883 0.3216039670878885 0.3396592558962369 
0 0 0 0 0 0 0.2507399085314395 0.26621202190183685 0.2852508456174727 0.4117131784415305 0.5190193583797142 0.33592526508128845 
0 0 0 0 0 0 0 0.3416174817997265 0.0964306975368232 0 0 0 
0.1411857085845102 0 0 0 0 0 0 0 0 0 0 0 
0.15415936362814284 0 0.6153010485621888 0.5167898443213957 0.1584424487732578 0 0 0 0 0 0 0 
0.10675929907007456 0 0.7606688666793716 0.6502106389734936 0.39773884983428553 0.4255180363032881 0.40827167414690557 0.5436534621446776 0.6710737856345204 0.45792775392338086 0.40001788067009597 0 
0.1678941115915766 0.4467885700649752 0.6644988395406504 0.47644113488670675 0.7850901758709679 1.0091075714470388 1.071469743485671 1.0273453687367955 0.8967060197480401 0.9483916375970965 0.5650462149346989 0 
0.1881320597027386 0.5472896113162101 0.4686664695434891 0.3297023478470871 0.3396780270370781 0.307287439438293 0.25336801880679954 0.11773127774693726 0 0 0 0 

2.265776276428714 2.5696464271258272 2.2051414398843003 1.7993576892242473 1.640580242649182 1.661337439147363 1.7336852745513407 1.6604323415017923 1.6164431431717525 2.0849600296415556 2.691227430660279 2.5348504403279333 
1.4017342046395447 0.8272070424307711 1.0250959219968885 1.6124491332121953 1.9591593059502468 1.7675655302003621 1.5562689971007022 1.7748846368519393 1.376296750301082 1.3453741330718514 1.542920418234276 1.8263086028291138 
0.5268693606608166 0.5743246297511293 1.5755373367117609 1.749975939042722 1.722250034762039 1.9365565669571367 1.902869558157923 1.7995450516049651 1.650412125354361 1.7391676819635244 1.358369081186409 1.6631765832532386 
0.9880379700438318 1.3080630259690857 1.6310965739076009 2.229214812941484 2.127390080344558 1.7913389443319125 1.8156110134481092 1.7117243724600808 1.772273723086295 1.9480832380969904 2.0336523566557507 1.9024629379330544 
1.040740596901007 2.3336492064107683 2.2523044120739746 1.6731078800562318 1.6525307689274844 1.977089301284419 2.132734403739287 1.9812678561923538 2.000828792612588 1.97818279151792 1.9763706860884218 1.9988148592746058 
0.7675716741880554 1.2681495250748156 1.5218241178328964 1.8146061941218083 1.905103919438984 1.644618658018274 1.4730168689603351 1.5369411833142523 1.6147416831770538 1.8468099014893247 2.0231961995926993 2.00515848183425 
1.4822193101977827 1.1091662442159496 0.8191443489106545 0.978204672325875 1.485084914979221 2.072553801708695 1.859126124004581 1.6288915037792502 1.451880021162995 1.4372670947755701 1.7510461497546552 2.1029880946744663 
1.1797167822310608 0.6846008645565376 0.8645248907640664 0.6267126254740137 1.0124811805871305 1.3582029383203322 1.271595267685863 1.3159508881208073 1.5365161254382456 2.421075585978115 2.3031398969811447 1.897770744707693 
1.3633767169140443 0.8761990636823107 0.5223050731180232 0.9679828247339917 1.2955875404748514 0.8550064647872181 0.5542609146161286 0.8356594963637904 0.9423502587345476 0.754351828946266 1.2540013945801292 2.1715298621761745 
0.7523424430120008 0.45133717081010405 0.8131647766554628 1.421227025295042 1.2884522692356652 0.9056792078227571 1.0634210708191345 0.8837878680471694 1.2229390133245677 0.7446564927218892 0.6671234714818571 1.693809119439673 
0.5430581821720529 0.7840924644104105 0.7028529328090585 1.1055339269708973 1.678194960181345 1.6927234322546276 1.6019600159386993 1.7007891372995747 1.9499026122736427 2.011826303177936 1.905809076505884 2.0441518986088187 
1.1340788194764329 1.6861999634018843 1.706369873274374 1.7528932469001979 1.6272249151186768 1.4501020199910126 1.5656141599926157 1.458609413582532 1.3744305377286148 1.2797331276442512 1.131877653236589 1.8928580293140533 

0 0 0 0 0 0 0 0 0 0 0 0 
0 0 0 0 0 0 0 0 0 0 0 0 
0 0 0 0 0 0 0 0 0 0 0 0 
0 0 0 0 0 0 0 0 0 0 0 0 
0 0 0 0 0 0 0 0 0 0 0 0 
0 0 0 0 0 0 0 0 0 0 0 0 
0 0 0 0 0 0 0 0 0 0 0 0 
0 0 0 0 0 0 0 0 0 0 0 0 
0.11462365340974731 0 0 0 0 0 0 0 0 0 0 0 
0 0 0 0 0 0 0 0 0 0 0 0 
0 0 0 0 0 0 0 0 0 0 0 0 
0 0 0 0 0 0 0 0 0 0 0 0 

0.5822219446642904 0.5992008650673238 0.5804167343913318 0.28977964274248014 0 0.07030644691212673 0 0.13098224998912772 0.0040180009143440665 0.1980646809598881 0.3782250242027809 1.1947342773123657 
0 0 0 0 0 0.06776269910434454 0 0 0 0 0 0 
0 0 0 0 0.1042983279844696 0.3081567937356386 0.2766167716670179 0.1528756018390435 0.07341128843912606 0 0 0 
0 0 0 0.1921011286682084 0.36966916581268355 0.5114376979929851 0.5393260279306804 0.44167955417403826 0.38157580319963985 0.18597394877669277 0.08173430736735732 0.31460164652266187 
0.31508806837978776 0 0 0 0 0.1815002754777132 0.3187942756524871 0.5168714694542101 0.554909829073278 0.51895274797175 0.476902057681886 0.508206222792175 
0.6994292073954314 0 0 0 0 0 0 0 0 0 0.15009465834068098 0.5011524613515538 
0.5899757717924512 0.024208457924820806 0 0 0 0 0 0 0 0 0 0.32015921122329205 
0.679538443120343 0 0 0 0 0 0 0 0 0 0 0 
0 0 0 0 0 0 0 0 0 0 0 0 
0 0 0 0 0 0 0 0 0 0 0 0 
0 0 0 0 0 0 0 0 0 0 0 0 
0.17791543247887853 0 0 0 0 0 0 0 0 0 0 0 

0.3444322770558549 0.2739426258716534 0 0 0.5862739118500883 0.486559665986087 0.5092615592737194 0.36484517025910423 0.17175119188686763 0.24265783304162925 0.312276888329914 0 
0.31713061478578647 0 0.4801964905074807 0.030058834540230336 0.577893409544727 0.5666101174374973 0.23218400690807142 0.29057970004794953 0.05563321533615084 0 0 0.016548688321177896 
0.5642779201474433 0 0 0 0 0 0 0 0 0 0 0.40858090882551273 
1.2469137712669947 0.024439571862214737 0 0 0 0 0 0 0 0 0.08024931751624886 0.44281288563053306 
0 0 0 0.3402496210030731 0.3395861722071298 0.46068687331434965 0.2035742391248076 0.4180735045963678 0.3963515809800675 0.32198680044965655 0.3107212701938549 0.37096064413150787 
0 0 0 0 0.14226437814896606 0.4186032282607848 0.47866087404107704 0.628588485290199 0.6886807379319888 0.4439034019681352 0.3998780260755327 0.40039581066523744 
0 0 0.6742020514166309 0 0 0 0.10866275689478123 0.7335120395172126 0.6148761322319249 0.6735199921454966 1.0868303596826903 0.6330628904216677 
0 0 0.4991494890200802 0.06628074478728123 0 0 0 0 0 0 0 0.12437175780411523 
0.9852154616616654 0 0 0.11507068161101644 0.15608170385218814 0 0 0 0 0 0 0 
0.885007881850874 0 0 0 0 0.10117119794766484 0.2643020081203334 0 0.4184037339426895 0 0 0.3377860418143761 
0 0 0 0 0 0 0 0 0.06258215501760186 0.1042384757264698 0 0 
0 0 0 0 0 0 0 0 0 0 0 0 

1.7609078653928525 2.148054570580895 1.2589289464074236 0.11138104039745861 0 0 0 0 0.07383057098189541 0.6485216774733693 1.2781275276262396 1.1473233736741715 
1.2218692232216783 0.8287010684856788 0.17369586704475456 0 0 0 0 0 0 0 0.8854931518584972 1.0914862565966066 
0.6379484886918978 0.1695057318237438 0 0 0.12290917859251616 0.3379420289727809 0.08056395585710543 0.012611805704897283 0 0.34390466977068246 0.9075873858890411 0.8819159229804843 
0 0 0 0.5762683798143375 0.5523377289011308 0.7338928395688584 0.7277455356021838 0.7599567903230171 0.90063769060572 0.7589587348092035 0.7556086816675541 0.47978209981184555 
0 0 0 0 0 0.1264699683970934 0.2744573041180603 0.5086186013748003 0.49830558443725437 0.4279479861218056 0.43323723505673317 0.47374954574661565 
1.1094129226683893 1.4500207144657205 0.8518480448642798 0 0 0 0 0 0 0 0.2421699237256988 0.45831431965263486 
0.6480873282474667 0.3806034414115891 0.5940769588493667 0.7476598719484036 0 0 0 0 0 0 0 0.26630312395701383 
0.28107174954849723 0 0 0.02870674524826665 0.7877083972680533 0.9663059049888246 0.3852502226037598 0 0 0 0 0 
0 0 0 0 0 0.20967694708150952 0.6292933493052703 1.0595235041171538 1.0577954632413775 0.9720620349024176 0.6590345139335885 0.34518006408502333 
0 0 0 0 0 0 0 0 0 0 0 0 
0 0 0 0 0 0 0 0 0 0 0 0 
0 0 0 0 0 0 0.2161936109086958 0.4493283431239937 0.7277619298393523 0.9714122868526379 1.2293948769582321 0.695584201901194 

1.1322940187257102 0.8143245725866898 0.12271830870222891 0.3423008111185613 0.4268031199786054 0.528470475601718 0.6603621306301184 0.8524668262756028 0.8526511503025018 0.6165908150819933 0.5585023623883285 0.16244425428503195 
0.7210248246368276 0 0.16629551824836605 0.6729190458350385 0.6065460615792488 0.618943178959124 0.6414190328144265 0.4671265971182434 0.32940010795214536 0 0 0.03507869198510365 
0.7232632780322683 0 0.04005675137199827 0.2609925512799618 0 0 0.2407780435053005 0.03296250908472027 0 0 0.07827572250274284 0.7337505175880811 
1.5649220079545818 0.18921455323322228 0 0 0 0.3043552218915362 0.06186528222429627 0 0 0.17188783314755537 0.380489302933169 0.634146741482516 
0.24872746042943772 0 0.2581160181738693 0.6297353654023798 0.3819052232691056 0.0915664401942695 0.25675725393542376 0.6495202454063742 0.5728244996990142 0.5733418861940235 0.5902177338744563 0.5838989799390459 
0 0 0 0.24807696507613874 0.46390408840204606 0.47516373457396555 0.613695727269751 0.6005759147705065 0.2747167005166496 0.034504700350045735 0.291022277152672 0.5407907645063185 
1.0676065030904611 1.3908822284824438 0.6270692120891321 0 0 0.06375788861965018 0.5582701243313996 0.8959670994228679 0.9980169252109079 1.2018884079056833 0.7313372011070852 0.2042882763514523 
1.358051060446106 2.3019819467811105 0.25799460518850703 0 0 0 0 0 0 0.8599788894340774 0.5443920171669959 0.10817866366778693 
1.517521098795902 0.9157307242136834 0.330757463252324 0 0 0 0 0 0 0 0 0 
1.4276675441075588 0 0.04198544362334122 0.04624833499878914 0.025247136674133974 0.3429405408788318 0.030300831660491245 0.3852909500170407 0 0 0.8241251655119453 0.2078897318698782 
1.3757469064042935 0 0 0 0 0 0 0.1448297861276511 0.1575626631202335 0.2880002872173239 0.6259065156029864 0.24468905561352552 
0 0 0 0 0 0 0 0 0 0 0 0 

0 0 0 0.006101056122756939 0.01761030403792295 0.1418518968864681 0.004208719822256157 0.35884516447193876 0 0 0 0 
0 0.008822261010404678 0.16136002249201867 0.6716640632248169 0.22279373693289728 0 0.4069847981151475 0.07213151492347715 0.5124406631302854 0 0 0 
0 1.3093287439699397 0.5366799771646675 0.2916407732829687 0.39867024678221324 0.3642948513788499 0.17165595607947445 0.11445463700757677 0.44904272695141706 0.23469058927799955 0.15756028575718298 0 
0.15646597812820157 0.9244584105808697 0.7345533930473379 0 0 0 0 0 0 0.1383707695225593 0 0 
0.5126166581457875 1.5453236431403952 0.1408848528699531 0 0.306547765165238 0.023648106484191064 0 0 0 0 0 0 
0.1852766828037626 0.26205958052889644 0.7582975824542806 0.909823035201911 0.5868361250415611 0.24373106351431112 0.28994088122670947 0.2943009657367196 0.010400372661422045 0.09086984334167342 0 0 
0.6399870960541584 0.6361026400344666 0 0.34304061225371535 1.118197107287811 1.0629890608452692 0.909040559118409 0.8827174730107423 1.2872936260916354 0.9646866637023823 0 0 
0.4106357308418137 1.009080630524886 1.2529692731558069 1.3783593751366707 0.5437153834909595 0.6530603338126262 1.3317853101724073 0.621914922827627 2.24616880317739 1.629300796773119 0.7520645945679909 0.5474679549336955 
0 0.8654878878307398 2.7772788669350312 1.7635328863422237 0.7739399773644122 0.38081304539001737 0.43219679847483994 0.8127570536220075 0.4059660483193632 0.3417450299451409 1.8883232357275752 0.817161837828157 
0 2.2822412504014364 2.3808762409023836 1.8132746167645342 1.5915674549181744 1.105028699699711 1.025866138299645 1.2548819785711898 0.4790208148440791 0.9408867153636118 1.3313747761845707 0.2929648083513092 
0.5233213275924354 1.959932022684259 1.6990662377423127 1.806414862713889 1.959525642305087 1.736234140866143 1.4985561675524317 1.2457738450719238 1.2103175064236567 1.2009448002900744 1.5073947615746017 0 
1.070752057316123 1.7103677482090593 0.7262400920571894 0.6455284977833391 0.5835642687087855 0.5632959771075727 0.3953655154303419 0.48875596065933813 0.3464123713059289 0.4133889000063826 0.10749409211710367 0.7814990234279635 

0 0 0 0 0 0 0 0 0 0 0 0 
0 0 0.5857140678841323 0.17939228903172855 0 0 0 0 0 0 0 0.4936660097196224 
0 0 0 0.11217218621479096 0 0 0 0 0 0 0 0.49431700412021173 
0 0 0 0 0 0 0 0 0 0 0 0 
0 0 0 0 0 0 0 0 0 0 0 0 
0 0 0 0 0 0 0 0 0 0 0 0 
0 0 0 0 0 0 0 0 0 0 0 0 
0 0 0 0 0 0 0 0 0 0 0 0 
0 0 0 0 0 0 0 0 0 0 0 0 
0 0 0 0 0 0 0 0 0 0 0 0 
0 0 0 0 0 0 0 0 0 0 0 0 
0 0 0 0 0 0 0 0 0 0 0 0 

0 0 0 1.0092092870105174 0.5761350738774234 0.6261495654619202 0.5989932097380132 0.4453296397098599 0.07793651836579901 0 0 0 
0 0 0 0.45009267929941504 0.5046114944995619 0.30849485085352696 0.4409666657830509 0.32249551762912215 0.03705627779525932 0 0 0 
0 0.6795490874373795 0 0.18200865187125048 0.4072722149250353 0.4101932559995157 0.4299988298732997 0.14167211482293218 0.029716525348715106 0 0 0 
0 0.48998873526698317 0.8335062184049172 0.7200287098273203 0.6676984762577287 0.2305354755274297 0.187777327191469 0.32737852069806267 0.1878181685481905 0.32910402071754336 0.14158278694795304 0.052181714876217054 
0 0.14971714662234237 0 0.3563011843575466 0.923079076963857 0.9580725213410862 0.6906751332153405 0.1965819906300427 0.15192439665275767 0.17152546123856074 0.1982591469106037 0.20862604999834258 
0.032906314240103256 0.4325884457128109 0 0 0.49635214695497765 0.8447624411298047 0.9652281821212944 0.9022706941066823 1.1530543316058353 1.0596477350442925 0.5919727305640994 0.25756863401738317 
0 0.2826103039376376 0.0258677600311052 0 0.18826580603737628 0.2655955232409283 0.3586871589416567 0.7728818003612743 0.839523024935844 1.114521946629649 1.057946256869293 0.9218232791599501 
0 0.43333581595208037 0.47525758842527405 0.4209663525237446 0.3905989263708266 0.2507324037280692 0.2428704919359618 0.31238784957790316 0.13209091405841622 0.0402022723730419 0 0.2835570164798041 
0 0 0.4316993811467732 0.8202145873070145 0.8255624703104801 0.3874132261939659 0.13669037429627579 0.27171452979057115 0 0 0 0.23588385945945645 
0 0.11232863602016563 0.7940595717289723 0.8048234815863743 0.87162398561177 0.7354325267342641 0.5259441841690498 1.0025921012924923 0.3503268804638547 0.28886773962997037 0.10957261349938072 0.6618387790660061 
0.046397259264652706 0.35433020777514995 0.7440802325782192 0.8581934004925527 0.9194785994361154 0.7615832567651113 0.7013962154026605 0.5646565044706479 0.4815072036547551 0.39523771428658805 0 0 
0 0.09704841092543848 0.14924625520421994 0.098369373954039 0.19101900956230727 0.4157259596391677 0.4658588917162914 0.5114027315620032 0.3884297215256603 0.47393951422920966 0.07684630494310073 0 

0 0 0 0 0 0 0 0 0 0 0 0 
0 0 0 0 0 0 0 0 0 0 0 0 
0 0 0 0 0 0 0 0 0 0 0 0 
0 0 0 0 0 0 0 0 0 0 0 0 
0 0 0.09516992978237138 0.0587816733671892 0 0 0 0 0 0 0 0 
0 0 0 0 0 0.02781238158866195 0.2546742367288467 0 0 0 0 0 
0 0 0 0 0 0 0 0 0.009655814256097517 0 0 0 
0 0 0 0 0 0 0 0 0 0 0 0 
0 0.24926729997703911 0.6260044026456388 0 0 0 0 0 0 0 0 0 
0 0 0.28374309709987744 0 0 0 0 0.21564006560873095 0.11277765942010709 0.21087979219968023 0.6244073947810472 0 
0 0 0 0.008806083605259363 0.38151557465299746 0.12564530596551493 0 0 0 0 0 0 
0 0 0 0 0 0 0 0 0 0 0 0 

0.047353980640841106 0 0 0 0 0 0 0 0.11925567192359629 0 0 0 
1.4029977302651018 0.9064287203463257 0 0 0 0 0 0.03779769350704709 0.49187129686811293 0.8909382226938891 0.09171129728801702 0 
0.7729320183035439 0.18097387404235996 0 0 0 0 0.05520647360077023 0.12606098333119914 0.27124650443707343 1.015196655367997 0.9852577360307677 0.15688651820122995 
0 0 0 0 0 0 0.06351710008302182 0.05496358783619114 0.14331824785512953 0.2585156172441067 0.22549543816922005 0.045972814935357036 
0 0 0 0 0 0 0 0 0.04283745725767741 0.10231230352176997 0.025295536852173166 0.017020996660029014 
0.07158875139927792 0.5760660865338717 0.11384340607518009 0 0 0 0 0 0 0 0 0 
0.6055599853274757 0.49755999997072653 0 0 0 0 0 0 0 0 0 0 
1.2970275706010366 0.38222335374633726 0 0 0 0 0 0 0 0 0 0 
1.048845389360925 0.14579931627910359 0 0 0 0 0 0 0.6865804455971782 1.0241118936057405 0 0 
0.13771797672294156 0 0 0 0 0 0 0 0 0.3267849396229148 0 0 
0 0 0 0 0 0 0 0 0 0 0.524490717362737 0 
0 0 0.191747551928334 0.086960049274051 0.1194734937117058 0 0 0 0 0 1.2695805888373777 0 

0.6999664293182853 0.9460337109482506 0 0 0 0 0 0 0 0.21837419883584794 0.17672000164597695 0 
0 0.10400602529302574 0 0 0 0 0 0 0 0 0.03310695790742069 0 
0 0 0 0 0 0 0 0 0 0 0 0 
0 0 0 0 0 0 0 0 0 0 0 0 
0 0 0 0 0 0 0 0 0 0 0 0 
0 0 0 0 0.06343931040468934 0 0 0 0 0 0 0 
0 0 0 0 0 0 0 0.10266533706594297 0 0 0 0 
0 0 0 0 0 0 0 0 0 0 0 0 
0 0 0 0 0 0 0 0 0 0 0 0 
0 0 0 0 0 0 0 0 0 0 0 0 
0 0 0 0 0 0 0 0 0 0 0.15746111413016936 0 
0 0 0 0 0 0 0 0 0 0 0 0 

0 0 0 0 0 0 0 0 0 0 0 0 
0 0 0 0 0 0 0 0 0 0 0 0 
0 0 0 0 0 0 0 0 0 0 0 0 
0 0 0 0 0 0 0 0 0 0 0 0 
0.9396437738721516 0 0 0 0 0 0 0 0 0 0 0 
0.286646437827101 0 0 0 0 0 0 0 0 0 0 0 
0 0 0.4109557628705327 0.3466237728781001 0 0 0 0 0 0 0 0 
0 0 0.9674346041726392 0.9053520532294457 0 0.05883663080767068 0.49671448386458383 0.3745596057867702 0.3937083315519914 0.11108677127294399 0.5030328653828533 0 
0 0.22983338672948572 1.324091831734111 0.054917727069887234 0 0.3688249151169517 0.1733447635739021 0.4903785703700807 0.44098215093550114 0.7211175529794488 0.9615974751029963 0 
0 1.280096657807088 0.9885355149068756 0.1797325348565395 0 0 0 0 0 0 0 0 
0.5428910740168005 1.2299749817167618 0.8078728836916099 0.4462598394454078 0 0.041670490370314506 0 0 0 0 0.0021648354078344367 0.48776759764707767 
1.5382503718195468 1.4443519678685446 0.5901022833471676 0.4788965791765759 0.508500082484011 0.5409370934618489 0.23257170701955662 0.3268379348611676 0.4219865949853889 0.3936932245428237 0.14842361430590642 0 

0 0 0 0 0 0 0 0 0 0 0 0 
0 0 0 0 0 0 0 0 0 0 0 0 
0 0 0 0 0 0 0 0 0 0 0 0 
0 0 0 0 0 0 0 0 0 0 0 0 
0 0 0 0 0 0 0 0 0 0 0 0 
0 0 0 0 0 0 0 0 0 0 0 0 
0 0 0 0 0 0 0 0 0 0 0 0 
0 0 0 0 0 0 0 0 0 0 0 0 
0 0 0 0 0 0 0 0 0 0 0 0 
0 0 0 0 0 0 0 0 0 0 0 0 
0 0 0 0 0 0 0 0 0 0 0 0 
0 0 0 0 0.004328074622666878 0.25415260033838005 0.14499488366453017 0.15635066485864618 0.28523366562625874 0.4302711585412514 0 0 

0 0.4768488895961649 0.45637128670995725 0 0 0 0 0 0 0 0.2610848196981014 0.315849860452949 
0 0.05127103362286897 0 0 0 0 0 0 0 0 0.1357809870883218 0 
0 0 0 0 0 0 0 0 0 0 0 0 
0 0 0 0 0 0 0 0 0 0 0 0 
0 0 0 0 0 0 0 0 0 0 0 0 
0 0 0 0 0 0 0 0 0 0 0 0 
0 0 0 0 0 0 0 0 0 0 0 0 
0 0 0 0 0 0 0 0 0 0 0 0 
0 0.07948824882500147 0 0 0 0 0 0 0 0 0 0 
0 0 0 0 0 0 0 0 0 0 0 0 
0 0 0 0 0 0 0 0 0 0 0 0 
0.2765125262391595 0 0 0 0 0 0 0 0 0 0 0 

0.18568429340182027 0.21549377666044503 0.7691499542682305 0.6646499816140363 0.36885590845284116 0.41228517792026725 0.44191589557063565 0.5257132952141372 0.3414045528835007 0.29955246837245075 0.6226516260154991 0.8240592906440531 
0 0 0 0.6642456320805441 0.6461777194961202 0.42215730846656957 0.4505014750833432 0.33090356295738854 0 0 0 0.22117301737666098 
0 0 0.1682228796522892 0.3737160892844213 0.34210677196067896 0.24844227479770484 0.3215632142709816 0.0696505587557594 0 0 0 0 
0 0.7443499514431496 0.9254507574515995 0.7298928281455148 0.729496762777458 0.35120013009101636 0.18481769968972525 0.21750032487374593 0.12344155239170884 0.01686697313109764 0.1628292433821282 0.2734850675751862 
0 0.05527162075505985 0.5857639048938595 0.6589061249280338 0.7979258170220801 0.7456679439251159 0.778648470070916 0.438695724536718 0.3933878721244058 0.3933981458700479 0.41324232118022125 0.40117819329497517 
0 0 0 0 0.6069044850431485 0.8203610069871353 0.7702599531521421 0.5118549848426974 0.6057703864246046 0.6643793299442696 0.6060012747595106 0.42683182214535426 
0.6134303686801523 0.7388362801418716 0 0 0 0.09703612690659763 0.46029433405719433 0.6091815829873439 1.0906966930824238 1.4073297817594823 1.3726581693652757 0.9463535378420264 
0.5827556732492762 0.8145570558072575 0.4265588381753287 0 0 0 0 0 0.21239491183110376 0.920569842874403 1.2890483902227852 0.9724599076623189 
0.39081086097493617 0.2627690058742559 0.7949248018837365 0.6971571298602307 0.5775720419047922 0.4104317948441426 0 0 0 0 0.03230024582313862 0.6750909073339545 
0.05512127569029526 0.33106185216371875 0.7878730360569168 0.7701161269140049 0.7308299421576279 0.47456493731173055 0.22608216838810552 0.4689295583921088 0 0 0.4153254372169565 0.8825581194934248 
0 0.3551478682944794 0.15326601258912304 0.04612964412564742 0.2613493406865148 0.41830742471178783 0.417644309507305 0.4356689755821337 0.42534425244859103 0.5293654709256779 0.46334066338237645 1.0241694041955247 
0 0.2496679073104597 0.049123781206394226 0.09119312867380096 0.21001479942014634 0.19322656627643864 0.01680399593700108 0 0 0 0 0 

0 0.10649522137992837 0.0013293753711084433 0 0 0 0 0 0 0 0.3582522114050289 0 
0 0 0 0 0 0 0 0 0 0 0 0 
0 0 0 0 0 0 0 0 0 0 0 0 
0 0 0 0 0 0 0 0 0 0 0 0 
0 0 0 0 0 0 0 0 0 0 0 0 
0 0 0 0 0 0 0 0 0 0 0 0 
0 0 0 0 0 0 0 0 0 0 0 0 
0 0 0 0 0 0 0 0 0 0 0 0 
0 0 0 0 0 0 0 0 0 0 0 0 
0 0 0 0 0 0 0 0 0 0 0 0 
0 0 0 0 0 0 0 0 0 0 0 0 
0 0 0 0 0 0 0 0 0 0 0 0 

0 0 0 0 0.0721511942494176 0 0.14068798724476078 0.1373327107076874 0.006796553008705103 0 0 0 
0 0 0 0 0.27122336063201957 0.3803703277651244 0.40801760199548337 0.25534309887800233 0 0 0 0 
0.2730532492565299 0 0 0.17909760795631596 0.574789602312356 0.6869498418115617 0.6624398134551092 0.4988077309864523 0.43028880231079786 0.18539793750316602 0 0 
0.8022743246043703 0 0 0 0 0.3507318144362258 0.479278423160005 0.4341864120567095 0.4476970041683369 0.5952333766989835 0.4437473891750967 0.3292230811023308 
0.4604655151879866 0.7644240371852605 0.7190448373458538 0 0 0 0 0.45682148004638473 0.43657298967842784 0.4622721183831323 0.44552174661484034 0.4424543366224085 
0.3248184135286261 0.2075609871327519 0.0971014258871073 0.35374117685991385 0 0 0 0 0 0 0 0.34359959412649077 
0.7369093156018567 0.6218000848837664 0 0 0 0.7679709495367457 0.41021739534763935 0 0 0 0 0 
0.6664056040275396 0.9999177138570173 0.12071736364899388 0 0 0 0.05776444763516459 0.28174395883241865 0.2825853448083076 0.9328678094995432 1.0660270590112073 0.1434960686485471 
1.0163748655609788 0.004349192372118116 0.20339288530323246 0 0 0 0 0.09977799988349019 0 0 0.6101831152317324 0.5230912761785083 
1.1327278384088038 0 0 0.22901313455901856 0.19362554118539127 0 0 0 0 0 0 0 
1.1298600504219216 0 0 0 0.07718591500544558 0.0014074191180661333 0 0 0.015642659985955015 0 0 0.35325160736286854 
0.4634145071609916 0.594740883030608 0.6388907811109746 0.6531259154830444 0.4522422793950221 0.4910926662731755 0.5892832839696385 0.6158906602271856 0.4902838375213615 0.4459503194768393 0.006788076775450336 1.2369542128313382 

1.1513106716090091 1.1703164455963095 0.8637840263710277 0.08815576184770496 0.2053050346220882 0.5062747063511092 0.3844213802503925 0.3646806451123365 0.4128231310826498 0.4689501791574998 0.4800606941476468 0.5666995209606756 
1.5368612675558542 0.8874969012627999 0.9584728644220581 0.12513419720218782 0 0.1909170563843448 0.00452227545747988 0.13298500167515406 0.25986559874382525 0.221902235870526 0.574510444633075 1.0754495512387745 
1.0030840672553631 0.3944157125610721 0.9699567452696184 0 0 0.02066971569580703 0.1073738388147131 0.05256391983709158 0.0630989640859319 0 0.03951404384660706 1.2599748342341306 
0.8454736447420037 0 0 0 0.11381116809565803 0.6348175749267063 0.4812818916479378 0.2614321399332284 0.4726770061768042 0.02685237021346551 0.23244627418388397 0.5926001659274316 
1.3383740276965297 0 0 0 0 0.18432780345022803 0.40797368743880547 0.44607779063298747 0.5283216314367232 0.47732638840507663 0.4658402137397084 0.5068452402632982 
1.0783665908537359 0 0.3954170352592389 0 0 0 0 0.3004848632870215 0.1934860348521464 0.224231043313028 0.4303262354485749 0.48673106095682356 
1.093368380489182 0.014586276852946715 0.2809640671007874 0.9753749244304691 0 0 0 0 0 0 0 0 
1.7746001839676018 0.0845417567769847 0 0 0.33269458209829367 0.3033603326797424 0.3621782682104609 0 0 0 0 0 
1.3085846984776324 0.36757031934094864 0 0 0 0.19720447551902215 0.7421261577884786 0 0.2789512594634212 0.028880238624364434 0 0 
0.5793333981776995 0 0 0 0 0 0 0 0.08275007742473411 0 0.7570176550050278 0 
0.05200525534660966 0 0 0 0 0 0 0 0 0 0 0 
0.5058822355490505 0 0 0 0 0 0 0 0 0 0.2811610766277819 0 

0 0.4317690889312303 0.5003054324373806 0.06658538880274825 0 0 0 0 0.006104130634422306 0.1052186172374458 0.017326693635940662 0 
0.4964840518944573 0.49978508512518366 0 0 0 0 0 0.10722945898118896 0.33809999049578743 0.3817065435680118 0.1052733987700315 0 
1.1574246882515293 1.3946090684474537 0.538440966492834 0 0 0 0 0 0 0 0 0 
0.43044011935170745 0.1962457041407209 0.7667266244403473 0.6551327090415336 0.1106350607892494 0 0 0 0 0 0 0 
0.025182347932445382 0 0.04584310526900803 0.12715094483930267 0.4655824402465382 0.3247746859191186 0 0 0 0 0 0 
0.13419034296865032 0.8165348581588248 0.7511376641891034 0.23021841346752894 0.30476952027437676 0.2029883531444841 0.5289937177385347 0.7741502435549643 0.7027791064903727 0.28998538181592076 0 0 
0 0.33118878725500916 0.8364802414873682 0.5611070987648145 0.2107112721216165 0 0.2595365180836049 0.6361312820052933 0.5733401775908121 0.6618909994405892 0.7949511399991421 0.35645846286007427 
0.6198339105560992 0.5095449763833098 0.9598740644257098 0.7482660097425432 0.6912074879525559 0.813168132195903 0.5497087536462155 0.2689825879890074 0 0 0 0 
1.5597834281197145 1.6550582295462288 1.1045714054534386 0.833244736406017 0.7378243435287108 0.895515153979786 0.7104394115917986 0.6447764873882444 1.4313384338153823 1.4587545637479928 0.8295719368434926 0 
1.3865855075469573 1.804958604460264 1.7202911256386646 1.030566952267014 0.7668413978509641 0.8695123031013278 1.2755731382746256 1.0406502275348357 1.8100943964522032 2.153644465566604 2.3214752659108138 1.044734501692672 
0.9365782640373317 1.5554295837175516 1.4892108824047343 1.2317092808243877 1.1484743743182235 0.8069145976820737 0.472623862224964 0.25333613151308493 0.127689491033754 0.06442534772565425 0.36078114898075636 0 
0 0.2690094590142438 0.09353406486592963 0 0.04894408388482241 0 0 0 0.004509516252945045 0.08529792456991783 0.816104614180043 0 

0 0.030792491481292553 0 0 0 0 0 0 0 0 0.4223769700636752 0.4635020289206401 
0 0 0 0 0 0 0 0 0 0 0.25934269266966925 0 
0 0 0 0 0 0 0 0 0 0 0.06964592577127998 0 
0 0 0 0 0.041665194559205754 0 0 0 0 0 0 0 
0 0 0 0 0 0 0.044107640123466074 0 0 0 0 0 
0 0 0 0 0 0 0 0 0 0 0 0 
0 0 0 0 0 0 0 0 0 0 0 0.3627862575086231 
0 0 0.054557152592189434 0 0 0 0 0 0 0 0.3448202810616997 0.684406959785073 
0 0 0 0 0 0 0 0 0 0 0 0 
0 0 0 0 0 0 0 0 0 0 0 0 
0 0 0 0 0 0 0 0 0 0 0 0 
0 0 0 0 0 0 0 0 0 0 0 0 

0 0 0 0 0 0.017909855262204455 0.004867295472365862 0.15975198099211546 0 0 0 0 
0 0 0 0 0 0.11813430434749628 0.11184281994283934 0.052491346542077065 0 0 0 0 
0 0 0.2748537087696461 0.8343785331594364 0.0675691597627528 0.10339054858848497 0.23133192766867727 0.07759881209891564 0.02202503662819627 0.025004302079907746 0 0 
0 0 0 0 0 0.16278134782432482 0.21122153947687516 0.10477077172089169 0.20005876313954107 0.1892853908554884 0.0142558000561262 0.20026459146151412 
0.23198014498884534 0 0 0 0 0 0 0.06031840764510892 0.10791048929651177 0.11165859748927935 0.08764296236776542 0.10808787059477641 
0.21880158601222122 0 0 0 0 0 0 0 0 0 0 0.062435813749180516 
0.013534282587191256 0 0 0 0 0 0 0 0 0 0 0 
0.513673603045245 0.2849683139832212 0 0 0 0 0 0 0 0 0 0 
0.22558841484135997 0 0 0 0 0 0.011000939361541777 0 0.2566103150413225 0 0 0 
0 0 0 0 0 0 0 0 0 0 0 0 
0.03568207968900616 0 0 0 0 0 0 0 0 0 0 0 
0.02241958355604204 0 0.07738697789875887 0 0 0.10823155111947111 0.25472205610983745 0.10769033974638978 0.02083429289099245 0 0.24578659323578 0 

0 0 0 0 0 0 0 0 0 0 0 0 
0 0 0 0 0 0 0 0 0 0 0 0 
0 0 0 0 0 0 0 0 0 0 0 0 
0 0 0 0 0 0 0 0 0 0 0 0 
0 0.2838228457532793 0 0 0 0 0 0 0 0 0 0 
0 0 0 0 0 0 0 0 0 0 0 0 
0 0 0 0 0 0 0.16930929320925492 0.03050916756269223 0 0 0 0 
0 0 0 0 0 0 0 0 0 0 0 0 
0 0 0 0 0 0 0 0 0 0 0 0 
0 0 0 0 0 0 0 0 0 0 0 0 
0 0 0.08078076670249251 0 0.017856709914702507 0.27519822718030407 0.3297727412033442 0.25934513916846474 0.25194418927955564 0.39296123599237287 0.273677881732861 0 
0.19263297893225512 0.5727083523981326 0.41980711470966076 0.3250193659555073 0.38544555749981313 0.4033744560863609 0.2318913094969911 0.11708541729656366 0.02067456365495865 0 0 0 

0 0 0 0 0 0 0 0 0 0 0 0 
0 0 0 0 0 0 0 0 0 0 0 0 
0 0 0 0 0 0 0 0 0 0 0 0 
0 0 0 0 0 0 0 0 0 0 0 0 
0 0 0 0 0 0 0 0 0 0 0 0 
0 0 0 0 0 0 0 0 0 0 0 0 
0 0 0 0 0 0 0 0 0 0 0 0 
0 0 0 0 0 0 0 0 0 0 0 0 
0 0 0 0 0 0 0 0 0 0 0 0 
0 0 0 0 0 0 0 0 0 0 0 0 
0 0 0 0 0 0 0 0 0 0 0 0 
0 0 0 0 0 0 0 0 0 0 0 0 

0 0 0 0 0 0 0 0 0 0 0 0 
0 0 0 0 0 0 0 0 0 0 0 0 
0 0 0 0 0 0 0 0 0 0 0 0 
0.13213661399342835 0 0 0 0 0 0 0 0 0 0 0 
0 0 0 0 0 0 0 0 0 0 0 0 
0 0 0 0 0 0 0 0 0 0 0 0 
0 0 0 0 0 0 0 0 0 0 0 0 
0 0 0 0 0 0 0 0 0 0 0 0 
0 0 0 0 0 0 0 0 0 0 0 0 
0 0 0 0 0 0 0 0 0 0 0 0 
0 0 0 0 0 0 0 0 0 0 0 0 
0 0 0 0 0 0 0 0 0 0 0 0 

