0.278312741168745 0 0 0 0 0.47816066694788517 
1.274069725621975 1.0953084807644815 0.855903130796608 0.7731084434193365 1.0123828849822585 1.5946011973134862 
1.2006317432669396 1.030106950027969 1.0225860023623614 1.115913532902254 1.2673597050870549 1.61239284541554 
0.9409961217230176 0.7959314228436475 0.8406788035904671 1.0899569505009066 1.2234330939758626 1.6157450967507279 
1.0348148295704103 0.9171689500720914 0.9370199817749212 1.0075411636572549 0.9626904862010469 1.33952320217134 
1.699115092310062 1.5635437000300014 1.3091992078945798 1.4079268005713115 1.44839867350061 1.5955643374193678 

0 0 0 0 0 0 
0 0 0 0 0 0 
0 0 0 0 0 0 
0 0 0 0 0 0 
0 0 0 0 0 0 
0 0 0 0 0 0 

0.7909820086162556 2.0371693238953945 2.111471533391025 1.9292198501049853 2.008126946877768 2.16983257658282 
0 2.0008308719347636 1.9151576854487888 1.8069680926203946 1.933254484996312 2.4938993979357584 
0.5309633380303606 2.4613682502323435 1.9506252140507163 2.052591617447534 2.1034854498406474 2.460796986178303 
0.7225660200417883 2.9259916052973094 2.1638426096998558 2.0673443742717996 2.2041351485946516 2.561655754377306 
0.15256217775055203 2.5539347199851146 2.196372873411774 1.9608255018143437 2.0483382235081695 2.4174398540088773 
0 1.0485679612637042 0.7543938583768345 0.5639870565959144 0.8379302133100688 1.5221708498083562 

0.1297774060416732 0.0910537839035586 0.14471931921834838 0.03885975891001427 0.03156354437643222 0.0061387488324881265 
0 0.04585167902137034 0.09442392262680542 0 0 0 
0.17082864617199356 0.2040814189299641 0.12302369128874538 0.019672811664999047 0 0 
0.07643279811424689 0.2292895097504618 0.11218820321042416 0 0.049950859864681146 0 
0 0 0.1078733082672264 0.0972458428110957 0.18668947063602426 0.03537544902181981 
0 0 0 0 0 0 

0 0.13630884426889667 0.38791775896315134 0.11144665994740079 0 0 
0.42453389697051486 0 0 0.16253543548089175 0 0 
0.652244432310377 0.35459294905793604 0.22818419661149866 0.03538970201370936 0 0 
0.10252409795917718 0 0.25097177370661 0.06382122209360616 0 0 
0 0 0 0 0 0 
0 0 0 0 0 0 

0 0 0 0 0 0.29062294306207265 
0 0 0 0 0 0.24551897527396124 
0 0.028417746481228766 0 0 0 0.27630914397975787 
0 0 0 0 0 0.16533737524200204 
0 0 0 0 0 0.16696397537085683 
0.14086039727884675 0 0 0 0 0.020340087039909246 

0 0 0 0 0 0 
0 0 0 0 0 0 
0 0 0 0 0 0 
0 0 0 0 0 0 
0 0 0 0 0 0 
0 0 0 0 0 0 

1.284983681370068 1.1920298997189085 1.3287174123078747 1.4429782389531405 1.472920089032205 0.7793141116862603 
1.1549913152382763 1.4564604258579539 1.5724000986138655 1.640002205559167 1.481587562882914 0.9033311490813605 
1.004975940982263 1.3193772934121433 1.4043422505826975 1.2854567766257086 1.2372302286909638 0.777838157649968 
1.050895995950159 1.23622319670496 1.3981948867887861 1.269822315825964 1.2120481151751943 0.8514473169130864 
1.097930327813941 1.1764050928228744 1.5024146955904465 1.2997403963060425 1.2405655447580957 0.8203170764464673 
1.3350446611907911 1.0348968082909005 1.1092968477649245 0.9669617849057451 1.003617330094151 0.7703342138993868 

0.6049858578336558 1.50924877472486 1.7052089261064405 1.92996766648294 1.9098941765887898 2.0985525027217022 
0 1.1380980229492133 0.9351982442500847 1.0187723906621142 1.2088947077616503 1.6409411185951497 
0 1.487082602137997 0.9274116217541607 1.0766077661224454 1.4119845753035412 1.8816420087826267 
0 1.7287486251718018 1.132332827500205 1.121439802680922 1.4102030090862416 2.039925713973343 
0 1.3520486071848454 1.153718820387655 1.0108409528932973 1.1984136551561364 1.852871205857926 
0.7065903234127263 1.1628183945706185 1.2082724001352942 1.0124265819628642 1.1073238572545858 1.2028356703058933 

1.6332000533643953 1.3098063800780615 1.403291303222377 1.3225518977597053 1.1330771547716931 0.7651181845221188 
1.9808305217267164 2.1049544992538634 2.3624498527686613 2.1766469093754015 1.9843148819139285 1.1870747664410293 
1.7053436408836558 1.9454131665315766 1.9871081682108094 2.116913853369435 1.91304935192091 1.289890373963531 
1.536758847867511 1.8574959585459556 1.8728405966035013 2.0438444566917497 1.839140635000182 1.2434056907521622 
1.6519321916426628 1.974426716551006 1.8478901571640651 1.9111833924404278 1.706105714421297 1.2194242155235016 
2.000391022318869 2.8271052564085495 2.678291857524556 2.6764569007378918 2.5396119304424953 1.8059204443227488 

1.8563434717804066 1.462233853505207 1.529468584813577 1.5510531509967158 1.610438986217254 1.164937551142422 
1.6971369290234908 1.3438911884544191 1.300129608655225 1.4072937622327608 1.2076007700067621 0.7889244470579373 
1.8690938890743165 1.9093872677324537 1.9194688709311196 1.7048256886151023 1.4387376537087886 0.8823399774021451 
1.6073810888163624 1.5013363124981136 1.827815039091858 1.6908946930251145 1.3979217147797152 0.8112586604238062 
1.447363195232913 1.191323502485001 1.536487391589561 1.3421724938684638 1.2311095153978473 0.8154240650122786 
1.3466854691327887 1.0189014532135265 1.3014489662497586 1.1231380929094266 1.0930252816238382 1.1282652590837796 

1.6085450088186544 1.2651170305712265 1.1395788343214373 0.9646976630643547 0.8494449083294192 0.4739828674482837 
2.4189223614437294 1.630357616554388 1.5943349480465574 1.7884511853462564 1.4375573170132867 0.40582362643577796 
2.4659153972483714 2.15440990185618 2.1167674043835896 1.9194394652519065 1.5088764049740437 0.40659418467596914 
2.1273971903298596 1.844477452405038 2.130327074814573 2.055853737805142 1.7043753147157432 0.7079040272020727 
1.8807944921153419 1.3656358310206669 1.8795436644666865 2.03460241157044 1.651810563350137 0.5419163070923436 
1.3171110847005514 0.5374740714740475 0.7093781943778105 0.6760425501908793 0.519731729264959 0.27710534132440373 

3.234101219746137 3.262124393929495 3.132438299162265 3.051372146573775 2.8862060297772802 2.5012376722608254 
3.8786711578681325 3.573120402338967 3.4517967417371564 3.4281227023988827 3.226769014190701 2.2601007103674338 
3.790743193408543 3.8308519528781906 3.7753888063636034 3.6874821646314904 3.34281987450492 2.4226422706845803 
3.61959936764276 3.6190790544510647 3.645727215094091 3.776031680743255 3.527224791623447 2.520106034785946 
3.5854658653595726 3.477392019926573 3.4924539008563693 3.62424999708924 3.4093646295323046 2.5441331420652724 
2.9068723475656117 2.6588268625078815 2.7713294341940715 2.854717958502799 2.7339120620790394 2.1879738504851907 

0 0.012525183731794079 0 0 0 0.6374799926509522 
0 0.07666472183749917 0 0 0 0.9745064895564135 
0 0 0 0 0 0.8256048871623606 
0 0.023335936484428284 0 0 0.08272843797206936 0.8965385463358239 
0 0 0 0 0.026087688462935764 0.7467013451492294 
0 0 0 0 0 0.05477155421831292 

0 0 0 0 0 0.13281072473547234 
0 0 0 0 0 0.0927720501538021 
0 0 0 0 0 0 
0 0 0 0 0 0 
0 0 0 0 0 0.019276520681555873 
0.3004692992174711 0 0 0 0 0.20852195600423495 

0 0 0 0 0 0 
0 0 0 0 0 0 
0 0 0 0 0 0 
0 0 0 0 0 0 
0 0 0 0 0 0 
0 0 0 0 0 0 

3.886642156885118 3.8807324970128 3.629111927192403 3.619637105618181 3.7834025683574715 2.904510594730956 
3.2477648170444753 4.6676484946496934 4.478414051969648 3.7845185673960513 3.683554705397064 3.8875263373224684 
3.507845875352906 4.486034980150993 4.2605416001845136 4.2654856191667845 3.905098746491877 3.604754925763345 
3.793585540752825 4.715966029876659 4.316288026167858 4.174433819578731 4.0572604451044985 3.5513158056699003 
3.5843838089663835 4.750346938317157 4.376895079041839 4.487430042145949 4.414390016281434 3.8296943251786235 
2.7859122917229193 4.247445942107478 3.7994399958142084 3.8206060718064716 3.9896754175095657 3.76629857208257 

0.1440684602141639 0.7238769239524218 0.7787038556515902 0.6169038875355044 0.5878103107058262 0.21871875324194642 
0 0.4937490021810331 0.2978295404840044 0.42424717610668605 0.23974867680770698 0 
0 0.6797771223591289 0.3699535376093824 0.3576224519562993 0.24938592487686242 0 
0 0.4798536960032157 0.33307056107859895 0.3240052165942333 0.30018431842956916 0 
0 0.4014979991803152 0.24396392368279599 0.1709802450167037 0.18237539337830289 0 
0.14189132638229268 0.5975692351505913 0.6510659240588318 0.7251721785795128 0.5663765649362655 0.2869356807113721 

0 0 0 0 0 0 
0 0 0 0 0 0 
0 0 0 0 0 0 
0 0 0 0 0 0 
0 0 0 0 0 0 
0 0 0.17473931769644294 0 0 0 

0 0 0 0 0.1069592677586693 0.5687544226233074 
0.10455318540615524 0.00124375199263866 0 0 0.11360285125703727 0.27629389377173913 
0 0.1116838527337354 0 0 0 0.15659041540983684 
0 0 0 0 0 0 
0.007025896291572034 0 0 0 0 0 
0.8999101532668502 0.8253955973402457 0.8238487340650409 0.9916587276975358 1.0298847316963546 0.48599367440293 

