1.689505831931536 0.33684019356707606 0.9875161120415116 0.8237409895481007 0.48967181757402306 0.41999906745064153 0.8666352300555321 0.6375073306795732 0.37580473192898817 0.22071899448700774 1.1759752047412417 0.6264120294280863 
2.107476558840693 1.3286500028972057 2.303957863219232 2.3204621438237987 1.3595356365959446 0.9861767056260454 1.8532919512468051 1.7019066072091502 1.6593287724782975 0.7090091527976136 0.5073931097211619 0.886878366827561 
1.0928199529696718 0.140537105549055 1.2253769623172748 1.8310991457637886 0.9997047961113001 0.7557558965845194 1.8237554165745073 1.4978844802267497 1.4965162472729696 0.9047866131717962 0 0.23061287657404314 
1.7841119805015369 0.09938619961651207 0.7369292944014925 1.7632834202888912 0.9971914456405456 1.0365566160022712 2.0142191022794296 1.5104031951304848 1.9044590704593707 1.1073291324278642 0 0.05372245243650538 
2.4154582662736677 1.3391525807514333 0.8763848329084982 1.2474713222769616 0.7633249204588195 1.3947643868692419 1.5702188691410883 1.3163237052291668 2.2797445869554407 1.3243324302971546 0.9894836570211376 0 
1.9509583808170543 1.5085796085874674 1.0697999067793789 0.7906199889387496 0.9602099998164314 1.3736220922329991 1.0903691811695286 0.9200514477837877 1.4258617138784535 1.2648159958017577 2.2348864936266586 0 
1.8877503383919403 1.5668394049834582 1.3883247968289665 0.7055682281587078 1.0804539559605928 1.23827488683331 1.6717732018236882 1.2678945787976925 0.667755859685791 0.9889938616885219 1.907413071271308 0 
1.4496684819714907 1.85369909154564 1.9257317570791972 1.1752299251046172 1.1079550518283892 0.9500275604414886 1.6570209710262573 1.348801089804357 0.8549223045868719 1.1357293277330291 1.4890997623229312 0.17608741802661096 
1.5264278004784972 1.4799798414808762 1.5897435957975257 0.9065781969833779 0.5845273182263137 1.1108382259007044 1.951010806034727 1.6595500856825116 0.8867395497941493 0.9312506082071125 0.6137935754956201 0 
1.498903669150963 1.2154165644985673 1.2927534498491047 0.9685268892080622 0.1701856501810411 0 1.376976264972525 1.8888504852151802 1.2059321666835514 0.9467618904633376 0.7009951467244542 0.5886255029029847 
1.5526724495039286 0.7064055225213315 1.1381439001372875 1.4185968417893426 0.717160810193684 0 0.6697390464272912 1.3848204912935353 1.2908899419324875 1.2547524506041652 0.41930172241824465 0.31853377963550705 
1.7945242288022283 0.8167924692065576 1.643012691154874 2.0188154588530933 0.8539993769040678 0.7963054680027353 1.4442177238635103 1.2274829029389087 1.342887898121056 1.4646387510200267 1.0318970540126058 0.8799909554716028 

0.47703245064457983 0.3821233842012297 0.1943080656958277 0 0 0 0 0 0 0.06574960094022081 0.39920616747093074 0.988033661693374 
0 0 0 0 0 0 0 0 0 0 0 0.24155820059320737 
0 0 0 0 0 0 0 0 0 0 0.20950174895826112 0.7224537037327654 
0 0 0 0 0 0 0 0 0 0 0 0.6062317729954028 
0 0 0 0 0 0 0 0 0 0 0.03886563195045259 0.7901581462565027 
0 0 0 0 0.05703198777155592 0 0 0.036069293644564765 0 0 0 0.39146848116150434 
0 0 0 0 0.43309348993656527 0 0 0 0 0 0.1082487709199905 0.6840232768371339 
0.0704271452116966 0 0 0 0.07250200504896295 0 0 0 0 0 0 0.48330591007737794 
0.21093268300912502 0 0 0 0 0 0 0 0 0 0.754124949548616 1.232260931228447 
0.2145017936472629 0 0 0 0 0 0 0 0 0 0.6757397655928835 0.3188183501994604 
0.10851455485042749 0 0 0 0 0 0 0 0 0 0.694961462333827 0.5924283300016665 
0 0 0.057873458525444066 0 0 0 0 0.2600279540516436 0.20276718234915792 0.05143678716697801 0.2865160021946279 0.35971185099546316 

0 0 0 0 0.007605010648683158 0 0 0 0 0 0 0 
0.205579349984619 0 0 0 0 0 0 0 0 0 0 0 
0.0053656406529652145 0 0 0 0 0 0.044680544540439245 0 0 0 0.1250167895337846 0.4634534910870417 
0.2939300140751713 0.20589683896839794 0 0 0 0 0 0 0.01757985405066645 0.28663822306008446 0.6175546479371926 0.5408895868778547 
0.2134210240176131 0 0 0 0 0.1566207761119566 0.3238170601289214 0.2153549048389115 0.23286009064059662 0.45797665932288883 0.5098344734294485 0.4265042948161413 
0 0 0 0 0.25284750204758943 0.09881574918137047 0.5025862779152666 0.14673944829189453 0.3827612015194786 0.39311114306081374 0.4785808596446217 0.5366755751161563 
0.056723191183771685 0.1183289309560522 0 0.2538740644083509 0 0.011917347182383492 0.08186780743320245 0 0.0935257828104971 0.2496285494721318 0.8781900567876337 0.70697594900692 
0 0 0 0 0 0.12728523234761285 0.25098485447699626 0 0.14583447137350697 0.23962792958223328 0.6895173841642211 0.701808763026889 
0 0 0 0 0.10308057551341793 0.4422437376874488 0.16516449063779393 0.21687750325067282 0.18416476796991554 0.2487804060283733 0.5480291369304883 0.40382174717264063 
0 0 0 0 0.15402611652721143 0.4865639093535722 0.4924574135586236 0 0.09169888851063035 0 0.4952321272572515 0.5979703464374165 
0.2484155564789176 0 0 0 0.8586182410030239 0.759250556403596 0.5523706407219268 0.006813228631060431 0.11133962357743243 0.3517998285087666 0.6300816690688684 0.5941827071495457 
0 0 0 0.20787535225244858 0.9147799608152467 0.8842103392905369 0.2860898213729296 0.1423450785115659 0.3066384213783857 0.25466171094085666 0.4866689999054705 0.15728779329221396 

0 0 0.3653883564591779 0.4679478150002208 0.27784661932217325 0.04432478026678405 0 0 0 0.25821319450270186 0.1830850922264917 0.43245582880979816 
0 0 0 0 0 0 0 0 0 0 0 0 
0 0 0 0 0.1298064736773201 0 0 0 0 0.6793465906667528 1.0719784048611705 0.21979025653490078 
0 0 0 0 0 0 0 0 0 0.14435746595601506 0.7213405064799845 0.7461603249167014 
0 0 0 0 0 0 0 0 0 0 0.6459311041624629 1.9132860588234162 
0 0 0 0 0 0.34706018524270477 0 0 0 0 0 1.4290502041179662 
0 0 0 0 0 0.13562409513265794 0 0 0 0 0 0.04367454053106193 
0 0 0 0 0 0 0 0 0 0 0 0 
0 0 0 0 0 0 0 0 0 0 0 0.05983685395133685 
0 0 0 0 0.6012127239692647 0.45368396286648904 0 0 0.053271402584574544 0 0 0 
0 0.15724035888605764 0 0 0 0.07827962859701229 0 0.11241383880812067 0.10058694829887344 0 0 0 
0 0 0 0 0 0 0 0.0664291806148847 0.00622543320842096 0 0 0 

1.3304894323106435 1.048660184807915 1.0127367092095674 0.8168949396119716 0.9087115867418649 0.3765279283094605 0.5891834199570645 0.34710739430765575 0.7933260078301394 0.68122380006511 0.28647151498069107 0.7741687433922438 
0.5098848563070679 0 0.07260583701241556 0.2852355702638632 0.005965527437507025 0 0 0 0 0.0597117944855081 0 0.5232258259594232 
1.2444231815623505 0.8976066168977173 0.7944358770797223 0.6784245230184943 0.4792842808711731 0.4105532624637318 0.8015075168839235 0 0.5073611715484554 0.7728722920044658 0.5294496005206618 1.232874770472905 
0.9691622355476129 0.16322682075841294 0 0.09957594937624248 0 0.45991850921672095 0.545948594050415 0.45557978982093844 0.8344771217473524 0.7709918239883871 0.16714447099521504 0.9122546679348698 
0.351704226898768 0 0 0.2835731048621166 0.07809901831250002 0.9680532142760032 0.9425838769040165 0.3879062745027393 0.6005032951195004 0.2664001997673994 0.38635142396877575 1.232932912935856 
0.501999255953025 0.26572459609873855 0.5587528826329954 0.35162133373952575 0.24039892385733244 0.7540264611914178 0.737863097381026 0.3950851786872553 0.39275457511077466 0 0.07951123453554616 1.3109969178519383 
0.6732755914038746 0.08601238777537731 0.4453480713022008 0.26878693565901485 0.24141248095812412 1.0504921190846475 0.7529133463945259 0.6247599112937808 0.588231130024681 0.14008668810010336 0 0.5730403843418205 
0.862528810877269 0.4134629935591285 0.5751034194574851 0 0.16899689141338922 0.7013041960680718 0.7223312133075556 0.6118877730226463 0.6453133125568573 0.3259235475134191 0 0.48789700997053287 
0.8577981847291719 0.7222516667594252 0.7843215204404411 0.3454407471870906 0.39667701056203153 0.8372987952971495 0.3390172325955228 0.4041867758463418 0.35604974917040505 0.16275389100677926 0 1.1026524232473058 
1.1249927282716206 0.9641876297337392 0.6178087157027555 0.35158323367952204 0.5067324832249823 1.3570317521322823 0.7664811792649562 0.6058105466420484 0.4288810527788682 0.4579617425616626 0.09700144157927054 1.1371743307325777 
1.4402009808987022 0.7402652706823638 0.18757652659331944 0.6564019785147759 0.9461311211681055 0.4695874242458214 0.2057743167102392 0.7037980404331534 0.5702206498573785 0.7839084798893459 0.3202640035556905 1.1481668667913236 
0.9343060186457417 0.1859536422954895 0.023749768763885085 0.4563711042313088 0 0 0 0.5713594639129959 0.7262189663051695 0.595206436239911 0.2604709238841515 0.6514124798224039 

0 0 0.08568533437054643 0.41367443658814995 0.4235083949328767 0.40667170865613966 0.4205880118310447 0.22184773652193765 0.29585965580269713 0 0 0 
0 0 0 0 0 0 0 0 0 0 0 0 
0 0 0 0 0 0 0 0 0 0 0 0 
0 0 0 0 0 0 0 0 0 0 0 0 
0 0 0 0 0 0 0 0 0 0 0 0.5094463573258035 
0 0 0 0 0 0 0 0 0 0 0 0.03931060725363599 
0 0 0 0 0 0 0 0 0 0 0 0 
0 0 0 0 0 0 0 0 0 0 0 0 
0 0 0 0 0 0 0 0 0 0 0 0 
0 0 0 0 0 0 0 0 0 0 0 0 
0.34826624135067424 0 0 0 0 0 0 0 0 0 0 0 
0 0 0 0 0 0 0 0 0 0 0 0 

0.05493480131574309 0 0 0.5720591156158843 0.7401111497605843 1.101336643731585 1.0113031658247498 1.133058278309367 0.8081372684942968 0.7610386781022593 0.34146230316742476 0 
0 0 0 0 0 0 0 0.1313937053015956 0 0 0 0 
0 0 0 0 0 0 0 0.030190227674788794 0 0 0 0 
0.4273583122859633 0 0 0 0 0 0 0 0 0 0 0 
0.20017496686731642 0 0 0 0 0 0 0.006622215266645137 0 0 0 0 
0.14979561253999257 0 0 0 0 0 0 0.16876204241060555 0 0 0 0 
0.3394660727691451 0.50025991121935 0.046832093514481525 0.24685232108271615 0 0 0 0 0 0 0 0 
0.3270288802276815 0.3705302704234824 0.19748225708143388 0.4474521188235264 0 0 0 0 0 0 0 0 
0.262653160308573 0.5296009456056273 0.21144338966503673 0.21642501186027785 0 0 0 0 0.0200823796977564 0 0.22650798957301202 0 
0.12767400091520892 0.5890638163604942 0.127272054871761 0.4261925355998354 0 0 0 0 0.07449604996236846 0.04276589393396791 0.06934005694205868 0 
0.18766583442347146 0.3355832229032054 0.3537147015220185 0.29005894844030755 0 0 0 0 0.05047756975174493 0.27330052730157783 0.5583138427324925 0 
0.19813688844450483 0.4112437423120688 0.4572778732846833 0.22953930883660406 0.4529734444324872 0.326452533850803 0.1360119558768264 0.2936970639326044 0.32816842914688993 0.42998581258228163 0.5968522056188145 0 

2.0578859077006633 2.406463799285342 2.3140462082258466 1.8169210744139843 1.8369767888718402 1.8526303076859008 1.889471234459612 1.6128021013432603 1.4534662397439955 1.7022484769185844 2.472314336949616 2.5341977186040334 
0.3035482206330228 1.1007399654971133 1.2654829079146084 1.018251439164811 1.4606583779759421 1.3205459260197923 1.1368231844904206 1.1661283794461592 1.055540152142484 1.5698531523431436 1.7140336750674217 2.3041670655241733 
0.5203656503693898 0.8603187369068759 1.2395829380844665 1.4185286998213114 1.8939524897778368 2.08662402460912 1.696603732416441 1.7002589988911228 1.2967409620793517 1.6666641263614481 1.9437302073112275 1.9119880883578602 
0.3950200743453317 0.9227496613235068 1.033852594973277 1.512213115600443 1.9292081111137935 1.7591491491274283 1.7855227793986201 1.3264153293671297 1.498529606145093 1.5528361144495362 1.7411101554664552 2.37667076290979 
0.6067028060211742 1.6300948154488075 1.472105991761456 1.5485075052957151 1.6143374647080524 1.7116501223086018 1.3317959190838755 0.9663655928039928 1.238500110811472 1.6233548685487111 2.247882611476163 2.5379093184152164 
0.9799008538709505 0.9722422735307891 1.5520486222460643 1.298526396219396 1.5638893962781333 1.9155521260425548 1.688751152149417 1.268228465727856 1.1821484878946327 1.0040010089551423 1.8399803050916592 2.4698592435729476 
1.2792029391457735 1.390908585629615 1.377940739145903 1.4641486383041615 2.0054354354000616 1.8683980117357062 1.7779440346696258 1.4514125847441637 1.3344189611824218 1.1774095298529497 1.3835967815906436 2.08246058558075 
1.413023528420775 1.354895239735414 1.3293378459806102 1.641022443669906 1.715926215200092 1.747527107060925 1.359612219320642 0.8612960527816769 1.1931608144658403 1.4425144183710248 1.1237353363342018 1.7921953473696404 
1.78382141290846 1.6668259810109114 1.321100290999282 1.128360096477828 0.9526715221941262 1.32238482250591 1.4645415430155202 1.2000563769586263 1.2383365350771174 1.5441862903898091 1.3747460689161608 1.8085802684278125 
1.1676885191113175 1.3910354345874516 1.1753676912944995 0.9876262466243735 0.5582840901718614 0.9535533880328477 1.3939009154027773 1.6915766684259248 1.642311790074995 1.6161170602376802 1.2388298047646304 1.3472926105587752 
1.6425333910608302 1.1627686705491933 0.8888618818275846 1.2201706322094028 0.7974398450976826 0.9282016459359386 1.500681918509459 1.5952534220264378 1.7177205604055148 1.7370350080242336 1.4904210528218573 1.419639711219295 
1.6093968563557295 1.753287128235961 1.9407521367918674 1.4914000770287592 1.3946260908970354 1.4027327572981818 2.0061729810387736 1.949428771635536 1.8826138248622284 1.7615852416484914 1.4038371258663909 1.61857046610233 

0 0 0 0 0 0 0 0 0 0 0 0 
0 0 0 0 0 0 0 0 0 0 0 0 
0 0 0 0 0 0 0 0 0 0 0 0 
0 0 0 0 0 0 0 0 0 0 0 0 
0 0 0 0 0 0 0 0 0 0 0 0 
0 0 0 0 0 0 0 0 0 0 0 0 
0 0 0 0 0 0 0 0 0 0 0 0 
0 0 0 0 0 0 0 0 0 0 0 0 
0 0 0 0 0 0 0 0 0 0 0 0 
0 0 0 0 0 0 0 0 0 0 0 0 
0.005639441945723335 0 0 0 0 0 0 0 0 0 0 0 
0 0 0 0 0 0 0 0 0 0 0 0 

0 0 0 0 0 0 0 0 0 0 0.10769657906643815 0 
0.27695416532196715 0 0 0 0 0 0.17174832171462093 0 0 0 0 0 
0 0 0 0 0 0 0.5323335652245147 0.28703812156607555 0.26618053653018625 0 0 0 
0 0 0 0 0 0 0.17593044403499752 0.3372983304764039 0 0 0 0 
0.4226115451325244 0 0 0 0 0 0 0 0 0 0 0 
0.5642491764395661 0 0 0 0 0 0.19445477919505674 0 0 0 0 0 
0.43962088186938064 0 0 0 0 0 0.09604003512605716 0 0 0 0 0 
0.42769762040120424 0.16062108726988264 0 0 0 0 0 0 0 0 0.5158430781662892 0 
0.6248697583620378 0.12095479953672864 0.0640953328190946 0 0 0 0 0 0 0 0.8178830803478734 0 
0.13308012855969462 0 0.2948084967832212 0 0 0 0 0 0 0 0.46501052085734823 0 
0 0 0.06505977467919721 0 0 0 0 0 0 0 0.19956481232547668 0 
0.19796951085541908 0 0.08830033182489865 0 0 0 0 0 0.12151790082209434 0.24825834146146594 0.2614935714369417 0 

0.5838584334095404 0.5846036374641054 0.13555329138331426 0.16401694810396894 1.0873098633193046 0.8882873453360876 1.2041354357820282 0.9140316878935032 0.820549200696031 1.0894238991566347 0.5123777966755126 0.7336954907239661 
0 0 0 0 0 0 0 0 0 0 0 0 
0.3036875716737986 0 0 0 0 0 0 0 0 0 0 0.754976096930597 
0 0 0 0 0 0 0 0 0 0 0 0.25623893461719804 
0 0 0 0 0 0 0 0 0 0 0 0.277887438233779 
0 0 0 0 0 0 0 0.024012200730826692 0 0 0 0.14567358156850485 
0 0 0 0 0 0 0 0 0 0 0 0 
0.2772141564481561 0 0 0 0 0 0 0 0 0 0 0.45552870442980176 
0.12751332998126533 0.3325642780381799 0.2594419630097774 0 0 0.6316469603611949 0 0 0 0 0 0.983501111731352 
0.2590479580921255 0.20800628790836037 0 0 0 0.4220666638011572 0 0 0 0 0 0.20828068944621614 
0.9068295656255961 0.2405636148709487 0 0 0 0 0 0 0 0 0 0.7290237318411356 
0 0 0 0 0 0 0 0 0 0 0 0 

0 0 0 0 0 0 0 0 0 0 0 0.06998776852323152 
1.125844185016006 1.9232948281014202 1.340768815167618 0.36983266282162386 0.36356579929253147 0.5187506531971845 0.7477656439589115 0.20197234669151262 0 0 1.5444159399295534 2.230563575416893 
0.09298462263610868 0.07844214936685989 0 0 0 0.0659640315776382 0 0.2535659576072455 0 0 0.40813099462160884 1.1226092974668562 
0 0 0 0 0.4734725305740488 0.5574861249412034 0.325018458511275 0.4560800395899692 0 0 0.4679676910633554 1.1526846382706504 
0 0 0 0 0.9953757864527093 0.3155943015376847 0.3246455194332013 0.21873465882759857 0 0 0.2957885443160271 0.8228122143269198 
0.1981932039095025 0.07776007086703735 0 0.234401223098626 0.7058755072418479 0.3751754398725758 0 0 0 0.17136524677261167 1.1704071268679233 1.32208930940403 
0.4830278070112559 0 0 0 0.45516169365288234 0.21099206520598185 0 0 0 0 1.07096996192297 1.5414952744811912 
0.25358641579145114 0.08091057649164204 0 0 0.5345632260250908 0.6827050806374905 0 0 0 0 2.058938923925883 2.664710379498158 
0.3638134934411858 0 0 0 0.9845922812010248 1.4953341187749896 0.4639767509655442 0 0 0 1.7276669746404203 2.176680585484101 
0.09005675849260289 0 0 0 0 0 0 0 0 0 1.457456170007361 1.7699040971892581 
0 0 0 0 0 0 0 0 0.011717184362376728 0 0.564145988545489 0.540180611430171 
0 0 0 0 0 0 0 0 0 0 0.21218967948282313 0.3909899008411409 

1.2938279062819797 0 0.849011373325956 1.3965367364579018 1.0175147097931516 0.7888206522158538 1.311921928940152 1.2939125371883764 1.0581640249701902 0.4607144453912162 0.5718995717160434 0.21552824443695984 
0.340714987277287 0 0 0 0 0 0 0 0 0 0 0 
1.5222767484270707 0 0 0.10939278597727445 0 0 0.39921858976331936 1.048438244565559 0.9159076415042632 0.7170062718696304 0 0 
0.6922412867565195 0 0 0 0 0 0.3230307917079898 0.4337634496006101 0.4676525754915797 0 0.22925757861742674 0.24078437529564176 
0.5297503469866449 0 0 0 0 0.2859743987721386 0 0.11358748021526269 0.07609333832482931 0 1.0282024297648729 0.5046737435801146 
0.25987053745862715 0 0 0 0.5344363764962299 0.8501984528421871 0.5926543760019132 0.41432687090157855 0 0 0.8493888748086362 0 
0.11539181790767344 0.05957409899792823 0.1685130745593677 0.25327776330292123 0.7065887253118256 0.2930728958131785 0 0.18321620099114871 0 0 0 0 
0.5424959435577701 0 0.12359839711001147 0.052669110852207456 0 0 0 0.021331151045672292 0 0 0 0 
0.8117809840933428 0.9749582650418218 0.5818340578475298 0 0.4023594612552538 0.2960407459450957 0 0.2647726398254006 0.01527101422300424 0 0.5061802600277979 0.39318692713008485 
0.9799106107715744 0.2606737146882229 0 1.098133927818719 1.688352495426701 0.17082316970320982 0 0 0.18874486981420663 0.3616233549559225 0 0 
1.2822385361690496 0.306957033386798 0.8021733233827836 0.8229495199177858 0 0 0 0.21543461988380744 0.22346027699638166 0.4714915719472327 0.16843593763621978 0.33906251305399493 
0.345353830371435 0 0 0 0 0 0 0 0.09114015840731188 0.10961462037599809 0.020130887395790747 0.13501224020383543 

0.2677035499658323 1.4039648628397963 0.7955494243352351 1.3211881680774253 1.1603739463746736 1.912706772206689 0.786495238363709 1.1993849280399613 1.3066843088085818 1.0171048558600848 0.22994071079580453 0 
0.3199921826770024 0 0.008231333677522972 1.209487907859492 1.2823919009350273 0.7604741892932657 1.1622180342580148 1.5609534819270336 2.279387967670256 1.366431669012411 0.17327605813107166 0 
0.21792842862866224 0.890596836648991 1.1627348962857713 0.6865116576883842 0.9128604800122083 0.3186168415804226 1.0555469672795132 0.5106040928153176 0.9973490757972346 1.4188076600972677 1.215255811858029 0 
1.2367355086066665 1.8721130797891175 1.273940564241537 0.8123007789724078 0.4560665801800697 0 0 0.7386410085262652 0.6405464224308288 1.5988204774980563 1.7220000354435891 0 
0.894946991328074 0.7884670101128662 0.8120464591978753 0.6343974855562464 0.60326836053529 0 0.38006800890576053 0 0 1.7457173165309139 1.1068761457995286 0 
0 1.6022025161255848 0.6770699684352682 1.1453568194654522 0.553669754037325 0 1.2299744319230443 0.2415247794723185 0.5590792919870707 0.8482384013996772 0.560022192948849 0 
0.06456971438619492 0.5403332236176592 0.8860034284025686 1.8386830367322589 0.0965045595903836 0 0.548742028817044 0.7701627845070378 0.49476329637792105 0.1039065550193211 0.7680122089087983 0 
0 0 0.7698124566142677 0.24864356757662207 0.12103065900743211 0 0.6414536098143605 0.9834876413285213 0.7653153642666499 0.6289141986702225 1.2111998783734725 0 
0.284819758854704 0 0.221454591955272 1.6828421961421893 0.7644739037268704 0 0.3447170614498377 0.5992354921704738 1.3184795851273907 0.7497199665149421 1.1037695302662025 0 
0 0.3383860045117497 1.8031275459512726 1.325096006764807 1.4689917379143624 0.7469456658872958 1.3934547371294335 0.5476032526792398 0.9449483876383845 0.4132247952901777 0.023364384579414556 0 
0 0.705945595193239 1.3137991541416754 0.8157717815385868 1.405021683581072 2.0826149634681492 1.24114626037768 0.49149756316332793 0.3213952435602882 0.566710639912209 0.8866141898173774 0 
0.4704384545633672 1.3671583420160651 0 0.7645313607144333 1.6286135907819819 1.479063393458313 0.18836326954181234 0.25655102620334547 0.20393419545564798 0.13677883084170334 0.3098162208381326 0 

0 0 0 0 0 0 0 0 0 0 0 0 
0 0 0.20087404030987432 0 0 0 0 0 0 0 0 0 
0 0 0 0 0 0 0 0 0 0 0 0 
0 0 0 0 0 0 0.03455731676847491 0 0 0 0 0 
0 0 0 0 0 0 0 0 0 0 0 0 
0 0 0 0 0 0 0 0 0 0 0 0 
0 0 0 0 0 0 0.1599782450162318 0 0 0 0 0 
0 0 0 0 0 0 0.3584961336956534 0 0 0 0 0 
0 0 0 0 0 0 0.4133384117181488 0 0 0 0 0 
0 0 0 0 0 0 0.08688252513460644 0 0 0 0 0 
0 0 0 0 0 0 0 0 0 0 0 0 
0 0 0 0 0 0 0.2886680741352644 0 0 0 0 0 

0 0 0.7786189548160772 0.8465092086353413 0.8164148834942714 0.7049347281394525 0.7243984706386847 0.7395310805105583 0.7400267924097124 1.022838096796266 0 0 
0 0 0.2306002393440933 1.0643727055491088 0.9652422660483317 1.185475181039522 1.066962460626364 1.1629660781154647 1.1988812017040256 1.185002735184515 0.22555422219617147 0 
0 0 0.3139726911040859 0 0 0 0.4388173877971885 0 0.31436210084925054 0.45580871603196615 0 0 
0 0.14995626102807214 0.3621827566399156 0 0 0.017641887426766627 0 0 0 0 0 0 
0 0.03590007046251126 0.44803428970285136 0.18481425942712654 0 0 0 0 0 0 0 0 
0.02522100698483458 0.20031856776175827 0.616498237915664 0.08536263177528247 0 0 0.31544586984694317 0 0 0 0 0 
0.08983526735482464 0.13001568798576432 0 0.31453663387794883 0 0 0.19353490972453702 0.05035758207265972 0 0 0 0 
0.1964784824940262 0.0005831708653850562 0.44238666514258473 0 0 0 0.2317531554875629 0.27394746522534236 0.06154727244091609 0 0 0 
0.2888389482200616 0.39137129925442204 0.24304794897942855 0.1443928012381999 0 0 0 0.06854388806208177 0.08662404313638723 0.06407085654277586 0 0 
0.4775600665481516 0.7021245086920719 0.4037390245032265 0.7992380452722472 0 0 0.25842330173222755 0.042490356645785814 0.19670478128282398 0 0 0 
0.1728308969017362 0.44478227629892503 0.5280523730280807 0.07070061738947121 0 0 0 0.05861610974699301 0 0.032004755184819336 0 0 
0 0.46889360117800327 0 0 0 0 0 0 0 0 0 0 

0 0 0 0 0 0 0 0 0 0 0 0 
0 0 0 0 0 0 0 0 0 0 0 0 
0 0 0 0 0 0 0 0 0 0 0 0 
0 0 0 0 0 0 0 0 0 0 0 0 
0 0 0 0 0 0 0 0 0 0 0 0 
0 0 0 0 0 0 0 0 0 0 0 0 
0 0 0 0 0 0 0 0 0 0 0 0 
0 0 0 0 0 0 0 0 0 0 0 0 
0 0 0 0 0 0 0 0 0 0 0 0 
0 0 0 0 0 0 0 0 0 0 0 0 
0 0 0 0 0 0 0 0 0 0 0 0 
0 0 0 0 0 0 0.010276495692719892 0 0 0 0 0 

0 0 0 0 0 0 0 0 0 0 0 0 
0.9015331184003463 0 0 0 0 0 0 0 0 0 0 0 
0.3273778870695017 0 0 0 0 0 0 0 0 0 0 0 
0.7437391545999584 0 0 0 0 0 0.27378934878513833 0.16746847729501985 0 0 0 0 
0.6667920308080073 0 0 0 0.13793100187245205 0 0.7322455526858432 0.9906006501530554 0.32152049353893286 0.4097938026489688 0.2250879705576193 0 
0.15788134839364698 0.3140257688656713 0 0 0.23140198207777915 0 0 0.527174009869407 0.3878012275321954 1.1173955323629712 1.7304331905723869 0 
0.45505867553619356 0.7573627464395094 0.013256730433541274 0.01747616365301924 0.05020923458237181 0 0 0.023823628382205274 0 0.48955859766899734 2.9905800510612264 0 
0.05543402433554044 0.40037307968588637 0.3161766533052592 0.17050255744228088 0.3476484495176274 0 0.4537246562090648 0.4347955985932477 0 0 3.680216968126884 0 
0.09366713926620819 0 0 0.6715331768960108 0.9478917760437737 0 0 0.6924024656803139 0 0 2.9256369375156326 0 
0.14760350132369124 0 0 0.8723132675871179 0.3699516038944938 0 0 0.013754662391742983 0 0 2.4751199064896467 0 
0.01535152799524276 0 0.24876248363418113 0.5145454144958157 0.4252026145509157 0 0 0 0.025659828685585452 0 1.80180973816111 0 
0 0 0.6949730863944924 0.8869367065405236 0.7728900230159611 0.2764471182448588 0.2822014257819947 0.28589714463888427 0.3240473848301475 0.2394408042148245 1.427452310313295 0 

0.46352339862743375 0.4179561318080864 0 0 0 0 0 0 0 0 0.5667198482801209 0.11555565300799377 
0.11969100520048657 0 0 0 0 0 0 0 0 0 0 0 
0 0 0 0 0 0 0 0 0 0 0 0 
0 0 0 0 0 0 0 0 0 0 0 0 
0 0 0 0 0 0 0 0 0 0 0.154921419409582 0 
0 0 0 0 0 0 0 0 0 0 1.2266635850021763 0 
0 0 0 0 0 0 0 0 0 0 1.5496112175765957 0 
0 0 0 0 0.3310909986251027 0 0 0 0 0 1.6035567261530066 0 
0 0 0 0 0 0 0 0 0 0 1.1174544381154057 0 
0 0 0 0 0 0 0 0 0 0 0.35748216412455663 0 
0 0 0 0 0 0 0 0 0 0 0 0 
0 0 0 0 0 0 0 0 0 0 0 0 

0 0.07861826563088181 0 0 0 0 0 0 0 0 0 0 
0.8199411440815496 0.09154058956731756 0 0 0.8396673837526549 0.46035244719536916 0.19298431514784717 0.25955674564341896 0.02775222059830862 0.2564101626830655 0.27125655714930635 0 
0 0 0 0 0.3237530181533907 0 0 0.003542092311147993 0 0.42197060124066454 0.955874914262579 0 
0.04269490545630661 0.36852604652006615 0.10062234813980148 0.3272875565262355 0.06170667903086752 0 0 0.25739992832693737 0.18658689222840208 0.8454414853566241 1.1662528204919194 0 
0.5490934978758071 0.0219754502645903 0.10453071631987944 0 0 0 0 0 0.41002551259737496 0.6171601270575395 0.6897510789131659 0.247214516169326 
0.01680587401391631 0 0 0.01077118474437952 0 0 0 0 0.5658808574345621 0.11035280492979396 0.5058989666398568 0.9161054829401327 
0 0 0 0.29686063511096106 0 0.10467702794490763 0 0 0 0 0.8687485842010635 1.2126029860422152 
0 0 0 0 0.26194436334288745 0 0 0 0.07036598903937036 0.1303757648286789 0.8103725774987596 0.16808266781768275 
0 0 0 0 0.28075023378222086 0.07289564065788275 0 0 0.4736311477611005 0.3180092535270309 0.16615803967433052 0 
0 0 0.09220756873164063 0 0.4234900660140937 1.2842603953699245 0 0 0.2843707445480881 0.02836072806157769 0 0.20322945447139112 
0 0.2834731264332696 0 0 1.668989894685415 1.8725707029215055 0.30408153663860643 0.04670825515545736 0.0010508462621748663 0 0 0.01209480357233593 
0.2781070032419135 0.48181767851892926 0 0.8388160369661388 1.7792551430325565 1.1329526068862574 0 0 0 0.010809960099568585 0 0 

0 0 0 0 0 0 0 0 0 0 0 0 
0 0 0 0 0 0 0 0 0 0 0 0 
0 0 0 0 0 0 0 0 0 0 0 0 
0 0 0 0 0 0 0 0 0 0 0 0 
0 0 0 0 0 0 0 0 0 0 0 0 
0 0 0 0 0 0 0 0 0 0 0 0 
0 0 0 0 0 0 0 0 0 0 0 0 
0 0 0 0 0 0 0 0 0 0 0 0 
0 0 0 0 0 0 0 0 0 0 0 0 
0 0 0 0 0 0 0 0 0 0 0 0 
0 0 0 0 0 0 0 0 0 0 0 0 
0 0 0 0 0 0 0 0 0 0 0 0 

0.16562712591742682 0.2986238410768238 0.054432101089563464 0 0 0 0 0 0 0 0 0 
0 0 0 0 0 0 0 0 0 0 0 0 
0 0 0 0 0.1821753841423044 0 0 0 0 0 0 0 
0 0 0 0 0 0 0 0 0 0.13123752799835103 0.05560425954944367 0 
0 0 0 0 0 0 0 0 0.2339916998139591 0.48041667851377284 0.29851706388299215 0.5982378514809144 
0 0 0 0 0 0 0 0 0 0 0.3861937742874669 0.7809153412106649 
0 0 0 0 0 0.21231019249973548 0.2222922236453493 0 0 0 0.7254306588399987 0.824532569134224 
0 0 0 0 0.1109482439031566 0.2871022427739117 0.03180490595552908 0 0 0 0.08134909492480039 0.022703789819125544 
0 0 0 0 0 0 0 0 0 0 0 0 
0 0 0 0 0 0 0 0 0 0 0 0 
0 0 0 0 0.047598081635377404 0.16279939099299964 0 0 0 0 0 0 
0 0 0 0.16210537237646494 0.19914221933308202 0.009314988502967133 0 0 0 0 0 0 

0 0.5543592137937134 1.069430776275164 1.0782879635996006 0.7555754691489043 0.9515856473551213 0.6736069920368372 0.7790825300019468 0.7443899583607846 0.8840909063539638 0.22071115476180728 0.7468448324860795 
0 0 0.19773299059400476 0.39133269672649246 0.540889864713251 0.6297554977360554 0 0.1167239447784551 0.4151048761313878 1.069174359784312 0 0 
0 0 0.12718706233532093 0.1184575636107176 0.5177778181039067 0.914586063943031 0.6469227996559385 0.8507840569435686 0.8919366354520558 0.943246044494144 0 0.24104509534564997 
0 0 0.43932954900710497 0 0 0.7929142649776053 0.13738791180668364 0.2479631958719324 0.31478629345291664 0.5171223161412154 0.3707905408073062 0.8877289857447073 
0 0.021422723449378782 0.8241099405620969 0 0 0.5347533220996009 0 0 0 0.29353368330566343 0.1639927306266563 1.4022503772704806 
0 0 0.5442410142711736 0.07387450523775815 0 0.5293487131838893 0.3420406760644924 0 0 0 0 0.9916308915138559 
0 0 0.11303355274916618 0.4220319996038664 0 0.5387425745820767 0.6586661844714347 0.2765635174309453 0 0 0 0 
0.15486982432971716 0 0.24321770090055989 0.18810924371292248 0 0 0.2685975894340788 0.02714159575974564 0 0.06647245459645193 0 0 
0.505124501654161 0.5295834005959776 0.06388728118459654 0.23890108897053186 0 0 0.349339198986044 0 0.29346204739654774 0.5588515567270693 0 0 
0.24627569737306426 0.35373240792637106 0.458009003393754 0.6856414739106015 0 0.009583216380159736 0.5981724280104442 0.42456024967480455 0.7884660106759932 0.7273539941555578 0 0 
0.32375350493620886 0.86278954027739 0.7431912249539299 0.5596992806491673 0 0.26852064238227996 0.8712807794525993 0.5865256847730673 0.5801394352009395 0.39234857061080675 0 0 
0 0.531070466512289 0.04397371660101171 0.043614882283272045 0 0.25147676826435494 0.4529038793827024 0.3753635229883 0.3852395585690622 0.32886206967511356 0 0 

0 0 0 0 0 0 0 0 0 0 0 0 
0 0 0 0 0 0 0 0 0 0 0 0 
0 0 0 0 0 0 0 0 0 0 0.180838672379106 0 
0 0 0 0 0 0 0 0 0 0 0.526753897789641 0.08683112653961159 
0 0 0 0 0 0 0 0 0 0 0.4329484853364826 0.3517478263005337 
0 0 0 0 0 0 0 0 0 0 0.20687995839611967 0.030612801136890633 
0 0 0 0 0 0 0 0 0 0 0.6094564006224834 0 
0 0 0 0 0 0 0 0 0 0 0 0 
0 0 0 0 0 0 0 0 0 0 0.387755519535472 0 
0 0 0 0 0 0 0 0 0 0 0 0 
0 0 0 0 0 0 0 0 0 0 0 0 
0 0 0 0 0 0 0 0 0 0 0 0 

0.12787324661920915 0 0 0.28137042404055557 0.5681778986487884 0.31029705019770115 0.9078949833506591 0.5045502546728885 0.6608674005280911 0 0 0.37295283114215694 
0 0 0 0 0 0.08393600045703466 0.49340753149751554 0.8463505154600005 0.9873614735164719 0.6684476637381138 0 0.25296211823139825 
0.5534557013893875 0 0 0 0 0 0 0.5196927923331337 0.678610249273312 0.34943023067363155 0 0.14607498068977515 
0.310006294426289 0 0 0 0 0 0 0.06862947739592437 0.10202893993236989 0 0 0 
0.16438140238938864 0.15649138851334968 0 0 0 0.04690244138295302 0 0 0 0 0 0 
0.3780694804126058 0.8430092993401915 0.39970185855322193 0 0 0 0 0 0 0 0 0 
0.24967330518714367 0.1378894804733378 0.6109289683116244 0 0 0 0 0 0 0 0 0 
0.30540326742212165 0.3086035681537446 0.5218813819856641 0 0 0 0 0 0 0 0 0.12825585152992153 
0.6911244396575558 0.9364219012563292 0.6525377094035049 0 0 0 0 0.14323047186757748 0.13200834769149555 0.17216634073305662 0 0.745646011918891 
0.5702182480997628 0 0.3437808664909405 0.6910851648563091 0 0 0 0.2710693672215324 0.7030899966970302 0.7958262721364647 0 0 
1.0553273009260298 0 0.14603060219846503 0.9215883935068563 0 0 0 0.2646479577451664 0.6545487089686366 0.7104691788064978 0 0.05658205846668614 
0.652572696997663 0.642956945039989 0.5360855375003721 0.45514450326853045 0.14676585816310012 0.29221427796278815 0.18938637254721893 0.5087963026046308 0.3576101707755361 0.26468445030810295 0 0.5161378940534078 

0.8372943516465338 0 0 0 0 0 0 0 0 0 0 0.1959921188667376 
1.0675932521439044 0.7489511827004992 0.19091866400371357 0 0 0 0 0 0 0 0 0.2052789890963108 
0.8236585017427848 0 0.11055244057752676 0 0 0 0 0.49257198430478083 0 0 0 0 
1.0422661046663655 0 0 0 0 0.2169180317654928 0.46341227387843115 0.8960760800954163 0.31711568405036056 0 0 0.11635967065779942 
1.293897628208942 0 0 0 0 0.09501944340033529 0.03886503594027674 1.1642190272073545 1.0030339793997889 0 0 0 
1.4199229061604168 0 0 0 0.3282902804946881 0.3969549561102108 0.12940204636421562 0.5129426220499688 0.2722828327703478 0.8968625733408326 0.4124507919423671 0 
0.8833036244344441 0.8534121391132939 0 0 0.6561647963638875 0.20084011759562917 0.3362397770290118 0.10957413372253509 0 0.565413831449486 0.8533361706433588 1.0822501229879964 
0.780706517531686 0.7583807398269792 0 0.06954849608971522 0.64262752729993 0.8558864080116309 0.4716852750123707 0.11036537910176795 0 0 0.6508011756476598 1.3477226388197476 
0.5205222327072573 0.3875810077073383 0.19846684900623796 0 0 0.44585371064159124 0.6339351826886293 0 0 0 1.0098277580850563 1.073653746998921 
0.4720334055670631 0.38688677519613024 0.22980896413857307 0 0 0 0 0 0 0 0.48430155458426655 0.9295921911353742 
0.03505058732874547 0 0.6469247551002482 0 0 0 0 0 0 0.023934195693235058 0.36927011655740527 0.4148771419842278 
0.42118181648688524 0 0.4583710862565826 0 0 0 0.16913476850759884 0 0.2725100815895873 0.6125142449342171 0.8037108840546112 0.1492426987256555 

0 0 0 0 0 0 0 0 0 0 0 0 
0.8331404190309001 1.6142434308681017 1.393343954261311 1.4235451259106524 0.9612069373722918 1.205163285265278 0.5754938629262737 1.1323431841392524 0.7538160776963778 0.6931013361652537 0.764103541053216 0.17840487130797686 
0.5906587494800384 1.196770072933098 1.3477363110959852 0.7763198413827072 0.3126937704635659 0.879044141009304 0.21668706789959274 0.8340762080007624 1.2149014759061512 0.5226192808607996 0.48108176965353344 0 
0.7447669716380412 0.9918356922768226 1.5174678560054287 0.7250783716203961 0.7043702387554214 0.721582727122265 0.3340628474057714 1.001333218590977 1.8426545051880805 1.7303910748751903 1.454507194369052 0.8958159998678725 
0.6854771583134227 0.680775133227377 0.8725149764249573 0.5162435793847524 0.3849387957817557 0.5829848500909797 0.4308314403228234 1.64884974650007 1.55439691439859 1.7589310045465985 1.71343970153782 1.1479619634035487 
0.16541992105491535 0.31319865871178737 0.7505559431781393 0.5642720256496295 0.7329279466512213 0.7525998788378787 0.6253713002511996 1.3553799297771483 1.3874750125974438 2.1812681273542194 2.0042412086554644 1.3639273324277161 
0.028711107698564116 0.6413343594007306 0.04409848241483835 0.34099510178811476 1.0198239852238267 0.9371462603602595 1.1654052939401949 1.003895315992957 0.8722089786625984 1.7698291275353275 1.8061319108538278 1.2913762749131872 
0 0.5354577383007644 0.3921136048593779 0.9690663305153367 1.2145486537773476 1.1474582010147483 1.1264051492671336 0.9090655185656038 0.5972003853991636 1.0473948573279939 1.4025914130115422 1.4680697597711214 
0 0 0 0.5171941106598127 1.476013885894922 1.13970616462743 0.7789157029405379 0.5517738181056892 0.36164764978991815 0.29433057697337367 0.6524268376437021 0.5054293996776611 
0 0.6622846946876416 0.31588729341579125 0.9647962414351634 1.3398364206487705 0.8351578025621107 0.642500519776105 0.2878071478841375 0.11521580778869583 0.06151854194385199 1.1085200169291198 0.6711253977040903 
0 0.36033582390482777 0.5000155797595482 1.633043839455833 1.869554829145396 0.8319897565442521 0.4571309365129955 0.0013753993658643382 0.19401275920208835 0.022486937810426655 0.5254414668776478 0.13059173851799333 
0 0 0.39031698996878417 0.7098946123660873 0.8315264086731471 0.34897772317207026 0 0 0 0 0.009408109744400678 0 

0 0 0 0 0 0 0 0 0 0 0 0 
0 0 0 0 0 0 0 0 0 0 0.14463486446667095 0 
0 0 0 0 0 0.1157363600911312 0 0 0 0 0.8658699774723648 0.7709133580954 
0 0 0 0 0 0 0 0 0 0 0 1.1065045798676598 
0 0 0 0 0 0 0 0 0 0 0 1.145730825667933 
0 0 0 0 0 0 0 0 0 0 0 0.7705585683647557 
0 0 0 0 0 0 0 0 0 0 0 0 
0 0 0 0 0 0 0 0 0 0 0 0 
0 0 0 0 0 0 0 0 0 0 0 0.2610868488533089 
0 0 0 0 0 0 0.30662269136861975 0 0 0 0 0 
0 0.0013252680014102514 0 0 0 0 0 0 0 0 0 0 
0 0 0 0 0 0 0 0 0 0 0 0 

0 0 0 0 0 0 0.029128305086216513 0.0026082096003282457 0 0 0 0 
0 0 0 0 0 0 0 0.1612823833403928 0.19448630298371544 0 0 0 
0.04727930582144431 0 0 0 0 0 0 0.12027779758302432 0.004972669240863106 0 0 0 
0 0 0 0 0 0 0 0 0 0 0 0 
0.3062581319520216 0.11341021621004255 0 0 0 0 0 0 0 0 0 0 
0.48822743746140523 0 0 0 0 0 0 0 0 0 0 0 
0.04829196232044028 0.22877146512991592 0.14657401222712407 0 0 0 0 0 0 0 0 0 
0.13316477605326835 0.29273537266555466 0.13185700977207485 0 0 0 0 0 0 0 0 0 
0.19793452662291885 0.1312548172219029 0.18435004719449288 0 0 0 0 0 0 0 0.18702887228789714 0 
0.3922468509902105 0 0.0008581682902006338 0.5274308776872989 0 0 0 0.01557197911184272 0 0 0 0 
0.16245115930767517 0 0.5701266091280037 0.3326127513979874 0 0 0 0.20060106089643223 0 0 0 0 
0.32173644846454535 0 0.6073410582854668 0.21726204342211858 0 0 0.5519369620812417 0.06710350195980878 0 0 0.1335855507762914 0 

0 0 0.20269340816781528 0.25104692679148227 0.06540969801871596 0.3548324163585055 0.457345212864389 0.2815869306279443 0.1616378287881008 0 0 0 
0 0 0 0 0 0 0 0.012220838453771476 0 0 0 0 
0 0 0 0 0 0 0 0 0 0 0 0 
0 0 0 0 0 0 0 0 0 0 0 0 
0.22827493059929294 0 0 0 0 0 0 0 0 0 0 0 
0 0 0 0 0 0 0 0 0 0 0 0 
0 0 0 0 0 0 0 0 0 0 0 0 
0 0 0 0 0 0 0 0 0 0 0 0 
0 0 0 0 0 0 0 0 0 0 0 0 
0 0 0 0 0 0 0 0 0 0 0 0 
0 0 0 0 0 0 0 0 0 0 0 0 
0 0 0 0 0 0 0 0 0 0 0 0 

0 0 0 0 0 0 0 0 0 0 0 0 
0 0 0 0 0 0 0 0 0 0 0 0 
0 0 0 0 0 0 0 0 0 0 0 0 
0 0 0 0 0 0 0 0 0 0 0 0 
0 0 0 0 0 0 0 0 0 0 0 0 
0 0 0 0 0 0 0 0 0 0 0 0 
0 0 0 0 0 0 0 0 0 0 0 0 
0 0 0 0 0 0 0 0 0 0 0 0 
0 0 0 0 0 0 0 0 0 0 0 0 
0 0 0 0 0 0 0 0 0 0 0 0 
0 0 0 0 0 0 0 0 0 0 0 0 
0 0 0 0 0 0 0 0 0 0 0 0 

0 0 0 0 0 0 0 0 0 0 0 0 
0 0 0 0 0 0 0 0 0 0 0 0 
0 0 0 0 0 0 0 0 0 0 0 0 
0 0 0 0 0 0 0 0 0 0 0 0 
0 0 0 0 0 0 0 0 0 0 0 0 
0 0 0 0 0 0 0 0 0 0 0 0 
0 0 0 0 0 0 0 0 0 0 0 0 
0 0 0 0 0 0 0 0 0 0 0 0 
0 0 0 0 0 0 0 0 0 0 0 0 
0 0 0 0 0 0 0 0 0 0 0 0 
0 0 0 0 0 0 0 0 0 0 0 0 
0 0 0 0 0 0 0 0 0 0 0 0 

