0.12008842082254317 0 0 0 0 0.8969908732695459 
0.6321729142647445 0.16044130227332723 0 0 0 0.39475262386976717 
0.5031153120784503 0.06390030571991802 0.25802900241319693 0 0 0.7165276251155406 
0.6344641213781835 0.11842610489665632 0.439107444740114 0.4864862978717428 0.6745553251175797 0.9568595704157999 
0.9931412138386865 0.7886436795463195 0.8830620269187066 0.8711928732352976 0.9101704298428792 1.0925276254572138 
1.7009767245805743 1.9405710404819208 1.935875626439877 1.6985610724453022 1.5472975696857736 1.5253551771093454 

0 0 0 0 0 0 
0 0 0 0 0 0 
0 0 0 0 0 0 
0 0 0 0 0 0 
0 0 0 0 0 0 
0 0 0 0 0 0 

0.7353596020639017 1.871385251649526 1.5773971523993746 1.5676477573933467 1.6339539937381087 1.816776960103796 
0 2.1555228857656425 1.5739242721730653 1.6244711589364673 1.9950993294641703 2.4928978388963197 
0 2.17554628321563 2.0842067765319956 1.9409026104286276 1.9273746648419028 2.66522903623373 
0.034846092656629704 2.4041450341223407 2.587190248703119 2.2826154021617957 2.1506096476149885 2.734824892159244 
0.1538044814990113 2.021909680743776 2.4497432599992655 2.2923832008957765 2.259579400835736 2.781153358006497 
0 0.609922947634713 0.9697616315618417 1.0143653772432975 0.9782547748650193 1.666628327079829 

0.18037022025605287 0 0 0 0.14382754776241152 0 
0.0030641468372937936 0 0 0 0 0 
0.08648184765695163 0.038914930910016576 0.11031378316572578 0 0 0.0535410363614261 
0.0848261079420192 0 0.14034286323204145 0 0 0.020767370031077557 
0 0 0.13196112240202967 0.13942184665939117 0.06396761777315982 0 
0 0 0 0 0 0 

0 0.1385533723005708 0 0.029457495792042543 0.2914042839787637 0.09794372618834402 
0 0 0.03128059138686101 0 0 0 
0.14935799745117148 0.26369391197409225 0.10602848934055581 0 0 0 
0.4016212023429067 0.014068306182225591 0.2182855232127311 0 0 0 
0.4320353013331304 0 0 0 0 0 
0 0 0 0 0 0 

0 0 0 0 0 0.4213179918212242 
0 0 0 0 0 0.08860901555703718 
0 0 0 0 0 0.04045036145982783 
0 0 0 0 0 0.07369678336356769 
0 0 0 0 0 0.09136840767317875 
0.1316594539983532 0 0 0 0 0 

0 0 0 0 0 0 
0 0 0 0 0 0 
0 0 0 0 0 0 
0 0 0 0 0 0 
0 0 0 0 0 0 
0 0 0 0 0 0 

1.0727525331375138 1.378297564878959 1.448792047399357 1.449960029437706 1.3279691798732352 1.1287565320669815 
1.5439632035787219 2.1275621504539144 1.9564456796600713 1.7941408453703542 1.744478139722113 1.222957913610093 
1.6923744281182254 1.7112433396316005 1.4848253827828959 1.5112520978509365 1.2318171492916972 0.9100486751241206 
1.7667683638964533 1.6012161685265007 1.3940713068854367 1.521513678035289 1.1893314670966633 0.8626252472791326 
1.577966712133366 1.6210567750105074 1.2958408811384943 1.243845719965702 1.261859134163036 0.8944822748661787 
1.3714715304048455 1.0191501609080507 1.0352702300145196 1.0199501027353044 0.9700085327066605 0.7660035482851919 

0.2926740742810796 1.544916464203239 1.5751741688370902 1.4253607862602276 1.6617386124878255 2.6841693919250034 
0 0.7021214479777369 0.5418646764391652 0.10482899321670758 0.8535563091562276 1.998320918358529 
0 0 0.5417346525419491 0.24277706142456268 0.5467615013935933 1.9125752468304171 
0 0.024122059341704406 0.6486476473762947 0.7644294397235365 0.8420636124679582 1.8873624879454127 
0.15282588054651638 0.9088733958079382 0.37662352140475547 0.5260072168003482 0.9032236503071877 1.8537368513370684 
1.1028017291046848 1.0446433050758823 1.0061351371806468 1.0414040037067653 1.073927243156951 1.1907209260814442 

1.2822075682501841 1.1013557343662472 0.910104208148302 0.850269928606 0.9049619097910002 0.8400641122894708 
1.714531227703229 2.101928736677713 2.0082401945515183 1.7695992214051652 1.2618371438558953 1.1210641036175184 
1.82456687529419 2.201524642775705 2.2546228124993237 2.114699744747723 1.669865991596075 1.2043995456377743 
1.9439770294460772 2.18465483000661 2.2700140831292877 2.2810995658947104 1.9274181793361675 1.3409513540882438 
2.1512574097693316 2.135912579324876 2.218450256528388 2.3268111282515225 1.846660068803495 1.3105889834590507 
2.16255506030026 2.901450690682635 2.908785795141649 2.993591885588804 2.7646218568467216 1.9154329826011482 

1.3998277665158787 1.2922418712230792 1.107739372278603 0.7587211530899691 0.880470009023791 1.1379540505145136 
0.840435102635657 0.6297666299373033 0.7401915719022699 0.47228426922602584 0.695342042039969 0.40739759617505866 
1.4174032451875127 1.4206564300882436 1.27281579861819 1.109032339960499 0.6075297285718911 0.30904088973801147 
1.9921089086849975 1.6537289405449753 1.2833114902265434 1.360852009529932 0.649732885894546 0.43801954242440616 
1.898356309415135 1.3515793331690273 1.2483283734249995 1.4227759975099794 0.9840067175431019 0.513539958005137 
1.7041421457618329 1.1846858134330156 1.1772846809328086 1.0708445402207398 0.8516148276498822 0.9608704691897378 

1.1841871126815693 0.7915395608466653 0.6119217529950111 0.8904354282596137 0.9737774584544947 0.6458699635976768 
1.718243561934249 1.5188673403317903 1.657733125163192 1.1441280484114569 0.8138759372829182 0.6789920617470625 
2.1738129530757027 1.9617256299960992 1.803505033789266 1.49186566341446 0.8791684242596307 0.07811284151837003 
2.3120541738266516 1.9944134642270128 2.144059716958448 2.0091795433647617 0.9865818526972744 0 
2.3492026809156563 1.7978332772383756 1.7656566926587942 1.9791800340317118 1.3267316026947609 0.16438141351118454 
1.7981719061527404 0.9254723241423233 0.4573710709779318 0.6511306790903262 0.4698016294414281 0.012503348152748228 

3.0972364030863746 3.164388694597289 3.133141971204893 3.2194406835347578 2.9728865177104717 2.6007675253799247 
3.592954262466195 3.312262423628815 3.437627110245516 3.300060694801438 2.922740422624537 2.3769783454247686 
3.7676229258693077 3.789975774351705 3.9401949831586913 3.7837208814559404 3.19215743593481 2.398669275625417 
3.656720089983778 3.791507046859537 4.116677176315297 3.9612929808469675 3.2547644674414533 2.3643685062389275 
3.7002458841901067 3.526531789224602 3.6339121068137543 3.849805238027528 3.352832602658868 2.377956681925327 
3.173113820953393 2.9835459896474763 2.7825760945095706 2.8746406282827937 2.7165311633037907 2.057804620295815 

0 0 0.05980079034291097 0 0 0.14414880757457246 
0 0 0 0.03374484497894617 0.4302403985825647 0.6913690857432087 
0 0 0 0.048863151628218776 0.39610545786332607 0.7332183565894635 
0 0 0.019516674922524083 0.09962467737066051 0.45540370277674935 0.8898317344326786 
0 0 0 0 0.260383140498286 1.0146789681186925 
0 0 0 0 0 0.14787301100866107 

0 0 0 0 0 0 
0 0 0 0 0 0 
0 0 0 0 0 0 
0 0 0 0 0 0.002712005568345128 
0 0 0 0 0 0.015236207714605588 
0.3134399674173147 0 0 0 0 0.23772747333782338 

0 0 0 0 0 0 
0 0 0 0 0 0 
0 0 0 0 0 0 
0 0 0 0 0 0 
0 0 0 0 0 0 
0 0 0 0 0 0 

3.6658646908091588 3.8788901756829857 3.6508769767283455 3.511099443329221 2.9612844833464087 2.1286143574401386 
3.3658232810806057 4.757710208756923 4.615398162359812 4.788862324017981 4.435275063750803 3.24137592734691 
3.82696418866984 5.357025359011368 5.202164910814447 5.391664099558309 5.005970491676383 4.06850615420077 
3.813590517357418 5.5257856491036454 5.25146805097071 5.4108708785795665 4.855468339124 4.137374668944652 
3.2189732135573235 4.815268670097542 5.405969530794199 5.340593202224407 4.878380315761158 4.190750318327947 
2.29485062703211 3.422975920272134 4.308325389199431 4.509431251023446 4.336955995332311 3.9464884829200284 

0 0.5623961050573176 0.4174446446499533 0.44039825397453897 0.2116511970855475 0.3245640712198603 
0 0 0.12237092158438116 0.3524388452769903 0 0.19730713357466217 
0 0.11818764141132715 0.37502373691645824 0.4871584840648971 0 0.10188188271916193 
0.03197932758652234 0 0.23462117648805192 0.4035847479856379 0.0027067151182944447 0.01495782978418143 
0.036205657939148116 0.08619486997625986 0.15210770782320793 0.16444377010251895 0.00020658646109663887 0 
0.3801684129807979 0.5602959317692656 0.25967103947035186 0.3756002577583168 0.4590802322119338 0.2799532480132525 

0 0 0 0 0 0 
0 0 0 0 0 0 
0 0 0 0 0 0 
0 0 0 0 0 0 
0 0 0 0 0 0 
0.1988642153485556 0.1377300748482455 0.1705137060890831 0 0 0 

0 0 0 0 0 0 
0 0 0 0 0 0 
0 0 0 0 0 0 
0 0 0.09760549244190905 0.08939717907124545 0.04298420068803892 0 
0 0.23924301472454945 0.4002294861662048 0.24991108522206051 0 0 
0.8001591920002709 1.1806702300177445 1.0308855764255074 1.0641174053323148 1.1484345125420894 0.5224875380727951 

