1.3974229501540871 1.4668084135121149 1.323632677346409 0.718627116497804 0.020025954029527858 0.3490244202593368 1.1202736641873972 1.3329017654308037 1.3457290826072383 1.3476000336591365 1.3212667478679847 1.3368828318001214 
1.474370081781449 1.676290693544781 2.012318460013419 1.6139138146180532 0.43618306361857817 0.0818327868473586 0.24070009533654302 1.4617511952321367 1.443365129155885 1.437139159190692 1.4279329800037421 1.375967286172903 
1.378358198915678 1.6414593971211482 2.319015263265396 1.7256984903325505 1.4362445921731226 0.8837306482825842 0 0.639288988725527 0.8103502492438479 1.3530603537908896 1.38078177 1.38078177 
1.3617873909834137 1.6280974837755346 1.5378371183967128 0.993572278962442 1.4895019544243149 1.8357902653293214 0.8768592761401305 0.32087205038456906 0 0.6064093498435649 1.3702781316174255 1.38078177 
1.4378529511584421 1.5391515229759922 1.7809375898354856 1.2500912821079364 0.6457132637568852 1.7085918812333571 2.4660373987727633 1.7407921169122853 0 0 1.263426071879202 1.38078177 
1.5321635069843162 1.6099643266805572 1.5468263480642852 1.651685228494971 0.6480129597489657 0.33715512721284235 2.239295762575919 2.408545184324293 0.9329566482525122 0.08428778269510553 0.9205556924834756 1.38078177 
1.459296860135002 1.5282486648854987 1.5555144267172372 1.7128554526335973 0.9620914945964728 0.4963087676739246 1.5959594204166458 2.3113425249269834 1.6738825608535428 0.8528858152378282 0.9471568404591011 1.4271067942811235 
1.3813582110623848 1.4152020893286639 1.6991932719157041 1.871997602460682 0.9052420714137573 0.44520288639090133 1.2386095302370426 1.342348383484078 1.7015111662607063 1.907138671437276 1.1213367734580522 1.5208682127522997 
1.38078177 1.4597179514791443 1.8141558344894075 1.8916344481347676 0.8892221589241341 0.20367622373938368 0.8272285761524727 0.8815647419927394 1.3067295279629612 1.6032681501411945 1.07192943265495 1.8090286048101165 
1.38078177 1.4407352418350248 1.7115378480619976 2.209933352755776 1.1186532718935625 0.016444875327556462 0.530372702063741 0.7509460979085111 1.2853266747990975 1.3123670575361246 1.5062109236484937 1.9430501038079186 
1.3787434063361483 1.2787728229965774 1.6831177977152014 1.9112986938820686 1.232065693283034 0.9779850096489359 0.8112907439083501 0.6452222177528634 1.2176749012464207 0.8074482553703449 1.6318404047089237 2.1270834090419157 
1.370225811403373 1.3246378069977598 1.744934094690892 2.0879150868254204 1.425056146038058 1.1993745201899864 1.3455865392893254 1.4279048995965813 1.013348534676916 0.5029154854131326 1.8147591746753748 2.144086367084692 

0.554010088285808 0.21764867431054818 0.10829513853028783 0.015854796047646225 0.2628253426774046 0.478370705285084 0.4515258032718854 0.5759246266406285 0.5806576143564915 0.5816885606190537 0.6096744847433172 0.6182793829577095 
0.4549097530891724 0 0 0 0 0.24764529807071475 0.2674390598223875 0.41421040012725424 0.42683837407494957 0.43289088874545595 0.5112607089377437 0.5617786404460169 
0.5454910104130962 0.03892891878999491 0 0 0 0 0 0.22400505574292226 0.34301372124153745 0.593966058950629 0.61497229 0.61497229 
0.5998576120981286 0.4705452957507119 0 0 0 0 0 0 0.3075298094425773 0.29764692204675625 0.607829014652407 0.61497229 
0.6675655061246246 0.28057532203666646 0 0 0 0 0 0 0 0.49397284756180315 0.5703572159767494 0.61497229 
0.6536329249547697 0.3957196143304734 0 0 0 0 0 0 0 0 0.3486144598922257 0.61497229 
0.611886363853524 0.46739397762132 0.12008915156523997 0.09660546445571502 0 0 0 0 0 0 0.3944788907045378 0.6330945274740526 
0.6149471815310763 0.6331910291223786 0.014761226746411088 0 0 0 0 0 0 0 0.24225676825808853 0.5186212026303021 
0.61497229 0.6462735096248173 0 0 0 0 0 0 0.4391150404187977 0.17024422854382257 0.6006950926320996 0.39304192447258746 
0.61497229 0.6123608523654096 0 0 0 0 0 0 0.25974573833033865 0.3767003291189659 0.5471516060663575 0.24457548981888794 
0.5960281035333267 0.5435163241551432 0.1019883408339323 0 0 0 0 0 0.2636091856959776 0.7172978028675053 0.5048535044859015 0.15818421456072088 
0.5820898541374997 0.5844039731337508 0 0 0 0 0 0 0.3924738689410227 0.5613420271244843 0.20353619474395387 0.1462298279939577 

0 0 0 0 0 0.08437934334165592 0 0 0 0 0 0 
0 0 0 0 0 0 0 0 0 0 0 0 
0 0 0 0.4766989063863902 0.18830878646800642 0.14557418685992762 0 0 0 0 0 0 
0 0.10543178873749606 0.0947718191331064 0.36647832541855846 0.5272317325952824 0.43217869901717143 0 0 0 0 0 0 
0 0 0.23125338393989872 0.07873534985265326 0 0.025334527186652536 0 0 0 0 0 0 
0 0.0636520594954422 0 0.09825736970626484 0.010109153378011382 0.06255005590363019 0.22709935646303459 0 0.034356162704744675 0.015180535007811385 0.0015209416824407684 0 
0 0 0 0.16323284080838085 0 0 0 0.0295294774989546 0.318428878348597 0.584258812431857 0.28777060949730404 0 
0 0 0 0.071726336703332 0 0 0 0 0.09943229115214565 0.2595448796873042 0.19531009490644083 0 
0 0 0 0.008171525575432992 0 0 0 0 0 0.15048739591627494 0.27233496904419285 0.06310044026507772 
0 0 0 0.007142335618960938 0 0 0 0 0 0 0.12562671230631334 0.08491334059453233 
0 0 0 0 0 0 0.17077575743074716 0 0 0 0.2360621341391485 0.17175262360930632 
0 0 0 0 0 0.17694213065909528 0.10499676880260374 0 0.059766084242696624 0.18575714556865092 0.3826825105021612 0.14098999871758158 

0 0 0 0.8415624762812042 1.5217168403598618 0.9506152610916355 0.48854376193661464 0.11359818572698645 0.10175977748405794 0.10794813100675786 0.11784317078153345 0.16949489513540159 
0 0 0 0 0.15243259264298614 1.346622386875492 1.1215013234552609 0.06112725050028997 0 0 0 0.08328002845076572 
0.10192747253894682 0 0 0 0 0 0.45747131977087063 0.41808121416221 0.47125605031922463 0.1958135659207643 0.10951276 0.10951276 
0.1799695963731287 0.13735528548132528 0 0 0 0 0 0.6571100516703345 1.5369009258091657 0.6346406170917961 0.1340069448270351 0.10951276 
0.1273568003933713 0.19896432797911218 0 0 0 0 0 0 1.4694994572341256 1.7806968330399164 0.3290257748908142 0.10951276 
0 0.1140240497172163 0 0 0 0 0 0 0 1.2952742918323805 0.8116227633982199 0.10951276 
0 0.033285033568333754 0 0 0.05659510013207425 0 0 0 0 0.42977114345066203 0.9677922482026107 0.14351606677005524 
0.10868455324607522 0.11201488755936254 0 0 0 0 0 0 0 0 0.4102182447781577 0.36141178718126354 
0.10951276 0.03699978476931243 0 0 0 0 0 0 0 0 0.2343842487209314 0.48997220829775334 
0.10951276 0.023374083324894976 0 0 0 0 0.015809343143877663 0 0 0 0.07653405276440639 0.5729868329927212 
0 0.030164323852339595 0 0 0 0 0 0 0 0 0.050319970577508435 0.6049190422024979 
0.0027361069159623098 0.17219384048226488 0 0 0 0 0 0 0 0 0 0.5133117982116115 

0.9319109975763069 0.8414318175089502 1.000029990174301 1.2029809634113109 1.1766339450574874 1.3091548958410884 0.9326899415982749 0.8691690431178686 0.8748408345299936 0.874644687269313 0.8951703006106992 0.8935331374776821 
0.8743715456035425 0.5049742892564846 0.5284321127741342 0.47591905654966055 0.6360320118799441 1.3876045609418854 1.2418073634998137 0.9212749645312698 0.8405530337326803 0.8430400117007268 0.8751688838946347 0.8959266993633989 
0.9080633453338199 0.6847958587021802 0.7769695314426611 0.24111008436181838 0 0.9375090641201251 1.0508622406084724 1.7006130070041312 1.0090387320216767 0.9452478637305772 0.9395951 0.9395951 
0.88821460769431 0.9239861038128817 1.0131250210522424 0.7113377310679666 0 0 0.3429354551380235 1.3411613101157023 1.3925596536072353 1.060172046333455 0.9384055134256668 0.9395951 
0.8510054807445249 0.9417479892162194 0.7452923600621483 0.6345656004306481 0 0 0 0.15917973993420692 1.0439305497954487 0.9550431692599397 1.049940067793006 0.9395951 
0.8636584225054347 0.9430590933580127 0.6286210121855954 0.6766036324178475 0.6139054940901583 0.3937685182495242 0 0 0.026379096118864347 0.6594610535253005 1.3616993205828853 0.9395951 
0.9139088391840591 0.8892043254128781 0.7529369370774435 0.9453360873710379 1.0028014522681146 0 0 0 0 0.6435842478781214 0.7159989045899503 1.014576578930742 
0.9394079535562257 0.8875907904175476 0.7780354713608298 0.9531426910315975 0.689353938791579 0 0.6505022410117844 0.19333908770307148 0 0.5780110485056906 0.5160353599942789 1.2644416929286362 
0.9395951 0.8936162973642339 0.6647559415080055 0.6854004227909447 0.6205734170717231 0.5174586607263816 0.8730772154696428 0.3377838142737826 0.04403001733775314 0.6260203163434279 0.6751997863990116 1.1903510105851312 
0.9395951 0.9201307006398478 0.71424439136492 0.7579189249962399 0.3601762953049192 0.16685630968641801 0.8426866847227933 0.5372708818652976 0.09175087858467612 0.3748963694446049 0.8457594368125183 1.2334458330416496 
0.9989411787268915 0.9546085430318935 0.7706750640877622 0.8967797501813619 0.3313803851812553 0 0.35295539968715606 0.08406365320800158 0.20312156924415184 0.30149020376357977 1.1246293974539634 1.2056969112762457 
0.933789220025948 0.8375987350983971 0.5678058900163868 0.42508468081090733 0 0 0 0 0.44596465745170843 0.6248585107190376 1.1394203250523796 1.0557352202520633 

0 0.14390102711267913 0.3042700397516877 0 0.11345621107677742 0.2868865561223596 0 0 0 0 0 0 
0 0 0 0 0 0 0 0 0 0 0 0 
0 0 0 0 0 0 0 0 0 0 0 0 
0 0 0.07495063777233686 0 0 0 0 0 0 0 0 0 
0 0 0 0 0 0 0 0 0 0 0 0 
0 0 0 0 0 0 0 0 0 0 0 0 
0 0 0 0.06521487601806866 0 0 0 0 0 0 0 0 
0 0 0 0.17471338334476869 0 0 0 0 0 0 0 0 
0 0 0 0 0 0 0 0 0 0 0 0 
0 0 0 0 0 0 0 0 0 0 0 0 
0 0 0 0.2008244150552916 0 0 0 0 0 0 0 0 
0 0 0 0 0 0 0 0 0 0 0 0 

0.41006635352780707 0.8237228266254045 0.5280911144459774 0.2692023624253743 0 0 0 0.390858797895269 0.39240253241194023 0.3937476360533703 0.3280784615057884 0.3393055063505404 
0.3286402895824391 0.6013064574156701 0.3781285186149227 0 0 0 0 0 0.28010319384330346 0.2838098579701882 0.2950985133562977 0.32603656384936197 
0.2975517297705602 0.2687411276609101 0 0.1463496562030217 0.29938273361752477 0 0 0 0.43811810425337866 0.19242539844132017 0.32815254 0.32815254 
0.28159069496772604 0.43033851069662454 0.22365056595448637 0.3037163820592844 0.6830219306134148 0 0 0 0 0.03628806818423391 0.29576117863011364 0.32815254 
0.3237178135556394 0.18484172447707742 0.30343299821922537 0.0554781254819514 0.45408880033726157 0 0 0 0 0 0 0.32815254 
0.3168670323124694 0.23620780549209272 0.38360201175045716 0.07978459570235996 0.6968963089034149 0 0 0 0 0 0 0.32815254 
0.3082099916818937 0.2537586797268635 0.662399312808923 0.3081149664056062 0.13148953814099926 0.2437580794693754 0 0 0 0 0 0.12802406236379787 
0.3280046232804436 0.3139257142515104 0.6599416349830061 0.07767594840967972 0.12312072785930352 0.1302076026940323 0 0.07938077298904966 0 0 0 0 
0.32815254 0.3291861276833065 0.5911379979345334 0.2817972474124358 0.2367576604388478 0 0 0.12140540987339032 0 0 0 0 
0.32815254 0.3127682770483529 0.5382977332247335 0.35150000117490654 0.5367432281902916 0.20180492235818331 0 0 0.13842888705253337 0 0 0 
0.30330927696172233 0.432540441865916 0.9089018808457425 0.4135710313955543 0.26183595322944714 0.2973129435357277 0.024148624050645592 0.5709283541017811 0.02914883577729576 0 0 0 
0.34516381957569015 0.4141828815507193 0.670510694435463 0.3969314156289849 0.3604412749585034 0.32153262531222365 0.16128780689764743 0.6015239236541393 0.27517633564082966 0 0 0 

2.0091894919090887 1.6729494632503608 1.2529454748741902 1.4950345076982365 1.863467830511586 2.3497455005299726 2.184051960679726 2.013774079049987 2.016291327852052 2.0129251788631417 2.006976617706643 1.9788807115707936 
1.8952289691681703 1.4486398816506671 1.3779991876192086 1.3856531994497423 1.6018852952028428 2.2005219492301413 2.471962841045238 2.1089613153347573 1.9579172332859467 1.9600649757895123 2.0303745012445993 2.0483008532815887 
1.9052302803394041 1.2894069669484167 1.0140852452856521 1.0540465416384497 1.0451975011563093 1.3250074273561356 1.7557559800088272 1.9260259876241 2.2478584653568894 2.0035796623343347 1.99629569 1.99629569 
1.8847260941468464 1.9310250160097113 1.4530597887851548 1.0815416403848561 0.6880309465855317 1.503944291803926 1.6882971629487464 1.4351096716507261 1.7913565376170486 2.248522413331305 1.9936788883998553 1.99629569 
1.9200108158746703 1.6135803352187394 1.4914316418281504 1.4415223150235328 0.6705789835028764 0 0.6104985985206919 1.7741329143702804 2.5876657886385237 2.3508374012955113 2.191064819341308 1.99629569 
2.038551379958684 1.8915026235080667 1.3932129692978716 0.8746449212691773 1.3068152040801793 0.7672537930344945 0.5391589627279355 0.9120787935653304 1.9413685267766994 2.6475871552218693 2.119832219458364 1.99629569 
2.0355555440718365 1.9242947691213845 1.5266583941576493 1.410522710387938 1.1240416308602938 1.2953756788974755 1.2627342379057465 0.8070034263600078 1.6567008189481474 2.622984226303596 2.3387466831235435 2.128127224504761 
1.9965857396932367 1.948463380391697 1.3818486861359423 1.0670064336492002 1.281245910469588 1.5456153290837111 1.6304765236296401 1.5990995310942986 1.065376181436139 2.045186800991348 2.5916205533508663 2.1114119551552326 
1.99629569 2.0103418809363323 1.4544706018783269 0.9593812431203323 1.0552103551385503 1.3199626117062078 1.6362355992750672 1.409530809081083 1.6584308524514892 2.0725735369003107 2.480719662389743 2.159541269143825 
1.99629569 2.0264626701979203 1.3000756540639054 0.8617350365917562 0.9579271164839577 1.1822467127148704 1.4967791482670925 1.550337789425636 1.7759271458063077 2.090214347002402 2.4331465694831214 2.212169901432575 
1.8776650179440322 1.9496612122271375 1.52490881140057 1.0504009857430532 0.8228354692429757 1.231931078098705 1.4980061960794417 1.6515985654738288 1.5776029122895752 1.9800623002271422 2.293505867256129 2.2075978590454044 
2.0536341168142296 1.9892721676228544 1.5941442044588827 1.4649920574107247 1.910391256729824 1.7540737033274871 1.5775455827007234 1.776811053381367 1.6242585779794871 1.1387408308835345 1.5599516147166776 1.9560862160188006 

0 0 0 0 0 0 0 0 0 0 0 0 
0 0 0.13505599609297253 0 0 0 0 0 0 0 0 0 
0 0 0 0 0 0 0 0 0 0 0 0 
0 0 0 0 0 0 0 0 0 0 0 0 
0 0 0 0 0 0 0 0 0 0 0 0 
0 0 0 0 0 0 0 0 0 0 0 0 
0 0 0 0.017264508716231572 0 0 0 0 0 0 0 0 
0 0 0 0 0 0 0 0 0 0 0 0 
0 0 0 0 0 0 0 0 0 0 0 0 
0 0 0 0 0 0 0 0 0 0 0 0 
0 0 0 0 0 0 0 0 0 0 0 0 
0 0 0 0 0 0 0 0 0 0 0 0 

0.4908287819305109 0.362945707069888 0.08874786663009832 0 0 0.38692416180103995 0.9378330593286422 0.4600636975085106 0.46047089832286703 0.46296117555963656 0.45913828758943326 0.47992364074136723 
0.5808151254407369 0.9041087028052217 0.37654307259028463 0 0 0 0.6382755735741106 0.9936477259028882 0.5164310856856555 0.5166635034709383 0.48536759542120045 0.48730749419012576 
0.6035028647430114 0.7494228752339189 0.396815141868894 0 0 0 0 0.15143047304713536 0.18147334858796038 0.6630207668795769 0.53359699 0.53359699 
0.6560598544375834 0.5402436055849694 0.3406105327896396 0 0.06978806043824762 0 0 0 0 0.5856935825368103 0.5611624692945347 0.53359699 
0.6249674431192646 0.5282874333715795 0.41053762436843894 0.04461394004722274 0 0 0 0 0 0 1.0380134645821746 0.53359699 
0.5748850895431344 0.4696582886591677 0.38079796512197495 0.17627246731103174 0 0 0 0 0 0 0.7282253936155598 0.53359699 
0.5526648352253652 0.5867924102964961 0.38423481010633587 0 0 0 0 0 0 0 0.15903528915094622 0.8103585939801212 
0.5337367626985 0.5989674550592866 0.5605033740801999 0.1075947036701966 0 0 0 0 0 0 0 0.7321366758052041 
0.53359699 0.5558445658246696 0.7330195548650879 0.21346257292275606 0 0 0 0 0 0 0 0.5502413436840425 
0.53359699 0.5481342238815603 0.5988487148628235 0.004014423012145718 0 0 0 0 0.045758697113660096 0 0 0.405040471671803 
0.4306075176524551 0.3603006608587267 0.43187337863453423 0.0723430350448665 0 0 0 0 0.2003704492373124 0 0 0.22940558966866037 
0.500752150958415 0.43228908588403553 0.8295987639484668 0.5730686414888619 0 0 0 0 0.2056820804085677 0 0 0 

0.4428083998841688 0.482430716627684 0.5133722927501803 0.8084839051673295 1.040946372306449 0.8917248877851224 0.35423487791356006 0.43324366381875257 0.4239854993718327 0.42249046556121467 0.387430973223494 0.37495252091748127 
0.29283114773239066 0 0 0 0 0.21104672264615082 0 0 0.18440193980946382 0.1934807899116192 0.23541231986776714 0.311189868969717 
0.3153523820344202 0 0 0 0 0 0 0.19149146725329036 0.35338247012160656 0.44629515069589143 0.38837066 0.38837066 
0.21401674851514318 0.4524130421200735 0 0.19225949122758504 0 0 0 0.1658204209450429 1.0037555776503186 0.25388471023825065 0.4169918453585626 0.38837066 
0.21971911819781764 0.023529560535119606 0 0 0 0 0 0 0 0 0.08341906608935556 0.38837066 
0.3725730924080862 0 0 0 0 0.0798596713956776 0 0 0 0 0 0.38837066 
0.4140737694144229 0.14157602169910388 0.02238216406282869 0.3583176362964843 0 0 0 0 0 0 0 0.07960080102723564 
0.38856291569817714 0.28579304312738296 0.11759032489063057 0 0 0 0 0 0 0 0 0 
0.38837066 0.36442203530895934 0.036998345101308255 0 0 0.12399252039949862 0.3445390964814915 0 0.013555230390059148 0 0 0 
0.38837066 0.4083664537384006 0.021311721495984613 0 0 0 0 0 0 0 0 0 
0.47731800609839026 0.39444356329008606 0.46459458489255323 0.20252401067439385 0 0 0 0 0 0.25780587922801057 0 0 
0.433400555393239 0.4115483642597086 0.40729652248011416 0 0 0 0 0 0 0 0.0936208858584731 0 

0.3023874300538894 0 0 0 0 0 0.3443462141919663 0.22291005638929973 0.23791730625308255 0.24986609673547566 0.2909488324623196 0.39068063189730456 
0.5281850828578804 0.38070825117561147 0 0 0 0 0.19735760720881168 0.6890772756571791 0.6064677611857276 0.60214580302808 0.5645589172856007 0.5284852523585889 
0.5295021494913342 0.4682613151304375 0.23644071551371235 0 0 0 0 0.11253178696724314 0.2437541137329104 0.5551567592869792 0.47508544 0.47508544 
0.4956421833877767 0.1931675355008457 0 0 0.11905281584332553 0 0 0 0 0.25668252921446433 0.4993002180398051 0.47508544 
0.3427260717246808 0.2007307181849686 0 0 0.6566969864148995 1.4955635094428918 0.2654644758952248 0 0 0 0.5024899345406889 0.47508544 
0.37832030472131084 0.14506102464628753 0.14107725182368808 0 0 0.2621833038385216 0 0 0 0.003210020304609651 0.29602258016967753 0.47508544 
0.4780839308211236 0.4043615065057269 0.05976800711964034 0 0 0 0.5769685465555843 0.6748574914115579 0.9750141496421922 0.12512326446207253 0.09748606222698328 0.4538380069979038 
0.47511308783857986 0.42199794713722827 0 0 0 0.10588931723133227 0.1944493631734917 0.7346513819259021 1.1926122223343258 0.9613078562611966 0.7329888249673574 0.5213601889185537 
0.47508544 0.39906456111030975 0.0931780410139089 0 0 0 0 0.45221801318390714 0.9771177815502139 1.047991546450467 0.825548895391836 0.35662685176481274 
0.47508544 0.4779609879436863 0.2244887615516964 0 0 0 0 0 0.9906212166459185 1.711347098314362 1.3291635634678174 0.449850792750038 
0.40755552700202996 0.3556687193920018 0 0 0 0 0 0 1.0308880210390499 2.1529886634400497 1.5467289960009396 0.44145774149784844 
0.2701045435718273 0.22358936878059663 0.23089643963057943 0 0 0 0 0.308429329690688 0.8253883384790992 1.422777057273551 1.065438722895398 0.5180553182754709 

0.6634792089230702 1.1306407993052625 1.811945798589852 2.1497818194637435 1.3336184249005942 0.5829255520285685 0.4336231745000285 0.6210554095895476 0.6251343292526936 0.6250289101126555 0.59122686464206 0.5903469730290657 
0.5395645350007798 0.8690551374592635 0.9166124107359702 0.4656255668357845 0.8556216733074824 0.31587931945318326 0 0.3829023793812055 0.44203868637946336 0.44865025443642176 0.47669249890255955 0.5318766265662718 
0.6224248647489564 0.6729984829073312 0.03961805300476777 0 0 0.3544925817274951 0 0 0.17433087130129155 0.5962960269259591 0.5987981 0.5987981 
0.7608947714122367 0.978882937793899 1.1172024477062326 0.055275413913830895 0 0.2617962584771505 0.6508399848966008 1.1457597518272689 0.2843368900573815 0 0.5991207168148539 0.5987981 
0.7302721858968697 0.6418578872304836 0.35916047957802444 0.40404928058771705 0 0 0 0.5531373815761808 0 0 0.41454425179533505 0.5987981 
0.45858218042988963 0.4553539173223069 0.3791520109248787 1.0473894882387653 0.7834371819116575 0 0 0 0 0 0 0.5987981 
0.47132371683972146 0.5261809857708611 1.1918561945632464 1.0089798863783015 0.09690888497659678 0 0 0 0 0 0 0.5545438911266283 
0.5978564459209802 0.6647870528008295 1.0780822615245529 0.6503265561060915 0.1751283503053642 0 0 0 0 0.11111898532188735 0 0.41040430918947146 
0.5987981 0.5515100008204527 0.6914052065146217 0.8784488233623726 0.6182796295761644 0 0.11287873733472778 0 0 0.27852317849476066 0 0.4094771742186773 
0.5987981 0.5008601927466557 0.7146395494837735 0.6338641573577638 0.18522308755631822 0.24453037309992187 0 0 0 0.06453457644605373 0 0.28474581038521585 
0.5961132433208354 0.5199663954006486 0.9641818860237061 0.5764188255158567 0 0 0 0 0.3750849090290638 0.1398147791515454 0 0.35192780995064493 
0.6210231521376808 0.6223499764412733 0.5743930974893379 0.3373233086341364 0 0 0 0.23207716547312462 0 0 0 0.4890271807021467 

0 0.4885401524562514 1.1189739349169578 0.7890682688648181 1.1459891191163714 0 0 0 0 0 0 0 
0 0.37616591223155593 0.2809779500057522 1.8703609570832993 1.660452413365344 0.344090578378506 0.5033641031976099 0 0 0 0 0 
0 0 0.03471668572894895 0.5828041069963423 1.2807353569803712 0.9432615795009053 0.6094101606283151 0.4446156320736685 0 0 0 0 
0 0 0.4068367645829536 0.1642978777387842 1.1877764713863852 0.934779160393294 1.5587880471647473 1.1342875110955042 0 0.08973868785936712 0 0 
0 0 0.40290189836966195 1.585034732633925 0.15347393755907737 0.19080178975117223 1.9171710797766999 2.2445107652677216 1.3092986473486952 0.548181436416476 0 0 
0 0 0 0.9554345303388941 0.417204120827762 0.9180634900501079 0.778502897232994 1.9271148456488465 1.8237097172920294 0 0.24980699032299966 0 
0 0 0.26216579889164304 0 0.875714984531528 0.998064077238272 0 0.44272355296110955 1.0146296554128529 0.26792442555252904 0.39624863274750804 0 
0 0 0.10541454957419567 0.7514391640294376 1.1621597139655857 0.23107533809355027 0.19066838332097724 0 0 0 0 0 
0 0 0 1.02124639425018 1.5345556826691986 1.2424107503314115 0.0026546484748892103 0.3702595033945838 0 0 0 0 
0 0 0 0.18173590850064836 2.045145192973961 1.7020075915784834 0.7932670461490567 1.0258551871249622 0 0 0 0 
0 0 0.08156538891726157 0.4946993690840287 0.8297283887123363 0.7790278121832654 1.600142204086805 1.145034839531585 0.08287869213242126 0 0 0 
0 0 0 0.33581187788462596 0.6163836702543236 0.9344369729852054 0.4599087985011384 0.14400528281701236 0.0815472630470251 0 0 0 

0 0 0 0 0 0 0 0 0 0 0 0 
0 0 0 0 0 0 0 0 0 0 0 0 
0 0 0 0 0 0 0 0 0 0 0 0 
0 0 0 0 0 0.04390827527086791 0.09541005863623786 0 0 0 0 0 
0 0 0 0 0 0 0.14543065736252753 0 0 0 0 0 
0 0 0 0 0 0 0.012953297573182393 0 0 0 0 0 
0 0 0 0 0 0 0 0 0 0 0.1794166794212942 0 
0 0 0 0 0 0 0 0 0 0.16249320534439976 0.31443423354552025 0 
0 0 0 0 0 0 0 0 0 0 0.3372387833476871 0.1260164598369586 
0 0 0 0.0037232450206304835 0 0 0 0 0 0 0.4963879068879541 0.20091319443102323 
0 0 0 0 0 0 0 0 0 0 0.46305549725692924 0.36229588789760064 
0 0 0 0 0 0 0 0 0 0 0.5230576273108002 0.32430404131814466 

0.2397166745110388 0.37452023354990904 0.5746187104852082 0.5948557014744461 0.05414530589588151 0.6308828844768628 0.4390965277406498 0.246445400548622 0.24710839466571602 0.248769474988485 0.22809055359867944 0.2419549300675703 
0.2771704337467064 0.44486659607621276 0.13913831417513106 0 0 0 0.8771581212769513 0.4316120427321575 0.297386308372967 0.29472879925652534 0.28382163100110674 0.26164045989528306 
0.22601551423420752 0.07087400800011424 0 0 0 0 0.8941497565768437 1.4965465427027356 0.9117202422102544 0.19266166013828503 0.22966208 0.22966208 
0.21314320260851008 0.07333479890745756 0 0 0 0 0 0.7495855369479234 1.227504728695394 0.872273136519362 0.21284279511048507 0.22966208 
0.158039832089979 0 0 0.11368904694453293 0 0 0 0.022552017834261882 0.3556525067614883 0.8530699261847224 0.4605655631439727 0.22966208 
0.01795472180941926 0 0 0.32933800496608356 0.4919144125129356 0 0 0 0 0.3646956092573371 0.7213799521946771 0.22966208 
0.1027899272378233 0.07032618738975686 0.20032504400302673 0 0.0763294546693814 0 0 0 0 0 0.26349259665746516 0.4024334670579683 
0.22872879453439018 0.17471776563145275 0.13492498102811654 0 0.4794719258093585 0.0715022703858848 0.5038459128942229 0 0 0 0.11038792460915331 0.576743699465962 
0.22966208 0.12760305824092755 0.013465440800021773 0.044061326059885955 0.39599327959030683 0.2840952339532187 0.6983508623716086 0.40390295240877977 0 0 0 0.6317561399062466 
0.22966208 0.1325945608246632 0.062089290945430496 0.10735842700883996 0.5605262338989534 0.30491344960439004 0.4069231974002968 0.62660171089774 0 0 0 0.7194219780753841 
0.2878865723542728 0.3676374249267078 0.31800112822293236 0.05804912140734053 0.48314125815231723 0.05409034606080941 0.3010434030680213 0.532733918835826 0 0 0 0.6716850923224722 
0.21506344487286203 0.26590911269072404 0.21647056001666443 0.22945060264973985 0.0056373782131449585 0 0.07652354000518137 0.3652167177792018 0 0 0 0.23231792026122763 

0 0 0 0 0 0 0 0 0 0 0 0 
0 0 0 0 0 0 0 0 0 0 0 0 
0 0 0 0 0.6131235904488992 0 0.10107397981688271 0 0 0 0 0 
0 0 0 0 0 0 0 0 0 0 0 0 
0 0 0 0 0 0 0 0 0 0 0 0 
0 0 0 0 0 0 0 0 0 0 0 0 
0 0 0 0 0 0 0 0 0 0 0 0 
0 0 0 0 0 0 0 0 0 0 0 0 
0 0 0 0 0 0 0 0 0 0 0 0 
0 0 0 0 0 0 0 0 0 0 0 0 
0 0 0 0 0 0 0 0 0 0 0 0 
0 0 0 0 0 0 0 0 0 0 0 0 

0.018723916708214817 0.32378027129099474 0.5496432703690743 0 0 0 0 0 0.010187170016679771 0.014794393825182703 0 0.036382202245759124 
0 0.3889821324674269 0.49789522722298274 0.3429409698853358 0 0 0 0 0 0 0.009256900381742646 0.04038748151227104 
0.07717624850730166 0.5237817851399009 0.6279195221639308 1.1192418351240974 0.9833967701443326 0 0 0 0 0 0.03621775 0.03621775 
0.256054437856274 0.5126451659372009 0.33517666936581736 0.1792554419283756 1.4129515337122778 0.548383091994094 0 0 0 0 0 0.03621775 
0.3837977158995516 0.30156396136943764 0.315334321380062 0 0.7518967128207864 0.3162836929361625 0.3375729525841659 0 0 0 0 0.03621775 
0.3327997491399297 0.41602562665158416 0.5068606009854562 0.6215985684103496 0 0 1.0817230895505596 1.0291536164718516 0 0 0 0.03621775 
0.141369112891025 0.33541976250747685 0.5916943738970422 0.618855587156596 0 0 0.33546905232645446 1.6543874623770953 0.9715144750779264 0 0 0.06709233183162334 
0.036984653784201724 0.24506243394836644 0.6463045158148235 0.41288729259888707 0 0 0 0.9614581776483977 1.3905404799969094 0 0 0.07720307308277825 
0.03621775 0.21341451145122053 0.6641737383030243 0.6173802016229524 0 0 0 0 0.9050131729373424 0 0 0.16727184170098047 
0.03621775 0.11598053483025528 0.604525035755817 0.7145263538465035 0 0 0 0 0.6627318997248725 0 0 0.22845868958003035 
0.016404115639838186 0 0.49749311118213113 0.37591161467402096 0.014668595093349487 0 0 0 0.8219024098499548 0 0 0.2781119604491135 
0 0.03259601254962079 0.2482475753811831 0.09583821921852431 0.15845923721244082 0.33457200365405654 0.018396189808607424 0.12180784720495548 1.241487129163692 0.744065878089954 0 0.3164258430694927 

0 0 0 0 0 0 0 0 0 0 0 0 
0 0 0 0 0 0 0 0 0 0 0 0 
0 0 0 0 0 0.13150371775950437 0 0 0 0 0 0 
0 0 0 0 0 0.5128707407444398 0.054171147435330566 0.05527377249204118 0 0 0 0 
0 0 0 0 0 0 0 0 0 0 0 0 
0 0 0 0 0 0 0 0.0658836719419718 0 0 0 0 
0 0 0 0 0 0 0 0 0 0 0 0 
0 0 0 0 0 0 0 0.029353616801368165 0.07570833627048747 0 0 0 
0 0 0 0 0 0 0 0 0.04867030186395381 0.2176660418225232 0 0 
0 0 0 0 0 0 0 0 0.23830288463997762 0.49140879467454057 0 0 
0 0 0 0 0 0 0 0 0.19176730842049475 0.4261000820066288 0 0 
0 0 0 0 0 0 0 0 0 0 0 0 

0 0 0 0 0.21438602647259414 0 0 0 0 0 0 0 
0 0 0 0.7462607366718255 0.860951824982827 0.14669947391973287 0 0 0 0 0 0 
0 0 0 0.6030927006339372 0.5016669095944991 0.08187225357174721 0 0 0 0 0 0 
0 0 0 0.33727854783387845 1.0129585259142058 0.0184735525517139 0 0 0 0 0 0 
0 0 0 0.4775024465036957 0.6259071757169592 0.6318312037143334 0 0 0.48632865421946714 0 0 0 
0 0 0 0 0 0.9674741973233896 0.36414724327571624 1.2795982821337448 0.8943124334249688 0 0 0 
0 0 0 0 0.8329749893288714 0.6032957094322884 0 0.39377239733694175 0.22029955272798132 0 0 0 
0 0 0 0 0.5156445761678268 0 0 0 0 0 0 0 
0 0 0 0 0.18884555806535525 0.24886470507548122 0 0 0 0 0 0 
0 0 0 0 0.5356353418648409 0.7168710811375607 0.068514348253579 0 0 0 0 0 
0 0 0 0 0.4315019783565155 0.3559866599685253 0.7461742847667945 0 0 0 0 0 
0 0 0 0.12439230351717404 0.1469272490102577 0.49666035101644007 0.27530117091705697 0 0 0 0 0 

0 0 0 0 0 0 0 0 0 0 0 0 
0 0 0 0 0 0 0 0 0 0 0 0 
0 0 0 0 0 0 0 0 0 0 0 0 
0 0 0 0 0 0 0 0 0 0 0 0 
0 0 0 0 0 0 0 0 0 0 0 0 
0 0 0 0 0 0 0 0 0 0 0 0 
0 0 0 0 0 0 0 0 0 0 0 0 
0 0 0 0 0 0 0 0 0 0 0 0 
0 0 0 0 0 0 0 0 0 0 0 0 
0 0 0 0 0 0 0 0 0 0 0 0 
0 0 0 0 0 0 0 0 0 0 0 0 
0 0 0 0 0 0 0 0 0 0 0 0 

0 0 0 0 0 0 0 0 0 0 0 0 
0 0 0 0 0 0 0.0892762208480004 0 0 0 0 0 
0 0 0 0 0.019368772705844917 0.021629618441876886 0 0 0 0 0 0 
0 0 0 0 0.040156380161785576 0.201832978556318 0 0 0 0 0 0 
0 0 0 0 0 0 0 0 0 0.08062890015927629 0 0 
0 0 0 0 0 0 0 0 0.010244146893341688 0 0 0 
0 0 0 0 0 0 0 0.00985383420923032 0.14771620150805567 0 0.06905150783063652 0 
0 0 0 0 0 0 0 0 0 0.19516740187982523 0.021912164056187046 0 
0 0 0 0 0 0 0 0 0 0.16804285094870533 0.04729817420824777 0 
0 0 0 0 0 0 0 0 0 0.03595011426232341 0.05644573334733069 0 
0 0 0 0 0 0 0 0 0 0 0 0 
0 0 0 0 0 0 0 0 0 0 0 0 

0.3594647376902702 0.4629573444554982 0.7174326847745748 1.11278977212657 1.3941593421131007 1.2769615933291372 0.6924403068254704 0.41386862023680926 0.40846864302112784 0.4099667691963757 0.4101253180747879 0.4226295811178368 
0.32688787134487746 0.5369988614662748 0.08206001434629884 0.12010533418205943 0.7853800848796755 1.1491468381360985 1.401964060178802 0.49171923146612884 0.3466958705767007 0.35389899473657466 0.3433349745558863 0.4034565856157166 
0.4513209855767242 0.465413170056059 0 0 0 0 1.5363647571016503 1.0852429353165638 0.9432556808681829 0.4119393940907589 0.38830507 0.38830507 
0.5447564572935647 0.5279924367646751 0.5567754519862502 0 0 0 0.8576857397081595 1.5646502372884692 1.5202583046863416 0.9725824944453301 0.3916951581304355 0.38830507 
0.4438441769412354 0.44618464055038676 0.17960454622193123 0.6381061048057562 0 0 0 0.1611417013409737 1.616546919940311 1.7919365347705467 0.6200972769567501 0.38830507 
0.3006869729258326 0.3504474675905598 0.4861769056186241 0.5072725820359887 0 0 0 0 0.2926728723819901 1.6780309153726858 0.8978131027500816 0.38830507 
0.3390309804100055 0.4349542080135748 0.5988602786839076 0.17096549280312712 0.21618202507570278 0.11753645053460342 0 0 0 0.7637963824164923 1.1626251357504362 0.4953288748411513 
0.3879429377105558 0.4337964171903034 0.467796919403322 0.12648161552932463 0.42637155007471333 0.2501733847238154 0.08393441452457291 0 0 0 1.0713563935634598 0.5932456911691053 
0.38830507 0.3439915809012016 0.3735602966980328 0.23615744876413597 0.3569012042482942 0.4869153465202202 0.515983427768629 0 0 0 0.7911832356800198 0.7077431294135162 
0.38830507 0.3506410494565549 0.3787170011010959 0 0.21195690597296593 0.5067980142076265 0.4376477672905986 0.02275557336036571 0 0 0.5367030247767249 0.7683223642447412 
0.3130052651794307 0.4193169669087342 0.28331972565570934 0 0.24828518888666656 0.017793709990573663 0.3875764367002804 0.42247453300024956 0 0 0.309584574749723 0.7801635450416327 
0.362375497520109 0.44039566627615795 0.34898442485530395 0 0 0.13225229399484373 0.38833698404877137 0.330367116480715 0 0 0 0.4974530944690604 

0 0 0 0 0 0 0 0 0 0 0 0 
0 0 0 0 0 0.03023996482409863 0.43952654665105556 0 0 0 0 0 
0 0 0 0 0 0 0 0.27354595863120096 0 0 0 0 
0 0 0 0 0 0 0 0 0 0.07603292008110707 0 0 
0 0 0 0 0 0 0 0 0 0.32982828577607254 0 0 
0 0 0 0 0 0 0 0 0 0.1830509517824363 0.08489986376089032 0 
0 0 0 0 0 0 0 0 0 0.09816229097229281 0 0 
0 0 0 0 0 0 0 0 0 0 0 0 
0 0 0 0 0 0 0 0 0 0 0 0 
0 0 0 0 0 0 0 0 0 0 0 0 
0 0 0 0 0 0 0 0 0 0 0 0 
0 0 0 0 0 0 0 0 0 0 0 0 

0.5246261811394642 0.8802589505459425 1.0134227337527588 0.33950621358952104 0.004375359736451201 0 0 0.4846671041287536 0.4880478127399836 0.48556900583904905 0.47831756426089167 0.4576279494378394 
0.4467812399035686 0.3238138259284929 0.8631719184728116 0.8299636700670868 0.6397006818402822 0 0 0.24015391820285778 0.4963169153330746 0.49184104895410224 0.5389998847289549 0.5016416091224631 
0.44538643588980564 0.4180298498955155 0.6819108184645584 0 0 0 0 0 0 0.3860529545370875 0.45829785 0.45829785 
0.5142087116351618 0.6838089501409879 0.803466536989365 0.2875424807493018 0 0 0 0 0 0 0.44229505704801947 0.45829785 
0.4521343866441351 0.3852758833400217 0.4861757258248719 0.8352344793289784 0 0 0 0.23060060986808528 0 0 0 0.45829785 
0.431600051070952 0.4165765387683541 0.4293880025328552 0.6648842972352682 0 0 0 0 0.2788678586411312 0 0 0.45829785 
0.4579272145728517 0.44973917078283887 0.7397155627429673 0.8182646278954318 0 0 0 0 0 0 0 0.27926377114051754 
0.45829656780025335 0.46590302742525386 0.6209789487776287 0.8839114405099033 0.11189280273115762 0 0 0 0 0 0 0 
0.45829785 0.4377379464273291 0.33358252175986963 0.8328969005174223 0.8113593195652908 0.0132498265790299 0 0 0 0 0 0 
0.45829785 0.4581644932157368 0.521650835669204 0.6232530791260147 0 0 0.3403820455380351 0 0 0 0 0 
0.42685443570867443 0.26579705084717475 0.576975191649642 0.5765722966607641 0 0 0 0.07158877991910141 0 0 0 0 
0.5013576710798415 0.4774547208874154 0.15558717299782296 0.4400253040199105 0.810113817208265 0.553967971368751 0.27296131620099834 0.37711204487347605 0 0 0 0 

0.5429748872768855 0.7204242265886163 0.5458634580770041 0 0 0 0.1732765587823691 0.36866779638571606 0.38818934897130236 0.3901200504978125 0.36353165172171875 0.37964644908923956 
0.5752789725505576 1.2492976989779352 1.1095736899004431 0 0 0 0 0.27864880972646244 0.422117945708727 0.42531103065231673 0.36906441938416923 0.3957158288002276 
0.5491696266524465 1.2218723702822187 0.6134833957247687 0.09219242305231982 1.056312056213752 0 0 0 0.3757650261208136 0.46126601290832286 0.49750188 0.49750188 
0.5649051321146445 0.710919958213034 0.6333992351800908 0 1.3688171642991838 1.3837884184118947 0 0 0 0.1637251700257389 0.48957176474992736 0.49750188 
0.7009588411808475 0.7175799655819511 0.7091870557248567 0 0.3991295159991819 1.4772205124894986 0.7481242601991814 0 0 0 0.2950325202598382 0.49750188 
0.6546618486511034 0.4819604518233306 0.9098849828745645 0.6383767883897604 0 0.6610453548912234 1.2688097787561685 0.3936949004357782 0 0 0 0.49750188 
0.5285179283601037 0.5214356387178746 0.9807290328681102 0.744677329620069 0 0.21718111845692084 0.7737810059914028 0.917538748922116 0.5536614426459272 0 0 0.4233134919444405 
0.4977242663119018 0.6024690459812526 1.2461957101272063 0.5128800049210356 0 0 0.08690315827443701 0.4136917506891458 1.3378890202274107 0.10962809660453818 0 0.39671585096690287 
0.49750188 0.6034175890268542 1.294363660071463 0.9008429904082174 0 0 0 0 1.0639884712852368 0.5290035283070699 0.5061939636243789 0.3013949749368378 
0.49750188 0.5206314458084171 1.267776324628852 1.006185456479261 0 0 0 0 0.5888075284516903 0.9297809994925534 0.7354167842989152 0.14977655301610895 
0.43560557258428406 0.5120457019705482 1.2552052569606706 0.8727013221120028 0 0 0 0 0.08885817935501475 0.9909410667197149 0.8393033146673263 0.134094065551707 
0.4914005757260231 0.3128060357213866 1.2778481520401914 1.0072655224787586 0 0 0 0.3541448000705717 0.3488928679489488 0.4435328791018107 0.7323175775640475 0.30029560845419523 

0 0 0 0.27501196431634395 0.1798198219646587 0.2830506666034315 0 0 0 0 0 0 
0 0 0.3630055629919504 0.48404092516509645 1.0195424121154884 0.5820669267034352 0.5361853534060599 0 0 0 0 0 
0 0.17303204633161073 0.8890309407062408 1.7785153814326566 2.4416894080380036 0.9474923244965483 1.8304898705731838 0.9388885410689464 0.23597881673968946 0 0 0 
0 0 0.17501232268393346 0.6121577748143654 2.1137974856891755 1.2471794877366178 1.0686201280021848 0.5775256541113473 0.6408508954555339 0.3320747396906163 0 0 
0 0 0.2988467438137884 0 1.2794920885595673 1.5992287654156456 1.9145067947409742 1.2352014625335348 0.6575189658926117 0.4617155309231011 0 0 
0 0 0.367448468321694 0.19812682961596942 0.8406578809720627 1.1201141476167915 1.6973603673147997 1.9911223373548104 0.6058516118229252 0.7240439044434185 0 0 
0 0 0.04554028456085213 0.6615705497406522 0.5646266013741601 0.7165091873711522 1.239080383669513 1.7259478053737591 1.5451692048830503 0.565090394898783 0 0 
0 0 0.32870112189882433 0.5937805206194379 0.4763255198479998 0.7423179413194471 0.16543172475313897 0.9707189510148949 1.3659018745585545 0.38940897541808894 0.193362417417966 0 
0 0 0.29248416203996014 0.4365586805907327 0.4955066464935465 0.7129818193906978 0.32585414706304294 0 0.7763098675149105 0.1621132736234413 0.20352371660808674 0 
0 0 0.2879862458098306 0.8569591672900557 1.1236771162093626 0.9311460338220312 0.12396335425325375 0 0.4209500021121025 0.34335979306553666 0.09642878508537484 0 
0 0 0.2336488020241231 0.6061334714700545 1.1049185719539831 1.24326915325891 0.13457843361965655 0 0 0.46168434221347443 0.00343081007435405 0 
0 0 0 0 0 0.06420653242643642 0 0 0 0 0 0 

0 0 0 0 0.02120191294548701 0.6520580951823536 0.44819002470144254 0 0 0 0 0 
0 0 0 0 0 0 1.31245813009358 0 0 0 0 0 
0 0 0 0 0 0 0.19648552941201164 0 0.3942804360974507 0 0 0 
0 0 0 0 0 0 0 0 0.2870623828973091 0.8989583092507472 0 0 
0 0 0 0 0 0 0 0 0 1.7648808403013256 0.21238184857585823 0 
0 0 0 0 0 0 0 0 0 1.3104724881325376 0.7190754445045888 0 
0 0 0 0 0 0 0 0 0 0 1.0399670722433545 0 
0 0 0 0 0 0 0 0 0 0 0.7591889302990753 0 
0 0 0 0 0 0 0 0 0 0 0.2466772645837481 0.010365570374114494 
0 0 0 0 0 0 0 0 0 0 0 0.10508023437254677 
0 0 0 0 0 0 0 0 0 0 0 0.1376120844695103 
0 0 0 0 0 0 0 0 0 0 0 0 

0.12288100611135495 0.08000035923668604 0.4544641385785454 0.11093186076560979 0 0 0 0.11137922769595149 0.1235603960601735 0.1208228084695778 0.14994072762898497 0.1270911733646181 
0.14096423372840552 0.21473373720228506 0.8254572536547643 0.12307819541357053 0 0 0 0 0.1387673902042518 0.13449048928702342 0.1349860142247085 0.09928842415407789 
0.13160672534435627 0.4223004360913212 0.32829373848045346 0 0 0 0 0 0 0.013226099089595739 0.12052306 0.12052306 
0.20801993602479965 0.17350974180474887 0.18780311811360792 0 0 0 0 0 0 0 0.09737125600882049 0.12052306 
0.3056556631737767 0.2086796609153156 0.12918127186261885 0 0 0 0 0 0 0 0 0.12052306 
0.21814938875187095 0.12580730514987204 0.07713481617275242 0.562860360303638 0 0 0.0017345880814720535 0 0 0 0 0.12052306 
0.12221524831235978 0.13973419328869466 0.21159354113505133 0.43761745808656327 0 0 0 0 0 0 0 0 
0.12053032416439416 0.2167006631387564 0.254016992844463 0.2957278976665553 0 0 0 0 0 0 0 0 
0.12052306 0.1946093299317775 0.17682323651519083 0.5569669754196598 0 0 0 0 0 0 0 0 
0.12052306 0.12127857848025575 0.2753003330895288 0.5183960281458878 0 0 0 0 0 0 0 0 
0.11697798003345337 0.06650392270587058 0.1498945953392258 0.2657549506073864 0.07297174411538399 0 0 0 0 0 0 0 
0.14561612331449403 0.11295142473252436 0.04779127067794864 0.5237569672582293 0.27700476208479075 0 0.17944762421821944 0.32968870742103 0.0450087960024325 0 0 0 

0 0 0 0 0 0 0 0 0 0 0 0 
0 0 0 0 0 0 0 0 0 0 0 0 
0 0 0 0 0 0 0 0 0 0 0 0 
0 0 0 0 0 0 0 0 0 0 0 0 
0 0 0 0 0 0 0 0 0 0 0 0 
0 0 0 0 0 0 0 0 0 0 0 0 
0 0 0 0 0 0 0 0 0 0 0 0 
0 0 0 0 0 0 0 0 0 0 0 0 
0 0 0 0 0 0 0 0 0 0 0 0 
0 0 0 0 0 0 0 0 0 0 0 0 
0 0 0 0 0 0 0 0 0 0 0 0 
0 0 0 0 0 0 0 0 0 0 0 0 

0 0 0 0 0 0 0 0 0 0 0 0 
0 0 0 0 0 0 0 0 0 0 0 0 
0 0 0 0 0 0 0 0 0 0 0 0 
0 0 0 0 0 0 0 0 0 0 0 0 
0 0 0 0 0 0 0 0 0 0 0 0 
0 0 0 0 0 0 0 0 0 0 0 0 
0 0 0 0 0 0 0 0 0 0 0 0 
0 0 0 0 0 0 0 0 0 0 0 0 
0 0 0 0 0 0 0 0 0 0 0 0 
0 0 0 0 0 0 0 0 0 0 0 0 
0 0 0 0 0 0 0 0 0 0 0 0 
0 0 0 0 0 0 0 0 0 0 0 0 

0 0 0 0 0 0 0 0 0 0 0 0 
0 0 0 0 0 0 0 0 0 0 0 0 
0 0 0 0 0 0 0 0 0 0 0 0 
0 0 0 0 0 0 0 0 0 0 0 0 
0 0 0 0 0 0 0 0 0 0 0 0 
0 0 0 0 0 0 0 0 0 0 0 0 
0 0 0 0 0 0 0 0 0 0 0 0 
0 0 0 0 0 0 0 0 0 0 0 0 
0 0 0 0 0 0 0 0 0 0 0 0 
0 0 0 0 0 0 0 0 0 0 0 0 
0 0 0 0 0 0 0 0 0 0 0 0 
0 0 0 0 0 0 0 0 0 0 0 0 

