0.14322403577610776 0 0 0 0 0.3196555431922302 
0.6329983804584748 0.062322353714156065 0.4638763492898888 0.9433897023816133 1.1386276316180322 1.6481683245087944 
0.5451240362745959 0 0 0.3418561061254903 0.6188025854631163 1.2460585270374522 
0.6645519025240783 0.0015471675154424096 0.343205514730755 0.44447977806903155 0.45812001557290644 1.0809879098050674 
0.9441277385029532 0.35848674949781806 0.6138735574546682 0.7232020161532686 0.546263063394673 1.022913630015949 
1.654231637462658 1.4348682020071069 1.3294040104655842 1.1674915285226108 0.9785189631943187 1.0960476992380905 

0 0 0 0 0 0 
0 0 0 0 0 0 
0 0 0 0 0 0 
0 0 0 0 0 0 
0 0 0 0 0 0 
0 0 0 0 0 0 

0.732307966306851 1.8350931779568522 1.692668466573106 1.9092444012060532 1.9286776216468162 2.0279652793601786 
0 1.6698697694663045 1.6365760523392832 1.897524555707142 1.7583955041361 2.342743342045789 
0 1.7337513633864636 1.86101623753755 1.9615260211350312 1.754714920928178 2.3293879498255268 
0 1.6377496529778257 1.9714929025505152 1.8639291479048323 1.4948914853503912 2.1938947413758876 
0 1.7678012240431789 1.9774671262409471 1.8249819967712027 1.429105483998737 2.1545295119810226 
0 0.8146615444442211 0.7018706755692388 0.6017055303560219 0.3023630791413629 1.1253747559651224 

0.17795028496373444 0.023435008041227168 0.02984393373108285 0 0 0 
0 0 0 0 0 0 
0.03189985052145679 0 0 0 0 0 
0.02951146294555764 0 0 0 0 0 
0.0024529410460558676 0 0 0 0 0 
0 0 0 0 0 0 

0 0 0 0 0 0 
0 0 0 0 0 0 
0 0 0 0 0 0 
0 0 0 0 0 0 
0.03331508962322297 0 0 0 0 0 
0 0 0 0 0 0 

0 0 0 0 0 0.1413311631330228 
0 0 0 0 0 0.08736597637603252 
0 0 0 0 0 0.09954458739461754 
0 0 0 0 0 0 
0 0 0 0 0 0 
0.2338217088945735 0 0 0 0 0 

0 0 0 0 0 0 
0 0 0 0 0 0 
0 0 0 0 0 0 
0 0 0 0 0 0 
0 0 0 0 0 0 
0 0 0 0 0 0 

1.3117117432180894 1.755073828682711 1.7172024619102244 1.4984460068440335 1.4914130172394495 0.7948844847928166 
1.7460861399246084 2.218476485813306 2.119353920933823 2.0604931732230405 1.9102862645274312 1.0145310160917338 
1.8727040977265699 2.379441792124656 2.0922458776152926 1.9467500590494204 1.772396008550054 1.045432028323513 
1.9037500437696577 2.236544073598339 1.9349747854576482 1.8019754581829852 1.80463804638567 1.127970930657972 
1.8178967965185762 2.061421895902358 1.7739658147539377 1.7242783318304855 1.9319099726691253 1.1846976836166918 
1.5765725688817074 1.4453287807614703 1.4267269792928516 1.4036132105549814 1.409977119954565 1.0500025080508728 

0.916948191774962 1.8520195131846813 1.5285713638783114 1.7191451476494464 1.9166688765632334 1.9179789147098918 
0 0.7569292831777896 0.9107743011956787 1.2850637103562057 1.2370320394747423 1.417697823534638 
0 0.677645297433226 0.9697888892097342 1.3489119002587389 1.1255844981240077 1.6119668241889316 
0.02773220253386368 0.7291093435311468 0.9212165407939614 1.2757943358223882 0.9813514458988389 1.4392468566864605 
0.14892238465025234 0.7248662530611835 0.7541114374929675 1.2808849203435486 1.2452911465961762 1.4738875014432868 
1.081911223808272 1.1616533818851889 1.1533013923120992 1.1226208114925822 1.035739807685758 0.8435836659161838 

1.1378930909224247 0.8678342880485284 0.9895828039020488 1.2388735009674825 1.2413462199904275 0.6877364931494664 
1.4879677856937055 1.535231931880334 1.4872122605014044 1.720137639181012 1.8551369495757084 1.1171870415232992 
1.600883182682111 1.5934038790218394 1.4433473353605806 1.5138609950872275 1.5670486405530506 0.9336934705496805 
1.7995072564783936 1.746272633578783 1.6037891692827622 1.758148027624522 1.5827714035639735 0.976787084689145 
1.8618498510015138 1.8975355362372648 1.6833921033562445 1.713080686281006 1.4703458265315188 0.9237075663636153 
2.0568564041923723 2.829102334951514 2.709620562185913 2.7286736392162974 2.6368853630463542 1.6555981065358552 

1.1892840154321822 1.0906382193853534 1.2976327345833432 1.3223643095836886 1.4148271645228199 0.9908512995851348 
0.8168071344898533 0.47796307395233856 0.7672733217006019 0.8462719670269487 0.987639590160547 0.5546745672703537 
0.7261618930486333 0.3503897796461765 0.7500158017541583 1.1659977524480725 1.1457413604963478 0.6766381001550176 
0.9520630443317746 0.6130987168695198 0.8469877556793347 1.066803955768372 0.9048572439300595 0.39623267953812524 
1.3421361371933824 1.138280287314112 1.1112440376656076 0.928495802012487 0.7586771044242214 0.13038261510320576 
1.4581361990905781 1.034691121779512 0.9093457145685897 0.7579240577401918 0.7289930575982343 0.9265576805135967 

0.8499920457759265 0.4747714100658629 0.5960628463093538 0.5213700371014044 0.510470209442978 0.18315949138174523 
1.336694881399043 0.9971740128962381 1.2348592390066453 1.373493550584507 1.3865059887985252 0.22126120617628794 
1.1909132690104642 0.6733316878634528 0.9152658255708969 1.1288011748518785 1.1610572862800224 0.33691020581296865 
1.4130572183593397 0.7253210802327384 0.7424205228030197 0.9574677426896796 1.0481262947233954 0.1929088116662397 
1.5833902363384282 1.1387967360135107 1.1471072161439584 1.2393325148236078 1.0980285315900946 0.02954744502195905 
1.2600822485844538 0.5153392297059908 0.3406363236560319 0.3263552582388471 0.2683320433086786 0 

2.6779082749054464 2.516373986955957 2.5340535403407967 2.639329473881851 2.5879133548759508 2.2895601014551867 
3.0712165913653773 2.7577492507314907 2.9027116420214454 2.9041613031603095 2.925092578402283 2.0559542699345226 
3.007311404382862 2.491332133980428 2.6027805980804013 2.8049048330163755 2.83319185453956 2.1469761979936424 
3.1891510560328715 2.617742838126083 2.5135306537811073 2.7229741870480684 2.7475106405460687 2.0540542115170832 
3.17785830834012 2.8321745071739377 2.8396863024070504 3.0515054061374838 2.872638590369109 2.0411214893267844 
2.7545402012139832 2.4042987603040524 2.384171488298819 2.4131551332650223 2.389661036080328 1.797026184145716 

0 0 0 0 0 0.5485486944636708 
0 0 0 0 0 0.9268289917638748 
0 0 0 0 0 0.9315337089924401 
0 0 0 0 0 0.7409127567198639 
0 0 0 0 0 0.7280086000299056 
0 0 0 0 0 0.06484079677543281 

0 0 0 0 0 0.2568184416653557 
0 0 0 0 0 0.16146112614444147 
0 0 0 0 0 0.18615213058666066 
0 0 0 0 0 0.16549495659723312 
0.07130309820391927 0 0 0 0 0.06361306223347767 
0.3360335163906993 0 0 0 0 0.36158411768924037 

0 0 0 0 0 0 
0 0 0 0 0 0 
0 0 0 0 0 0 
0 0 0 0 0 0 
0 0 0 0 0 0 
0 0 0 0 0 0 

3.353537866225593 3.834351958716707 3.9609365465995814 3.9464276000294625 3.8545960459859336 2.955424563711228 
2.7536444449012123 3.6699730533904025 3.6379051874436095 3.689696383441761 3.572334174209581 3.7427803879372923 
2.813281383557355 4.277729499078311 3.969465393887356 3.7475960963593855 3.612993568609496 3.4992768987859244 
2.7353493277807575 3.9687736610246542 4.04153138941414 3.880633819141474 3.648044219592908 3.610317754587202 
2.7200759279234847 3.8636752818171054 3.923390877640459 3.7050620241764154 3.5048574037761018 3.5765124557330967 
2.2602763814285787 3.493664393654639 3.608504686334076 3.5591899525971815 3.4139248206920563 3.3968964384595153 

0.14327767017309376 0.4927557558294069 0.3096796457059799 0.5016114869428147 0.6442524086691385 0.17961808655102704 
0 0 0 0 0 0 
0 0 0 0.2805607552397078 0.13222335154685635 0 
0 0 0 0.22497455611103997 0.056819382506326684 0 
0 0.1125908541597558 0 0.10743469655422097 0 0 
0.22294252194625552 0.4388306947550598 0.33364111333672963 0.6386579060607346 0.6226931973862377 0.21566876399598078 

0 0 0 0 0 0 
0 0 0 0 0 0 
0 0 0 0 0 0 
0 0 0 0 0 0 
0 0 0 0 0 0 
0 0 0 0 0 0 

0 0 0 0.19431729721002328 0.3577376813223668 0.7402263478759642 
0 0 0 0 0 0.18360765408388852 
0 0 0 0 0 0.057457036076731305 
0 0 0.004449041541453359 0 0 0 
0.10279622845522284 0 0 0 0 0 
0.720491842679662 0.7357631727380423 0.8439575727912896 0.9627446839166645 0.9884963619182535 0.4148720855080868 

