1.324475073032788 1.252276686993744 1.3271136031949164 0.7590209278800446 0.05561344071296197 0.2950552776679403 0.5856801053516763 0.8899108906279761 0.7118686203639739 0.31224236647479053 0.17424153769331915 0.015925644007402217 
1.4873759207686517 1.3267686477413458 1.5011342366516534 1.1291567724036546 0.6311879527307445 1.0069879011756881 1.477256277367765 1.3640402456145102 1.7904399759037504 1.7653206950041886 1.1186655294331223 0.9983424766244159 
1.4348373286628993 1.5198297522415147 1.5817430490786306 1.2443567030947387 1.0346912878531833 1.140931954573241 1.5688922076804288 1.6328146487839177 1.4224795840464062 1.9010702760237523 1.4696423582636104 1.0571601580131544 
1.7830582551455876 1.8187960659388642 1.8221945807890547 1.484114396249106 1.298137900487985 1.37769732366797 1.659219168647348 1.6293942375585555 1.201240844460205 1.6575359656334547 1.792291748127156 1.724906641386492 
1.5010280941113174 1.3546683316517958 1.4856818112658798 1.5398944444493683 1.5594300917096666 1.5052651576771845 1.6165678015657456 1.2660177596917086 1.1804656339765707 1.6719015562330595 1.3292510980760193 1.2974029175808113 
1.4212596908817097 1.3312382987254998 1.3685537468274824 1.3859792925369816 1.4130479161864082 1.5129531223739634 1.6048610270581622 1.204015718433041 1.2501882276953993 1.8521483220889565 1.460704495199725 0.9154470064687379 
1.3858630869349726 1.2504430051043844 1.38078177 1.3868350457787282 1.3875035206726771 1.5110652210361706 1.4534015715411988 1.107286200133946 1.4917468032690988 1.83550343253902 1.8934784347141165 1.2059814236364894 
1.3930054043666602 1.2739947499465694 1.38078177 1.3819630190896883 1.3982097164828549 1.3561646841942145 1.007236975810353 0.7415418965481072 1.3275808631258386 1.2999075092254555 1.5905657731404883 0.9218405155389868 
1.4488641415129881 1.313682509191151 1.38078177 1.4415595226770748 1.4097229340598267 1.1770420259058947 0.6608599100723377 0.964825477081509 1.5422854033894415 1.37263753243637 1.3578213510027606 0.2601372636506907 
1.4024931633492617 1.3314695915317658 1.37984571744375 1.4176539563769845 1.6517747067519803 1.1888759803057443 0.2682340910819724 1.1446840826872604 1.9779611571802032 1.6603875957737058 1.8702820537550306 0.9013097923871559 
1.4018054208600517 1.2570661472335918 1.2494954682505193 1.2296372939002307 1.5743589793815598 1.3994114089484966 0.621452809498211 1.2036865244579347 1.7040326084788753 1.6513754920458656 1.5263166462239734 1.133500617792896 
1.4213132671823339 1.3557287549727826 1.3846830097416114 1.3909252027719476 1.265632857028268 0.9422279477076665 1.0340285179648152 1.450871621851463 1.5215785844289702 1.4482230433294747 0.7340738337123895 1.0725880690415688 

0.5586912908630909 0.346985934882559 0.35512075602396453 0.2683490974178401 0.4268886806333195 0.4882889968759061 0.47166612699685706 0.512934356208817 0.3943429574987757 0.34460592619657227 0.47102218905803617 0.46744907467305186 
0.3211927326229007 0.13349419613651847 0.12836056903652848 0 0 0 0 0 0 0 0 0 
0.62035570083484 0.30980678880146895 0 0 0 0 0 0 0 0 0 0.2587511033323617 
0.24067191051469294 0 0 0 0.12928636545305905 0.02613156723865091 0.003296715960843858 0.07294256491153056 0.26088011991738874 0.00347612744221226 0 0.1084535904163894 
0.380440841967742 0.3336489894244592 0.23069414197086494 0.13138701514431386 0.23268107021740278 0.2520645353987248 0.35137216887767736 0.5746982314591177 0.5836788679583709 0.27184410484563065 0.351905813619439 0.2815045010685685 
0.5591181862931326 0.5545368365328561 0.6115375906364461 0.616221101853487 0.6000977815736183 0.49204613794908164 0.7607433446173951 0.9772301891386918 0.8100349592941103 0.33380862742429457 0.4748941623014256 0.18875740988211154 
0.5706269643797058 0.5849985728199055 0.61497229 0.6177270925390725 0.5958571566462475 0.5895418646660151 0.9608079192470541 0.9708308519902805 0.38719731405626046 0 0.11180605161451251 0 
0.5570129910285331 0.5805416979981162 0.61497229 0.5624632459521395 0.48650486185486047 0.5971314342389779 0.8488017615989045 0.776102035520493 0.06449752460705802 0 0 0 
0.532557639887293 0.5233967548536228 0.61497229 0.5044703029820721 0.2487731202493404 0.29714092746477433 0.16556064157146513 0 0 0 0 0.28892731434902313 
0.5754961784319484 0.5744692225283436 0.6143357028569958 0.3316525912759928 0.01858321733119639 0.09859848631546143 0 0 0 0 0 0.09026088504197242 
0.5400667479581516 0.4747028548212272 0.44504099831279037 0.3173024777357454 0.018196048348256118 0 0 0 0 0 0 0.30261685902812746 
0.5382534479174163 0.5127544520080093 0.654435430633905 0.8241124749038925 0.30859996238374005 0 0 0.22434042976097235 0.2223995732227473 0.28304633440937166 0.7567302422441344 0.4725523068353401 

0 0 0.11840180609153572 0 0.35535078781809126 0.04485918311082432 0.07014053804121761 0 0 0.10313952461342585 0.36120273806582326 0 
0 0 0.04678509147088925 0.6155301574387798 0.5998607680173199 0.5534954531617491 0.12668661842661239 0 0 0 0.24265150100863558 0.48190854158634056 
0.0025926770696139897 0.20886793378290222 0.5427647293185518 0.4676539809334385 0.23672760016417183 0 0 0 0 0.2980211032670197 0.5195224879409799 0.14666795893801401 
0.09461936511639651 0.33573409868656306 0.20123191205533303 0 0 0 0 0 0 0.13986458188448822 0.02510993648614636 0 
0 0 0 0 0 0 0 0 0 0.1400448746067032 0 0.07491343866538958 
0 0 0 0 0 0 0 0 0.331867961246009 0.2885379407772727 0 0 
0 0 0 0 0 0 0 0 0.2585903842597784 0.010070459572452256 0 0.013635110514160255 
0 0 0 0 0 0 0 0.3043673913165289 0.3362441951630166 0 0 0 
0 0 0 0 0 0 0.03854055888300971 0.543137497005126 0.2510035921940746 0 0 0 
0 0 0 0 0 0 0.5252419833878037 0.536565671653517 0 0 0 0 
0 0 0 0 0 0.494067770269156 0.4315388765438457 0.19352761729722015 0 0 0 0 
0 0 0 0 0.40807403191340996 0.7941775028293426 0.5012325081818885 0 0 0 0.1632313987174303 0.2111925514711505 

0.02080674075441366 0.28846564873363184 0.4274440092032137 1.722845319084317 1.4162762902501207 0.780070828987766 0 0 0.4940605363935732 1.2587648590463323 1.6065995474456076 1.3333686268382425 
0.07853636173418263 0.45941287160715216 0.24066461300983152 0.2900894486185026 0 0 0 0 0 0 0 0 
0.4525497550088374 0 0 0 0 0 0 0 0 0 0 0 
0 0 0 0 0 0 0 0 0 0 0 0 
0.12339033405742841 0 0 0 0 0 0 0.009202294808776169 0 0 0 0.48005564154165975 
0.0922020850856837 0.0973982523328423 0.08995800058402223 0.10148139733172802 0.08664623307775815 0.0814579535253383 0 0.3024499672273427 0.29702177902939786 0.01090919150402847 0 1.1785786678343306 
0.019963280410098094 0.14259065111337724 0.10951276 0.1043693471929414 0.08402451803452847 0.03909449496357406 0 0.21660266494470085 0.22236954231951236 0 0 0.7512249053074413 
0 0.1868407634264611 0.10951276 0 0 0 0 0 0.20175571369399065 0 0 0.070231556044559 
0 0.11472544753197839 0.10951276 0 0 0 0 0 0 0 0 0 
0 0.13902996096712333 0.11169560783667382 0.09139873479964686 0.0046566909517478244 0.3879942458097942 0.09706228682157672 0 0 0 0 0 
0 0 0 0.35312848829640486 0.5054015028473655 0.2513674651076595 0 0 0 0 0 0 
0 0.09021915255338225 0.11875863862121602 0.4150753146214621 0.5364018110282206 0 0 0 0 0 0 0 

0.9493723186285138 0.8368817063925775 1.0952716029380334 1.5496037829326799 1.6635489470910305 1.3401905236401157 1.3766508673447675 1.1294792252094243 1.1913670840618114 1.5620695862163299 1.6117612549243998 1.383386564522184 
0.9617301831405859 0.9283938008003615 1.1970807136312862 1.2878356139740685 0.4253435656860628 0.24498728102515144 0.19525411641055435 0.09078485210774812 0 0 0.6278858172995081 0.38583233944454887 
1.0362540974091743 1.0187352414962205 0.9371000817684267 0.25091578235577844 0 0 0.44526838487059134 0.30587532559682634 0.09198243276886557 0.4237902912484369 0.26736583211447557 0.2161958594910649 
0.9328072344412344 0.562197258270209 0.18028847502820833 0.02874645559132928 0.22586846362650168 0.5874818247921424 0.574526389261157 0.49745309449101816 0.36533883972461517 0.5683425751111418 0.4178968651795473 0.5356729640481326 
0.9516811042525984 0.7167217380778936 0.7402788656039369 0.6778260619380551 0.7166146718242388 0.7536024363697937 0.6215442157646691 0.6363488274517151 0.92747776169541 1.106220928413592 0.8832414877116394 1.4458633684102264 
0.9778286161960451 0.8982822088170062 0.8928231076935386 0.9290003548027048 0.9379159298377853 0.8419888840864733 0.5433081071045465 0.7453157816164881 1.115491502547558 1.1959276948806787 0.6239942721941171 1.7137082963028487 
0.9947881142482143 0.8754330792680766 0.9395951 0.9358615374147147 0.9464080215886583 0.8326210121571901 0.7111232793172528 1.0937548727173954 1.5242966687927701 1.2462773648511225 0.5231083768661539 1.2440070205615859 
0.9498758268347939 0.8268597330991246 0.9395951 0.958413311623255 1.0286031206993287 0.8200713624203021 0.8614748381286268 1.2833845035697113 1.6603235827046996 1.1885158274070944 0.8155908076768683 1.0726918353662904 
0.9270535249243406 0.8413492129966479 0.9395951 0.9293209961002852 0.8982623922694944 0.9071923718532647 0.8737558853346942 0.8099935116274966 0.8859394479702161 0.3364636542867013 0.2795686904167112 0.5749687304538766 
0.939920211611048 0.884674501657756 0.9394890876342628 0.7972223032143092 0.7538406761439677 0.9196616926028542 0.8497147096094232 0.3273141554372912 0.10531841605926812 0 0 0.32539871911328466 
0.9953457843138541 0.9583233794963092 0.9777233524661152 0.9774965346257325 1.0622439753549717 1.2879993469859274 0.4566201397578518 0.09656877394745492 0.13180190520739915 0.21164947380034888 0 0.586584718362171 
0.914674811675218 0.8080270519888944 0.7505608258942574 0.8194820599710223 1.0117007678713223 0.8627903746956518 0.33440282286354783 0.3736123326802739 0.6327137807588514 0.7698945903756738 0.5836609714912477 1.0698097131036313 

0 0 0 0.009653131835869494 0 0 0 0 0 0 0.09812264072067646 0 
0 0 0 0 0.15893370937574502 0.19591597584346587 0.22510740724073644 0 0 0 0 0 
0 0 0.06398139596852762 0.12748650582588647 0 0 0 0 0 0 0 0 
0 0 0 0 0 0 0 0 0 0 0 0 
0 0 0 0 0 0 0 0 0 0 0 0 
0 0 0 0 0 0 0 0 0 0 0 0.059921376343158826 
0 0 0 0 0 0 0 0 0 0 0 0.07085501432489116 
0 0 0 0 0 0 0 0 0 0 0 0 
0 0 0 0 0.053518414466859 0 0 0 0 0 0 0 
0 0 0 0 0 0 0 0 0 0 0 0 
0 0 0 0 0 0 0 0 0 0 0 0 
0 0 0 0 0 0 0 0 0 0 0 0 

0.28472436106877863 0.32134460985514124 0.1787943055916858 0 0 0.12323658213779223 0.4697463545834073 0.7053200111862346 0.34644712999991834 0 0 0 
0.12990852364827377 0.14325875274880862 0 0 0.3060132083174877 0.7842617787467374 0.9109209872679432 0.6945320182808818 0.19544179262363842 0 0 0 
0.39076400454004173 0.2962756166258964 0.15415112486410146 0.4728428924604871 0.6214813397376174 0.8358784524042535 0.3344142162555447 0.1896980615553674 0 0 0 0.0929566279422008 
0.20846442262019305 0.2911395095834425 0.3958908822371339 0.5472387907966538 0.44917965491594014 0.294960431759894 0.2189412833564861 0 0 0 0 0 
0.2649209105928741 0.3133988202581252 0.22322278579325502 0.20515368855157473 0.2151673790704019 0.3262383633049143 0.11986913645006962 0 0 0 0.03823997873001986 0.02753705182266688 
0.2914395537257357 0.34353552720709624 0.3503387948616619 0.32819425640251876 0.31396955323053727 0.28533513848354564 0 0 0 0 0.33351282873181803 0.09913367422682023 
0.2792290546709288 0.41596359622207124 0.32815254 0.328449011619371 0.3403717735185525 0.19936769020870665 0 0 0 0 0.34175570053107374 0 
0.27764058910371625 0.3807603667156606 0.32815254 0.38646313418699474 0.4251415715123154 0.3539004550642127 0 0 0 0 0.19719859932601883 0 
0.2609401277381728 0.35993181061416235 0.32815254 0.5197650153814724 0.48443423455719364 0.22914085370655196 0 0 0 0.4084329741330153 0.5277419105254532 0 
0.2916550691960086 0.34507996008003783 0.32526591962081775 0.3272109044846381 0.2868363129691319 0 0 0 0 0.4215058220378343 0.1294715355437263 0 
0.30605141564693034 0.44608888252505197 0.30508521584421766 0.15862195805409546 0 0 0 0.19132512899265028 0.15089918972641198 0.051963092202902926 0 0 
0.38933235509501274 0.49497271372623114 0.5441389464392297 0.3721426487186375 0.22071610951222548 0.07356728121504995 0.15139436977713983 0.2625010779219405 0.35737553066704825 0.3402201079436403 0.29083164251680493 0 

1.9779090282557708 1.6194207200413113 1.485048883304096 1.3182136757327667 1.5266180836270367 1.437162207802542 1.3596845035595553 1.3990470860576927 1.484224089768511 1.5982985885083996 1.8796007362287668 1.9189117904367499 
1.7145026548322144 1.4416983670982642 1.3558261385092343 1.3089193949083888 1.6770382163258697 1.7830607611895077 1.7788776443179466 1.6506677475442015 1.2303849086700553 1.40709233887427 1.5765943563062534 1.749973223310334 
1.7862538626409108 1.6611613470569444 1.4251691909665025 1.5490845872661376 1.588830064236003 1.6962475484833843 1.4533835899639038 1.7716703129114788 2.0197040742540806 1.7312092265922556 1.852734962528441 2.243484067634736 
1.9138332780208502 1.7732202419289353 1.7996921607853016 1.8386775384561436 1.9543372476915637 1.7436204965880748 1.845018192168248 2.2353191804375214 2.085686049581749 1.6336936393391366 1.5515695017680196 2.0950548197445658 
1.8611364101741066 1.7540281110602278 1.7751681503487209 1.8731842343107663 1.9864413310700983 2.0194141251924767 2.02197263576712 2.0654497788896404 2.0476458270731563 1.833606487750083 1.393705066575726 1.9278697760440426 
1.9586618777899936 1.98716763889036 1.9985647542158402 1.9949400683136485 1.9991372009903958 2.008965634454795 2.2120621858590352 2.3729139742516785 2.1932853024806653 1.9689593012182758 1.460579056331781 1.7317568074368828 
1.9148961232955652 2.010245553042354 1.99629569 1.9971108968215485 1.9727852142905133 1.9822203376290257 2.1979117771666075 2.0577739364080756 1.9013163104666937 1.5542921866194304 1.7089056421138173 1.6517219405982313 
1.9909154950479975 2.0060053723640228 1.99629569 1.921876690778385 1.7458585929359431 1.6926304305439561 1.855505448908168 1.3732858226612639 1.3798518848167127 1.2687356282239133 1.5559967052819859 1.7576397254645968 
1.954941566235612 2.0720943013455386 1.99629569 1.9357376655837397 1.5861014934358035 1.460837900509332 1.1396995508220382 0.9806284307514086 1.1656925858666813 1.407874557643654 1.6801587248546859 2.2611695193768218 
1.983058364057472 2.0223437715397092 1.9960624885380114 1.6886403703953141 1.4459410294336654 1.543093228970273 1.1552230895915592 1.1340879505155936 1.5661663573610547 1.6240103908776753 1.820800348223981 2.5188936482730413 
1.847596016062088 1.8745674432314618 1.6418562508090215 1.417109308919738 1.4401835624421795 1.5413522359748357 1.347423511761496 1.4780512750197963 1.6369299275547833 1.5050088199216793 1.5652652020613707 2.242733497235932 
2.0478170962670905 2.04202036708148 1.9864667977740473 1.9225413504120283 1.535503726223789 1.5313377964852288 1.670553816097336 1.86688579426068 1.8442373735078894 1.9369483433295236 1.5334939330375688 1.5027409556731903 

0 0 0 0 0 0 0 0 0 0 0 0 
0 0 0.1310322585063282 0 0 0 0 0 0 0 0 0 
0 0 0 0 0 0 0 0 0 0 0 0 
0 0 0 0 0 0 0 0 0 0 0 0 
0 0 0 0 0 0 0 0 0 0 0 0 
0 0 0 0 0 0 0 0 0 0 0 0 
0 0 0 0 0 0 0 0 0 0 0.2748819483222688 0 
0 0 0 0 0 0 0 0 0 0 0 0 
0 0 0 0 0 0 0 0 0 0 0 0 
0 0 0 0 0 0.03838276940475467 0 0 0 0 0 0 
0 0 0 0 0 0 0 0 0 0 0 0 
0 0 0 0 0 0 0 0 0 0 0 0 

0.5041628716464778 0.5806474166476029 0.3462600780536664 0 0 0 0 0 0 0 0 0 
0.56386200369823 0.372384735005572 0.0538243948505938 0 0 0 0 0 0 0 0 0 
0.3136707382027201 0.2134997015720907 0 0 0 0 0.32154980476981443 0.07081387885369353 0.15779441208419506 0 0 0 
0.4744768655441222 0.37843557091868674 0.18419651022255937 0 0.11043554671243573 0.2885487440006401 0.5283691505349014 0.5129951234066706 0.4420781922150118 0.3365485038609191 0 0 
0.4853266025875991 0.498599295715601 0.5470835131933076 0.506602608957282 0.4450197304701407 0.40569608181373 0.7499463219657635 0.6628149765026597 0.3765521687625581 0.1632261661317468 0.40258863101814013 0 
0.4757080880366244 0.4687870984993536 0.5051740774009927 0.5372308280385086 0.5315394452689229 0.6602406542448813 1.040669667907853 0.7484013546222558 0.5454005882073412 0.42892462621145544 0.541137559515269 0 
0.44185837248026033 0.39899738569735593 0.53359699 0.5353347666093693 0.5072640493353642 0.7149251110047704 0.84431005518048 0.5948257830538247 0.03330352044672173 0.40996638422484705 0.3029893543194653 0 
0.47196156215583057 0.3860297897508681 0.53359699 0.45020343550500697 0.28950435544018027 0.4837037032574163 0.06539241658661837 0 0 0 0 0 
0.4919689501820888 0.3972640348272609 0.53359699 0.46997305713156967 0.5608003007177629 0.12205596687094625 0 0 0 0 0 0 
0.5042871673320979 0.4522862017650874 0.5360535423314963 0.8392469222696706 0.7504994109672891 0.18079660617904966 0 0 0 0 0.3615969032421736 0 
0.3893084720459826 0.22036495917569132 0.43435066670775246 0.4658100626353956 0.4176369606783042 0 0 0 0.022818132055389816 0.08112908573168331 0.6203258569329063 0 
0.5084737985060579 0.41238674346671833 0.44422646152121315 0.2005691899036581 0 0 0 0.13783545698029578 0.48146777477678115 0.3773419768655887 0.2782361216248012 0 

0.33789142563173397 0.19325137282099805 0.36843643006633786 0.5117125579269804 0.699515724758702 0.3026413100670443 0.2604582768185717 0.23043780952868317 0 0.1908902331188788 0.5372713121878925 0.07333995044282847 
0.07221961052794054 0.0588366518226765 0.26419825190138946 0 0 0 0 0.009494750641418094 0 0 0 0 
0.1668484970740013 0.025930716902773855 0 0 0 0 0 0 0 0 0 0 
0.05110338871502794 0 0 0 0 0 0 0 0 0 0 0 
0.12870329912983314 0.08262035560598446 0 0 0 0 0 0 0 0 0 0.9124998917699347 
0.3570796243764759 0.30313076118149807 0.35926626630309516 0.3791267126339247 0.3758712859292179 0.3234182354669428 0.045891127523310954 0.09548262047158752 0.0497214029515053 0 0 0.4771644040471962 
0.4119490011612362 0.34580938450408694 0.38837066 0.38602118195581925 0.3694887991994671 0.2420215372632638 0.34236844736134864 0.14506170904610965 0.05757483017998679 0 0.19508515762794554 0 
0.37569940588531214 0.31483153010747433 0.38837066 0.3866364353566954 0.48849140788359324 0.25870054769729517 0.4325865195507692 0.2895289446506436 0.0727524277547863 0.11002427869914407 0.5554219208793335 0 
0.3119588383688946 0.25750781094894437 0.38837066 0.46011369297609106 0.33612601526044894 0.46401815443749517 0.5148812438991955 0.3607948890821856 0 0 0 0 
0.36684374869433456 0.33499942690661316 0.3909212936701608 0.15682628072960778 0.025695255383504877 0.016952137707464354 0 0 0 0 0 0 
0.42346503992397927 0.3854561872022822 0.27840257092319987 0.1304768716887596 0.11005211472338412 0 0 0 0 0 0 0 
0.4267542065060433 0.4384369053835613 0.3151251724769344 0.0020453980790458397 0 0 0 0 0 0 0 0.42262679363885025 

0.24732346602228755 0.36332703626726015 0 0 0 0 0 0 0 0 0 0 
0.5846413252916699 0.1327154638222378 0 0 0 0 0 0 0 0 0 0 
0 0 0 0 0 0.17771805330697893 0.13804727108377857 0.2854920347195367 0.6157759549335687 0.12537404376755398 0 0 
0.17087027779020839 0.03792007018392822 0.05040061296223178 0.09200803377806774 0.2506239033481773 0.32323898488920905 0.4979817118037546 0.7674419678007781 1.0154930295972104 1.0263179829948958 0.9145799049145902 0.7909975874521408 
0.3332626802748988 0.5109551806891416 0.6612947565377784 0.7984097696337324 0.7133144130605502 0.5575482602038517 0.6551609164126428 1.2187286254541507 1.361776849807837 0.7734662581010809 0.5561511505006693 0.19354270297846282 
0.4063700382600286 0.41466187388793424 0.4778877961900764 0.47237367246948314 0.45872560327921774 0.5434875306573922 1.0606647975183683 1.5886180366977622 1.1917919320349062 0.2324506204248563 0 0 
0.3513394387760469 0.3677733838433948 0.47508544 0.46844145718830477 0.4387730889719208 0.6849250320130138 1.3754825906017005 1.8763049361800097 1.114480035607794 0.41942792332600565 0 0 
0.3180138637505492 0.3546712242018209 0.47508544 0.4079010834145422 0.2729518287764592 0.45734457376894155 0.9974041319741489 0.9858864372996876 0 0 0 0 
0.4518763940948974 0.4809296926624555 0.47508544 0.3441224218894418 0.17261342806113902 0.05737352018100485 0.49457737077202935 0.23636792536620288 0 0 0 0 
0.4291767396115457 0.4461052276583928 0.4772433879469505 0.6290101622581155 0.21111295401747882 0 0 0 0 0 0.45308466014962756 0.7183348487240232 
0.3647744254629449 0.2889314012270832 0.41201536188753374 0.3312980937320196 0.17286237214235617 0 0 0.31005698093112327 0.5828036660636432 0.7085165598078094 1.8637131925364943 1.9906221494663252 
0.2589675056994187 0.11337594668644899 0 0 0 0 0 0.5211102710209672 0.49040966574876776 0.32955812211228247 0.9907229660056278 1.0658328958814 

0.7123184063189996 1.1247862804824995 2.153804372652064 2.163769124285426 0.9423612546402409 0.4579318160689694 0.43128442812665974 0.6750582147150543 1.1141533242593364 1.5016531687415775 1.1193704172295205 0.014306928647009363 
1.053710806730952 1.6616751120253825 0.9376754708833189 0 0 0 0.37242611689886396 0 0.12590674817799918 0.11275288325916669 0 0 
1.0741383006420084 0.3029978288634124 0 0 0 0.2538213566870919 0.2518618730491542 0.11335672830433752 0 0 0 0.02793992809921812 
0.21440318116427587 0 0 0.19523987239691148 0.30002584639628516 0.35534973601816483 0.3530137418045345 0.17856344147609785 0 0 0.09820160947054325 0.3397724654434879 
0.566819163012348 0.4528156061949531 0.2958191490541647 0.2027142536429445 0.23005762255611548 0.35915909260063117 0.5723741467576822 0.4698639866691119 0.16557595141507242 0.45884298956306546 0.9944191929218401 1.1193111274954817 
0.5610577565729974 0.5215075381504263 0.5965991022784727 0.5969990819039392 0.5685935964901047 0.6405484507669342 0.7585099648977786 0.7683926789239882 0.5482663584940114 0.721678398967913 1.2942519881430956 1.1915229358810004 
0.5766046598189695 0.4920749832634791 0.5987981 0.5960049484808602 0.6120248475876896 0.8153608518135557 0.9453309587856398 0.7528880705928891 0.5562410489963685 0.6167172064911475 0.4907931342832707 0.24361213073550533 
0.5608285566758022 0.5170104479581499 0.5987981 0.6568046297685647 0.7090448775422407 0.8117434972742616 0.8802427220519006 0.6664143022936708 0.6301490197398596 0.7064036325543632 0.21593689381506015 0 
0.5093071230722341 0.45750991246959904 0.5987981 0.7367289036431378 1.0679506509266516 1.1854751247161608 0.720562584162922 0.16980500721415986 0.1953915507618874 0.1437823740154146 0.40246232444528085 0 
0.5681049415312709 0.5370283083875198 0.598826850636992 0.8194551564289767 1.675806042935471 1.2805754637855233 0 0 0 0 0 0 
0.6026661451754964 0.5220843965833852 0.7318107837284568 1.3042977441564747 1.2043248323786646 0.12647192098337323 0 0 0 0 0 0 
0.6297702517351815 0.6468831394344376 0.9119850588237532 0.6933733973759107 0.005512097549831556 0 0 0.3464112944148639 0.4078126253706367 0.44255687741440963 0 0 

0 0.7326052830862335 0.36363822557516445 0.4768910919127569 0.77090093907577 1.0157665091532555 0.9797823436714375 0.8799354717915153 1.6599118424402692 1.7367392533748813 0.769290384222561 1.0968039973846795 
0.2728477689026223 0.08834364962529524 0 1.284226580245961 1.4030527836978657 1.0906651599252342 0.3188480692455854 0 0.25069767437209434 0.17603935639324864 0.5093480129327774 1.424831465578294 
0 0.05952846199873853 0.8505061101785863 0.9833741519734387 0.8273096394747114 0 0.11583083673177798 0.2565934029099428 0 0.10971327949288999 0.6530210063511236 0.14156533172897623 
0 0 0 0.08618308270162507 0 0 0.12513923758438864 0 0 0 0 0 
0 0 0 0 0 0 0 0 0 0 0.7885422106294294 0 
0 0 0 0 0 0 0 0 0 0 0.8493143914437615 0 
0 0 0 0 0 0 0 0 0 0.14644697110957944 0 0.6830822089387704 
0 0 0 0 0 0.1921847707533401 0 0 0.050655733586651944 0.8455122780594778 0.08200025078778737 0.5575391171183534 
0 0 0 0 0.6633790523383671 0.12563295133460117 0 0.14361311754378653 0.7395130116750621 1.0712599217103083 1.1214014598588404 0.06022369737637566 
0 0 0 0.328014739269181 0.44546554222783374 0.10192126185148791 0.8669936248058778 0.771832973697796 0.641479082490424 0.5515047923672391 0.5734291277847061 0 
0 0 0.2732893911955216 0.33231672335594237 0 0.20093660914088693 1.0286245997237589 0.5726738280822945 0.341100515230384 0.0674853042142556 0 0 
0 0 0 0 0.5604529125163112 1.0140564517677746 0.5913935813022574 0 0 0 0 0 

0 0 0 0 0 0 0 0 0 0 0 0 
0 0 0 0 0 0 0 0 0 0 0 0 
0 0 0 0 0 0 0 0 0 0 0.0692637693939782 0.08662354187133806 
0 0 0.02438973358568999 0 0 0 0 0 0 0 0.07320979631634553 0 
0 0 0 0 0 0 0 0 0 0.0007230109773354518 0 0 
0 0 0 0 0 0 0 0 0 0.18271092779729992 0 0 
0 0 0 0 0 0 0 0 0.09846861443145258 0.06259452419562793 0 0 
0 0 0 0 0 0 0 0 0.054393919307301794 0 0 0 
0 0 0 0 0 0 0 0 0.13504995340768133 0 0 0 
0 0 0 0 0 0 0 0 0.19257069210150543 0 0 0 
0 0 0 0 0 0 0 0 0 0 0 0 
0 0 0 0 0 0 0 0 0 0 0 0 

0.18847401606991482 0.2859923563606427 0.4804719814117755 0.18678314003061394 0.2531710221015017 0.1444097415843481 0.477884134365441 0.6452675904530298 0.19198768481687606 0.28230422263025723 0.48084753796686547 0.1523054637046554 
0.30189759526998844 0.3948523114994977 0 0 0 0.028498154119127934 0.1055618987484693 0 0 0 0 0.5580619936430944 
0.12925503606413216 0 0 0 0.3018358403420494 0.47464319892090046 0.5920349155039266 0.4369428963637859 0 0 0 0.20285006434253727 
0 0 0 0.21859133718054444 0.3085406074368674 0.42621092065493077 0.24319966042888208 0 0 0 0.017047623682208107 0.330380186908801 
0.15720953450881334 0.17185882822685916 0.31877787330495416 0.3856187605616709 0.3425180772130751 0.300099424261297 0 0 0 0.34663507011646016 0.22543358277581774 0.5770755598551152 
0.18376549327269798 0.2258961465877126 0.2133135049833298 0.21658024438474083 0.1798458482708562 0.0869190213971225 0 0 0 0.34925771019528645 0.2065570562468933 0.374017554180331 
0.2542369816606244 0.31624777378148816 0.22966208 0.22209826273115382 0.2200624356872096 0 0 0 0 0.6359839325101697 0 0.20073973253441435 
0.23463999789854434 0.29593297039297706 0.22966208 0.23221180083474124 0.31056114736317886 0.1331777048327588 0 0 0.14915832120257702 0.7558164441399925 0 0.48240028025058634 
0.27254810313631034 0.323009040749487 0.22966208 0.2800430914714615 0.3070840670812217 0.20970200561896918 0 0 0.1388507159713052 0.6300956755136454 0.08148730775006326 0.17820615442151816 
0.24578353471698045 0.27794731793443017 0.22816319608552263 0.23951546562506038 0.3968680263068501 0 0 0 0.18327605982320327 0.4458945203946452 0 0 
0.29697157282954634 0.41415061023823513 0.36521511150192565 0.5496875555715708 0 0 0 0.2031667879315859 0.4115374627158603 0.5127100007851934 0 0 
0.23416017157674116 0.2870087873441101 0.2944037414622882 0 0 0 0 0.18106745861804668 0.42134503242524485 0.33040985766902153 0 0 

0 0 0 0 0 0 0 0 0 0 0 0 
0 0 0 0 0.13422666870167393 0 0.009663773405120424 0 0 0 0 0.05804368410218799 
0 0 0 0.17320960525978304 0.11017467796861871 0 0 0 0 0 0 0 
0 0 0 0 0 0 0 0 0 0 0 0 
0 0 0 0 0 0 0 0 0 0 0 0 
0 0 0 0 0 0 0 0 0 0 0 0 
0 0 0 0 0 0 0 0 0 0 0 0 
0 0 0 0 0 0 0 0 0 0 0 0 
0 0 0 0 0 0 0 0 0 0 0 0 
0 0 0 0 0 0 0 0 0 0 0 0 
0 0 0 0 0 0 0 0 0 0 0 0 
0 0 0 0 0 0 0 0 0 0 0 0 

0.03215222430818156 0.3967297181922561 0.5743287452345911 0 0 0 0 0.01783853757264891 0 0 0 0 
0.27546940430479305 0.3172633165047388 0.06469094105977892 0 0 0.10524878125691745 0.2949992217288409 0.46051815771608895 1.1193685594707548 0.46954978619543764 0 0 
0.3442424209788422 0.39528874619827215 0.4227443810511576 0.1513552800510164 0 0 0 0 0.4804408319707419 0.871373935881719 0 0 
0.4975465713437706 0.47287735197715863 0.35612688109529866 0.10072202961225196 0 0 0 0 0 0.7387404649382338 0.14575801940286764 0 
0.14336490311340902 0 0 0 0.019454475937101742 0.053961633640099815 0.1243889370568619 0.06658934688554677 0 0.27487220962127473 0.5331792759952684 0 
0.06089807422519346 9.601178205077832e-05 0.044573885621913216 0.05914228845859318 0.08426314873391144 0.016137869004406134 0.46017930715549454 0.08662988619736174 0 0.18665473615544415 1.063030874282666 0 
0.00533834534357798 0 0.03621775 0.05054264979959854 0.054671499755444275 0.18706054446163706 0.5508874809148263 0.011723920800551273 0 0 0.643119632224293 0 
0 0 0.03621775 0.062358839385651677 0.06547311570345055 0.5251616929986955 0.5318437528418397 0.12673042649897054 0 0 0 0 
0 0.0009588318201318724 0.03621775 0.08998665544657268 0.35262574639606026 0.6706284382077072 0.20451786463948854 0 0 0 0 0 
0 0.008504094314754587 0.03165011284204724 0.3003578212352864 0.457369695437946 0.002460048103105626 0 0 0 0 0.48084072212241696 0 
0 0 0.15664469958868527 0.3625111992475847 0.12820226492948347 0 0 0 0 0 0.8790477599099966 0 
0 0.023012539010547874 0.29008041338615087 0.5888334453653972 0.784019822297793 0.12679566654351862 0 0 0.06754956913877912 0.008145596795742872 1.5292079990793987 0 

0 0 0 0 0 0 0 0 0 0 0 0 
0 0 0 0 0 0 0 0 0 0 0 0 
0 0 0 0 0 0 0 0 0 0 0 0 
0 0 0 0 0 0 0 0 0 0 0 0 
0 0 0 0 0 0 0 0 0 0 0 0 
0 0 0 0 0 0 0 0 0 0 0 0 
0 0 0 0 0 0 0.1623452698015944 0.021121763351542838 0 0 0 0 
0 0 0 0 0 0 0.28836424218590884 0 0 0 0 0 
0 0 0 0 0 0 0 0 0 0 0 0 
0 0 0 0 0 0 0 0 0 0 0.4585061347485319 0 
0 0 0 0 0 0 0 0 0 0 0.26361665662479883 0 
0 0 0 0 0 0 0 0 0 0 0 0 

0 0 0 0 0.4147547803035815 0 0 0 0 0.025408218637234997 0.09764900735858573 0.560932814272771 
0 0 0 1.193039707878422 1.1375329369480678 0.19723285802723095 0 0 0.038295580910624044 0.4703810794118879 0.9072063872433371 0.12866438698395033 
0 0 0.6960930837220236 0.7736733309842151 0.22845552931212043 0 0 0 0 0.09314587192103342 0.07832880043121022 0 
0 0.07001567169377498 0.007706119346810142 0 0 0 0 0 0 0 0 0 
0 0 0 0 0 0 0 0 0 0 0 0 
0 0 0 0 0 0 0 0 0 0 0 0 
0 0 0 0 0 0 0 0 0 0 0 0.3723575218781393 
0 0 0 0 0 0 0 0 0 0 0 0.11788432813657487 
0 0 0 0 0 0 0 0 0 0 0 0 
0 0 0 0 0 0 0.7837521484343698 0.39070713452661365 0 0 0.395498545766712 0 
0 0 0 0 0 0.828526198033249 1.065172765914753 0.016350492848932856 0 0 0 0 
0 0 0 0 0.367135884474695 1.0662129724260376 0.21213303299881173 0 0 0 0 0 

0 0 0 0 0 0 0 0 0 0 0 0 
0 0 0 0 0 0 0 0 0 0 0 0.02979079861447724 
0 0 0 0 0 0 0 0 0 0 0 0 
0 0 0 0 0 0 0 0 0 0 0 0 
0 0 0 0 0 0 0 0 0 0 0 0 
0 0 0 0 0 0 0 0 0 0 0 0 
0 0 0 0 0 0 0 0 0 0 0 0 
0 0 0 0 0 0 0 0 0 0 0 0 
0 0 0 0 0 0 0 0 0 0 0 0 
0 0 0 0 0 0 0 0 0 0 0 0 
0 0 0 0 0 0 0 0 0 0 0 0 
0 0 0 0 0 0 0 0 0 0 0 0 

0 0 0 0 0 0 0 0 0 0 0 0 
0 0 0 0.21761938222975954 0.11790031563993389 0 0 0 0 0.07916015679736851 0.10439133447720758 0.1376715196708101 
0 0 0.1339589857399208 0.06426667376356288 0 0 0 0 0 0.1206051868137436 0.08071686020073607 0 
0 0 0 0 0 0 0 0 0 0 0 0 
0 0 0 0 0 0 0 0 0 0 0 0 
0 0 0 0 0 0 0 0 0 0 0 0 
0 0 0 0 0 0 0 0 0 0 0 0.03644056911900276 
0 0 0 0 0 0 0 0 0 0 0 0.017662658395550188 
0 0 0 0 0 0 0 0 0 0 0 0 
0 0 0 0 0 0 0 0 0 0 0 0 
0 0 0 0 0 0 0 0 0 0 0 0 
0 0 0 0 0.118253601787187 0.19734307411040503 0 0 0 0 0 0 

0.44325090995057503 0.9133841800908741 1.1064856715048235 1.0722324629566706 0.7343971925005534 0.36749127064615783 0.21717855554376045 0.18349795573808692 0.5557519645541505 1.1242076803160486 0.9929218192852026 0.6601940844438974 
0.6816311527376266 0.9301675516721498 0.25859818119197464 0.2729522454026529 0.36803142012879697 0.5101663425646935 0.4182341941131752 0.18946225494456564 0 0.12820295716807095 0.43609791450239244 0.6599406618031657 
0.4025167663833338 0.03550493048788497 0 0.32021674236497255 0.6614152841233328 0.6005145117698852 0.2316212485739471 0 0 0 0.35632736567938716 0.7133051803053786 
0.27560273490197323 0.3134749864571076 0.3027799014085581 0.49306401279920326 0.44385305261436425 0.4319088957328888 0.2111379852667999 0.03519055111831651 0.009815352582100695 0 0.2767545422788627 0.3753572755386164 
0.4108346289900209 0.40191651088415004 0.2748737848339102 0.28969099150031813 0.26582740664959126 0.3438431034838008 0.26350882004313075 0 0.1376696185334857 0.15332385294606396 0.6573847849405792 0.7094091072584355 
0.36252757212349385 0.42460793749591685 0.3989270328595154 0.3908020217831148 0.38045945515250873 0.3684674713876099 0 0 0.33933021416490583 0.3598885374352162 0.7046760071221274 0.6799144626352349 
0.32997991158766377 0.4680717369799268 0.38830507 0.3849606889860404 0.3781984499697805 0.31832250086392294 0 0 0.6317826472321355 0.6348504019211243 0.12571839132088775 0.48993669359997083 
0.31988783601957643 0.47315694676276854 0.38830507 0.35804904124898324 0.25829849992805115 0.05222417218087861 0 0 0.44635143029561036 0.7109818508801042 0 0.669104494036269 
0.2680990668599632 0.4542984837319597 0.38830507 0.3525607016085177 0.5705217352017927 0.2828003400049673 0 0 0.15059822334527084 0.4148016757816866 0 0.6349298361778766 
0.3366773333331605 0.4338415719366006 0.38860718442405245 0.676066208715169 0.8294448219675967 0.15407282816795587 0 0 0.051605842045439373 0.3218657637779304 0 0.32289711884529204 
0.2701789494434644 0.38840298776932325 0.5655475820809375 1.0236813296181773 0.708746292190327 0 0.28402805101783357 0.04877582100305406 0.2456094340228856 0.23425780401904284 0 0 
0.3377765013786707 0.42553032405106767 0.39367864505989736 0.22613878620594988 0.037008968605667936 0 0.48817591105343044 0.41653073145792496 0.329203174462104 0.18731219192515877 0 0 

0 0 0 0 0 0 0 0 0 0 0 0 
0 0 0 0 0 0 0 0 0 0 0 0 
0 0 0 0 0 0 0 0 0 0 0 0 
0 0 0 0 0 0 0 0 0 0 0 0 
0 0 0 0 0 0 0 0 0 0 0 0 
0 0 0 0 0 0 0 0 0 0 0 0 
0 0 0 0 0 0 0 0 0 0 0 0 
0 0 0 0 0 0 0 0 0 0 0 0 
0 0 0 0 0 0 0 0 0 0 0 0 
0 0 0 0 0 0 0 0 0 0 0 0 
0 0 0 0 0 0 0 0 0 0 0 0 
0 0 0 0 0 0 0 0 0 0 0 0 

0.584383292110431 0.8335745781801801 1.0517069258593872 0.9257706520698822 0.511054922431614 0.2533590357011699 0.3735610739573101 0 0 0.3727395950696122 0.031338355029459024 0 
0.9008651580773567 0.8719037580401175 0.7199360371874135 0.28539243606192877 0.05437073263090131 0.10584659901283848 0.186607203971287 0 0 0 0 0 
0.5616606226188696 0.4775722142365837 0.2794241233279745 0.028567197143132328 0 0.021028599765378526 0.42676331776219373 0.41043125879025766 0 0 0.051651367183701655 0.07365069013109907 
0.4276312166218774 0.235923792271149 0.28155139500117976 0.4137518164333985 0.5696167065719296 0.6024723763675274 0.4936366004552414 0.14746075809754597 0.005502470540121052 0 0.14495094732986577 0.5046528521959909 
0.39851325793413694 0.2936839605435261 0.4403817048366238 0.5341989650718422 0.614105188355019 0.572898730057597 0.1428950164220289 0 0.22453370089719835 0 0.4279151997172993 0.562206838549326 
0.4508778615554482 0.3717001668805081 0.4461862203326669 0.45806979395757835 0.46453196507654254 0.28921446002239604 0 0 0 0 0.4910708652411735 0.7780449715458052 
0.41595641824606755 0.26926732892741195 0.45829785 0.4565132184825903 0.47909317071435686 0.26298344477597285 0 0 0 0 0.1784882367422957 0.22273437807646643 
0.48411238545538743 0.4003614129824533 0.45829785 0.5532052397489371 0.5775490430521961 0 0 0 0 0 0.02336350978762669 0 
0.507761808321859 0.44862050555725463 0.45829785 0.568256231881965 0.7818364638934352 0.29188424709917327 0 0 0 0 0 0 
0.4884028124924411 0.44525518866130326 0.456871729383101 0.4951675391878497 0.7791555846160934 0.7980913612275405 0.07280209118622558 0 0.020230388194483362 0 0 0.8466389381908864 
0.5056634819259969 0.3519471496162214 0.4327311456172389 0.3642613871260234 0.4629317575696109 0.5227182261416715 0 0 0.49741270667177934 0.5627062646522829 0 0.6187440963782275 
0.5163714415101853 0.5192891557047923 0.4521931614631045 0.44719139339632225 0.20095220071494438 0.1751368375993569 0.0815303871477226 0.24992276242008638 0.4952854162776436 0.5790163565417479 0 0.33162300726860033 

0.466878242084335 0.22892422208577085 0.6180534576771117 0 0 0 0 0.5319525941212313 0.5246853613341182 0 0 0 
0.3788695044242673 0.5627127640172541 0.3770995559026889 0 0 0 0.5666061573772522 0.37825491973425707 0.6334703694261385 0.4061830336472371 0 0 
0.7061231794685071 0.6355128741488761 0 0 0 0.6319630402092518 0.4528511705579157 0 0.20578846256841682 0.29486703347932414 0 0 
0.49533293249426347 0.6074870013302773 0.586811611670404 0.229340234500185 0.17363048374205498 0.07619250592378793 0.2654331271713508 0.18655824948514807 0.5303053650167057 0.49790940927587385 0.5033280055923193 0.1301777081188506 
0.480699876601608 0.6652244247803383 0.5089407738638265 0.34602999843316123 0.2595178232590223 0.2840355880710473 0.6156733609040635 0.6280192837827409 0.5890005324766713 0.4242328018301133 0.588918740386686 0 
0.43559936273702615 0.4744990364892727 0.5206809957023262 0.5098691003320592 0.49910187217683305 0.5794607639319499 0.8977881761587432 0.9149453752437278 0.976707909906494 0.6142079150150489 0.972065931929865 0 
0.40438451512151485 0.45199032910673403 0.49750188 0.5063940454840747 0.5093584623243183 0.607205714654145 1.0007628671882018 1.176373127396584 0.8989077475642865 0.6089177548139395 1.0012738902106078 0 
0.428289149953868 0.28364153799848835 0.49750188 0.5478327967807202 0.526078981673425 0.7394195418611615 1.102518106077751 1.1783586468636569 0.45423233432331567 0.2860430497256927 0.18164068345222628 0 
0.4225759205478138 0.2760501076023892 0.49750188 0.6293279451712172 0.6719276465376112 0.2979261607176231 0.44663214353979785 0.9053335893273328 0.1213567747729496 0 0.06706890349053551 0 
0.45359592154240336 0.3599941564888709 0.4967951720593018 0.7240523327025169 0.9821443158752922 0 0 0.4679604603527275 0 0 0.3991417916686473 0 
0.436404750800741 0.395640199877941 0.4585610629564019 0.6078627645665076 0.6562973636429673 0 0 0.44386523080004187 0.17302918913569088 0 0.49922803368024826 0.40921801145195474 
0.5189903357566665 0.33210000772076065 0.6761245943697869 0.5333370766322889 0.03015018499153218 0 0.22759879195850902 0.5696744480693646 0.41678717646056723 0.357221702063979 0.35362768903099673 0.6540251509551361 

0 0 0.10074824771131624 0.013458342443359028 0 0 0 0.29696141864543313 0.3588902421119712 0.3469784854217812 0.2554023375751434 0 
0 0.18175918006218011 0.9225195746406669 0.8907381989939831 0.681098448733983 0.5365937325476604 0.1971858663087675 0.6005592357722783 1.0727060870886598 1.4439954086937392 1.2387206912895188 0.02094854388353118 
0 0.46369567742487683 0.6623867613531669 0.7509180804658313 0.0768087545465019 0.0017882971492179794 0 0 0.7084580871311668 0.9037123008398773 0 0 
0 0.2067578621080123 0 0 0 0 0 0 0.04686621266166913 0.05001774002211733 0 0 
0 0 0 0 0 0 0 0 0 0 0 0 
0 0 0 0 0 0 0 0 0 0 0 0 
0 0 0 0 0 0 0 0.42825227502185875 0.4485274171207761 0 0.9105145783676268 0 
0 0 0 0 0 0 0.5573717685731461 0.7954893894332746 0.4607360154136954 0.21447594769320083 0.8577551462156023 0 
0 0 0 0 0 0.10718307684633249 0.8239913042337564 0.8612344431666955 0.28737197399556375 0.569258976262293 0.5267016788002485 0 
0 0 0 0 0 0.16049394414029156 0.5900295706277524 0.3571330558517517 0 0.10353030016959927 0.18377747386297155 0 
0 0 0 0 0.8732631681568264 0.5831903630741219 0.4344766248135477 0 0 0 0.24871546804272518 0 
0 0 0 0 0.25357393304789955 0.10865671186711465 0 0 0 0 0 0 

0 0 0 0 0.25598186510481 0.20285382319761344 0 0 0 0 0 0.28806323349612517 
0 0 0 0 0 0 0 0 0 0 0 0 
0 0 0 0 0 0 0 0 0 0 0 0 
0 0 0 0 0 0 0 0 0 0 0 0 
0 0 0 0 0 0 0 0 0 0 0 0 
0 0 0 0 0 0 0 0 0.2425942524580137 0 0 0 
0 0 0 0 0 0 0 0 0.0024682094293443785 0 0 0 
0 0 0 0 0 0 0 0 0 0 0 0 
0 0 0 0 0 0 0 0 0 0 0 0 
0 0 0 0 0 0 0.34737845787418187 0 0 0 0 0 
0 0 0 0 0 0 0.02505067597727023 0 0 0 0 0 
0 0 0 0 0 0 0 0 0 0 0 0 

0.19956724569833706 0.11315298962767034 0.5580653869228749 0 0 0 0 0.06489785357285185 0 0 0 0 
0.2865426422401321 0.3682873334106306 0.2609689388663723 0 0 0 0 0.036134184012348636 0.2515860784896068 0 0 0 
0.36203459373799235 0.14587917880481704 0 0 0 0.03856519563130905 0.31880839176315123 0.282303298160269 0 0 0 0 
0.017086248287533478 0 0.02133637860060192 0.08733220632974589 0.24796315407789093 0.18726780517069028 0.19623030778987302 0.0007125730860007805 0 0 0 0.1336481865238852 
0.09150227887774161 0.10423675835398033 0.18674298409930395 0.17537498983502892 0.1923374659908722 0.08032178077279453 0.1702083919944898 0 0 0 0.14733568458585633 0 
0.09299396690238919 0.07033033787634466 0.11960720617767294 0.12802211341433808 0.12121027785204666 0.1093727104239137 0.23805862376254722 0 0 0 0.7594350539880845 0 
0.10829096742572089 0.0649131481036033 0.12052306 0.12695016924268807 0.12919578448489338 0.14536232742615054 0 0 0 0 0.5752629238092636 0 
0.1638038994380428 0.09836424074511256 0.12052306 0.14902011649129374 0.14494278320527404 0.12398262636400639 0 0 0 0 0.0318293970470791 0 
0.18433139729048573 0.071025687355164 0.12052306 0.0876111419765121 0.15090846279919165 0.1946261510730507 0 0 0 0 0.015949740277312704 0 
0.15418236980492062 0.0964573625445013 0.11845984109256924 0.11050132097537178 0.5336069246213321 0.28785744346196407 0 0 0.07108239609028366 0 0 0 
0.16146941953279292 0.06918419965088415 0.12633301075343406 0.32941502956852897 0.1960275335187618 0 0 0 0.2935514794095742 0.3139425073413728 0.022497480192619577 0 
0.1304060293235403 0.07676323714797446 0.3822159309580768 0.5716681779918876 0.0288824367444896 0 0 0.15409475359177519 0.22476714215710603 0.21279400212867117 0 0 

0 0 0 0 0 0 0 0 0 0 0 0 
0 0 0 0 0 0.04887080975182859 0.0645232824836437 0 0 0 0 0 
0 0 0 0 0 0 0 0 0 0 0 0 
0 0 0 0 0 0 0 0 0 0 0 0 
0 0 0 0 0 0 0 0 0 0 0 0 
0 0 0 0 0 0 0 0 0 0 0 0 
0 0 0 0 0 0 0 0 0 0 0 0 
0 0 0 0 0 0 0 0 0 0 0 0 
0 0 0 0 0 0 0 0 0 0 0.0019044077852802266 0 
0 0 0 0 0 0 0 0 0 0.11616412412643588 0.07526822256912563 0 
0 0 0 0 0 0 0 0 0 0 0 0 
0 0 0 0 0 0 0 0 0 0 0 0 

0 0 0 0 0 0 0 0 0 0 0 0 
0 0 0 0 0 0 0 0 0 0 0 0 
0 0 0 0 0 0 0 0 0 0 0 0 
0 0 0 0 0 0 0 0 0 0 0 0 
0 0 0 0 0 0 0 0 0 0 0 0 
0 0 0 0 0 0 0 0 0 0 0 0 
0 0 0 0 0 0 0 0 0 0 0 0 
0 0 0 0 0 0 0 0 0 0 0 0 
0 0 0 0 0 0 0 0 0 0 0 0 
0 0 0 0 0 0 0 0 0 0 0 0 
0 0 0 0 0 0 0 0 0 0 0 0 
0 0 0 0 0 0 0 0 0 0 0 0 

0 0 0 0 0 0 0 0 0 0 0 0 
0 0 0 0 0 0 0 0 0 0 0 0 
0 0 0 0 0 0 0 0 0 0 0 0 
0 0 0 0 0 0 0 0 0 0 0 0 
0 0 0 0 0 0 0 0 0 0 0 0 
0 0 0 0 0 0 0 0 0 0 0 0 
0 0 0 0 0 0 0 0 0 0 0 0 
0 0 0 0 0 0 0 0 0 0 0 0 
0 0 0 0 0 0 0 0 0 0 0 0 
0 0 0 0 0 0 0 0 0 0 0 0 
0 0 0 0 0 0 0 0 0 0 0 0 
0 0 0 0 0 0 0 0 0 0 0 0 

