1.3626742763392485 1.2432569018832798 1.203463017617267 0.9948122209078204 0.4858385417062346 0.3976335921178677 0.21591182164411238 0.4997332041954706 1.0828457081099467 0.8973254174777325 0.42239531347106274 0.6440016719536468 
1.5550018423792733 1.312353285203339 1.4723129724149109 1.9273184550475355 1.896527664073233 0.5072939733507745 0 0 0.5271035828927576 1.2929795333380654 1.7254617503564706 1.5557871109747343 
1.3985918384369147 0.631157367973868 0.7320560777637841 1.5876845578686032 1.1259218342926087 0.7624439557898134 0.5434793502558671 0 0 0.04352496677072242 0.8033490686480284 1.5556401208304542 
1.7563995773950662 0.722899813759635 1.0235514577462093 1.5072572368205475 1.4182639173408507 0.9547912771873196 0.5035765852684426 0.7364200143623458 0.2747737448915002 0 0 1.3701355462180829 
1.921610573424784 1.0590086364783833 1.0403929876133315 1.7746196150235183 1.7889809498851488 0.6816753026575766 0.5682627424408262 1.7327632120383567 1.2448049963637193 0.41175747970561793 0.06854986351611034 0.8172648210740099 
1.8363366575199975 1.2865601551498091 1.2767995073883136 2.0682900650834157 0.8921541295416826 0 0 0.6520042874753328 0.8940550554051684 1.7160817877213905 1.297145321662273 0.046284594266474674 
1.1564577272397483 0.16448020637666766 0.8456274661648664 1.561689557969656 1.6854727050692948 0.9396406539418832 0.4989245422315186 0.5263413542245484 0.1814536268160157 0.30538326488716133 0.7373253507806948 0 
2.25158349408126 0.3795443006122813 0.5635613108009094 1.3348850837993222 2.175612780442924 2.5004451158903422 1.988439964454917 2.041849811645233 1.8309039282273538 0.8397242558745093 0.7238545170369509 0.34789727142288956 
2.5440644199494495 0.4127412369291915 1.1299440214667094 1.0618514288927006 1.121936361870687 0.6283547889624074 0.6213804608862524 0.9573496252992822 1.8191431109661578 0.8035331987017748 0.7636953491603445 1.0047808063120225 
1.9081213963172703 0 1.0147323752843307 1.8751654202684127 1.715259765486639 1.2680604500714276 1.279932755384468 1.5319522531932683 1.620042986051016 0.6839222359523486 0.7125408246094096 0.8030760274709233 
2.0244806769432735 0.7546183693496938 1.0749740098109415 1.1347357010116998 1.2906541575521433 1.3723251655729987 1.2538324075681482 1.4846473226277759 1.6798522218365126 1.2434618947661484 1.047835982440801 0.7761310202897779 
2.0233416126947255 1.544076976007997 1.1391540762636447 1.080148790959542 1.3423520761236394 1.4555159273258904 1.3431344658262123 1.2557912403930425 1.526969784925933 1.8193649901755755 1.4693883193369648 1.123121937660042 

0.6659736418426592 0.6506384517485188 0.7447956148453765 0.5993288409379783 0.33013495094149775 0.2573362946548276 0.1590978185378652 0.15684864169338733 0.6744541961944779 0.8337702961667914 0.786447157834992 0.5661561169893821 
0.2986431089633631 0.10408897942867756 0.0063488661058204235 0 0 0 0 0 0 0 0 0.03533476999110612 
0.1554232293659261 0.22480526306951976 0.09041802627466203 0 0 0 0 0 0 0 0 0.3217765099432982 
0 0 0 0 0 0 0 0 0 0 0.03322739614527598 0.3839297389468851 
0 0 0 0 0 0 0 0 0 0 0 0.15221651710352074 
0 0 0 0 0 0 0 0 0 0 0 0 
0.22208633135189423 0 0 0 0 0 0 0 0 0 0 0 
0 0 0 0 0 0 0 0 0 0 0 0 
0 0 0 0 0 0.30256667008499566 0.36806201557271695 0.08647387724994803 0 0 0 0 
0 0 0 0 0 0 0 0 0 0 0 0 
0 0 0 0 0 0 0 0 0 0 0 0 
0 0 0 0.11723117051620816 0 0 0.008533676181494504 0.09605183903418862 0.002763499557975252 0 0 0.26740090560601043 

0 0 0.09610252071652642 0.020428161298024272 0 0 0 0 0 0 0.16383410106462928 0.1463983263506531 
0 0 0 0 0.2815679267410707 0 0 0 0 0.10686413670893766 0.3418593819704384 0.17418120133928688 
0.10800244213048049 0 0 0 0 0 0 0 0 0 0 0 
0 0 0 0 0 0 0 0.05528860507679473 0 0.08881487462225161 0 0 
0.03368889923546607 0 0 0 0 0.3935744889437194 0 0 0.14193374257286584 0.29365934796542087 0.04402023062628209 0.14765245469959992 
0.02872335408058667 0.07861451402476363 0 0.3397411063043956 0.033475000529102156 0.7253687313159191 0 0 0.17115663003347964 0.1451798409134781 0.3170898590254558 0 
0.26652002033906597 0.13892297351836397 0.4591681226492296 0.34459087097275565 0.3946582379923051 0.06823234912001108 0.0965274511676333 0.14821110463890566 0 0.28323346961647833 0.22809209491261856 0.07265283942441657 
0.7949458499307678 1.1041126911757688 0.6810270979834692 0.00705664466046628 0 0 0 0 0.3272071091924201 0.3830469658266631 0.6810623564545373 0.19881533352494893 
0.8246785314632674 0.5950817741557011 0.7007077199051143 0.1599747617298978 0.2991171475297385 0.2046677168162505 0.21923884404140104 0.06832481976505561 0.5001815281382107 0.523785700517522 0.610498262906817 0 
0.2375600919000728 0.18416300082656523 0.2008311790673225 0.2541376947738987 0.23218299479189974 0.06239161836194389 0.10308463618591121 0.2620666268056689 0.48625882664670617 0.7515733498731616 0.1943362729859823 0.07234575257622355 
0.08105719528219646 0 0 0.0015566547108117473 0 0 0 0 0.13145002397370353 0 0 0 
0.28994023672008296 0.13894712099019274 0 0 0 0 0 0 0 0 0 0 

0.17570870941918756 0.4889560329902831 0.40638433585146944 0.7036989962834977 0.06701182673457962 0.05681816401221351 0.24678004595640454 0.6346849427477887 0.46269542118947915 0.9190635402058008 0.9513755524622745 0.7859070753872563 
0 0 0 0 0 0 0 0.3570345469437629 0 0 0 0.09561229891742526 
0 0.13392906673424526 0.3030237768961749 0 0 0 0 0 0 0.2835463547349458 0.20488050977632075 0.3106574067843105 
0 0 0 0 0 0 0 0 0 1.2640738334032429 1.084393711364914 0.4008701738551696 
0 0 0 0 0 0 0 0 0 0 0.2542040541038952 0.4388098246043867 
0 0.818992016383884 0.3874635035594586 0 0 0 0 0 0 0 0 1.3335241749503675 
1.3973071578195362 2.230792374414293 0.7370825882776767 0 0 0 0 0 0.57371668745692 0.6037917452556281 0.14841941185489016 1.1756644684920703 
0 0.21764387529519214 0 0 0 0 0 0 0 0.39440290028887315 0 0.2582107618330687 
0 0 0 0.05931264016661849 1.2316833586497071 1.0925207136367565 1.1772611803126538 0.5489838445636085 0.01997077077048498 0 0 0.14994645897701522 
0 0 0 0 0 0 0 0 0 0 0 0.3911283876395133 
0 0 0 0 0 0 0 0 0 0 0 0 
0 0 0 0 0 0 0 0 0 0 0 0 

0.9105266630424986 1.0046466018641416 0.9956638677350476 1.2616665012173305 1.41347978694391 1.6952892584570642 1.5653734402538821 1.2632869352838747 1.062112399119948 1.2174211110124913 1.5725370867220851 1.3836246085175528 
1.1765652282408834 1.013223562244754 0.6428925042258221 0.6258693126908506 0.48272830664018285 0.945253718081517 1.0574692500657685 0.9482683553955006 0.6712123424236066 0.4559085818670702 0.2640655070165821 0.3807310950978125 
1.3939432539469376 1.053460034074256 0.7068281258750413 0.7720004427246421 1.2514500075278163 0.45480746088298163 0.21234562043859753 0.1029833943609349 0.3112869297691543 1.1252361299038036 0.9666693580519502 0.9391075696336129 
1.1299326474430285 0.5818142857649873 0.4295941295535109 0.0780092211445987 0.638429208420454 0 0 0 0.13070279067211615 1.6468967019757395 0.778200558920832 0.8448077455630757 
0.8341272097903908 0.3018713457572597 0.31556791768356796 0.11449009139914465 0.7114255079052607 0 0 0 0 0 0 1.4185751181172337 
1.298271430936801 0.8057017207442878 0.4499484556446327 0.8772168330352473 0.9687132557524288 0.030932908435143097 0.015520899804594313 0.1709130463323779 0 0 0.018864736306722328 1.266575212560001 
1.8084958301828398 1.607954556307448 1.440609151244477 0.9444289613206905 0 0 0 0 0.3494331308117132 1.2158354803657636 1.3834600744349073 0.9207205389540816 
1.635077894098426 0.08358318550129094 0.33612361427639054 0.2307462480357198 0 0 0 0 0.33756657240785476 0.35211340165290295 0.368352337037617 0 
1.49618573021479 0 0 0.11981186131021303 0.8525338209807246 1.0380193250837604 1.1415470123459814 0.8101577739649495 1.1796917092921702 0.4613646457162851 0 0.372842612932584 
1.2013272430745776 0 0.15630481851315972 0.12613735202195914 0.20497530960965732 0.4166319423993618 0.46642094844131526 0.1869844042447772 0.49333052151670975 0.2995242825951492 0.1596333010253146 0.9019965790572659 
0.9851027452290199 0.15934363976650062 0.7091776750698973 0.7028949422994138 0.44529495926780904 0.4687702009871423 0.49568062924072165 0.30822648913002 0.30967240699798054 0.07477197739579478 0.47455791386181506 0.4523599866552368 
0.6868760815133395 0.10674169250258209 0.05863424839435355 0.10588924129307589 0.24588853866147306 0.345268262427082 0.3377160647269425 0.38405203451057435 0.36788732607330377 0.31562985497978147 0.015689244491805678 0.17007730505967364 

0 0 0 0 0 0.2636566524345645 0 0 0 0 0 0 
0 0 0 0.09991520483523142 0.737304627952154 0.9014422856981195 0.2764984663046883 0 0 0 0 0 
0.3743451250736065 0 0 0.28828586801130573 0.44889420124758483 0 0.4144316550460561 0 0 0 0 0 
0.0723307447512354 0 0 0 0 0 0 0 0 0 0 0 
0 0 0 0 0 0 0 0 0 0 0 0 
0.04190930133840813 0 0.5148519392978259 0.5894193598696896 0.7168632397478814 0.3992263240094156 0.04733502061483838 0 0 0 0 0 
0 0 0 0.2501519697759685 0 0 0 0 0 0.08694962925837768 0.08193442217120679 0 
0 0 0 0 0 0 0 0 0 0.08664355376062877 0.030229647012199122 0 
0.6117049232878269 0 0 0 0 0 0 0 0 0 0 0 
0 0 0 0 0 0 0 0 0 0 0 0 
0 0 0 0.030104716996145295 0.15123574382619873 0.14204165842583413 0.010198081578998236 0 0 0 0 0 
0.23973851476240726 0.190028387843245 0 0 0 0 0 0 0 0 0 0 

0.3381422817641437 0.35792144642078755 0.4318494231337133 0.38228678850587416 0.2790879800570514 0 0.013623898361099507 0.5236203000452011 0.07036286642407766 0 0 0.03196601314828638 
0.23122596822167346 0.1614283532959624 0.43927747420289753 0.37515537426107004 0.439145570542488 0.523797883564589 0.5207943607838946 0.3255715077103871 0.2912946153682015 0 0 0.1256719372770496 
0.5117901879622689 0.06445195816657495 0.5994930763191613 0.7041149675062903 0 0 0.09516913190670712 0 0 0 0 0.013831922421650631 
0.22871193222899805 0 0.6904534202632107 0.425965535912745 0.04489335017943104 0 0 0 0 0 0 0 
0.038447352187410196 0.03570723806698718 0.729535957284323 0 0 0 0 0.39436604940602005 0 0 0 0 
0 0 0 0 0 0.6011681722446818 0.45162612622618786 0 0 0 0 0.021308607159351192 
0 0 0 0 0.043784707045744 0.85452280455972 0.48853986012953776 0.25055550189110043 0.06448771342063192 0.28992407471081244 0 0 
0 0.22308828031443528 0 0 0 0 0 0.2260739631775614 0 0.1255251271436809 0 0.01873926844617358 
0 0.22511779565059642 0 0 0 0.0679595249285721 0.08646123682994408 0 0 0 0 0 
0 0.3541167016703284 0 0 0 0.32602845851371903 0.2674814711751393 0.4790868534406272 0.19522365356687188 0.3187674684761077 0.42669945474328386 0 
0.25834088215904744 0.6313051597127606 0.6634152194769731 0.7456355749692047 0.9694205873515638 0.8270441523756641 0.7264955573740118 0.7509316560465822 0.8649460962607218 0.96072655938255 0.4920616651723554 0.4302736009040158 
0.6785286395798723 0.8901552080094233 0.8500851823693518 0.6645645983641923 0.6221495081094837 0.558334481770687 0.566024921997201 0.6220330893179402 0.5326012856074956 0.36088409050779285 0.4798323669758442 0.4083780658036835 

1.9486607869792218 1.8611115150666624 1.7647839816248319 1.5632265882102154 1.3153925654807264 0.8731486889133488 1.270270393749771 1.7837878422245586 1.7900860742370763 1.889338379313849 1.9489490572950976 1.921946928471793 
1.5723938145155683 1.6322286208607415 1.8930667393801577 1.1660304946165814 0.9924122004986182 1.289091755694345 0.9870025400069222 0.8528230951495872 1.8343286135961243 1.9409564253120897 2.0007310907595777 2.047033193325903 
1.6158701138639229 1.6226856418787645 1.4186022097390167 0.8521533936884838 0.1262465102925447 0 1.4451713610559505 1.2885078535732744 0.964506002744956 1.4853222536428583 2.052184779674429 2.0466750270293157 
0.998083148982833 1.7393576039792775 1.7882976641365784 0 0 0.9557222541648344 0.783365781835714 1.1800839278609803 1.3650390722354957 1.524075045993008 1.76060598935087 1.9990161529651067 
1.3732929389792907 1.8481653634219286 1.1064615114948197 0 0 0.5447581555443659 0.16335829597391205 0.6346334744622598 0.8745547221021734 1.2560087393355426 1.7413098026724743 1.8875718754385171 
1.1783085680105625 2.011086413325943 1.3205574732122853 1.1003126114477366 0.2897036232293413 0.3241123639661971 0.8695961998320441 0.34801198553348367 0.35820014398486594 1.128188196533657 1.542996209939934 1.8608352100615146 
0.9601388403328246 1.2501889000681712 1.0305697652248555 1.5736322000745542 1.2092501650679097 1.4089452989400841 1.53897030706317 1.1369725920287537 1.0559201551069146 1.123783022955393 1.2356914349688155 1.6693894463043037 
0.9531255035081749 1.381037890715175 0.764683251164404 0.6432178699508417 1.2699433396707291 1.14691602266735 1.1649902005059245 1.3593356791183406 1.3088138902192958 1.135361960537122 1.3815207418742266 2.0958984514286105 
1.3331057164267133 0.9481128747075932 0.7174454940010175 1.6944983860086495 1.8012275251674854 1.7251478756645935 1.6681676613151306 1.2482958179768762 1.2025477887528484 0.65304326568674 1.2122738637340171 2.1060288572960313 
1.0772734347759634 1.1357380741588432 0.8628488384958675 1.1306459587971311 1.5189278391759342 1.394479751393304 1.4465330182575706 1.6155226987310143 1.2759626903873609 1.0385102233638273 1.6450005047876335 1.694072870124025 
0.6935285224774544 1.144826955462169 1.3963898469682516 1.7299478869487783 1.6833837268265048 1.5993358480285098 1.583749360232711 1.5069504347109282 1.1393517902573276 1.3875973732524334 1.6494031113725567 1.86529377735237 
1.973868766372249 2.3164445025948845 2.0215013963188904 1.8374650132885775 1.8471685651934968 1.9934479793186552 2.1407238935050876 2.105531665073564 1.9155608471197454 1.7793579543914075 1.9049758537837966 2.1918119437300545 

0 0 0 0 0 0 0 0 0 0 0 0 
0 0 0 0 0 0 0 0 0 0 0 0 
0 0 0 0 0 0 0 0 0 0 0 0 
0 0 0 0 0 0 0 0 0 0 0 0 
0 0 0 0 0 0 0 0 0 0 0 0 
0 0 0 1.1709900496995436 0 0 0 0 0 0 0 0 
0 0 0 0 0 0 0 0 0 0 0.1795313745221148 0 
0 0 0 0 0 0 0 0 0 0 0 0 
0 0 0 0 0 0 0 0 0 0 0 0 
0 0 0 0 0 0 0 0 0 0 0 0 
0 0 0 0 0 0 0 0 0 0 0 0 
0 0 0 0 0 0 0 0 0 0 0 0 

0.527904663656005 0.33642857713388 0.3130972264096113 0.023789481683719527 0 0 0 0 0.2807669671883272 0 0 0.10568110318567142 
0.04645780175541617 0.060066533788321545 0.1653345899657853 0 0 0 0 0 0 0 0 0 
0 0 0 0.12150341718410529 0 0 0 0 0 0 0 0.024461764919076937 
0.03811604530290141 0 0 0.7287320579387144 0 0 0 0 0 0 0 0.1946035287231417 
0.4309733873060551 0 0 0.22173045035495986 0 0 0 0 0 0 0 0 
0.30081892779908065 0.3679834140111694 0.6404073454863622 0.10432013385241568 0 0 0 0 0 0 0 0 
0 0 0.19144402757662454 0.23814557674575793 0 0 0 0 0 0 0 0 
0 0 0 0 0 0 0 0 0 0 0 0 
0 0 0 0 0 0.02517357838890035 0 0.36676602972134903 0 0 0 0 
0 0 0 0 0 0 0 0 0 0 0 0 
0 0 0 0 0 0 0 0 0 0 0 0 
0.5555703808340287 0 0 0 0.09773782402761187 0.172175961446635 0.006549409817050704 0.06097097016738923 0.3170457280074062 0.22734242945868188 0 0 

0.2552032219106075 0.21155391844048302 0.09006965215508195 0.009914223547519549 0 0.6774173723171436 0.6166358762146397 0.5962000848605452 0.4098115514824619 0.0637669453164371 0 0 
0.5936610989323142 0.35488644443631934 0.12804741820162588 0 0.14100241983474632 0 0.1920911762417255 0.6909260691624409 0.3120852897760735 0 0 0 
0.8984130211655345 0.7228666031706832 0.12729116325363415 0.3484296334143835 0.3271523696023196 0 0 0 0 0.8542456592949993 0.06469631322626884 0.14316681577673368 
0 0 0 0 0 0 0 0 0 0.09319882708663792 0.0071504564333644835 0.4479495434295432 
0 0 0 0 0 0 0 0 0 0 0 0.8025167464158863 
0 0 0.22877474333341088 0.4460743442929336 0 0 0.1654998885528115 0 0 0 0 0.6530556997547281 
0 0 0.6726636575978566 0 0 0 0 0 0 0.3054011747607174 0.41024217954238323 0 
0 0 0 0 0 0 0 0 0 0 0 0 
0 0 0 0 0 0.20986084724741016 0.340837095909904 0.004613795945853409 0 0 0 0 
0 0 0 0 0 0 0 0 0 0 0 0 
0 0 0 0 0 0.10473879555029793 0 0 0 0 0 0 
0.20542168789169618 0.09426784539161245 0.05648186165618743 0.16782818079429618 0.05906263100170517 0.027080901066450336 0.04614680106205188 0.1946137461334671 0.3039220584873109 0 0 0 

0.20366508983217563 0.011713521665404417 0 0 0 0 0 0 0 0 0 0 
0.22929625645171672 0.17479430210451546 0.20490100029110955 0 0 0 0 0 0 0.19726492518300426 0.43338147200829286 0.2894619208562833 
0 0 0 0 0 0 0 0 0 0.38850726564530763 0.6508512473213753 0.4554920866677541 
0 0 0 0 0 0 0 0 0 0 0 0.3722277878376727 
0 0 0 0 0 0 0 0 0 0 0 0 
0.7687725286805532 1.0131012360324108 0.5359727237150962 0 0 0 0 0 0 0.4622543584590143 0 0 
0 0 0 0 0 0 0 0 0 0 0 0 
0 0 0 0 0.8997422424721596 1.0714487891030067 1.1510403114731218 0.7746037212992885 0 0 0 0 
0 0 0.0675857027086105 0 0 0 0 0 0 0 0 0.2840760392694664 
0 0 0.2879105050341119 0 0 0 0 0 0 0 0 0 
0 0 0 0 0 0 0 0 0 0 0 0 
0 0 0 0 0 0 0 0 0 0 0 0.03154076918830262 

0.7678722875092078 0.8404121713946302 1.0462344920470747 1.1023924217459413 1.1373776955492678 1.1317255588965918 0.2556547217350441 0.6018848540063699 1.0857514322030177 0.8600516163792009 0.11630999428063396 0.02281274805187254 
0.7987946028753925 0.2544809014485235 0 0.9508827512560549 1.3417609351389894 0.6289080323239663 0.6003222066702824 0.12362597183707077 0 0 0 0.24865683364272878 
1.5167707082359316 0.48298318920419453 0.8695161138480616 1.7810454787710943 1.1577972135147334 0.451771689958937 0.11648285429503136 0 0.7517921630669926 0.0640610376905392 0 0.46322575456939186 
1.064576272211305 0 0.1512356711008446 0.9199509195043576 1.2125230091060972 0 0 0 0.9810050100248382 0 0 0.580684276466081 
0.6901734345952688 0 0.29433865969586104 0.9879406029909992 0.14140129882495156 0 0 0 0 0 0 0.6072043860213175 
1.3451391704748372 1.198570024673064 2.42080246172691 1.2588763933286264 0 0.061609752721098726 0.28414889929177367 0 0 0 1.2545803431873874 0.48117910529864694 
2.649256092881591 1.711652856802534 0.9253730216187284 0 0 0 0 0 1.0230875078341333 1.5829179963301159 0.3815262869401848 0 
0.931031378934286 0 0 0 0 0 0 0 1.0042149809480165 0.10500218805029818 0 0 
0.2462601354415692 0 0 0.3484604092886765 0.8949883753130541 1.200184860869234 1.3596640045124746 1.0788052607412966 0.3630285522596136 0 0 0 
0.5334499361592134 0 0 0 0 0 0 0 0 0 0.006267073231482165 0 
0.293991366801394 0 0 0 0 0 0 0 0.02057077362829407 0.05541242332824865 0 0 
0.4944225090922938 0.3899053876958132 0.5657325550598429 0.5088251370749404 0.36873787994894813 0.319667301630107 0.3198542656181368 0.43705360082514005 0.20329597935725444 0 0.059953979098801055 0.14029431749691573 

0 0 0.09353942129844758 0.8139352181640217 1.4710807329250664 0.8392594655680491 1.172087536348455 0.5416253794263332 0 0.20100478359154994 0.818764210546361 0.8614289381968232 
0 0 0 0.2867428626493485 0.5089137237553492 1.9596147756352973 1.3388360462871123 1.0877819940427422 0.7682869331652501 0 0 0 
0.09391883144559465 0.5403889172477224 0.457561135838562 1.5720943831842478 1.5342388116000425 2.934078229130171 2.1245923808207205 3.023037382285232 1.6045410760227994 0 0.2041684771119265 0 
0.7121169039683949 1.0079059972870772 0.4727530193260983 2.2391992461558856 2.10997561771792 2.146682470943291 3.735054700119055 3.885026328157884 2.084944536263692 1.6752642480046407 1.336733639084098 0 
0.2270515931317392 0.7476220598051448 1.2676411421864897 1.3042805779531836 1.2866055853431408 2.909056128153739 2.394629256405776 0.7756936290270285 1.9111409424274612 3.0367865781242385 2.333592893646915 0 
0.36397119141734346 0.6537303388588156 0.4817808813327907 0 3.7285016766028463 4.094159570846643 1.5679309238513237 1.933266564840423 1.4112831273366306 1.4967641547855937 0.48032515200050896 0.19419810119700975 
0.6939093877683613 1.5143321238809615 0.8079400272374443 1.3791956064190476 2.809930114989534 2.2165550884944896 2.6687943330649126 3.4328908053547833 2.741952149810181 1.8584068604548762 1.0486487539566411 2.0689309471929374 
0.06162681863771438 2.4798999422142476 1.1892796596722632 0.9434133729253562 0.21429851628998842 0.35965650859228626 0.41928150107480855 0.6579457294676122 1.1195651322399822 0.8193816727043689 2.679485173096919 1.0376919162592793 
0.24337093179523372 1.1759118776378574 0.7811496337396131 0.7108738702623166 1.282315225612483 1.1670041770934791 1.0348704216298992 0.9689230927669419 0.5063921895216156 1.8249756301721893 1.5625260027430965 0.10465237705749136 
0.8591081541255079 1.2917296019328386 0.2522916076939879 0.5954486052415671 0.8520189731876704 0.6888425063753367 0.7634528330119487 0.6105641211782872 1.4413388679248509 1.8505787417588244 0.15651967951259987 0.9516941918644204 
0.6072801188208403 0.6402663136914643 0.814488434936666 0.6167995535628754 0.14100544916823674 0 0 0 0.3735121342761093 0.29290003209929083 0.8689702942731868 0.7641316112245259 
0.38041495023898725 0.39991877089099814 0.40726782990299343 0.12322614141626254 0.32068043105784216 0.3110739088894651 0.33892867523634934 0.20528470832323217 0 0.18938909347633653 0.30246563086882217 0 

0 0 0 0 0 0 0 0 0 0 0 0 
0 0 0 0 0.1901636642729556 0 0 0 0 0 0.42863993589809746 0.11826376450474495 
0 0 0 0 0 0 0 0 0 0 0 0 
0 0 0 0 0 0 0 0 0 0 0 0 
0 0 0 0 0 0 0 0 0 0 0 0 
0 0 0 0 0 0 0 0 0 0 0 0 
0 0 0 0 0 0 0 0 0 0 0 0 
0 0 0 0.3836527758696741 0.07902376932518382 0 0 0 0 0 0 0 
0 0 0 0 0 0 0 0 0 0 0 0 
0 0 0 0.1760685101188983 0.02604095245099118 0 0 0 0 0 0 0 
0 0 0 0 0 0 0 0 0 0 0 0 
0 0 0 0 0 0 0 0 0 0 0 0 

0.21651264868424164 0.21088050082969662 0.20679937660648043 0.05257656175246567 0.2516945841230275 0.6210476942437265 1.2115752367933605 0.9021075408275251 0.08424867999227666 0 0.1738457731678871 0.40315236508113483 
0.26061125038337685 0.35395902651112887 0 0 0 0.9563883060726047 1.1434477330418695 0.8453023839907307 0.042502958710202654 0 0 0.25141625353273167 
0.3947745046475371 0.4563478290666547 0.5449992873084557 0.10499432832594739 0.45810379366262116 1.1693707215160074 1.219318416297608 0.6524796200659044 0.7953623491039713 0.738028464085541 0.5760043258774199 0.39818313743635664 
0.3012691751661801 0.5176480568991324 0.4233852704831396 0 0.5507501413572676 0 0.0140210946493535 0.6177560602129537 0.18334696440445647 0.573826580552041 0.8080400748435786 0.20985836852531214 
0 0.14874778883158574 0.31639965736280273 0 0.26469760132643927 0 0.5401206954952361 0.1521861056234005 0 0 0.491067674815364 0.6508512126374871 
0 0.06288106527434736 0.0675988796465862 0 0.25340605943946093 0.6868547396602004 0.4246270693699463 0 0 0 0.5178470534822286 0.49231978771086493 
0 0 0 0 0.44307715218576416 0 0 0.38187788041441634 0.479228013383571 0.7017788598148254 0 0.6002013009423207 
0 0 0 0 0.4009795145387768 0 0.1806564704084521 0 0 0 0 0.38901355136244065 
0 0 0 0 0.22325900140687294 0.16954620956602356 0.1366647012568628 0 0 0 0 0.2916537948805186 
0 0.12193608548587988 0 0 0.026731398190973116 0.06406082882567882 0.05637886279289489 0 0 0.08384511867461376 0 0.260621039676874 
0.15055833325380827 0.5168947237460575 0.6907332724277787 0.5843206570643755 0.33099988167577626 0.15616507754928127 0.2224566003396324 0 0.32328919354746166 0.18439320672167997 0.2692916369327343 0.6088844857344475 
0.12872967094462556 0.09289669776406484 0.3281784781231367 0.33088850361015926 0.5391016666615238 0.5161928431342668 0.5131418625878374 0.4676888644570254 0.1285060977045356 0.12975919320179474 0.36400606450397466 0.32571120791697994 

0 0 0 0 0 0 0 0 0 0 0 0 
0 0 0 0.40136730126300835 0.5839251424922121 0.2451276209504326 0.34948293502613903 0 0 0 0 0.16266170735361649 
0 0 0 0 0 0 0 0 0 0 0 0 
0 0 0 0 0 0 0 0 0 0 0 0 
0 0 0 0 0 0 0 0 0 0.4005708937327757 0.13693921664170436 0 
0 0 0 0 0.6878150338359006 0 0 0 0 0.14765817355910382 0 0 
0 0 0 0 0.04657857708883096 0.6086240373323737 0 0.03147353313514906 0 0 0 0 
0 0.7492863916089738 0 0 0 0 0.05568542871973586 0.017578981731224463 0.17800816136456038 0 0 0.1280382695612336 
0 0 0 0 0 0 0 0 0 0 0 0 
0 0 0 0 0.012814807950336349 0.03653745629162097 0 0 0.30199718597698866 0.07814626214459475 0 0 
0.38184442149139697 0.4327436255376468 0.23318852123243683 0 0.3609078221056107 0.33581318130137705 0.3610255914405615 0.24105617158817966 0.4844413650390003 0.40461404168022147 0 0 
0 0 0 0 0 0 0 0 0 0 0 0 

0.18204471821297807 0.07389679242929789 0.2692129849336865 0 0 0 0 0 0 0 0 0 
0.16536045688240467 0 0.2662975506818965 0.6649992091168051 0.5136176671820183 0 0 0 0 0.02535924037982573 0.1710128450695097 0.3343760621947698 
0 0 0 0.5744935868512518 0 0 0 0 0 0 0 0.010609909554133294 
0 0 0 1.5663670143630921 0 0 0 0 0 0 0 0 
0.14893381833497943 0 0.2351736465821634 1.7868551928309593 0 0 0 0.43924217728225506 0 0 0 0 
0.15946810890120444 0 0 0.2590613528579867 0 0 0 0 0 0 0 0 
0.3053650240918896 0 0 0 0.3228760501581608 0 0 0.08964497534384952 0 0 0 0 
1.044202316023092 0.34068926567463453 0 0 0 0.33903182537166854 0.06709723368692327 0.902485759292894 0.7167512011812206 0 0 0 
0.7484776548667346 0.584798306740883 0.7855967568514131 0 0 0 0 0.3254898352161865 0.40151110697816067 0 0 0 
0.11266930687678232 0 0.39913567321530097 0.2283191428262463 0.21659570093714564 0.1397229732755099 0.06933568618830935 0.6828881100606714 0.8936452750995929 0.029344335391249192 0 0 
0.4535661540615597 0 0 0 0.03630414809414501 0.21425282853471184 0.10523265334226753 0.3957103514669933 0.6225035061569341 0.03449243947233871 0 0 
0.25038653828464785 0.10755146608699981 0 0 0 0 0 0 0.05243568307739217 0.14719306249314404 0 0 

0 0 0 0 0 0 0 0 0 0 0 0 
0 0 0 0 0 0 0 0 0 0 0 0 
0 0 0 0 0 0 0 0 0 0 0 0 
0 0 0 0 0 0 0 0 0 0 0 0 
0 0 0 0 0 0 0 0 0 0 0 0 
0 0 0 0 0 0 0 0 0 0 0 0 
0 0 0 0 0 0 0 0 0 0 0 0 
0 0 0 0 0 0 0 0 0 0 0 0 
0 0 0 0 0 0 0 0 0 0 0 0 
0 0 0 0 0 0 0 0 0 0 0 0 
0 0 0 0 0 0 0 0 0 0 0 0 
0 0 0 0 0 0 0 0 0 0 0 0 

0 0 0 0 0 0 0 0 0 0 0 0 
0 0 0 0 0 0 0 0 0.17199456287691312 0.17142414787832916 0 0 
0 0 0 0 0.34937432246485833 1.023534558496823 0.17619003274942668 0.7658565740325052 0 0 0 0 
0.035600995556364645 0.0801726055365555 0 0.7751141217327767 1.6242678600526346 2.2643090445126894 3.142227078714419 1.1503910303835898 0 0.9592363243401392 0 0 
0.23125342722606596 0.03819293054560461 0 0 1.3656184276594534 2.6234790054403736 2.047097514665032 0.30851203261530935 2.108091240475688 1.5136644647900084 0 0 
0 0.12472052896542449 0 0 1.8364000536189855 2.192077977624302 0.6820534883414726 1.5858249665262374 1.6572561431259876 0 0 0.3439228564615628 
0.01741063040747448 0.939269648917478 1.8619343389808296 1.9529783869693385 2.2738547612350373 2.029586051488534 2.230017581261537 1.329866352976861 0.36091862872183755 0.30967655859403664 1.1816311921533111 1.3807803302505064 
0.3981599340668583 1.916140067603052 2.6576053692944366 0.9744253834057043 0 0.5376653329700026 0.6007334349776576 0 0.3374663559912199 2.2273542349526485 2.504289223497783 0.5119767620714177 
0.7048979286777486 1.891644799828107 0.6977393723809173 0 0 0.09223796736033524 0.13149616446293716 0.33121678081413386 1.02524378733592 2.8275335834049833 0.8405574071366662 0 
0.7246691394294802 0.8365200925646712 0.059905000846828926 0 0.06768261702244302 0.144229553659175 0.3467399742068815 0.30566868576728995 0.976189454870094 0.9856989199044488 0 0.1562333365446955 
0 0 0 0 0 0 0 0 0 0 0 0 
0 0 0 0 0 0 0 0 0 0 0 0 

0 0 0 0 0 0 0 0 0 0 0 0 
0 0 0 0 0 0 0 0 0 0 0 0 
0 0 0 0 0 0 0 0 0 0 0 0 
0 0 0 0 0 0 0 0 0 0 0 0 
0 0 0 0 0 0 0 0 0 0 0 0 
0 0 0 0 0 0 0 0 0 0 0 0 
0 0 0 0 0 0 0 0 0 0 0 0 
0 0 0 0 0 0 0 0 0 0 0 0 
0 0 0 0 0 0 0 0 0 0 0 0 
0 0 0 0 0 0 0 0 0 0 0 0 
0 0 0 0 0 0 0 0 0 0 0 0 
0 0 0 0 0 0 0 0 0 0 0 0 

0 0 0 0 0 0 0 0 0 0.09197688717821562 0.11627825005509679 0 
0 0 0 0 0 0 0 0 0 0.03987979083086654 0.10034028989031293 0 
0 0 0 0 0 0 0 0 0 0 0 0 
0 0 0 0 0 0 0 0 0 0 0 0 
0 0 0 0 0 0 0 0 0.15897997433780076 0.096704006622542 0 0 
0 0 0 0 0 0 0 0 0 0 0 0 
0 0 0.22622175078702708 0.8188227188543624 0.7509399309621156 0.1899307756095743 0 0 0 0 0 0.12363083960024121 
0.10239442723176954 0.8339665565015746 0.58758952727366 0.2739418878621826 0 0 0 0 0 0 0.5295758835449287 0 
0 0.3083701830292032 0.21361708796025125 0 0 0 0 0 0 0.296311047119266 0 0 
0 0 0 0 0 0 0 0 0.0789672079949846 0 0 0 
0 0 0 0 0 0 0 0 0 0 0 0 
0 0 0 0 0 0 0 0 0 0 0 0 

0.4070912534818238 0.4533093444444522 0.3322167727823661 0.31037431686743466 0.5595136607176507 0.577002667235136 0.8868475556607162 0.9641563749072409 0.30035923789743824 0.2335265694773078 0.5325961096811473 0.5999036757574171 
0.2411786216487454 0.4445406563316762 0.4848469896414007 0.3952095845933216 0.03215893391635005 0.9732318569785419 1.2218794629977332 0.8464378048967772 0.2583995135350098 0.11690146999567323 0.417289386993637 0.7800047670735148 
0.392366397598527 0.633679363345776 0.7965402146070102 0.28566378141683174 0.3288337873244905 1.087971458186997 1.0489801968365466 1.070431140613714 1.3153943044098142 0.541454382847607 0.643245612709936 0.5628862749185246 
0.24365550443812317 0.5262414259830949 0.48279136128297917 0.2904800201977333 0.2185592802746102 0.16682445805977494 0.7265288011029544 0.515752154265471 0.5402205034888283 1.02963370930522 1.292569356791204 0.514537010919171 
0.2668633554711188 0.44516757472902874 0.6204318275778451 0.0300277013412234 0.26867612234857285 0 0.7677829030826226 0 0 0.26388364493000005 1.4577045731236522 0.784847646630789 
1.049303496196812 1.5862997046062277 1.533063331487044 0 1.0044983924843687 1.3486059838158067 1.039525267729438 0.4952942364817563 0.2392414287065877 0.8154608779762 1.250797221846964 1.0178701758175357 
1.0071409847341395 1.2422195754817527 0.4061348455647607 0 0.4767838029960555 0.3009694715968096 0.303956601591473 0.6839876897699455 1.3070089031972585 1.2195884419878507 0.25759112928975897 1.1179454052977047 
0 0 0 0.7629301556557325 0.7473579090418526 0.3624530031985105 0.7637492202780615 0.7259787497573169 0.984815757378485 0.7273481571946548 0.18410158701315085 1.1797263260719266 
0 0.3195765278777389 0 0.6972853593175073 1.061980854214693 0.9702880027628322 0.9520630522791623 0.9229994337327149 0.20195173282245316 0.6320288918060044 0.386914599107313 0.7013621220523953 
0 0.15712661584855359 0 0 0.16351762244826554 0.14111732114969158 0.18625687314808156 0.11394025495611232 0 0.5850262616088994 0.2888688435874877 0.44645698710628 
0 0.003233353986428933 0.03041775324068019 0.32433770242460636 0.43115232593367947 0.28448271576161244 0.38022294014438424 0.32996549952403104 0.14846085699051498 0.15411731706036785 0.2531731146576787 0.6419860212774111 
0.1534361166863971 0.33851313017571405 0.6802958675834484 0.5299932722219858 0.4462103844979862 0.32043319559932704 0.3753666050000113 0.5011450445310379 0.32431374903141374 0.234597599741158 0.45062448422236645 0.4795004504641317 

0 0 0 0 0 0 0 0 0 0 0 0 
0 0 0 0 0 0 0 0 0 0 0 0 
0 0 0 0 0 0 0 0 0 0 0 0 
0 0 0 0 0 0 0 0 0 0 0 0 
0 0 0 0 0 0 0 0 0 0 0 0 
0 0 0 0 0 0 0 0 0 0 0 0 
0 0 0 0 0 0 0 0 0 0 0 0 
0 0 0 0 0 0 0 0 0 0 0 0 
0 0 0 0 0 0 0 0 0 0 0 0 
0 0 0 0 0 0 0 0 0 0 0 0 
0 0 0 0 0 0 0 0 0 0 0 0 
0 0 0 0 0 0 0 0 0 0 0 0 

0.46289610978306533 0.5307669774185942 0.4492346293944168 0.5922991871819827 0.8162783274763646 0.6574467695600654 0 0 0 0 0 0.042788748371200586 
0.8234937063457326 0 0 0.6098050523736455 0.5091984819571569 0 0 0 0 0 0 0 
1.1344493238224655 0.05034281990152212 0 0.7383032861424563 0.3344121054411632 0 0.5540872993272905 0 0 0 0 0.10347518498868967 
0.8180563313179643 0.5027140544791643 0.4592321140902493 0 0.665323299513565 0.1930013905469285 0.37915055487894134 0.7230265186022647 1.0808782559077565 0 0 0.22259860557149322 
0.5139094149120833 0.6106028725312 0.9095629356394584 0.44070962820324755 0.2845642167792324 0 0 0 0 0.13034071528172916 0.4887890525501052 0.46506277170919536 
1.159274129250564 0.4104666687448203 1.1696407909197923 1.062816777854097 0.13632274000826206 0 0 0 0 0.7878746493756472 0.636144838424654 0 
1.3145878068083132 0.24664325018962469 0 0 0 0.58267046312566 0.890545035158402 1.1678307076629797 1.6764667985405435 1.2332871658098805 0.2740097511722578 0 
0.7475006017040016 0 0 0 0 0.35385709688936245 0.26031019677795947 0.446515024691374 0.7615156294203309 0.03126823337620245 0.058898311312582635 0.481055663788806 
0.8436938240616731 0 0 0.07917074488524639 0.4212957496247488 0.9142002550065716 0.9063852341668167 0.778496122659776 0.8791453480827671 0 0.011855580364938972 0.486011347415768 
0.7576527394270122 0 0 0.2936498524638632 0.016882480351382012 0.05144188648313418 0 0 0.4372475474521166 0.4050694108909185 0 0 
0.6344702282617687 0.008485508834205957 0 0 0 0 0 0 0 0 0 0 
0.5228966645774648 0.7387469819500837 0.5642729985131167 0.5213272901411959 0.6307897648287467 0.7247094169511313 0.827397525070694 0.698460146347187 0.5085412200166796 0.5372994803436646 0.6095684109026734 0.7287988074940676 

0.6164588496245964 0.3617962285101565 0.7222311300768007 0.35251523502643217 0 0 0 0.09046969986843152 0.5843207378892843 0.5154716897518175 0 0 
0.32696850543142186 0.16014282889946807 0.6401634144732027 0.9301278917467632 0.7234301050420074 0 0 0 0 0.3753722539387737 0.48017339712632523 0.2634479561815694 
0.23267505539302005 0 0.013356381382120808 1.1527247770080318 0.571537874827501 0 0 0 0 0 0.01188154852471653 0.16721118094656762 
0.44153258020684555 0 0 1.8581650877375868 0.005809450508735284 0 0 0 0 0 0 0.09183916971529314 
0.749330172980536 0 0 1.6059066549409224 0 0 0 0.47968837527950137 0 0 0 0 
0 0 0.7395487531200181 0.8133100454934347 0 0 0 0 0 0 0 0 
0 0 0.4189961724600262 0.46423013852017603 0 0 0 0 0 0 0 0 
0 0 1.015097308843897 0 0 0 0 0.5043272983234138 0 0 0 0 
0 0 1.1314500162615482 0 0 0 0 0.19795950993186062 0 0 0 0 
0 0 0.39802195505377086 0 0 0.09327722384494383 0.009326061929163215 0.5154832122671706 0 0 0 0 
0.4160503950418697 0 0 0.03762599380749658 0.49333308689244687 0.3070853425707381 0.14508522025580475 0.5107285338162353 0.8674485195037088 0.6673488237943511 0 0 
0.7985934072922487 0.03011869787380761 0 0 0 0 0 0 0.16662018772428244 0 0 0 

0 0 0 0 0.07566302383205115 0.3566114512915356 0.7500504119325062 0.5905184561926088 0 0 0 0 
0 0.09704263005750885 0.7835920324898265 1.1439674798547776 1.7309476940475617 2.0180344794817806 1.2955506198737246 0.9201396582525192 1.3913429868121856 1.0234801059565026 0.21872697405542416 0 
0 0 0.12931768344949482 1.246551592716651 2.2667520436182937 2.2357105289599786 2.1636545582080444 1.2337325576816824 1.449059592708778 1.185883901333523 0.3101014958330295 0 
0.002811659998016608 0 0.5555219725971414 1.6493364642596275 1.8339764045235325 1.62361466992688 1.4940956507944008 1.4883625300839325 1.5682729233811343 0.691778682287514 0.16598522662501086 0 
0.01350109705316787 0 0.8514923219288912 2.358750063048253 3.325254617073651 3.317577068899833 3.1260849096801424 3.0148660200055932 2.4869746328720184 0 0.1279836847404492 0 
0.45398149953387634 0.8190292642616466 1.592354820808036 2.4339889834730957 2.470952588225777 2.143183651500806 2.237694409586568 1.8671385314462905 2.0808713648947785 1.588318001774401 1.1768364569544452 0.17341723228562209 
0.41835333461103646 1.2014432198508715 2.097716483296673 2.381192859020771 1.6945407181559113 0.8545992487654335 0.4500901655943051 0.053272797999488725 0.14038535005959873 1.6164795553629785 0.8716668652560602 0.07432893672580229 
1.3358797447246 2.813659474639197 2.575151813935087 1.90435574065624 2.465719425213839 2.0618316202707865 1.8842380928568028 2.36357666848773 1.9759787834250175 2.4647683143703083 0.7553740111897934 0.0729138571190085 
0.968684354263345 2.5586836891339693 1.1222929976269094 0.14674496139440182 0 0 0 0.6735559315761998 1.381622570294062 1.501743707997034 1.0557427028561415 0.03446293128535468 
0 0.6429779564679552 0.5865522413100385 0.38989042876752145 0.707193256899997 0.8624313751626805 0.7380296225577628 1.3925405851696175 1.180713138238363 0.7690725780298613 0.8128110993822475 0 
0.1919470195122534 1.0490836505692616 1.0523291430044912 1.0402427250731 0.8022969648623057 0.5834740045269304 0.5636749526915743 1.1367989869654844 1.0378802570450958 0.9225969356108854 0.3500995903545101 0 
0 0 0 0 0 0 0 0 0 0 0 0 

0 0 0 0 0 0 0 0.10614865241103799 0 0 0 0.16521724515508887 
0 0 0 0 0 0 0 0 0 0 0 0 
0 0 0 0 0 0 0 0 0 0 0.5136753206048107 0 
0 0 0.47717815598971125 0 0 0 0 0 0 0 1.4546888061309815 0.08444079814411562 
0 0 0.32036164068577905 0 0 0 0 0 0 0 0.20823917397278108 0 
0 0 1.035299141797396 0 0 0 0 0 0 0 0 0.23573855878203587 
0 0.6706254355870367 0.18186759640681022 0 0 0 0 0 0 0.2633982278951397 0 0.0794618729062957 
0 0.0684972218102472 0 0 0 0 0 0 0 0 0 0 
0 0.03917410701693021 0 0 0 0 0 0 0 0 0 0 
0 0 0 0 0 0 0 0 0 0 0 0 
0 0 0 0 0 0 0 0 0 0 0 0 
0 0 0 0 0 0 0 0 0 0 0 0 

0.2850972649623399 0.1949297526263422 0.40957330393838903 0.09577028313537328 0.1249264718738598 0 0 0 0.1540729610395941 0 0 0 
0.20546994227898122 0 0 0.09092016970623824 0 0 0 0 0 0 0 0 
0.05439000737239509 0 0.0420342659467631 0 0 0 0 0 0 0 0 0 
0.1743328300438118 0 0 0.06459923268469171 0 0 0 0 0 0 0 0.10864169977089248 
0.331662071014973 0 0 1.1172036680100563 0.007639769720738654 0 0 0 0 0 0 0 
0 0 0 0.42238797079324275 0 0 0 0 0 0 0.11122360729985771 0 
0.33350812580083966 0 0 0 0 0.41714351659281435 0 0.44713194684477486 0.26453726845182 0 0 0 
0.37948137427587314 0 0 0 0 0 0 0.14462197560724563 0.2676843439253759 0 0 0 
0 0 0 0 0 0 0 0.29189124123927906 0.10704476922448233 0 0 0 
0.12280355938185718 0 0.06935603692013755 0.36399617049748856 0.34618430598400246 0.06324273607167874 0 0.1623809255789076 0 0 0 0 
0.35076793581709886 0 0 0 0 0 0 0 0.014009133547069244 0.050481016279599736 0 0 
0 0.06083076432584694 0.07125616866638909 0.29987374317667964 0.16639276256867558 0.1755396687645249 0.17763473255949075 0.10139277173721789 0.1634821589510128 0.1566240437370358 0.14447338907443513 0.2535735302664197 

0 0 0 0 0 0 0 0 0 0 0 0 
0 0 0 0 0 0 0 0 0 0 0 0 
0 0 0 0 0 0 0 0 0 0 0 0 
0 0 0 0 0 0 0 0.2973146803318399 0 0 0 0 
0 0 0.0004696027081090848 0 0 0 0 0 0 0 0 0 
0 0 0 0 0 0 0 0 0 0 0 0 
0 0 0 0 0.5472515791694049 0 0 0 0 0 0 0 
0 0 0 0 0 0 0 0 0 0 0 0 
0 0 0 0 0 0 0 0 0 0 0 0 
0 0 0 0 0 0 0 0 0 0 0 0 
0 0 0 0 0 0 0 0 0 0 0 0 
0.18691460251861064 0.3976937514432314 0.42966173937460606 0.12272766887493244 0.027423937436889867 0.07550325902626626 0.006113039281209931 0 0 0.08728836462642081 0.0606230307158874 0 

0 0 0 0 0 0 0 0 0 0 0 0 
0 0 0 0 0 0 0 0 0 0 0 0 
0 0 0 0 0 0 0 0 0 0 0 0 
0 0 0 0 0 0 0 0 0 0 0 0 
0 0 0 0 0 0 0 0 0 0 0 0 
0 0 0 0 0 0 0 0 0 0 0 0 
0 0 0 0 0 0 0 0 0 0 0 0 
0 0 0 0 0 0 0 0 0 0 0 0 
0 0 0 0 0 0 0 0 0 0 0 0 
0 0 0 0 0 0 0 0 0 0 0 0 
0 0 0 0 0 0 0 0 0 0 0 0 
0 0 0 0 0 0 0 0 0 0 0 0 

0 0 0 0 0 0 0 0 0 0 0 0 
0 0 0 0 0 0 0 0 0 0 0 0 
0 0 0 0 0 0 0 0 0 0 0 0 
0 0 0 0 0 0 0 0 0 0 0 0 
0 0 0 0 0 0 0 0 0 0 0 0 
0 0 0 0 0 0 0 0 0 0 0 0 
0 0 0 0 0 0 0 0 0 0 0 0 
0 0 0 0 0 0 0 0 0 0 0 0 
0 0 0 0 0 0 0 0 0 0 0 0 
0 0 0 0 0 0 0 0 0 0 0 0 
0 0 0 0 0 0 0 0 0 0 0 0 
0 0 0 0 0 0 0 0 0 0 0 0 

