0.22132068833003488 0 0 0 0 0.04276770049105053 
0.8990148422130722 0.8993255173892386 1.158701613008461 1.2763824408547828 1.320014115131672 1.7997237828117143 
1.0510441388596727 0.7223775144626269 0.6642040741900629 0.5922295316005165 0.6755085629842761 1.5558291174315622 
0.9836651556549063 0.584165818182612 0.6340360905274768 0.37459972886391013 0.24123555610958103 0.8475265879368011 
1.1165473670786323 0.7310643303420032 0.9139733784894635 0.9719492548946367 0.8974824792131051 1.0619064162079355 
1.688778745454397 1.5339958616429437 1.4235404660603055 1.4165853353568867 1.450601661429508 1.412603356221102 

0 0 0 0 0 0 
0 0 0 0 0 0 
0 0 0 0 0 0 
0 0 0 0 0 0 
0 0 0 0 0 0 
0 0 0 0 0 0 

1.2551878883666732 2.8459986958502372 2.1372233538158403 1.6823214715878128 1.6581520581917153 2.1076800690519777 
0.2570174513709699 2.376687015374422 1.942384142265449 1.6358912759359636 1.7124518537885205 2.3708149758762023 
0.04383213728831864 2.2184067380456822 2.278949691301919 2.3474211065976434 2.296177540982601 2.5923812250865326 
0.13706282820565494 1.9062555747792906 1.8782074312612163 2.085409961773704 2.117981620664401 2.4687452187711783 
0.18496626070430322 1.8418957580291913 1.7886306641273166 1.7945340931085043 1.8481696857416632 2.5124921307270274 
0 0.6964812652373135 0.7580319325577742 0.6318894938487136 0.44644647327494547 1.448579196363649 

0.27426336450749617 0.14320856701270973 0.13857550816138353 0.08364176215495453 0 0 
0.01849407864149833 0 0 0 0 0 
0.00791420016227623 0 0 0 0 0 
0 0 0 0 0 0.06362040131955923 
0 0 0 0 0 0 
0 0 0 0 0 0 

0.10653285377240858 0.11358042438200117 0.01950734225710908 0 0 0 
0.10788697849515856 0 0 0 0 0 
0 0 0 0.0898212809690522 0.19350198940062927 0 
0 0 0 0 0 0 
0.015414750551699349 0 0 0 0 0 
0 0 0 0 0 0 

0 0 0 0 0 0 
0 0 0 0 0 0 
0 0 0 0 0 0.4073103675771334 
0 0 0 0 0 0.19390855809064567 
0.05394051562718971 0 0 0 0 0 
0.24568036425708875 0 0 0 0 0 

0 0 0 0 0 0 
0 0 0 0 0 0 
0 0 0 0 0 0 
0 0 0 0 0 0 
0 0 0 0 0 0 
0 0 0 0 0 0 

1.3320852716031701 1.4724531114236805 1.5270705129825666 1.4919743197917203 1.465084260981149 0.6902079050316541 
1.4933825443279805 1.5004315570148874 1.5464184207969114 1.740334719874063 2.069652102408421 0.9748760286934431 
1.5033994111567694 1.8420949681787506 1.9822025478802945 1.888203452651387 1.8177345335883959 1.0142400231559519 
1.7321373446450052 1.915640643253612 1.802924578956208 1.7733003766317528 1.4835363202034995 0.925014071724774 
1.694302729827056 1.9441983703734216 1.8485211703125517 2.0123985265805513 1.8124689743820772 1.0514181364542365 
1.5229052770898381 1.3792261337070881 1.4115329941450345 1.4826517899310447 1.4888418004980788 1.1076370095570696 

0.5604245734226597 2.204577164627668 2.08508277128194 1.7294140789073837 1.5509157021407647 1.8446521256478479 
0 1.1531342754031033 1.1546046672404584 1.1528733714870738 1.0665679832599562 1.2415695007419951 
0.0018643497885464932 1.1874498972493364 1.0131548519871096 1.0138043756930009 1.3062049728893954 1.8213095736219538 
0.3512699700634672 1.1078313904285757 1.1621861245397027 1.1568668190224323 1.2468205164149833 1.636438693431463 
0.5140298739812789 1.190121425649248 1.0706106584463768 1.4275653031898674 1.4146097535414481 1.5138372893793777 
1.3598152944901223 1.3751664246964104 1.2959132125573283 1.4979588117365203 1.2985331980724837 1.03018979754067 

1.4136315202468062 1.100552236296513 1.2811778357529788 1.2798289492716581 1.3974646094833794 0.6998531569400223 
1.717946024506164 1.9533675504442065 1.9250653848594241 2.046524063348109 2.204471033152935 1.5217079507501705 
1.6001003471326456 1.8729808965659205 1.6247524297801401 1.4355751687918132 1.4413152131270035 0.9329191394028011 
1.6501436132229552 1.8290384259702739 1.7660822972757195 1.6214403216887145 1.4994413615844284 0.684030772576377 
1.6761589596456603 1.7177697809653991 1.6766817459649879 1.8118300299799268 1.5537748983451671 0.7226711519988278 
2.0433541209886283 2.6365260464211113 2.5469824659191835 2.789119168210299 2.7121070175101982 1.6976043642088543 

1.9214447802494552 1.5409919904195872 1.5744466703442421 1.321943607436013 1.2240286165852907 0.8991435421141509 
1.3268744547125166 0.9517194646184302 1.1807974390975002 1.0442518715565532 1.0827836985903931 0.5202470746531875 
1.301363131294882 1.0270436047602043 1.2998992020090654 1.3657134243276148 1.4170779597483523 0.7975078537627229 
1.3905904414376593 1.145508372383525 1.2696665918614456 1.377128547018853 0.977399856491136 0.5364742538333147 
1.5119163228783876 1.2654538478199433 1.198950883999261 1.3011143619783976 0.719207435722311 0.27602449520699235 
1.510241402300904 1.0940831686957662 1.0759188303513725 1.0082427770981202 0.6986488323488795 0.882975087521379 

1.5074403930503737 1.1382567494450722 1.2704901751029636 0.6535910149510266 0.018490999918066006 0 
2.149882341651746 1.5525571519194743 1.434610033664594 1.2991241524793529 1.3959868010366283 0.16281090995498168 
1.6118242601475778 1.0071082421840167 1.4945995098448999 1.8318054420078127 2.027549656907309 1.009381816972723 
1.5983207522289211 1.1750103630059912 1.1752339165657184 1.0783762434558082 0.9336462987309925 0.2571780067378692 
1.6301159053766943 1.2977456705697363 1.4834415073746043 1.4192374038308961 0.7480543021074675 0 
1.1360786958429554 0.37283060966047804 0.24670732117845384 0.368192228557528 0 0 

3.0973514152691393 3.005511489879377 2.901216944224026 2.717728479911861 2.6213943320741095 2.2932144208564016 
3.5603089986295986 3.2778596330046184 3.3913488321094785 3.379097052392914 3.0095304416996473 2.059686447009735 
3.3125907902386236 3.0277548604190914 2.954804554812816 3.1243545997772055 3.2245008561303776 2.4379092864310588 
3.124296069879586 2.8026277951006833 2.8393765336678296 2.768866197950778 2.8024013398339775 2.180767184615208 
3.088887393024084 2.8265835384654205 3.0006690612627325 2.9674601655368145 2.683396716477805 1.8183133283526518 
2.7029696058928665 2.3842372489639114 2.337265501440671 2.4668347575592104 2.1972165475116 1.471908862361472 

0 0.1333605791118568 0 0 0 0.6082901955800725 
0 0 0 0 0 1.0232288777609064 
0 0 0 0 0 1.0577398025971831 
0 0 0 0 0 0.7964102963073747 
0 0 0 0 0 0.9966063156796685 
0 0 0 0 0 0.34180477980512 

0 0 0 0 0 0.1929588669693484 
0 0 0 0 0 0.024661653083021248 
0 0 0 0 0 0.10180539347656639 
0.02063584037724094 0 0 0 0 0.30773927273409696 
0 0 0 0 0 0.25683904593216345 
0.2647666659095502 0 0 0 0.005720757267635157 0.33983657319397176 

0 0 0 0 0 0 
0 0 0 0 0 0 
0 0 0 0 0 0 
0 0 0 0 0 0 
0 0 0 0 0 0 
0 0 0 0 0 0 

3.9280176068927397 4.021713706892557 4.075100419347331 4.0359011838778125 4.1887848271785675 3.104361592862204 
3.4096006772766727 4.603332619204546 3.8850223998755276 3.5618989852351115 3.4288324776428483 3.939386599014538 
2.9712776694458736 4.465362996716609 4.222603533058394 4.035302083006601 3.751999659976094 3.631719547594984 
2.732869473959888 3.8886870082610843 4.178850795524152 4.650636142748174 4.462965807210319 3.903481901881846 
2.5917800776834676 3.5953685418947763 3.522273608528537 3.7254923380191327 3.8402969596511505 3.8958230225065624 
2.1116224515314164 3.1065041935784095 3.2405306571199373 2.958516721035746 2.86481243348949 3.361501137098085 

0 0.6710150518939254 0.7653753796842218 0.7696045006101656 0.5840631053995666 0.038791455189733925 
0 0.08461188336553892 0.13416045617209732 0 0 0 
0 0.027661449449591063 0.021949512252423316 0.00018540515997188256 0.08304524623250692 0 
0 0.14321265722966928 0.021063424724755697 0.14771424585690202 0.11654691000476697 0 
0 0.1259895187480195 0 0 0 0 
0.37266020633864855 0.4366784335707903 0.3891056234996031 0.46034841570259855 0.4092830934672099 0 

0 0 0 0 0 0 
0 0 0 0 0 0 
0 0 0 0 0 0 
0 0 0 0 0 0 
0 0 0 0 0 0 
0 0 0 0 0 0 

0 0 0.2042220124503153 0.2942627588715663 0.6023219966435323 1.0053836071813536 
0 0.04793750908534582 0.3127918935166972 0.16481219324431895 0 0.014894586012770536 
0.044926792453921865 0 0 0 0 0 
0 0.0039568670206724076 0.23029018522328404 0.059146609659931584 0.12493439323684433 0.5307996356062186 
0 0 0 0 0.11371686218418758 0.5083734856230014 
0.7233791230239381 0.9287472726332379 0.9194252989805696 1.0564879669900478 1.1193924870433403 0.6694069517835813 

