0.08925234747089185 0 0.011051536738754558 0.15062047620017405 0.5951485256502449 1.0379667639447647 
0.3983416912734499 0.08813354334291706 0.49221811540672056 0.4341486164149709 0.8514379501304579 1.4367190824940914 
0.46063918899234807 0.013090285712995961 0.4975625751319382 0.39560243915031956 0.5595784928404283 0.9348146679753585 
0.7415069483056196 0.7554406764485158 1.2860606765641438 1.0052779546599033 0.5536813169322479 0.7240939307505958 
0.4962099094437682 0.15821385270570623 0.4441538495046541 0.5248036818293402 0.31145244330277655 1.0134448553395214 
1.2835026057487455 0.869533724733236 0.6199349849858966 0.35710723198437055 0.9806934154884054 1.708571870190276 

0 0 0 0 0 0 
0 0 0 0 0 0 
0 0 0 0 0 0 
0 0 0 0 0 0 
0 0 0 0 0 0 
0 0 0 0 0 0 

1.0109549122936012 2.514232097471033 2.2876724135555677 1.9609512576917791 1.8559787576807751 1.7173656391623935 
0.24550469103909836 2.81723492738465 2.6641449650980245 2.1336021074155105 2.1674634434015623 2.3168431195258634 
0 2.6905872994234312 2.218102431360183 1.6580856978383085 1.8392114365094279 2.5078811554757294 
0 2.377186641419469 1.8998044146804616 1.7580080180573046 1.5384888118135105 2.4863932126472874 
0 1.8419040465064174 1.5517937778123954 1.6450976822564274 1.0405877345620889 2.1852351245988038 
0 0.5124426507316028 0.197261987110544 0.274509950460689 0.4550613858702658 1.4726135348687304 

0.32791549838446843 0.11025387244347049 0.13175738926574918 0.08609134825445941 0.07373905867923407 0 
0.25635891157839596 0.05485082195855246 0.02249746344270165 0 0.01943337257393872 0 
0 0 0 0 0.10206555920458232 0.19014971423821156 
0 0 0 0.2148332641456986 0.1591099704465522 0.20699208884520778 
0 0 0 0.3594942695314403 0 0 
0 0 0 0 0 0 

0.050673503398101755 0.38936917723032727 0.4813491272502014 0.4936580930647307 0.1562137693844892 0 
0.039642337117454365 0.11118877922185466 0.15181480176969117 0 0 0 
0 0 0 0 0 0 
0.18455344155480763 0 0 0 0 0 
0 0 0 0 0 0 
0 0 0 0 0 0 

0 0 0 0 0.1984035412894348 0.5575423157540044 
0 0 0 0 0 0.22284702356159497 
0 0 0 0 0 0.07453047854702027 
0 0 0 0 0 0 
0 0 0 0 0 0.3824928290414432 
0 0 0 0 0 0.1523646080529016 

0 0 0 0 0 0 
0 0 0 0 0 0 
0 0 0 0 0 0 
0 0 0 0 0 0 
0 0 0 0 0 0 
0 0 0 0 0 0 

1.1654613531599778 1.3481494711334725 1.3062465833654004 1.1265786856693025 0.9027795181531115 1.259717068380218 
1.4638828835094166 1.6768952406381874 1.3320074713265984 1.453298094556823 1.0632644093029497 1.2768593497046852 
1.1092053198463576 1.472181328058884 1.016737483927147 1.2266985809584217 1.0494321097866113 0.8373136255723737 
1.2572951471288916 1.3694794327533746 1.0290918672746605 1.4143734167535496 1.6151325909933787 0.8969028497292839 
1.2177775800969928 1.1326040155387995 1.2292799588857126 1.8112552831147883 1.6294664188795391 0.8491528219861567 
1.3588336842193798 1.0801556234130612 1.2343533306900203 1.391794021877476 1.1836011311164154 0.8634808650046234 

0.08520495097526125 1.9189676085536507 1.7760794653913872 1.6704715391617293 2.3043752795893475 2.8290452104732022 
0 0.654795887754522 1.1277777329278655 1.404824357651969 1.4587140684060627 2.557828605870485 
0 0.6018157675986094 0.8345499436163787 0.7601844463958832 0.31779179253293466 2.0389834214982296 
0 1.0340917818968487 1.0098542601473244 0.8242877825049548 0.6746885829188225 1.63560491030763 
0 0.3587671483699242 0.6646979364795033 1.2695576231012187 1.0277815058022748 1.5467245888750758 
0.3056815720399587 0.5220017176317472 0.774763550987354 0.7458872388376433 0.6283896535150876 1.1294910424059705 

1.2956780238008123 1.1567305896500888 1.0182023546855008 1.1888079538691372 1.0660599881514699 0.9036076730191143 
1.578316117380502 1.8940001891416478 1.830813688504579 1.7998021246290057 1.3304007497962584 1.388771082683084 
1.778995657288171 2.2688781676524408 2.359814524146578 2.2347100352743055 1.6428008262348839 1.5705756914079825 
1.8588587860269041 2.335434710030209 2.000045656916309 2.4059170491653936 1.6777538182828413 1.1887861894299019 
1.6531250574833258 2.0029150332003516 1.8027387161497606 1.9458894193854828 1.8270394031239037 1.073903310815743 
2.1289324558433873 3.041521124033117 2.835034321954869 2.641607917853219 2.488771473885221 1.8522569602633312 

1.4877028204596674 1.4088260840180549 1.7958332966011086 1.7760400026401493 1.2963284791384637 1.4652620156747793 
1.1408407310380004 1.3516975400864113 1.4432917297559051 1.2625920865347897 0.6356407891645376 0.8611901492944009 
1.312549228866894 1.158380717816369 1.0616658139230801 1.142160643209889 0.8508990751510564 0.8530328842547167 
1.2138635095023957 0.7766789715829312 0.7297038100206836 0.748738143329068 0.8316370440710515 0.6023381548028994 
1.2660988232104176 0.801743679979096 0.37051161062085536 0.5253499692910217 0.7980881699475565 0.8358925824816538 
1.2148897952957871 0.5579452534276497 0.4620982982633119 0.8428256266322257 0.8972684352354494 1.1637124691459377 

1.5807937015067692 1.2593141822834064 1.4882404547935093 1.5495874902956581 0.8101708149009577 0.695411457808312 
2.069375666699664 2.058942317507065 1.8182468393392892 1.7603944990364893 1.1642660073355133 0.9446239571540803 
1.5736697779923308 1.2409869626233871 1.5683275935504546 1.7508190110485937 1.0123567263625952 0.689086993027293 
2.3154753500896508 1.7338405230579976 1.4799830989999108 1.7609826086899294 1.3312497499312328 0.626897503717269 
2.0854985056626467 1.7027317986601513 1.386200006190819 1.4617197243380127 1.1666985276695014 0.07183113495683112 
1.2529128386974882 0.35726813422518344 0.33770345819430514 0.2454170944460442 0.490933176834634 0.2094580150228993 

3.33902961875032 3.295269034651785 3.2610460000551655 3.310720094167506 2.8871774838958038 2.3833804508781613 
3.7777526240148616 3.799080816947401 3.826205665234307 3.826114225344356 3.204365742130317 2.416564787473472 
3.7321635852480646 3.606187250376558 3.7611539778625294 3.741887397505271 3.1280872227202554 2.6741790757842194 
4.08983026723529 3.778725590506499 3.6389552950529622 3.5045002877463785 3.105978599186561 2.5227193805791526 
3.804447430583255 3.872078716139474 3.523253816899457 3.3307671320353642 3.1541947523390594 2.325643040677124 
3.0334743083390023 2.785618913847251 2.7295643198017103 2.6177325563254206 2.4855760533613616 1.9929671286915052 

0 0 0 0 0.29813180391922056 0.08533524197947231 
0 0 0.31319604820872793 0.18774579002877764 0.6476374674987941 0.25234629926007507 
0 0 0 0 0.08660657397888123 0.44610275183769765 
0 0 0 0 0 0.7754372904244207 
0 0 0 0 0 0.7174691174886093 
0 0.13563523531529897 0 0 0 0.06335373443036166 

0 0 0 0 0 0 
0 0 0 0 0 0 
0 0 0 0 0 0 
0 0 0 0 0 0.05442001158223908 
0 0 0 0 0 0.21656360023790822 
0.2254820613590211 0 0 0.05123394420352795 0.13941481497926475 0.2647800336199789 

0 0 0 0 0 0 
0 0 0 0 0 0 
0 0 0 0 0 0 
0 0 0 0 0 0 
0 0 0 0 0 0 
0 0 0 0 0 0 

3.946407608513065 3.713212435298352 3.4715543593264915 3.263386881700465 2.7959992772263345 2.283502481552151 
4.192165689475542 5.419456589086456 4.670994051187906 4.379951936738756 3.3013515628306482 2.729014352856085 
3.905643805208635 5.805355953586764 5.197705927524418 4.887861306309391 5.035244158979614 3.6265700353129664 
3.5987582568245684 4.6900103909473865 4.619424273174896 4.803522485913494 5.04466022232992 4.087688114736976 
4.04223046736894 4.902228708670554 4.447792010911007 4.423659940468296 4.134428818425573 4.031683155207834 
3.3698139940245793 5.2308585709020985 4.399091703344417 3.51726325892228 3.0975912467781415 3.545804876171047 

0 0.6487284650909791 0.5938898253274636 0.6397060485099137 0.25920377358699187 0.5070180636438633 
0 0.0790698178295361 0.351421372384938 0.48423985018527643 0 0.37766248757920545 
0 0.07278872636845884 0 0.8669720100759188 0 0.2580135391595705 
0 0.08777785143689051 0 0.5338288918872447 0 0 
0 0.2600636163415608 0.1900273761939692 0.13363876024244542 0 0 
0.20748870491656032 0.7679100152837003 1.0038692441713843 1.0150458536005693 0.6411110165378858 0.24742225457848485 

0 0 0 0 0 0 
0 0 0 0 0 0 
0 0 0 0 0 0 
0 0 0 0 0 0 
0 0 0 0 0 0 
0 0 0 0 0 0 

0 0 0 0 0 0.09541712363919025 
0 0 0 0 0 0 
0 0 0 0 0 0 
0 0 0 0 0 0 
0 0 0 0 0 0.4317733923622785 
1.0300429620979519 0.9144838749787926 0.8126797793465891 0.5877794218755561 0.6434536718430659 0.4857587516479654 

