0.9209384285653749 2.4854429276203938 1.279590025243713 1.0939745521391597 0.9106246042718444 1.0955367547261976 1.2150499648131885 1.2226009526523736 1.2190528130298548 1.2395423465851312 1.266307536898677 1.2318025869951696 
0.17553670721718032 4.485136345890137 1.6414076353475746 1.5288945085959014 1.208009452471922 1.3010304326575142 1.4801926977280957 1.4827401975257546 1.4606632238206432 1.4458697353149466 1.4665203099568618 1.4083889030235306 
0.059933766167746566 4.274710691568696 1.5122781896557815 1.5852472985941624 1.2809818223077905 1.2166920094949478 1.3701909940165895 1.38078177 1.3893300189920228 1.3892157887502152 1.3760618028853049 1.38078177 
0.11807642841148862 3.9207627235466407 1.1797981191088502 1.1385200411223624 0.8121316982113914 0.7701286842335093 1.0005397839614871 1.2564869246843628 1.38078177 1.38078177 1.38078177 1.38078177 
0.4384888097788857 3.273551911090796 0.8866974985349881 1.0134684592660004 0.03866554962347449 0 0.1349063640659878 0.5536212094211297 0.6789350707126613 0.6516673960344875 0.6657972581652718 0.7280778876815062 
0.9699560026675433 2.6027899916155817 0.8158192485599064 1.241337249514809 1.1208647736643083 0.9598504594862896 0.6342897458449103 0.37012330404157684 0.42845750658081916 0.37690925958299915 0.3067651140379888 0 
1.89332828856537 2.008495943723319 0.1922736531547794 0.41662296108993097 0.9217391147962393 1.1888234619313274 0.894828787947498 0.6043294665000092 1.2107667746014188 1.5571623478540697 1.559110682865718 0.5879205645963026 
2.299209228612473 2.213295329168524 1.5314956784094418 1.0494792483993378 0.4771488417928345 0.5118685829392217 0.9667127781875736 0.19361583618558853 1.4506151701284724 1.5965172826037413 1.9505783116273399 0.26720763481506066 
2.07889908842956 1.2478473320641401 1.645868552535309 1.7461357518564247 0.8396705509305479 1.1342051615241127 2.4614462199128004 1.0689849318714264 1.0228240143394691 1.1205669394651192 2.0120858883871047 0 
1.8644559275596344 0.42317478908340733 0.6128271819283383 1.0968534029010701 0.9324360188624884 1.4073147168262472 3.0011484434458593 1.7594691031147118 1.5294256684226508 1.0999329760259602 1.6527321567230104 0.08063996211854718 
2.7603370931724593 1.518937232421501 0.589907402166514 0.6810613866643269 0.477512497321794 0.3215266738848316 1.700702832864731 2.5088839014194066 1.9010771311039774 0.9766025866015717 0.9049807013138257 0.40409881822147753 
2.6942064310201723 2.6100513382028976 1.2139859506834958 0.884896392800532 1.0719423329220237 0.886030362357173 1.654822683789508 2.023592347147337 2.03066381875245 1.7480935428496935 1.1326774157655037 1.0379795475290265 

1.7780234119852119 0.21779615730834187 0.48883063259874215 0.5092184290989902 0.55492622860117 0.6294557529255159 0.6631740968015565 0.6629404575666978 0.6463888403111421 0.6527753072038813 0.6549653061500321 0.621160947105014 
2.1340160542130535 0 0.15533259277779193 0.15256530126235582 0.24310108319250356 0.4128269254736356 0.4844817889299219 0.4874252430285783 0.4932830208822851 0.5318839582761088 0.5008202847973978 0.5043837828301895 
2.2240965920061266 0 0.3897134546707596 0.2559937176461541 0.29746242834854497 0.5630943610051518 0.6132546099921174 0.61497229 0.6145999476077354 0.599486524405788 0.6155803272341652 0.61497229 
2.014595651992517 0 0.21756716542199367 0.07266389444466143 0.05184936686410127 0.2894491934912323 0.44757352618653856 0.5612266728747233 0.61497229 0.61497229 0.61497229 0.61497229 
1.194206789742673 0 0 0 0 0 0 0.10510531966199849 0.13907221050711965 0.09866183122055244 0 0.26568257439946213 
0 0 0 0 0 0 0 0 0 0 0 0.1534230510669027 
0 0 0 0 0 0 0 0 0 0 0 0 
0 0 0 0 0 0 0 0 0 0 0 0 
0 0 0 0 0 0 0 0 0 0 0 0 
0 0 0 0 0 0 0 0 0 0 0 0 
0 0 0 0 0 0.1461842438586007 0 0 0 0 0 0 
0 0 0 0 0 0 0 0 0 0 0 0 

0 0.7425805134435934 0.0057044371011662 0 0 0 0 0 0 0 0 0 
0.4081475607920444 1.5170055313943909 0 0 0 0.022849945748238717 0.004617793966223321 0.0027120454002331693 0.00016051308469065698 0 0 0 
0.2892917460870419 1.3648095373116935 0 0 0 0 0 0 0 0 0 0 
0.2898685033319696 1.043455810124675 0 0 0 0 0 0 0 0 0 0 
0.37277179876514754 0.6059013421628514 0 0 0 0 0 0 0 0 0 0 
0.3774162848220622 0 0 0 0 0 0 0 0 0 0 0 
0 0 0 0 0 0 0 0 0 0 0 0 
0 0 0 0 0 0 0 0 0 0 0 0 
0 0 0 0 0 0 0 0 0 0 0 0 
0.0032105693711459993 0 0 0 0 0 0.48420050956284294 0.8772285196368035 0.04765184805060338 0 0 0 
0 0 0 0 0.01784464572893615 0.9454098185380283 1.6931740323469433 0.8174668233970445 0 0 0 0.1373597187159381 
0 0 0.23471527763500932 0.5765450660187255 0.9800866090312329 1.2318121680143073 0.6680508962780636 0.166548654013552 0 0 0.4724511526560252 0.67143818055189 

0.9087884386617462 1.4662972848611138 0.018765393625855997 0.07346515805849643 0.4904502757241095 0.42453880113839504 0.28986445845107567 0.2875263862251368 0.2796981538702456 0.24041067237892566 0.2749533202762885 0.2391096151749385 
0 1.0260841839128323 0 0 0.12577552124817695 0.03530780161743062 0 0 0 0 0 0.06126917247523821 
0 1.2047078417554866 0 0 0.05115377875591698 0.05413887719284545 0.11583717039992082 0.10951276 0.09723098826060289 0.10906073420732298 0.10347446407049823 0.10951276 
0 0.6305880100752708 0 0 0 0 0.09838058682031839 0.15092293275835134 0.10951276 0.10951276 0.10951276 0.10951276 
0 0.07441698216416492 0 0 0 0 0 0 0 0 0 0 
0 0 0 0 0 0 0 0 0 0 0 0.11615630747057992 
0 0 0 0 0 0 0 0 0 0 0 0 
0 0 0 0 0 0 0 0 0 0 0 0 
0 0 0 0 0 0 0 0 0 0 0 0 
0 0 0 0 0 0 0 0 0 0 0 0 
0 0 0 0 0 0 0 0 0 0 0 0 
0 0 0 0 0 0 0 0 0 0 0 0 

1.4696995738554524 2.9806149228988446 1.0176736046562769 1.1079185442576454 0.9739254294460216 0.9656727395342547 1.0191485141822978 1.016155884130604 1.0231267265478265 1.0029496463210568 0.9997528541194587 1.0320326322745923 
1.0922254427087597 1.9936318453164055 0.6508510156658809 0.7066706420475535 0.6891261967649883 0.7338636865728845 0.7885563776151456 0.7955453829583217 0.8020987453230559 0.8077382925325864 0.8447903918401966 0.8341265458252553 
1.1242790011830552 2.1645320547649476 0.8361479375993166 0.866936618722751 0.7901368569382103 0.8210900364207563 0.9413096508043042 0.9395951 0.936819838999793 0.9400109957710889 0.9249902750201163 0.9395951 
1.2760350433689707 2.2012859147439396 1.1560939480704786 1.2780480453250407 1.1575077015250126 0.9996360313037732 0.9704557983991259 0.9234446775300441 0.9395951 0.9395951 0.9395951 0.9395951 
1.5765875345059406 1.8560113760735533 0.9002841218127597 1.0211321932384583 0.7532605874420486 0.9577083679546882 1.0468628154408606 1.1382921927296137 1.2696435295972681 1.3524122591260965 1.3359994049774504 1.3087090019679934 
1.121758996465911 0.7638695484765491 0.14929546731407548 0 0 0.03618584604496636 0.4152967574806862 0.5737322911499608 0.7992012742674628 0.8793628485342023 0.682566103843734 0.992546677942538 
0.7675929293242382 0.12377042095150345 0 0 0 0 0 0 0 0 0 0.17653419527628222 
0.2663426944677666 0 0 0 0 0 0 0 0 0 0 0 
0.9263168584369346 0 0 0 0 0 0 0.5916317099503993 1.3029106711746408 0 0 0.5741675175140412 
1.007861744541929 0.042185203476407446 0 0 0 0 0 0.351125255854428 0 0 0 0.4149293530629326 
0 0 0 0 0.19914301831077022 0.4623831908415827 0.6922453462690332 0 0 0 0 0.4768165506701854 
0.03225093938733464 0 0 0 0.0250277804554943 0 0.13016811630743774 0.10744200526575402 0 0 0 0 

0 0 0 0 0 0 0 0 0 0 0 0 
0 0 0 0 0 0 0 0 0 0 0 0 
0 0 0 0 0 0 0 0 0 0 0 0 
0 0 0 0 0 0 0 0 0 0 0 0 
0 0 0.5203986983158639 0.46265168583398775 0.3528530979760475 0.17434820217883495 0 0 0.04189642788512482 0.06611422131582637 0 0 
0 0 0 0 0 0 0 0.12533063193867594 0.2947783256243434 0.4038870445323209 0.43217411003756045 0 
0 0 0 0 0 0 0 0 0 0 0 0 
0 0 0 0 0 0 0 0 0 0 0 0.017602117646703774 
0 0 0 0 0 0 0 0 0 0 0 0 
1.3253804767806985 0.4487316301328418 0 0 0 0 0 0 0 0 0 0 
0 0 0 0 0 0 0 0 0 0 0 0 
0 0 0 0 0 0 0 0 0 0 0 0 

0 0 0.5146814765513913 0.3046477283840854 0.3340293240678553 0.306554283628684 0.3178393181334699 0.31938598422480374 0.3084313677486397 0.3145166248537433 0.3180153926071369 0.3008381900403419 
0 0 0.4186311459174502 0.21978043867732427 0.1882767813291296 0.2521459558886455 0.3392206629422684 0.3409960030801055 0.3488321999444294 0.35191034276869926 0.321734466784958 0.3549439919956804 
0 0 0.23740877790852039 0.15796407879316765 0.2627187080885889 0.3464195900615475 0.3178019085497146 0.32815254 0.32595903049597486 0.32444935147013076 0.3354600447048847 0.32815254 
0 0 0.6517354171210714 0.5706058437326705 0.7123971924901539 0.6861546804547273 0.5438771324134826 0.4108731201779078 0.32815254 0.32815254 0.32815254 0.32815254 
0 0 1.6853057290312956 1.3472242924252402 1.29359108245516 0.7596948242982065 0.8788423647381813 0.7892243222957834 0.6951993185184537 0.70608228187852 0.8520321294664588 0.5439458589699907 
0 0 1.275811351710622 0.7877530379642039 0.22401854022119821 0 0.5052930521927369 0.9209183949494981 0.8617419193049656 0.9584930144160462 1.3285222076093517 0.3788612378163605 
0.0514656365310488 0 0.5347019696945673 0.35184959853977826 0 0 0 0.22065069423362402 0.053097860784077994 0 0.281254896882552 0 
0.33874404296169613 0.028419456921435493 0.9275779009109391 1.5781201615667069 1.1880536274556497 0.0388129368740433 0 0 0 0.13971703801247648 0.08856902927856558 0 
0.12492788522586079 0.7986657704628886 1.4163725207239093 1.0184325887124765 0.3391639658271183 0 0 0 0 0.4294856608824991 0 0 
0.9867678164692988 1.394328871907379 0.7052043965476922 0 0 0 0 0 0 0.10675246442175665 0 0 
0.28144253033447797 0.04967227460064072 0 0 0 0 0 0 0 0.5219959963759502 0.16462533669384863 0 
0 0 0 0.12372647437953327 0 0 0 0 0.011240458788567054 0.431300498651482 0.967665114476056 0 

3.316419240829195 2.2675928898389426 1.7812593017083 1.7907672388811269 1.8958193042903906 1.9217095988650574 1.9328081100020444 1.9337876590224434 1.936494799219062 1.9470482994842764 1.9421835352769614 1.9629395487204115 
2.191311805636482 2.2941310766708036 1.747052748408906 1.8883136774189253 2.061486159848876 2.0145260426613274 1.9952808961509716 1.9958448291860815 1.9805515354134933 2.004281160901051 1.992187145154208 1.963756714678822 
2.145048953108304 2.2365338062348528 1.7602289019939834 1.8457325763899959 2.0394322975300065 2.0491674403841613 1.9950288962292047 1.99629569 2.000596939788817 1.9905942957723295 1.9976195404093113 1.99629569 
1.6637502766551036 1.9478094917330173 1.3859648745770974 1.1298744226998723 1.3089937024332943 1.6971509017125237 1.9717262180012256 2.0253706646425274 1.99629569 1.99629569 1.99629569 1.99629569 
0.8565751626620212 1.4315398988793198 1.2235738041976525 1.0311465142872671 1.285514280493071 1.285305597913392 1.3228306669675094 1.3361019308618645 1.3821478300741867 1.2495923068253707 1.081594082235775 1.545442816035513 
0.08296171301960398 0.7841764011227962 0.7546542762645159 1.5740740830602058 2.091222872522319 1.9978476259532747 1.662916001622226 1.6253600895379485 1.526294599583269 1.4755155632933064 1.2281178577165743 1.6601305260378392 
0 0.8407981520994786 0.07310707712182696 0 0 0.9170893049178398 1.3796116601987465 1.416960233678041 1.24154060550125 1.0950628138760108 0.8684805075641786 2.0112146310318906 
0.27077286465739986 0.8061121454722177 1.1093000490850888 0.7605362134784228 0.4620321817181535 0.47025081606993313 1.323692464607357 1.5263599496838185 0.7806811946020498 0.8286414410168791 1.7037651126908617 2.8668281387627568 
0 0 0.28759362261893007 0.9232154084942921 1.8031789726092018 1.8177004773081922 2.3576498024175017 2.2831577887707946 1.445049563370171 0.7440971912630253 1.5280314039693808 3.1025469870477673 
0.6855224120382083 0.8013450946057834 0.5137974175307085 0.31573464503041343 1.1715525546710392 0.9781353122965362 0.8822239180028524 0.461929892303339 0.3360468349295437 0.3543560386675316 0.6048668372112374 2.457351892615176 
0.31816078781915696 0.8927506532404355 0.6661462505444071 1.1552190778425722 2.135736131508215 1.3603482052893838 0 0 0.4543009061661949 0.321732449983834 0 1.213111781996817 
0.6294685277064767 1.0018558867175913 1.1353300997795412 1.1165216587407758 1.1753788586843747 1.5021793380489954 0.943787469898083 1.0839517892587571 1.7923524333295775 2.0811338238743433 1.4928127776264006 1.3329501660081189 

0 0 0 0 0 0 0 0 0 0 0 0 
0 0 0 0 0 0 0 0 0 0 0 0 
0 0 0 0 0 0 0 0 0 0 0 0 
0 0 0 0 0 0 0 0 0 0 0 0 
0 0 0 0 0 0 0 0 0 0 0 0 
0 0 0 0 0 0 0 0 0 0 0 0 
0 0 0 0 0 0 0 0 0 0 0 0 
0 0 0 0 0 0 0 0 0 0 0 0 
0 0 0 0 0 0 0 0 0 0 0 0 
0.02245967560631499 0 0 0 0 0 0 0 0 0 0 0 
0 0 0 0 0 0 0 0 0 0 0.09058954809772841 0 
0 0 0 0 0 0 0 0 0 0 0 0 

0.18974795465170152 1.7534674166337332 0.33769314328035654 0.09803834640248021 0.043820135795675744 0.36893194446419997 0.4225325908064647 0.4258681233126594 0.43153993817238573 0.44229342557642337 0.4538884414839611 0.43266885145659706 
0 0.51614863610531 0.6051195390961014 0.27134076022192144 0.029972252124943234 0.3685400492289539 0.4531691765135218 0.453611294046738 0.44974787367633473 0.4519386704952436 0.4754336882773915 0.4482251444613601 
0 0.50923335652779 0.6382419024879278 0.43862044091010416 0.21998008221862056 0.3761695360854355 0.5386312544511036 0.53359699 0.5356697289268932 0.5306392116109959 0.5250694960037875 0.53359699 
0 0 0 0 0 0 0.07096623785771222 0.42766280717917726 0.53359699 0.53359699 0.53359699 0.53359699 
0 0 0 0 0 0 0 0 0 0 0 0 
0 0 0 0 0 0 0 0 0 0 0 0 
0 0 0 0 0 0 0 0 0 0 0 0 
0.07641693309228481 0 0 0 0 0 0 0 0 0 0 0 
0 0 0 0 0 0 0 0 0 0 0 0 
0 0 0 0 0 0 0 0 0 0 0 0 
1.277450571068859 0 0 0 0 0 0 0 0 0 0 0 
1.1251886854894442 0 0 0 0 0 0 0 0 0 0.032913443871441996 0 

1.1166820929966788 0 0.3350711658279273 0.45308491346949736 0.3990788271288389 0.2921818975654941 0.2587541216769072 0.2606813527809146 0.27159519450851993 0.29624336514148203 0.28699299108331594 0.32509038492984754 
1.800939479070078 0 0.03920164755980517 0 0 0.1357392169157372 0.1886172760538607 0.19050056891162065 0.17673209770650616 0.23731115703788572 0.22444630956237285 0.19231806615836206 
1.9017639764333112 0 0.2031393367812541 0 0 0.2520413064908844 0.39482792625713686 0.38837066 0.3912216879461268 0.3689520413348081 0.38141386850634384 0.38837066 
2.059051910685061 0 0.4984844521607767 0.608450304237674 0.5725487975053685 0.576323909015073 0.46550860917691284 0.3804576386296591 0.38837066 0.38837066 0.38837066 0.38837066 
2.3570428055452015 0 0.951313983606518 1.494295280226488 1.3065775184327761 0.7733754144674465 0.5479636891766598 0.7943189561445371 0.7308090666339891 0.648647019665841 0.5834910619649943 0.9841118231922303 
1.7762845018184608 0 0.5318703587578069 0 0 0 0.26147053572093315 0.9936612162312736 1.1987074128727597 1.1579860568067293 0.8872283172293115 1.004145536955819 
0.8571194804603566 0 0 0 0 0 0 0 0 0 0 0 
0 0 0 0 0 0 0 0 0 0 0 0 
0.07134243689019912 0 0 0 0 0 0 0 0 0.10837814880244992 0 0 
0.9500371475286694 0.7496635957803695 0.6250145176672931 0 0 0 0 0 0 0 0 0 
0 0 0 0 0 0 0 0 0 0 0 0 
0 0 0 0 0 0 0 0 0 0 0 0 

3.095276954465245 0.8273416070180527 0 0 0 0.07174116515402135 0.1465097492450898 0.1545149917808043 0.1935954449867001 0.20767196247334083 0.2225736242234061 0.2760729018262084 
4.133404507017881 0.7469289258610347 0.3174373176781553 0.08704813261359501 0.12762401844281282 0.3419727394160942 0.4312823077072103 0.4280704030839965 0.4153574815323271 0.4354003923086178 0.4170850835587363 0.4300661189897094 
4.078900661501585 0.7602944312683083 0.49676511220317965 0.38300773946685185 0.4082994292202314 0.4399603761214373 0.47459811048534106 0.47508544 0.4754954396056737 0.46731492325718077 0.4767994030729485 0.47508544 
3.6159664814607844 0.21877397421216066 0 0 0 0 0.19016466350091177 0.4086815707840254 0.47508544 0.47508544 0.47508544 0.47508544 
2.060402791621999 0 0 0 0 0 0 0 0 0 0 0 
0.6291167164342302 0 0 0 0 0 0 0 0 0 0 0 
0 0 0 0 0.010862328447517555 0 0 0 0 0 0 0 
0 0 0 0 0 0 0 0 0.39055538869909096 0 0 0 
0 0 0 0 0 0.6001787115254633 0.2686623741994478 0 0 0 0 0 
0 0 0 0 1.7972402901822742 3.9910138663006234 3.0768713771366007 0.5833849093690507 0 0 0.8538366316101763 1.0309251080308297 
0 0 0 0.4885057271343242 1.052035320024559 1.3182075604707746 0.992468603105537 0 0 0 0.5952590308609946 0.48812635730441384 
0.78510532557675 0.6233882206907597 0.4906495598505945 0.9741576742122382 1.0496408459971502 0.7620717626738789 0.39359508204858673 0 0 0.006145826214330102 0.24511680545336725 0.14111443304850935 

0.10708630772056826 0.10154112353699937 0.8459108702538118 0.7412532591845697 0.5212490411351868 0.5354137199964778 0.5954025542983055 0.600803671069802 0.5827167701512765 0.5973099608238948 0.6259619129203521 0.5324339143980603 
0.3680607235212049 0.4006624444490068 0.5873607107966003 0.5064714487297817 0.2206610480394377 0.2732021895525921 0.4462639935096878 0.4468955061951395 0.4957326423190311 0.4747165203218654 0.45184125530157265 0.5677175711364771 
0.48183899826226295 0.5622487345373064 0.5167528165364412 0.33907862817650547 0.28149160819738017 0.4437020064545244 0.5920493665174204 0.5987981 0.5848339776341934 0.5948765619178839 0.5985383024483143 0.5987981 
0.5801457621702926 0.3988504446634804 0.5228873086538236 0.41456873098942276 0.15216890511993447 0.06196959427581532 0.20632435138665442 0.4705073681964872 0.5987981 0.5987981 0.5987981 0.5987981 
0.6070915083437516 0.350525223600216 0.8446266710135777 1.180470794918925 0.5704557477149473 0.03533064380709178 0 0.24626316249432886 0.2820945989753062 0.1328194251456174 0.18369250266438503 0 
1.2121284889994173 0.45816443415119734 0 0 0 0.03248736286519982 0.2676441619801556 0.4101199417080599 0.5990705935622852 0.5824626681184001 0.7927201947781752 0.013503060256656652 
1.0724727913827836 0 0 0 0 0 0 0 0 0 0 0 
0.1994969228434365 0 0 0 0 0 0 0 0 0 0 0 
0.17690476925803655 0 0 0 0 0 0 0 0 0 0 0 
1.5883307038238825 0.70093402732755 0.2685089879354965 0 0 0 0 0 0 0 0 0 
0.5438211849598542 0 0 0 0 0 0 0.12571483305836184 0 0 0 0 
0 0 0 0 0 0 0.31119185492421914 0 0 0 0 0 

0 0 0.2752243114451372 0.17411044398072148 0 0 0 0 0 0 0 0 
0 0 0 0 0 0 0 0 0 0 0 0 
0 0 0 0 0.056576219709879215 0 0 0 0 0 0 0 
0 0.006876818450787544 0 0.08901449706781611 0.26419004585214206 0.1318934326079472 0 0 0 0 0 0 
0 0.9236602327945854 0.8997603226559188 1.0559936747894072 1.1581065885421507 0.7779910778006043 0.5817686436225401 0.3429393391628653 0.1677413843586117 0.18951199538665459 0.516896150808258 0.14268287730565443 
0 1.505665613967651 1.982801196177172 2.174441665114973 1.3264997423587397 1.1070228268878173 1.3282379288775 1.1684512838239227 1.0502728964236858 1.1286981325451482 1.6836976696943347 0.35813657131213333 
0.5140457310012337 2.266262952033752 1.912131710613667 1.788071496391819 2.1936754734605293 2.932573101116532 2.107607703970562 2.3468470412423446 1.7520249335537421 1.4851981163175656 1.7678499013330307 1.659901237538159 
0.6299211400501332 1.984104129916848 2.1060172210531394 2.551936238827144 2.8056168710335307 2.0871816940233217 1.4197301517421066 0.7616927740190123 0.7801527667092487 1.8015917352544792 1.827852610783956 1.0753946543518023 
0.2738922768464072 1.8262863709346986 2.4940003000491826 3.019917948705313 2.4761457519984593 2.0028213692792334 0.7268443018006656 1.0562057504744526 1.537963778069187 1.1831391914259792 1.4525574988552759 0 
2.0470781305230337 2.522472859986907 1.4406328059226026 1.1317153052731297 0.08726695816260073 0 0.5293235305318411 1.8874144442220075 2.5338786817931758 2.375651051359966 2.234113606856708 0 
2.156375270421278 2.5407175589796513 2.5693605716854924 2.833971085483281 0.5013010999948743 0.26403707118130443 0.49755892883045233 0.5579601606860164 1.643415740932726 1.437428809186893 1.3891680799472554 1.3088289842813592 
0 0.7421853841729446 1.9776553377278931 1.208005418180131 1.2520293373157174 0.997527116517283 0.41472231306481655 0.6776492839412614 1.0957919337347606 0.4198152487478333 0.6726728958191031 0.4371412404308942 

0 0.6635476772387383 0 0 0 0 0 0 0 0 0 0 
0 2.746519481693929 0 0 0 0 0 0 0 0 0 0 
0 2.507683550948363 0 0 0 0 0 0 0 0 0 0 
0 2.3317456915388592 0 0 0 0 0 0 0 0 0 0 
0.21181802491337562 1.7216448587881452 0 0 0 0 0 0 0 0 0 0 
0.23739397065595824 1.0909611092638523 0 0 0 0 0 0 0 0 0 0 
0.1957540666410637 0.0420091670031949 0 0 0 0 0 0 0 0 0 0 
0 0 0 0 0 0 0 0 0 0 0 0 
0.41718305610626 0 0 0 0 0 0 0 0 0 0 0 
0 0 0 0 0 0 0.1792100029401701 0.15000274300538838 0.1972690892926868 0 0 0 
0 0 0 0 0 0 0.06534268641307678 0.9726238322916203 0.37496366861584596 0 0 0 
0.13799383189244752 0 0 0 0 0 0.07580411019967856 0.12222245826932962 0 0 0 0 

0 1.3951220159330888 0.2669773916641685 0.3514538345847095 0.4125847685390693 0.2368992824866054 0.20083545831675825 0.2014625994893144 0.1958776206058431 0.21816530314683702 0.1998118079954696 0.19398163505234922 
0 0.6466713878597528 0.12731547865680673 0.10940136216426208 0.12321384842072111 0.05740669590430118 0.044834878083238314 0.049917445614579545 0.09109380894028898 0.06639857696515188 0.07982557682021757 0.17350178357686707 
0 0.805201895494005 0.15501366850967604 0.16072343902826472 0.23173622261774496 0.22158284893790148 0.22525594143292865 0.22966208 0.21582205877100444 0.22689634577614518 0.2248724392921714 0.22966208 
0 1.1451087753768834 0.570863083211536 0.7571315741958096 1.1018154737258175 0.9919192060055497 0.6934516473146087 0.3562316730876096 0.22966208 0.22966208 0.22966208 0.22966208 
0 1.4052496796261131 1.274536412586936 1.1758146539976337 1.5136707081031082 1.811412190509581 1.7833364413885744 1.3555700286856245 1.3458704990043409 1.4829438280935994 1.5013183133172416 1.372936525754874 
0 1.64020709564872 2.1516493042960865 1.520724080064871 0.9457442143867133 1.0010595718895579 1.4338717889081571 1.3384378388889988 1.3210553122015234 1.574769980298848 1.6954131184155503 1.3391125002370585 
0 1.772743316533582 2.0740707294811105 2.207907829182035 1.8399994251124727 1.8070089180075257 2.5563880550956997 2.4097049981825487 1.1264164768743297 1.2390780828657932 1.6690061956019655 1.584485564419838 
0.056424921433386004 1.0272128053502176 1.2925207326885049 1.360848131710213 0.927594492040263 0.3958188623947556 1.1024650798053535 1.8721456163517827 1.2306808285972255 1.6703273819965416 1.3497525630541827 1.5551654115687361 
0.9157881489626738 2.4474097802405135 2.4549488464258147 2.321690010062805 1.6445366180947205 0 0 0.3655201730729633 1.2090417763141705 0.9090109243178918 0.17037427553883644 0.7852521610938439 
0.7765347245747294 1.9417875299957492 1.6444829015249605 0.8335588765255795 0.8037670296781645 0 0 0 1.1389110067463595 1.1995198203497204 0 0 
0.8230723214691601 1.3929945960722672 0.946442584008407 0.13866554224759153 0 0 0 0 0.7967489986815998 1.157155232551821 0.07825673044932817 0 
0.012336228334898364 0.09440835576533446 0.13852689167565563 0 0 0 0 0 0.4702376940163746 0.2784755262287043 0 0 

0 0.189838957515646 0 0 0 0 0 0 0 0 0 0 
0 0 0 0 0 0 0 0 0 0 0 0 
0 0 0 0 0 0 0 0 0 0 0 0 
0 0.15107216623038017 0.2440881099625759 0.28807431560105656 0.07319287480675712 0 0 0 0 0 0 0 
0 0.2466036999736146 0.7294849563199103 0.6863350699812815 0.6175751685436233 0.464750697511784 0.6310510327326302 0.45707918024746397 0.36991426862568677 0.3709043094656108 0.46491921704854244 0 
0 0.046312341065490426 0 0 0 0 0.3670816912066196 0.15461489308423115 0.11377124352610668 0.14175755818036762 0.3468413998911616 0 
0 0 0 0.08848649641588513 0 0 0 0 0 0 0 0 
0 0 0.18451408056358898 0.9028210985168695 0 0 0 0 0 0 0 0 
0 0.05255812266861226 0 0 0 0 0 0 0 0 0 0 
0 0 0 0 0 0 0 0 0 0 0 0 
0 0 0 0 0 0 0 0 0 0 0 0 
0 0 0 0 0 0 0 0 0 0 0 0 

0 0.7531641793477682 0.0942852337257932 0 0 0 0 0 0 0 0 0 
0 1.337903569470131 0.31608402129115215 0.043966675039950304 0 0.03937083693572248 0.20683094571953117 0.21231219269632773 0.19209436562170795 0.17035034428518553 0.1804021443613947 0.1078593880121502 
0 1.133717150695206 0.11120515103369352 0.05631566354913764 0 0 0.017792573268649248 0.03621775 0.047590438255692286 0.04410939034259098 0.03796422537929787 0.03621775 
0 0.7732663636802978 0 0 0 0 0 0 0.03621775 0.03621775 0.03621775 0.03621775 
0 0.1676082057402836 0 0 0 0 0 0 0 0 0 0 
0 0 0 0 0 0 0 0 0 0 0 0 
0 0 0 0 0 0 0 0 0 0 0 0 
0 0 0 0 0 0 0 0 0 0 0 0 
0 0 0 0 0 0 0 0 0 0 0 0 
0 0 0 0 0 0.6035110478354675 1.6977001641915743 0 0 0 1.3090531231150162 0 
0 0 0 0 0 1.1013680158616825 2.4451001936016317 0 0 0 2.6181371984948507 0 
0.491804423357361 0.5721350140958801 0.15691395094147081 1.4004437865197705 0.9574295328157109 0.6175913269718629 0.847803043508198 0 0 0 2.0387801198231967 0.32856669078612377 

1.0803588275974676 0 0 0 0 0 0 0 0 0 0 0 
0 0.45413686899544486 0 0 0 0 0 0 0 0 0 0 
0 0.470606803153382 0 0 0 0 0 0 0 0 0 0 
0 0.4981895132064098 0 0 0 0 0 0 0 0 0 0 
0 0.7082378265449611 0 0 0 0 0 0 0 0 0 0 
0 0.6933305283435335 0 0.30339909160051115 0.24410600847197547 0 0 0.23913153849199453 0.2609560584430702 0 0 0 
0 0.3562871392108677 0 0 0 0 0 0 0 0 0 0 
0 0 0 0 0.8190787949141166 1.7172065044476683 0.8814369967016663 0 0 0 0 0 
0 0 0 0 0.8632620465727767 0.7429914089543465 0.9436184842018424 0 0.014963875032820293 0.7160888517411789 2.116299021095923 0.38584040979641926 
0 0 0.5290916104701087 1.2705733920855136 0.6573809051895437 0 0.11300476862629485 0 0.15408815802491443 0 1.7632844072574143 0 
0 0 0 0 0 0 0 0 0 0 0.18166111318550435 0 
0 0 0 0 0 0 0 0 0 0 0 0 

0 0 0 0 0 0 0 0 0 0 0 0 
0 0 0 0 0 0 0 0 0 0 0 0 
0 0 0 0 0 0 0 0 0 0 0 0 
0 0 0 0 0 0 0 0 0 0 0 0 
0 0 0 0 0 0 0 0 0 0 0 0 
0 0 0 0.5236557432784801 0.03561999786662512 0 0 0 0 0 0 0 
0 0 0.17611052535709348 0 0 0 0 0.15779684486246404 0.39619962592084423 0 0 0 
0.7747776871495482 0.8018740810705962 0 0 0.050657021032521676 0.14701053863603897 0 0 0 0 0 0 
0 0 0 1.01321498808331 1.291676294185832 1.2941282097196734 0.13740351078304858 0 0 0 0 0 
0 0 0.83397755099816 1.3528280465749742 0.33350257636058767 0 0 0.5613587540899054 0.2687010485841346 0.6744771428910248 0.643426045277421 0 
1.3692431429246013 1.7003902720580288 2.5311416710943155 1.2041901497626193 0 0 0 0.9417970286013493 0.415674768996305 0.2916241230249455 0.005860784852078582 0.6408993999520614 
0.3251471340455463 1.0713370968680926 1.6823555749747208 0.8722408488069728 0.5025414820514167 0 0 0.5896923570606689 0.27798849459852915 0.05564406315385802 0 0.036920337388473584 

0 0 0 0 0 0 0 0 0 0 0 0 
0 0.1186028091048795 0 0 0 0 0 0 0 0 0 0 
0 0.07018187148039357 0 0 0 0 0 0 0 0 0 0 
0 0 0 0 0 0 0 0 0 0 0 0 
0 0 0 0 0 0 0 0 0 0 0 0 
0 0 0 0 0 0 0 0 0 0 0 0 
0 0 0 0 0 0 0 0 0 0 0 0 
0 0 0 0 0 0 0 0 0 0 0 0 
0 0 0 0 0.13026296884557087 0 0 0 0 0 0 0 
0 0 0 0 0 0 0 0 0 0 0 0 
0 0 0 0 0 0 0 0 0.16097905416184816 0 0 0 
0 0 0 0 0 0 0 0 0.08195457700484979 0 0 0 

0.9685490433259886 0.8875293078160448 0 0 0 0 0 0 0 0 0 0 
0.21134507869307176 0.9106910807407295 0 0 0 0 0 0 0 0 0 0 
0.07035630395556243 0.7521384707588133 0 0 0 0 0 0 0 0 0 0 
0 0.5769513829379544 0 0 0 0 0 0 0 0 0 0 
0 0.10651022952750136 0 0 0 0 0 0 0 0 0 0 
0 0 0 0 0 0 0 0 0 0 0 0 
0 0 0 0 0 0 0 0 0 0 0 0 
0 0 0 0 0 0 0 0 0 0 0 0 
0 0 0 0 0 0 0 0 0 0 0 0.05519090767507301 
0 0 0 0 0 0 0.3301238477860702 0 0 0 0 0 
0 0 0 0 0 0 0 0 0 0 0 0 
0 0 0 0 0 0 0 0 0 0 0 0 

0.7571916578140125 1.0287082443962854 0.3636552775663743 0.42662980692599073 0.5842328122483226 0.4557602935975743 0.3790203636016729 0.3787556643402513 0.388588936213295 0.39225855455310504 0.3782017806608028 0.3805417458491748 
0 1.0420187541328494 0.42295023126287923 0.3578137675979862 0.507635915902636 0.45861155498902534 0.38847895151082107 0.38625160289699667 0.40085507380891566 0.3829513411577365 0.3815126580899497 0.42600946074417867 
0 1.0256807680694284 0.3510652422026561 0.23343179384257062 0.4200775295356248 0.44539704473115344 0.38989313009048393 0.38830507 0.38293488182254165 0.39028548453106543 0.3913971146044177 0.38830507 
0 0.8825807446250302 0.20364129059825703 0.1379652751519035 0.407052653612506 0.5510207913209222 0.5669719458068619 0.46987836624929213 0.38830507 0.38830507 0.38830507 0.38830507 
0 0.737665793242081 0.32376643261131965 0 0.4737485125561509 0.7405283224003153 0.6851751477389322 0.4055451784579484 0.3667913876105902 0.37594444483615785 0.42815594468387963 0.4733826678593944 
0 0.5497693051468693 0.6347464154253771 0.3568813176754862 0.5011960445065802 0.519235431334473 0.6053287717829158 0.6191248345362741 0.6501938920939927 0.7422403572001476 0.8852292531518253 0.8159150438588763 
0 0 0.5166003505095929 0 0 0 0.11840243412342222 0.249613585418136 0 0.01412942615697664 0.02562642723992882 0.1620580627773502 
0 0 0 0 0 0.02781777950520764 0.7061881614013207 1.1676392814856593 0 0 0 0.8793913028326179 
0 0 0 0 0 0 0 1.0263662763506565 0 0.04846711021920974 0 1.3053258744861234 
0 0.9803650031704525 0.8747622497319281 0.28251946527556765 0 0 0 0 0 0 0 0.014457019624321693 
0 0.44979285283138565 0 0 0 0 0 0 0 0 0 0 
0 0 0 0 0 0 0 0 0.15766581895749507 0.14149352725696088 0 0 

0 1.59782279579144 0 0 0 0 0 0 0 0 0 0 
0 0.9392207426024575 0 0 0 0 0 0 0 0 0 0 
0 0.9698488400165599 0 0 0 0 0 0 0 0 0 0 
0 0.7250858506487432 0 0 0 0 0 0 0 0 0 0 
0 0 0 0 0 0 0 0 0 0 0 0 
0 0 0 0 0 0 0 0 0 0 0 0 
0 0 0 0 0 0 0 0 0 0 0 0 
0 0 0 0 0 0 0 0.20002709040153 0 0 0 0 
0 0 0 0 0 0 0 0 0 0 0 0 
0 0 0 0 0 1.3733993229587 0 0 0 0 0 0 
0 0 0 0 0 0 0 0 0 0 0 0 
0 0 0 0 0 0 0 0 0 0 0 0 

0.5253948288083957 0 0.6330235172093795 0.5002901149271927 0.1725801316961339 0.3043106819736614 0.4603282490969049 0.45978619965892775 0.47244362104605103 0.4655375474810801 0.45471501470782644 0.481206290622451 
0.1347916723025483 0 0.3675288940457316 0.6566115791796362 0.6507484555407103 0.4134055104071951 0.39464413267002924 0.3990653714773093 0.39668838831569864 0.41255249191918714 0.4128090436759201 0.4062577357860719 
0.16448894891675317 0 0.3631195432470062 0.5362181115726167 0.5855868804031182 0.48560747535272814 0.4541955216350031 0.45829785 0.4582788358051291 0.45467460823133493 0.45492001450562025 0.45829785 
0.18733799847275004 0 0.24222801512975747 0 0 0 0 0.1810934039953373 0.45829785 0.45829785 0.45829785 0.45829785 
0.3887899365944201 0 0 0 0 0 0 0 0 0 0 0 
0.777494813746834 0 0 0 0.4081656129098614 0.72311529917787 0 0 0 0 0 0 
0.774074020680323 0 0 0 0 0 0 0 0 0.7308311071121687 0.4160162299594911 0.27543651575645933 
0.28559343642346136 0.033702669590464196 1.270374098024146 0.8702314477767878 0 0 0 0 0 0 0 0 
0.37670915974042785 0 0 0 0 0 0.3880202316000828 0.3161645015422826 0 0 0 0 
1.4650275452409613 0.13681879689809934 0 0 0 0 0 0 0 0 0 0.8395364315695987 
0.694972089300062 1.8745615151861308 1.3603336324665687 0.7732843441149365 0.7117025512850789 0 0 0 0 0 0 0.21027184080230718 
0.004609082026249101 0.6139573968189787 0.5625050484430958 0 0.10301298390661424 0 0 0.15427237692213833 0.6000978228444309 0.8323754923066352 0 0.5314664842988639 

2.676493134079334 0.03210395915590868 0.5384594036260235 0.11997585933278332 0 0.2706366500234005 0.3993814546686395 0.4068046489691606 0.3768751945427785 0.412175439327227 0.44124805220381313 0.334652837482466 
3.5400036072825904 1.0750813047300138 0.8599208707942902 0.2714308033397092 0 0.19255992862190907 0.5461704759413377 0.5444347905533922 0.5453094905779581 0.547401269371611 0.510309094929989 0.513685960433837 
3.4728009099984454 0.9669915386188314 0.7248081700597642 0.3413960053893738 0.025575380074176937 0.3343079973153484 0.4882471783711704 0.49750188 0.5007997255051242 0.49185171329529614 0.5053293285815814 0.49750188 
3.2531762746098716 0.9472373282870861 0.5384077608933588 0.2869877204376907 0.24310210993928094 0.3385850057487421 0.41185599541106677 0.5074602277591317 0.49750188 0.49750188 0.49750188 0.49750188 
2.6772778386881635 0.4362563976031443 0.4687859901328687 0 0 0 0 0.19238007449465155 0.491843583602099 0.3841122507802111 0.33173455312651273 0 
2.327060959887864 0 0 0 0 0 0 0 0 0 0 0 
2.160843833078318 0 0 0 0 0 0 0 0 0 0 0 
2.0187076538482027 0 0 0 0 0.09166748103315109 0 0 0 0 0 0 
1.1027404088188648 0 0 0 0 0 0 0 0 0.19984907163854015 0 0 
0.8162296782553504 0 0 0 0 0 0.915818449896289 0.0019455422614945428 0 0 0 0 
2.0043501756366626 0 0 0 0 0 1.9829065849651957 1.9064480941336173 0 0 0 0 
1.7535724708893978 0 0 0 0 0.31608805386481165 1.5158797791142902 0.6769273064336265 0 0 0 0 

0.5847101073195691 0.07534290469464382 0 0 0 0 0 0 0 0 0 0 
1.2744744989843708 0 0 0 0 0 0 0 0 0 0 0 
1.0264846382443058 0 0 0 0 0 0 0 0 0 0 0 
1.2090453261614709 0.24992563533633877 0.1961237993064167 0.39698945159141447 0.5543257305770112 0.25229808096983225 0 0 0 0 0 0 
1.0663979531044319 0.25407048057942044 0.9031650129348818 0.5979338356821275 1.1770080600043196 1.2160943203098977 1.2850737223088262 1.1212512503594285 1.1918051672298091 1.1173697845972006 1.032810723211536 0.3631028732764824 
1.0064471532711188 0.7716347247882958 1.7332474931784165 1.1453515785056856 0.516328437484045 0.1608088407691386 0.3431740668135885 0.7651774106954916 0.7293162795518443 0.6044159599010248 0.6264195904741696 0 
0.9747575979987559 1.0331212281475095 1.7523684608609114 2.1850349390447636 2.9589524221348698 3.3578986353519134 2.5274175179781033 1.781349951300616 0.5082886029401662 0.27773788280687306 0.6895225026952387 0 
0.5722450525318886 0.4896332483868663 0.8503658311353135 1.5541131408958493 1.935899674345864 3.0482216690996498 2.0919954309548383 2.8081462827993997 2.2525958327993276 2.4751881070406556 2.4473195914824055 0.7086770597226294 
0.9767320509027456 2.6074824912348333 3.218079214069757 2.7948459827089485 1.7835861072728734 2.312418581674677 0.6970049806894392 1.7587284852016394 1.7666486295491044 1.6917746606437563 1.531758328126227 0.7596791765186099 
0.08616858805022654 1.023139477281477 1.5229503360364682 1.0904494373636076 1.3542262524221684 3.52411539932655 2.9869191635969443 2.4387636023630392 1.0657089675903069 1.1618025488460981 1.1451984697182875 0.21364770813491638 
0 0.2647970548948881 0.11780526920007617 0.15459380025189534 0 1.0476030634169997 1.8386904425729034 1.1315148317602897 0.40922142980197973 1.088066916592377 1.8420330516544257 0.306691862297481 
0.6755252624094396 1.1506377984488152 1.0054525046513167 1.473085613687611 0.47362827869612023 0.4104242920100064 0.2727923156820989 0 0 0 0.5588614859518626 0 

0.4260691049597016 0.04736855993415135 0 0 0 0 0 0 0 0 0 0 
0.637609341898096 0.11771881349052335 0 0 0 0 0 0 0 0 0 0 
0.704033470109068 0.13477350494470947 0 0 0 0 0 0 0 0 0 0 
0.02111515013897375 0 0 0 0 0 0 0 0 0 0 0 
0 0 0 0 0 0 0 0 0 0 0 0 
0 0 0 0 0 0 0 0 0 0 0 0 
0 0 0 0 0 0 0 0 0 0 0 0 
0 0 0 0 0 0 0 0.1384166985556568 0 0 0 0 
0 0 0 0 0 0 0 0.9765048665620513 0 0 0 0 
0 0 0 0 0 0 0 0 0 0 0 0 
0 0 0 0 0 1.1410865360631581 0 0 0 0 0 0 
0 0 0 0 0 0.02409338660625284 0 0 0 0 0 0 

0 0 0.12371553678991759 0.12427390807407548 0.002883907666882103 0.05115030527316004 0.12858461035196364 0.13162454135370624 0.10455198457360063 0.1304782073368055 0.13498945790837696 0.05346225862047284 
0 0 0.15363540583212504 0.23593139061918342 0 0 0.08534432871490569 0.08919443108428204 0.09930825544892022 0.09669972713417897 0.08704813461682527 0.09187945528711676 
0 0 0.22097901620653831 0.1907730705024155 0 0.046454629951455065 0.11142615630998345 0.12052306 0.12063078287057992 0.11652123826720048 0.12067139115699793 0.12052306 
0 0 0.07779121604911157 0 0 0 0 0.0291081558335069 0.12052306 0.12052306 0.12052306 0.12052306 
0 0 0 0.008473066746434388 0 0 0 0 0 0 0 0 
0 0 0 0 0 0 0 0 0 0 0 0 
0 0 0 0 0 0 0 0 0 0 0 0 
0 0.09413083707184092 0 0 0 0 0 0 0 0 0 0 
0.5587320260922946 0.011175593677321793 0 0 0 0 0 0 0 0 0 0 
0.3161346987974537 0 0 0 0 0 0 0 0 0 0 0 
1.1460733286514997 0.6195039703755738 0 0 0 0 0 0 0.3616980706641782 0.40150847327013867 0.5627719893754968 0 
1.0380291938647872 0.531398193213988 0 0.18430055274111337 0 0 0.17451827950055693 0.5587711181792364 0.3889310743599599 0.08825821939698031 0.15409933753396474 0 

0 0.2749250403969699 0 0 0 0 0 0 0 0 0 0 
0 0.048146606676767775 0 0 0 0 0 0 0 0 0 0 
0 0 0 0 0 0 0 0 0 0 0 0 
0 0 0 0 0 0 0 0 0 0 0 0 
0 0 0.38414830342120987 0.6347130255807416 0.11537153945580314 0 0 0 0 0 0 0 
0 0.21879506407192117 0.2594994342338339 0.7211281348318079 0.8322621754424933 0.9828731364759715 0.8236667144014469 0.4953544915326441 0.4123130923513493 0.43969007680141403 0.38170243915362767 0 
0 0.7582631619891701 0.6482215626292462 0.051640054802638335 0 0 0.14347574749516218 0.31078278436504275 0.22836862428879118 0.6948237745368315 0.7312561510638342 0 
0.37078125923089966 0.9683982079071657 1.2957416800293533 1.5133330577593642 1.2899744177223547 0.3599757737529877 0 0 0.07152520678602636 0.26789177457650304 0.6906108210516145 0 
0.36033210325445164 0.11887208175988073 0.7623702583660805 1.436087834183771 0.8601962158912556 0.007608592306713555 0 0 0.8957786857111695 0.7309680894391448 0.8405305464094088 0 
1.5183869098054994 0.899951364854191 0.7763761022023119 0.4089445240418669 0 0 0 0 0.29959713641832797 0.27815643365144394 0 0 
0.5991892138425713 0.16330344193729118 0 0 0 0 0 0 0.05402349541141685 0 0 0 
0 0 0 0 0 0 0 0 0.10347941087875101 0.2425884179140813 0 0 

0 0 0 0 0 0 0 0 0 0 0 0 
0 0 0 0 0 0 0 0 0 0 0 0 
0 0 0 0 0 0 0 0 0 0 0 0 
0 0 0 0 0 0 0 0 0 0 0 0 
0 0 0 0 0 0 0 0 0 0 0 0 
0 0 0 0 0 0 0 0 0 0 0 0 
0 0 0 0 0 0 0 0 0 0 0 0 
0 0 0 0 0 0 0 0 0 0 0 0 
0 0 0 0 0 0 0 0 0 0 0 0 
0 0 0 0 0 0 0 0 0 0 0 0 
0 0 0 0 0 0 0 0 0 0 0 0 
0 0 0 0 0 0 0 0 0 0 0 0 

0 0 0 0 0 0 0 0 0 0 0 0 
0 0 0 0 0 0 0 0 0 0 0 0 
0 0 0 0 0 0 0 0 0 0 0 0 
0.2625271808084392 0 0 0 0 0 0 0 0 0 0 0 
0.9200209752170985 0 0 0.11780134279397447 0 0 0 0 0 0.039199595611261406 0 0 
1.3896566853424446 0 0 0 0 0 0 0 0 0 0 0 
1.2273783702209637 0 0 0 0.14921602484919727 0 0 0 0 0 0 0 
0.6009549314053115 0 0 0 0 0 0 0 0.1482433591306821 0.003752559634578656 0 0 
1.6563525105103927 0.33243062319514527 0.19086825424273357 0 0 0 0 0 0 0 0 0 
0.46864548767061964 0 0 0 0 0 0 0 0 0 0 0 
0 0 0 0 0 0 0 0 0 0 0 0 
0.06005234445078178 0 0 0 0 0 0 0 0 0 0 0 

