0.4272495521833191 0 0 0 0 0 
1.230831568992141 1.1326878704864811 1.1484095114342685 1.1459262547799245 0.9562462160601213 0.7150083495717466 
0.7373176969981831 0.4546427885115718 0.49917226715307755 0.8776481747795665 0.8444810706227435 0.7790691416945988 
0.6428976946731276 0.5814777875225106 1.1165817865483292 1.263680987691089 0.7765827924426268 0.6415292827945821 
0.7332388716713909 0.33894683843246515 1.0505304659909493 1.695109864252896 1.2510812199244203 0.8968156127277566 
1.2743758844754054 0.9135455878277551 1.1227488313676062 1.7226922910526319 1.7251427161236563 1.4625088442937506 

0 0 0 0 0 0 
0 0 0 0 0 0 
0 0 0 0 0 0 
0 0 0 0 0 0 
0 0 0 0 0 0 
0 0 0 0 0 0 

0.996349281390397 2.1986323411242066 2.018142828925834 1.7568731638778654 1.9260732168059296 2.190218790606635 
0.32972548438224325 2.5411036600433845 2.2575609680959983 1.8208282235750783 1.708813374299955 2.2353875606920495 
0.45728781425179743 2.683577587597273 2.2131151795849764 2.2782873229792098 2.0190648901734427 2.168236005165135 
0 2.4519124493567945 1.8891456799749233 2.327342921191699 1.8641269797660724 1.9657448006443075 
0 2.4385889871665536 2.130001620411454 2.39594262604146 1.8541607267831623 2.0000957777288777 
0 1.2110278866814634 1.1243870367117215 1.0715149341272578 0.5367112256975669 1.2067486147648945 

0.20770623846860953 0.15211318929268888 0.1393313823073418 0 0 0.08729700454130508 
0.027390922396176964 0 0 0 0 0 
0.10549815989058889 0.0468271562278816 0 0.06028972872108984 0.1102273874526868 0 
0 0.10667815583488433 0 0.03621301371484914 0.038409736265874996 0 
0.11459883659589151 0.11483788035864842 0.03968133976882168 0.060589094094882584 0 0 
0 0 0 0 0 0 

0 0.14744143640162735 0.15982947153000965 0.027855459585704317 0 0 
0.5601749121698898 0.14268416973748618 0.4093868415564481 0.23239125309533756 0 0 
0.3159716634516292 0.2937698575241381 0.12102532057866996 0.4557627842870305 0 0 
0.03108542885773291 0.055357642914071775 0 0 0 0 
0.14908869549947779 0.08466654219544355 0.4097694404836639 0 0 0 
0 0 0 0 0 0 

0 0 0 0 0 0 
0 0 0 0 0 0 
0 0 0 0.025760980948515682 0.24132620484291242 0 
0 0 0 0.033261583510144375 0 0 
0 0 0 0.5126380180151618 0.16842742661280652 0 
0 0 0 0 0 0 

0 0 0 0 0 0 
0 0 0 0 0 0 
0 0 0 0 0 0 
0 0 0 0 0 0 
0 0 0 0 0 0 
0 0 0 0 0 0 

1.3340648384341025 1.3387143973238402 1.4900052274554132 1.4736693513729464 1.2626246693506706 1.056517232499733 
1.2522282257928168 1.5839106744593565 1.4304562790139674 1.5915500077268425 2.028810713500742 1.1910024113403244 
1.1975597865272398 1.7090372887663403 1.5139132566698166 1.5076498030108516 1.97921839063336 1.4256998236211127 
1.034415165793556 1.553280259060901 1.2222906826776583 1.4198830858967566 1.713690011428927 1.4172872806468544 
1.240382402448412 1.47643740474962 1.087750307064115 1.4607884080430145 1.9668623816394415 1.5793503025446145 
1.3060533240563126 0.994690649389337 0.9922740841631432 1.0691731154999247 1.387845694618555 1.2873432755696808 

0.870405349145032 1.8144357370302366 1.7252221541009987 1.463732741058898 1.950415932490593 2.196291370409334 
0 1.201634110725291 1.1158037769180391 1.5349483808350664 1.7770685095967216 1.0791768858236597 
0 1.1976881935382397 0.8846748349849696 1.7252124382430027 1.9665962069758827 1.167899617157364 
0 1.2580265766275351 0.9553785292464014 1.9133918873856857 1.984558944302466 1.1432188619816417 
0 0.9138186442210581 0.51329671518394 2.223586502656762 2.2912150114956797 1.258789371083431 
0.3194409405770711 0.8106207742807597 0.8249314217375231 1.769269216651971 1.7811148116379725 1.162898134463523 

1.392046936400539 1.2350878719753418 1.436772820309171 1.3705834739386151 1.1160443455747722 0.2966680608338884 
1.79838808543583 1.8838114582563765 2.0352472210458052 2.132930202121062 1.8215104165076517 1.0969223050299801 
1.6567635380564851 2.0345232119131973 2.1560457906098374 1.8620036078798947 1.672163696256273 0.78041879387629 
1.729828812535702 2.277466200262781 2.441023190248637 2.121779320752344 2.0305192876416953 0.5932219849990313 
1.8041670042704174 2.1989017132028255 2.0819803188689043 2.0227947468660883 1.7404597383472702 0.6435052624191626 
1.9144936741411513 3.063219210844534 2.662273340148921 2.847725808067228 2.6675734469654184 1.5924598365062188 

1.784185014938939 1.693585864450682 1.9703009522356387 1.8774181269487005 0.9908537277240231 0.23645688785329816 
1.8009337291004528 1.8043392113040495 1.8948809215085025 1.2865884563522352 0.3953958725862389 0 
1.5277127392667351 1.294192898417944 1.447949496065875 1.360004846498282 0.48324099319855973 0 
1.21815273051074 1.0154897345635592 0.9981463121306241 1.3364864722383898 0.5270940294793514 0.16461816007242983 
1.4565137664742618 1.6530336022762162 1.6248143650886226 1.505681696236175 0.6201303923958064 0.06681743349895242 
1.4951924063703967 1.244083209537558 1.279212828444563 1.0199570253827717 0.7596214872457034 0.9577989433366646 

1.3745993913426784 1.140087227150168 1.2645682839886319 1.1603440706288324 0.46294935812669374 0 
2.20717431441991 1.9173853729087176 2.2151289942923262 1.8819141381556805 0.8369231690594088 0 
2.0887988733356613 1.947937650853191 2.227219115496706 1.964701364566563 0.8440921540922216 0 
2.1038347586162685 1.818830664674542 1.7871803033706009 1.2477537910369554 0.3269075805105992 0 
2.2166456707868853 1.9416877837933102 2.1636538229710203 1.5233445741994613 0.5978121605531695 0 
1.3710126490622794 0.7850475050551037 0.9207846602732948 0.7687881420457665 0.027959410039395644 0 

2.9182925729787548 2.9158133619606583 2.9936029452136803 3.122529907006039 2.827512418505239 2.112783085926163 
3.7168529725852872 3.672937322352194 4.006794511133486 3.6929126799058483 2.8617886722333323 1.6522602060630844 
3.681867546067676 3.613486993689055 3.901914778232658 3.666309370574355 2.762842299589714 1.5228783699153123 
4.02763938033143 3.9491947915809185 3.8384538075882793 3.200244157530498 2.600801010533209 1.4156149844416441 
3.874296444857793 3.992931487789338 3.9286199402392032 3.3993189031361064 2.6011835547500737 1.2728724686998671 
2.8301203294402884 2.8396663240391624 2.761297434539786 2.776128471980594 2.336048867559989 1.362382160187971 

0 0 0 0 0.19371702774999966 0.5821985124455504 
0 0 0 0.07664658078051048 0 0.7498679876521172 
0 0 0 0.037501284733367855 0 0.9353187797176026 
0 0 0 0 0 0.8115002454661198 
0 0 0 0 0 0.852803571016714 
0 0 0 0 0 0.2542776316671196 

0 0 0 0 0 0.2073653657156396 
0 0 0 0 0 0.2998797585191501 
0 0 0 0 0 0.4688778692549031 
0 0 0 0 0 0.5658629769246653 
0 0 0 0 0 0.4563532085163271 
0.4812702224278876 0 0.03875021476274211 0 0.057562087191945416 0.35791525073498853 

0 0 0 0 0 0 
0 0 0.003441943051585912 0 0 0 
0 0 0 0 0 0 
0 0 0 0 0 0 
0 0 0 0 0 0 
0 0 0 0 0 0 

3.5796005456412994 3.7520505590582185 3.8767362929686557 4.108631917179016 3.883081846989903 2.787345868588154 
3.126060136731488 4.234042031762719 3.9530115748497856 3.8990107533210776 3.8332624721005195 3.9722366328803447 
3.374063532004099 4.655271109704836 4.7066558169959 3.8245937083427317 3.498322092400753 3.857965046230392 
3.7034915136908935 4.697608261893681 4.726300034076543 4.580520564432597 3.471755742375714 3.400735216539039 
4.113210367053578 4.938449649383193 4.338902440504272 3.8294134408259772 2.998739915833295 3.160212726366102 
3.484371799738938 4.842792095111152 4.36092026948564 3.3656258805262196 2.473784170913945 2.7488760289579344 

0.14913002161621175 0.7148684479052129 0.8301628171186669 0.7499704265143027 0.5741974889302089 0.16036016163222147 
0 0.19627188786957028 0.2483134927836391 0.2743254835846459 0.01712275917588968 0 
0 0.11297519159122162 0 0.4397908294844179 0.4292904294399788 0 
0 0.39419203310793005 0 0.3534898143024223 0.6101380202341337 0 
0 0.7015991072915373 0.3964092400149958 0.2988268055019667 0.33959811931900785 0 
0.0062172965740448765 0.7120898375388306 0.5915395884711403 0.6829155119525344 0.6608309833254158 0 

0 0 0 0 0 0 
0 0 0 0 0 0 
0 0 0 0 0 0 
0 0 0 0 0 0 
0 0 0 0 0 0 
0 0 0 0 0 0 

0 0.1367808712601769 0.07316400473395146 0 0 0.42310127463319386 
0 0 0 0 0.08084678720218647 0.2267815781270908 
0 0 0 0.01117530752496915 0.1298795465989975 0.03694347126603372 
0 0 0.07925689325944929 0.45809606917391665 0.24573082955835485 0.45665538162864194 
0.0891875321331767 0 0 0.15927562517355576 0 0.23406415217181323 
0.957002084458155 0.6293092648882026 0.5869642479534144 1.092563862146243 1.1330834476644087 0.551415271924732 

