0.26270347323248844 0 0 0 0 0.637466370801967 
1.121778999486802 1.076567178016698 0.9648574202745409 0.8016068164457956 0.8932890762049741 1.6157534688450306 
0.5857277727661431 0.32192253318591935 0.32787289365387146 0.4302731140052474 0.35420387570426326 1.0993744527421203 
0.7242905438879498 0.26293573632217615 0.29327551460839746 0.37782781227904283 0.46684956924662846 1.1306787410378873 
0.5832209311572087 0.25440935257050606 0.5985045967238828 0.8050574059576111 0.6903638289278876 1.1171940553438477 
1.3311090289705731 1.4570079696060518 1.66355738559534 1.535800162924747 1.5973804237748832 2.0341555377405265 

0 0 0 0 0 0 
0 0 0 0 0 0 
0 0 0 0 0 0 
0 0 0 0 0 0 
0 0 0 0 0 0 
0 0 0 0 0 0 

0.7330503266897898 1.98113549053238 1.6197510556442167 1.6754338177185533 2.191222004007008 2.2247221582055325 
0 1.9611332317013643 1.294684871463904 1.0907513965457416 2.0044067680414366 2.828492768959867 
0 1.9426444944626753 1.4125565758108882 1.1405231461662697 1.7034436901921601 2.62069542257628 
0 2.4504344185485207 2.2620823542360515 1.5340074812681506 1.8933542819678215 2.9272196822334533 
0.3356894157429597 2.5938967472664816 2.620277776891139 2.3483898687294418 2.260253953218233 3.0246480625570196 
0 1.3687721794499002 1.4024632440199294 1.0786442968513328 1.0338160835777244 2.1053071636605285 

0.10879913241611397 0 0.05299041983923283 0.03644003770858177 0.12328348629109345 0 
0 0 0 0 0.020296346992027425 0.03649898663948853 
0.10572539625841856 0.22238574149530596 0.11718899453156811 0 0.018345071780706657 0 
0.18623170517796367 0.15814305994178224 0.2539694432979873 0 0 0 
0.2689377997990141 0.02527588217942698 0.055201518746023 0.25596498716383204 0.18596695188726178 0 
0 0 0 0 0 0 

0 0 0.10379922694012847 0 0.07790297046378833 0 
0.14382505331823242 0 0 0 0 0 
0 0.08370608808489576 0.6373907710039933 0.013130486155436605 0 0 
0.34857831413436907 0 0.530883407636267 0.6505157746803378 0.12916085282320183 0 
0.4646012247884309 0.1496549544705647 0.2588728681244445 0.5816011981603396 0.1368221136847351 0 
0 0 0 0 0 0 

0 0 0 0 0 0.209632375707897 
0 0 0 0 0 0.002747875087454388 
0 0 0 0 0 0 
0 0 0 0 0 0.34589617521663485 
0 0 0 0 0 0.4417622707445608 
0 0 0 0 0 0 

0 0 0 0 0 0 
0 0 0 0 0 0 
0 0 0 0 0 0 
0 0 0 0 0 0 
0 0 0 0 0 0 
0 0 0 0 0 0 

1.0176342798168834 1.2325299412598834 1.4679565658940392 1.4362912362177673 1.1873763175705878 0.6864341119100305 
1.012915906744401 1.41084314073782 1.903464501205872 1.5587116527509577 1.4867888760843901 0.7600987897290339 
1.1992525670787975 1.4222158592492549 1.7025903971553489 1.4707392495700915 1.178759394348868 0.7013907429477788 
1.3379741888367118 1.4428517983338123 1.4586414481166077 1.5519600190931462 1.5761589134829324 0.6777239272771273 
1.4589282500756575 1.282064543951836 1.3161572228647567 1.5553448139495898 1.3164589136085196 0.41536410898528847 
1.3585272050177941 0.8542464447687386 0.8539522374455271 1.028086343770431 0.9832873348624738 0.43224869611551314 

0.6373418444828199 1.8194174641722063 1.3656830015910595 1.2736119253151081 1.763612645845148 2.2968522402393137 
0 1.4253016378350116 1.1804038307176372 0.2201185688339053 0.5871879557501203 1.6649625797012366 
0 0.8265543024550983 1.0135722454158416 0.5885880278920531 0.5398704145497325 1.6550620242708642 
0 0.891944685789285 1.244203368062816 0.6705762699650775 0.524888507036292 1.7079859184985369 
0 0.7332763151345516 1.0544830573628314 0.8084100337968143 0.5572825697914008 1.5269235166048922 
0.6108886188771154 0.8611401032186538 1.1716151162713857 1.1648522428250123 0.8779621100000776 1.0563115155494192 

1.4487826107312707 1.2473063049662576 1.6832017101572379 1.5675571994218624 1.4698292957797896 1.0114657292261788 
1.6156720739025863 2.0700656086758613 2.1823927414609074 2.177559847760512 1.8942304548188613 1.3249437177143006 
1.4980887105622709 1.8303068076826665 1.9962371070999583 1.8630583412289132 1.757775555423722 1.1449654413724604 
1.7309096867598477 1.8730877565340687 1.9769316935367038 2.0733362863495413 2.0049689443835095 1.0998349201723119 
1.862805605887199 2.0338428948260683 2.091044540163549 2.27911468516882 2.177358561262167 1.2661938057986026 
2.1211258601602823 2.9918352539329063 2.9033715466703462 3.070659400999008 2.8600310536022926 2.072607286584023 

1.4248657426032334 1.3129563092449106 1.437924696165887 1.41453454754133 1.4292645932477241 1.1803467545758568 
1.1302940121824767 0.6540341217816019 1.2068449051504588 1.0850743011040624 1.071337965703001 0.467472690543314 
1.074564755856328 0.8521347305764907 1.5668943883271313 1.541534532834432 1.1029863688814092 0.47897422809384593 
1.564139136608611 1.4071632568609362 1.8249584132355927 1.7549300049163494 1.4383558474182903 0.6185385473728092 
1.9898461351932604 1.684688827382545 1.8659824015847384 1.9211152760773307 1.6791761451555756 0.8809956516232158 
1.6476621051753635 1.128914227572812 1.221633907627031 1.3560989657964206 1.1401253511231164 0.8513505946559633 

1.1174109813771673 0.8222607367204027 1.096602086101521 1.211703084978736 1.021993245516719 0.5712630440166023 
1.9945563582221721 1.3558477655342793 1.993260442873106 2.0231193156993434 1.8406214383647237 0.7252936708449141 
1.818597946882919 1.579653987181531 2.0797745180118192 1.9527348224344974 1.3611587178961955 0.23485468700918416 
2.1060646255501183 1.415155659570642 1.9252845168502624 2.215883026109276 1.8060663748153796 0.34895040057327287 
2.4097298103049534 1.8771391306668432 2.056254969749645 2.3948581093687475 2.1000284625232997 0.41372092779382924 
1.6047722799326147 0.9744622858060215 1.0373948294445539 1.294643819689739 1.0699751825615995 0.32282133662175244 

3.0219980602946386 2.906600542340885 3.053209917119913 3.2035953050584527 3.1271978721097584 2.63728512176528 
3.7615694544556946 3.4048971501208785 3.4894174017820707 3.6448062881904266 3.5443196272883726 2.594175040569572 
3.4656604525693564 3.3415481920818504 3.6596376128068235 3.7493210666983416 3.6245963322959165 2.609485549639645 
3.760111001275467 3.5603202765061757 3.7354415362021682 3.976440394110083 3.8232989706350398 2.7393188781097484 
3.7793349336576165 3.7536889542813694 3.874324251463253 3.9531495943721113 3.8699770650845453 2.7491647127815813 
3.132529876545843 2.991955638138235 3.0030426947149076 3.1812391714962254 3.0748795620676974 2.2821456258373467 

0 0 0 0 0 0.5327728085840235 
0 0.14521522784525503 0 0 0 0.9962116869214571 
0 0 0 0 0 0.8723214402739584 
0 0.04388375244562576 0 0 0.08057729259346261 1.3381690578346066 
0 0 0 0 0 1.392002385853328 
0 0 0 0 0 0.29670029980942425 

0 0 0 0 0 0 
0 0 0 0 0 0 
0 0 0 0 0 0 
0 0 0 0 0 0 
0 0 0 0 0 0.009891934010556628 
0.2330922678921505 0 0 0 0 0.17019108865161667 

0 0 0 0 0 0 
0 0 0 0 0 0 
0 0 0 0 0 0 
0 0 0 0 0 0 
0 0 0 0 0 0 
0 0 0 0 0 0 

3.6671203348272323 3.6269824628675598 3.8607282813143162 4.077329856822394 3.8889872069922187 2.7782547041926287 
3.0655946098232394 4.199716366481655 3.8388774890648514 4.146482957148166 4.398447593582955 4.095507623592799 
3.796942640586656 4.518072395078558 3.908746100211047 4.170158434964443 4.745059355186744 4.114056478599218 
3.9676472046266684 5.233801458733055 4.315952119895928 4.201452422806001 4.617322752970727 4.228600651437145 
4.073265310930569 5.080081858937401 4.688032837151994 4.735515184678286 5.155052130694156 4.602491932084728 
3.237222019871212 4.665640754580308 4.430825417479517 4.257759064235412 4.345824650590962 4.583147167766877 

0 0.7921767145909264 0.7079048060107015 0.3488000766654563 0.5953402542442616 0.40655922775971853 
0 0.1457780625038055 0.4451437287053023 0.10868322277558423 0 0 
0 0.26694160383445353 0.6331782044073863 0.4782245840701646 0.20079119158498968 0 
0 0.2550108804500515 0.7756669148437628 0.7550980708009059 0.30237837664617256 0 
0 0.3224299633685701 0.5170763375782257 0.7412800642545554 0.022377221647408095 0 
0.05229539955615807 0.5612438639191981 0.5783453610805389 0.7410448010977697 0.32695297135871154 0.013990324390907572 

0 0 0 0 0 0 
0 0 0 0 0 0 
0 0 0 0 0 0 
0 0 0 0 0 0 
0 0 0 0 0 0 
0.025754655382670962 0 0.0029058409540438437 0.04741602537658157 0 0 

0 0 0 0 0 0.44117437477464644 
0 0 0 0 0 0 
0 0 0 0 0 0 
0 0 0 0 0 0.17659757856076946 
0 0 0 0 0.11776001800467514 0.4312647841749574 
0.7818363919401669 0.846751325863575 0.8817893465285538 0.880746673011726 0.979072196599822 0.7651457749120938 

