1.2796436894880132 0.22181703706075626 1.0903989886606886 0.9985944380610541 0.6449064314402443 0.5612387220207328 0.9727800036022041 1.2612375614817528 0.6984764475664536 0.6174516644388002 1.3109657048273586 0.2683618863355249 
2.3494761566871185 0.9583026463280837 1.2076227199250218 2.079464365659675 1.891263558611519 1.6075509347283243 1.907651828468486 2.151150992643838 2.087780702171657 1.9221747050431193 2.2689442474585775 1.6876622207418333 
1.5689772311660886 0 0.2962632574537914 1.840973048432198 1.5088715970479267 1.547792228249741 1.4296556441614139 1.298829832222786 1.4706033125656142 1.3528285855072284 1.5761524001868983 1.6052339864888838 
2.3899904109140446 0.6270466014835626 0.83341531920075 1.674370806602242 1.1442227784402068 1.3393606168801862 1.326458036622328 0.8855324298789592 0.5421726205514249 1.0693142207922968 1.484711809231994 1.3300777006682354 
1.8151202111611493 1.1378110917194675 1.4079918502991247 1.6613617509940781 1.244541079455505 1.4483572044901294 1.25616782616937 0.9600824158044317 0.41717270476406737 0.5596945911968083 1.2898377261070686 0.9339371888733469 
1.3426984301010851 1.343973722069673 1.540360447370347 1.6227889870476075 1.4517120792115041 1.5767783899352577 1.239910922219066 0.852645329180867 0.47273770502257434 0.792128505358804 0.9030055058423029 0.4867942360097951 
1.2229833207255063 1.7049557111172107 1.372808172618502 1.3974309878185227 1.5760857664581094 1.760016977467042 1.6940012390654375 1.498684945779987 1.3582726569174666 1.3259655400721428 1.3148686249826271 0.6725665552059091 
1.282976608139419 1.6907665380915238 1.380108091001145 1.393407484609767 1.5386521038912406 1.7455882619962204 1.7674856365071507 1.9759039149118822 1.8658539366047167 1.929368749787903 1.5280803469182211 0.8985509693580237 
1.337332761195303 1.506957334116837 1.38078177 1.433774568278653 1.5028564828501274 1.4131418706186798 1.316122661796326 1.3125826905623719 1.4084914213926165 1.7037222455917813 1.38274047727019 1.1738023802515938 
1.3842742564770638 1.3788272543878741 1.38078177 1.3921870648503811 1.384584007258123 1.3820801268561032 1.3598719877971792 1.259641916935644 1.247231189685899 1.3496275459866434 0.9961506826028872 1.2373941021730397 
1.3741124788587096 1.2264442385583887 1.2298819476159226 1.2380013735095126 1.2563194670776832 1.286985103932951 1.0516669300903863 1.1402454106573408 1.4263046961128347 0.8731827486757407 0.3846566034429447 1.2782664288193761 
1.4236641849067104 1.2987403201550727 1.2903448502045742 1.2710228057338215 1.435299834572437 1.5700356900616248 1.189710918883693 1.2474938311741672 1.6476406575137499 1.1124569411690965 0.577169100732861 1.5768602756776569 

0.27838140332741096 0.2315901087477945 0.19957855692119295 0.16054333295773668 0.1235133319979191 0.06509793700143021 0.07273132032863858 0.3086037810323544 0.8766814015666208 0.6620242180958971 0.9847885603246068 0.7605398897702605 
0 0 0 0 0 0 0 0 0 0 0 0 
0.015621579677244729 0 0 0 0 0.010480308658365349 0.10864218831363477 0.2244339323758892 0.2560715964508793 0.2242938733344626 0.3755895378014129 0.10839395011553228 
0 0 0.027125158416315652 0.16868495379313148 0.5648416023580339 0.48495317293721263 0.5097517921773451 0.45480466947024273 0.3431584711429181 0.11205162129153542 0.272773190072359 0.14110423148658732 
0 0 0 0.20236531662626353 0.42138073570852014 0.3687272387040098 0.22982404368579862 0 0 0 0 0.09120525211441902 
0.5595904115593681 0.33926177209347985 0.2950964080444516 0.2765627635560501 0.27616500713204023 0.19708721954731562 0 0 0 0 0 0.10702462353552814 
0.5831183537647262 0.37455748245423415 0.6157864252607267 0.6015241624515246 0.2592605324109861 0 0 0 0 0 0 0 
0.5170188543115255 0.4500088853343177 0.6150590749087134 0.640372390778027 0.3890711321644296 0 0 0 0 0 0 0.16994381196280126 
0.5848452586527068 0.5654183702067731 0.61497229 0.6192727392981093 0.5276254231364135 0.4755965510131155 0.5572284127692703 0.5250480172789254 0.30246628565577005 0.12725480367745395 0.5317030026828022 0.45334118995986683 
0.6085597091738802 0.615224075285374 0.61497229 0.6144755011520107 0.55855279602835 0.5060034930502219 0.47173563795172324 0.40776347765681764 0.2190677764187229 0.23124051836849613 0.8087715947597163 0.5656639260886633 
0.5395716812508339 0.4804742902276232 0.49175779263086783 0.519637413993557 0.5590889750419171 0.5605943537737841 0.40720183837466634 0.22367089269680113 0.1842913856859981 0.3839789697704601 0.9979959225363811 0.6239936852136997 
0.5134935951574503 0.5263424777694716 0.5382367490521266 0.5685380555566468 0.6349640065824175 0.43037365750310064 0.3485315873441853 0.21060748883243524 0 0 0.41332022611512 0.19343865571255328 

0.0486884242383768 0 0 0 0 0 0 0 0 0 0.14059104664940097 0 
0 0 0 0 0 0 0 0 0 0.04373095069280305 0.19059259817556778 0.3917848870848809 
0.13858216950127253 0 0 0 0 0 0 0 0.24780576223707024 0.052177707594105324 0 0 
0.29326386172465824 0.23530845163342184 0 0 0 0 0 0.18691831192793787 0.33693185940490383 0.19430664993195615 0 0 
0 0.397409612364389 0.04947021765065984 0 0 0 0 0 0.23309268512037398 0 0 0 
0 0.2324836498130576 0 0 0 0.144911859425351 0 0.1274355920050424 0 0 0 0 
0.14300663914639955 0.34700132550330137 0 0 0 0 0 0 0 0 0 0.1663411158453642 
0.21080733493033268 0.18734197374918465 0 0 0 0 0 0 0 0 0 0.10200522563059353 
0.05616109770564731 0 0 0 0 0 0 0 0 0 0 0.03853422547894812 
0 0 0 0 0 0 0.01616935210101563 0 0 0 0 0.16202629779956976 
0 0 0 0 0 0 0.04380333051828031 0.10273071120008229 0.10048099427712753 0 0 0.008221629271653704 
0 0 0 0 0 0.04907794293194862 0.17738499985230835 0.018999817746753675 0 0 0 0.20297724780427312 

0.10305611596836355 0.03688780865103761 0 0 0.17350307954458344 0 0 0 1.0424602346874199 1.6037053502339211 0.3670527390452205 1.18683513168674 
0 0 0 0 0 0 0 0 0 0 0 0 
0 0.16849179159617023 0 0 0 0 0 0 0 0 0 0.3198750051931717 
0 0 0 0.29040093391104305 0.35396432714437115 0.2985072242948573 0.3134952737034923 0.43328585450841395 0 0 0 0.4270999016944973 
0 0 0 0.017444485905322327 0 0 0 0 0 0 0 0.28947388406756436 
0.4669853826938201 0.18812030032896018 0 0 0 0 0 0 0 0 0 0.023522850998326295 
0.16023186562928987 0.27161605937839584 0.10186787511479939 0.09343674306948399 0.045461876229527895 0 0 0 0 0 0 0 
0 0.1008537978338411 0.1086509164621686 0.127013677856933 0 0 0 0 0 0 0 0 
0.030762536235642395 0.06747641595692284 0.10951276 0.041155397385383534 0.026690778955005746 0.09661639156784686 0.12814408416146997 0.1539025391217971 0 0 0 0 
0.10932557829991565 0.10701233078554562 0.10951276 0.09312610255663117 0.12767395625332825 0.2443242691997115 0.4011131577836687 0.045330540091913535 0 0 0 0.01914379025308416 
0 0 0 0 0.07515993260614788 0.349867467573486 0.5460914678329722 0 0 0 0 0.09133413492123012 
0 0.09049821768181655 0.10008564458540198 0.12986903235590946 0.04407541469724538 0.1341599188703616 0.23396626078760913 0 0 0 0 0 

1.3194475987055363 0.6673378705055845 0.7554130940597776 0.7385432294151311 0.8189702010841534 0.5772862250681388 0.430626046025455 0.10865280674550551 0.7143736929897366 0.9764467851312757 1.2482176742120508 1.7069870169961419 
0.9655012248377519 0 0.1837034710137661 0.04330883678140494 0 0 0 0 0 0 0.1763497842441824 0.8200969283247872 
1.343793861818944 0.9330707903825415 0.5286030142051169 0.7359918207551241 0.44935409199682325 0.6474450682928007 0.6863765132661677 0.6540855787277537 0.6314093156917201 0.4411985051014962 0.5072255162849258 1.3007548239690776 
0.7155518386065964 0 0 1.0163071032713216 0.7957599211993538 0.9580347474134052 0.9859880073792878 1.146536151193203 0.9448083800194781 0.7808203828067949 0.515916698560073 1.183683655565482 
0.6972995633667732 0 0.2494780297990867 0.7415656550285066 0.7789615294380515 1.0490818220227565 1.0859423914056288 1.3631511136874928 0.6172569318158706 0.29155156308583113 0 0.909505929057417 
1.255583363443513 1.0253532075145864 0.810292934121612 0.6626674037805605 0.7128321348907567 1.0576531177349324 0.8913588945944376 0.8762847736753968 0.12539483036233995 0 0 1.0176621311484215 
1.2057009431523402 1.0006716724167437 0.9217779746512764 0.9169949331703032 0.7754957339508213 0.7432166576489383 0.2902163794787973 0 0 0 0 0.6356629223255371 
1.0223236332341208 0.7602336340848093 0.9375105592326994 0.9147971196963827 0.8323430125731708 0.7889305484530027 0.22275199613925128 0.05685576099816782 0 0.08321017531743773 0 0.6019462961846324 
0.919040718949627 0.8032961640158501 0.9395951 0.9185189573561819 0.9227764072029605 0.852405587739095 0.8675363643530635 0.953087737332021 0.7901976994904628 0.5547528581994993 0.09774679747173304 0.949236027066727 
0.9397673204324433 0.9335473124324392 0.9395951 0.9358922750093309 0.9091269639136486 0.9743861547485635 1.0956388871925633 1.0020470980016098 0.9659650670580885 0.6458248568680821 0.31103035158151926 1.087853871773738 
1.0463172661564626 1.0244302563370953 1.0176240213782624 0.997647477467379 0.9023875529815989 1.1037931185163816 1.2526162859619825 0.9424586055120755 1.005040203447815 0.489927917496354 0.33273716966330286 1.0208351785564507 
0.9031470453928152 0.7766558017383477 0.7845950086170983 0.8036375500929143 0.7386300339336108 0.8852761454692939 0.8290230692378923 0.49978450031899746 0.6274843410112101 0.13284647176817904 0.3017051921264544 0.9478034577261777 

0.36935477834681857 0.05197919829368903 0.20437957726815134 0 0.10086720215570964 0.20630130083154624 0.22903826666666044 0 0 0 0 0 
0 0 0 0 0 0 0 0 0 0 0 0 
0 0 0 0 0 0 0 0 0 0 0 0 
0 0 0 0 0 0 0 0 0 0 0 0 
0 0 0 0 0 0 0 0 0 0 0 0 
0 0 0 0 0 0.18857843091421866 0.24758508593237896 0.39002051856269315 0 0 0 0 
0 0 0 0 0 0 0 0 0 0 0 0 
0 0 0 0 0 0 0 0 0 0 0 0 
0 0 0 0 0 0 0 0 0 0 0 0 
0 0 0 0 0 0 0 0 0 0 0 0 
0 0 0 0 0 0 0 0 0.12793576299227302 0 0 0 
0 0 0 0 0 0 0 0 0 0 0 0 

0.528303754585765 0.5345570274382425 0.38832539755763473 0.8069272526581585 0.9949849500648 1.1754571111062735 1.1214845899329529 0.761259408728284 0 0 0 0 
0 0 0 0 0.0277901460548605 0.17573190884045628 0.018169045854646255 0 0 0 0 0 
0.46345533464215605 0 0 0 0.23289998499287168 0.22733341618918743 0.030198569804219637 0.11938908531669978 0 0 0 0 
0.00917291708945027 0 0 0 0.38419287668913604 0.2317665435047258 0.09959137844023302 0.21769370245088404 0.015236868967732187 0 0 0 
0 0.07696315768230051 0.0747611290014073 0 0.4039853282531619 0.2821210500986053 0.5338567359146078 0.2936313593099004 0.8530066794288365 0.8243534086448753 0 0 
0 0 0.1788612715394053 0.17591059981641105 0.6123359566832818 0.5160287277514783 0.8130605715047325 0.8812537071832123 0.9095418113370082 0.744755144548906 0 0 
0 0 0.3368892580853464 0.3007290302759987 0.47522635176302575 0.3545282724345106 0.48524081140932385 0.549573562807055 0.4403611152817663 0.2828506177408657 0 0 
0.01263324802856084 0 0.3291955371934312 0.33739127204751834 0.2596858594019941 0.030285135477569697 0.0239906270327937 0 0.29452495159336556 0 0 0 
0.2804389423739672 0.20955684071409697 0.32815254 0.318604315416605 0.28962309079959647 0.3135515650094259 0.3586883929887645 0.26064389372899216 0.4217404072585107 0.010633941302219944 0 0 
0.32661906749470637 0.3311785424454224 0.32815254 0.32522590289878006 0.26901134688091377 0.20674638086769537 0.14275514064654304 0.24558177784892665 0.3438548342098505 0.23493894430990175 0 0 
0.3451424196018832 0.46956414984212663 0.45852577121640553 0.4341266657295486 0.42296014060284076 0.31939761770615843 0.08742854597209865 0.5306354337383374 0.6391740882074283 0.49154203576670513 0 0 
0.4726945172325271 0.49695370504054415 0.4725693209602597 0.41376173391902177 0.4276953899150144 0.34573966056510286 0.31010624134022535 0.6427092411678722 0.4523539097658863 0.32770496773797697 0 0 

1.924511124190474 2.0995898034647733 1.9588895456878568 1.7237653747748856 1.7311749126894775 2.0121415875350084 2.1209655886164605 2.076788754473047 2.3044844459277405 2.2821590923323347 2.165900464582669 2.1107379010616087 
0.1537816989023999 1.5769970814866219 1.8293397320400557 1.8658348336113546 1.5133597445231421 1.2669163040002498 1.1765741431507961 1.5418839102442616 2.2439806562450006 2.371375268270258 2.186679559676374 2.075802568568293 
1.1369228522869335 1.5393378449288968 1.6349542890516864 1.6726408400039816 1.9093476891882657 2.070872318371554 1.92704932219536 1.5208189730219686 1.5755027368555878 1.6474487356798517 1.5144720034677415 2.310868092556701 
1.2660277228390917 1.5237666051367171 1.8920572511269167 2.018817306585281 1.9060030298529842 1.7513109607794406 1.7311197136443124 1.6108324570886623 0.934465206958631 0.9108632659599373 1.5194701398375434 1.888964317092412 
1.4036984177270615 1.8196210636791772 1.9886803989928374 2.0251810590832444 1.9353794722008801 1.4630608050659082 1.3258724690506603 0.9195526179146585 0.6967212583251117 0.8496654000846745 1.791167699887633 2.279573793906948 
2.1020401955681125 1.9246624961448093 1.7176130736498254 2.0307336278652968 1.916250776135919 1.6574506223401388 1.230596950267807 0.9444227215883585 1.0927751943136297 0.8698582087158866 1.33284523007504 2.2054118332423993 
1.7425950198084874 1.9802546941850636 1.997810106718367 1.9721413846679052 1.658528754775403 1.6337100684106634 1.5262654278605372 1.484983677859626 1.6747628205829268 1.5400748622170435 1.227045955025585 1.998621081857639 
1.6463042617174168 1.9747261004154457 1.9964846426339287 1.9741203594001178 1.7472758732557436 1.4808513674092525 1.3402078936689241 1.2863953762307023 1.707253127967216 2.0336225991580323 2.0570320024935893 2.2551727941450195 
1.8610325720881877 2.0035317487111546 1.99629569 2.018076440855575 1.9907443815513604 1.9176200429211543 1.9406343342997272 1.858051771289486 1.6605257189874891 1.8218468693569614 1.885884278796874 2.1422849781198408 
1.9939347701549925 1.9968438900679755 1.99629569 2.0020345286922723 1.9187479360233608 1.8744479862505945 1.9487833354312738 1.7981409655493725 1.2643773116634123 1.379107004638798 2.2029282991559884 2.2527021296627394 
1.750388459086491 1.7954256824715904 1.8152665948191575 1.869963290709261 1.797834499440141 1.7485379042267843 1.7708698236815623 1.7659550859413415 1.723688814853233 1.6006070580889018 1.7553163012877602 2.1411132575107303 
2.0963948575790208 2.0456601516056825 2.0401866495375542 2.0234657538181455 2.021073036377992 1.9457484313912772 1.8542014071712896 1.672582862891959 1.59108928397366 1.5319830296829628 1.3415355116164618 1.6105457736726279 

0 0 0 0 0 0 0 0 0 0 0 0 
0 0 0 0 0 0 0 0 0 0 0 0 
0.115151990295324 0 0 0 0 0 0 0 0 0 0 0 
0 0 0 0 0 0 0 0 0 0 0 0 
0 0 0 0 0 0 0 0 0 0 0 0 
0 0 0 0 0 0 0 0 0 0 0 0 
0 0 0 0 0 0 0 0 0 0 0 0 
0 0 0 0 0 0 0 0 0 0 0 0 
0 0 0 0 0 0 0 0 0 0 0 0 
0 0 0 0 0 0 0 0 0 0 0 0 
0 0 0 0 0 0 0 0 0 0 0 0 
0 0 0 0 0 0 0 0 0 0 0 0 

0 0 0 0 0 0 0 0 0 0 0.7091264149076473 0 
0.028866468853230354 0 0.21755869391254473 0.24959141178339156 0 0 0.2307157213748389 0.3815868847710876 0 0 0.5699270531759809 0 
0 0 0 0.261258464272903 0.322851814690625 0.332687701429293 0.6496611494198288 0.5343906432802659 0.10058129015635461 0 0.12911581152579968 0 
0.27182509758948303 0 0 0 0.3885902967259677 0.578577052974366 0.4923566463551905 0.15033715085441696 0.09756266076032549 0 0 0 
0.7169753049387201 0.21801723235141612 0 0 0.14924081469703224 0.25333008801373075 0 0 0 0 0 0 
0.12009647038703325 0.731935698013804 0.5143899434345212 0.28812688455540375 0.37235555670232745 0.11657891748375154 0 0 0 0 0 0 
0 0.18400001049194753 0.5222704663619627 0.5838474604797148 0.7044289616712517 0.5162738286370542 0.2360802301389597 0 0 0 0 0 
0 0.0812734633850085 0.5323798642280377 0.5495390555668183 0.6419656225121068 0.5892063616326696 0.5031859569606272 0.4455053923817519 0.19321412037046137 0.12434381255310129 0.4387318581231227 0 
0.39039615679955547 0.3650554262215123 0.53359699 0.54703759122142 0.5242682864692817 0.47860967507296615 0.3866575505690001 0.4979920915899743 0.6700205493258705 0.6409392630139946 0.5459565676751309 0 
0.5323721882380305 0.5300657958745122 0.53359699 0.5363624918742599 0.6294695812890214 0.5413526182646129 0.41166864032201755 0.4228740287443781 0.19919994095401714 0.21522481190776957 0.004371769463267297 0 
0.3040487488263769 0.15861045313386946 0.18218766705462758 0.24452290350629108 0.41239071451560877 0.22878284468973195 0.1936965322428868 0.26566977505195616 0.009323362617240566 0.028521897408219227 0 0 
0.5037987766042583 0.3543689963097415 0.35537204582620513 0.35971868440862836 0.43862141190436355 0.34146691597364076 0.10024964881031254 0.3641341959277212 0.5863051300024824 0.1201634587886326 0 0 

0.5187429252485121 0.7223030663928982 0.799160638104152 0.5915246462279329 0.6654646953437964 0.8696700423936723 0.7520396506857 0.5031577206893194 0.2785163897622623 0 0 0 
0 0 0 0 0 0 0 0 0 0 0 0 
0.3343736271654923 0 0 0 0 0 0 0.06124766015221549 0.13243021618525191 0.021511689858875173 0 0 
0 0 0 0.03675423146383118 0.2830138919397833 0.15294632528674001 0 0.5064013332730308 0.17003222861067308 0.3043339804646259 0.01495779450030136 0 
0 0 0 0 0.15221326280949318 0.18343736011447878 0.23063700992227854 0.24851223448617157 0.31878739991329924 0.032356144597428374 0.2749804781681684 0.2781583337344419 
0.28925141945622823 0 0.10258576421786207 0 0.12830042583208076 0.6153258984624442 0.4929250855690321 0.524220557399487 0.3426329837317929 0 0 0.009366239891640926 
0.3835771332480855 0 0.3793171348923038 0.34191762739398657 0.22698522828064757 0.06873626447581518 0 0 0 0 0 0 
0.30436598921963187 0.15954230022152557 0.3873777199614778 0.3393229401171075 0.21239192604932583 0 0 0 0 0 0 0 
0.34838403224454356 0.3317138305627391 0.38837066 0.3964807057067168 0.2772182832251592 0.10602530789883112 0.26930009906034874 0.383034484369898 0.28835794484971256 0.04449377631193897 0 0 
0.3803295036900605 0.3854898862034363 0.38837066 0.39217457520913773 0.25626390852753117 0.2976490479825161 0.5810006752155372 0.4426429344971223 0.38428843227701015 0.1840109440609536 0.07054313860533294 0 
0.5174066129103371 0.48485622241244536 0.48059084771921096 0.4647037626605703 0.22379035774891093 0.2669334011545226 0.34176243330220224 0.37550435183023523 0.7273814012469034 0.4153457164956177 0.4742436662210041 0 
0.5232592495063968 0.48115482366935847 0.46608391872866506 0.4274457188686307 0.37018349966360276 0.061218676974935486 0 0.0655076342499471 0 0 0 0.041447376907657645 

0 0 0 0 0 0 0 0 0 0 0 0 
0.22543164620731757 1.2910693458413889 1.0658339251489155 0.4220882710153867 0.34839578190796394 0.9042205559909055 1.344785274332623 1.9367937802621755 1.8459923504140379 1.754363642440385 1.4962668402738164 0.5228317122417704 
0 0 0 0.7267052152695063 0.970860995690685 0.8759283631147811 0.8327889415803791 1.1379141406065165 1.6784710749343306 1.8014286919705507 1.669007965789629 1.0675379762423167 
0 0 0.46548109983551517 0.1777969357668418 0.18673574323346934 0.4100959480669332 0.2692477345582046 0.37899845992262626 0.5905603523246219 0.7936847947989396 0.9913790431710185 0.5034595659825538 
0.8786937338403742 1.2229902008479712 0.8610360923556092 0.06897544565728178 0.16740893791771155 0.0231660823877905 0 0 0 0 0.48481092412605703 0.3148298541055746 
0.8355170197020341 0.6975414119974332 0.6146718928199203 0.5679314805562214 0.39196155080961614 0 0 0 0 0 0.45516436886354544 0.6096259009149353 
0.8196728048574953 0.4182177230379974 0.47541278574722207 0.4995272467142053 0.3100294606489593 0 0 0 0 0 0.7287898363434655 0.6970837867227258 
0.6301114321770779 0.4072872307925117 0.47533007325675797 0.41483061684283884 0.40707567201089817 0.42429557288557973 0.9096591412665433 1.2392509243114522 1.4826341259980955 1.1699693931899535 1.409920720182947 0.9416525831159263 
0.5117076233113754 0.43802781191814244 0.47508544 0.46244500723734655 0.39500260031168266 0.3786619501137514 0.4035942264413492 0.43541450070752297 0.556846309230006 0.8470834944917395 1.7833447071566249 1.6442187699956616 
0.471867706503332 0.4757951838400059 0.47508544 0.4756324720758804 0.5348853558193034 0.5264722786464122 0.4594067677316858 0.26889945908329926 0.21165338811971804 0.8827759918678101 2.0661172195819386 1.4529517822282174 
0.31379400511730215 0.2184297162685383 0.23595985545770753 0.2817352526561504 0.24083584281225606 0.03312677783733578 0.009433100564680684 0 0 0 1.288935133704189 1.3412523855361318 
0.11307492531722056 0 0 0 0 0 0 0.04019908363008967 0.07413565417244017 0.43449210814203854 1.3313230711173702 1.1046842927134863 

1.2494235910941107 0.36045545621408925 0.9917138222291063 1.0024747832643859 0.6452836746944272 0.3474868665306321 0.7107537676786272 1.348813743531261 1.0653971537035154 0.7723915619828994 1.0850024489893357 0 
0.9947029008618741 0 0 0 0 0 0 0 0 0 0 0 
1.7191785226617489 0 0 0 0 0.28839055648971473 0.5637875236116149 0.5088964771429833 0.4746357279796227 0.29293983479904506 0.20809149560799756 0.041282091322656304 
0 0 0 0.4000132989877058 0.5627647711337568 0.8301784731359156 1.112514912858322 1.0478044230798815 0.30629918492183456 0.1051095552808583 0 0 
0.10389760172219155 0 0.14762844075935222 0.3477919956331691 0.4666302557495846 0.8792159703940188 0.7660499271936247 0.44152979002942744 0 0.1469382115885121 0.29986441198434904 0.00865195896084077 
0.6420822115218149 0.13100320389337342 0.34061214241403753 0.36350894272744105 0.7683790678374736 1.1311066286673017 0.9639251659294015 0.611024208074334 0 0 0.18428277366288712 0 
0.5338830942491939 0.4221392773149331 0.5966777096197461 0.6038030918919904 0.8970684571482065 0.5877226767957924 0 0 0 0 0 0 
0.5481607148164592 0.5904750262987031 0.5987610192004369 0.6530221730272011 0.4305897820540449 0.028029692453289873 0 0 0 0 0 0 
0.6231507336415743 0.6339678058972553 0.5987981 0.5277654273429773 0.4708766477166783 0.5777605712686491 0.7165472400932896 0.6790406686153563 0.595982828128809 0.4771193199317042 0 0 
0.597174209998483 0.5986905190871625 0.5987981 0.5801668068477475 0.6584529412995436 0.9252042353001477 0.9248672399502214 0.7546909370623034 0.6680702421980147 0.30563704456745255 0 0 
0.6549225832251876 0.4911515470874299 0.4826648556984643 0.4625777066692972 0.7073202534817502 0.9824661480216315 0.5937837826242051 0.6299539513779846 0.91330175297177 0.509167764173496 0.10687500470319669 0 
0.6963649515910961 0.6688573791146157 0.6555837924782384 0.6226913772033679 0.5649786399704353 0.4764841786117447 0.38906786736371185 0.48004153012086864 0.32912023499794896 0 0 0 

1.0067279205558126 1.5351743400520317 0.18178275786258996 0.5541902433495478 1.098918947185806 1.5322898660210513 0.9388388677330698 0.7480791537407713 0 0.4145879627517704 0.1919811880277429 0.22743419450676658 
0.9593879865401853 0 0.42966988174843973 0.5062804264426533 0.649123385043541 0.10092076652581694 0.410446527318158 0.2469519230118181 0.030975492638368237 0 0 0 
0.5519807326372024 1.2218194099020665 0.5358953478536246 0.036467681446159715 0.16527418605966498 0.014483929359707243 0.09584473495075548 0 0 0 0 0 
0.3046649887918845 1.3255395047168452 0 0 0 0 0.2447383830644031 0 0.4235968731374222 0 0 0 
0 0.570297481001524 0 0.1797647803385648 0 0.02732849316410714 0.07397473504821633 0.41018305266471117 1.0792051272039906 1.4331300377686294 0.5707670215459336 0 
0 0 0 0 0.19797293735298593 0.12733273508825624 0.5676203574340616 1.1065707702810355 1.0811343606327044 1.410452413242794 0.8793930207256652 0 
0 0 0 0 0 0 0.91482292130841 1.1957545031785828 1.0682141390507596 0.31538284971640396 0.6791742216169162 0 
0 0 0 0 0 0 0 0.1690514501998704 0.2796702864257256 0.12394800774522499 0.2538718369607504 0 
0 0 0 0 0 0 0 0 0 0 0 0 
0 0 0 0 0 0 0 0 0 0.0188744593609352 0 0 
0 0 0 0 0.02192870129466525 0 0.1342618230061681 0.46044770581932226 0.12732772276115492 0.3886635014420985 0 0 
0 0 0 0 0 0 0.1870533453594102 0.09853145377892905 0.27873097304234606 0.29441466445449205 0 0 

0 0 0 0 0 0 0 0 0 0 0 0 
0 0 0 0 0 0 0 0 0 0 0.3251376869224468 0 
0 0 0 0 0 0 0 0 0 0 0.06421899997882932 0 
0 0 0.06608850986901105 0 0 0 0 0 0 0 0 0 
0 0 0 0 0 0 0 0 0 0 0 0 
0 0 0 0 0 0 0 0 0 0 0 0 
0 0.2755263258735058 0 0 0 0 0 0 0 0 0 0 
0 0.18308005724271034 0 0 0 0 0 0 0 0 0 0 
0 0 0 0 0 0 0 0 0 0 0 0 
0 0 0 0 0 0 0 0 0 0 0 0.024913719339361214 
0 0 0 0 0 0 0 0 0 0 0 0.18236298914345797 
0 0 0 0 0 0 0 0 0 0 0 0.2834635601528555 

0 0.39128088228685504 0.4634455290734465 0.8182899036146387 0.6947198811942707 0.7949346519928456 0.5603383855868144 0.038524934858412865 0 0 0 0.08803763896231884 
0.4925259343187136 0.5402816155380022 0.620696506178958 0.7161274621211711 0.6521570252010088 0.6991133185593513 0.9777649840695743 0.09771607804884974 0 0 0 0 
0.12633059723939463 0 0.1784327146609218 0.8565673440364504 0.6101964628934338 0.49731830633439217 0.22075471861392315 0 0 0 0 0.026986331937682583 
0 0 0 0.47760325599090014 0.3637908428276204 0.21032962670441926 0.16334859864818818 0.044605248615169 0 0 0 0 
0 0.41643597637981106 0 0.2130520193877225 0.2343984491624878 0.18851681145022342 0.17221699344064653 0.2292388153853189 0.6625761776599394 0.3346758329631045 0 0 
0 0.28075252787329136 0.0847565071864106 0.25521455452522207 0.2431856979783768 0.2199809356328915 0.25622743045554175 0.6347494983415598 0.8459343769736068 0.9636860356340481 0 0 
0 0.1592127089244278 0.2236671622462755 0.1802115706205619 0.2997990037160104 0.07825712925843098 0.2674392504531901 0.4367093067925951 0.6239974659693835 0.42642717249053474 0 0 
0 0.07325057717594234 0.2289784565173535 0.22553587245988596 0.0065278772568487416 0.012841735498568707 0.13958155451740642 0.5442379695647924 0.6095721724819193 0.10851436967708467 0 0 
0.06406417476020781 0.1547051514197107 0.22966208 0.14876134844643432 0.08396239639078967 0.13228176975739916 0.19055041433952655 0.2175941320449946 0.24153736799391845 0 0 0 
0.22851680280035908 0.2276787128890769 0.22966208 0.21119636579355477 0.18236279587077364 0.21791500651173493 0.17748482990383593 0.10012123836009099 0.25511110227860156 0 0 0 
0.3261087744457341 0.4943639622068053 0.48591509543723954 0.46231713042481265 0.40739418677604583 0.27362723106521747 0.16956489746432418 0.279704289279338 0.31699482746878815 0 0 0 
0.2435741689991715 0.27626438893621025 0.269738618149727 0.2552664838116718 0.0996796165056598 0 0 0.1611711630670407 0.28114503469528046 0.1575718080089757 0 0 

0 0 0 0 0 0 0 0 0 0 0 0 
0 0 0 0 0 0 0 0 0 0 0 0 
0 0 0 0 0 0 0 0 0 0 0 0 
0 0 0 0 0 0 0 0 0 0 0 0 
0 0 0 0 0 0 0.008026648137620218 0 0 0 0 0 
0 0 0 0 0 0 0 0 0 0 0 0 
0 0 0 0 0 0 0 0 0 0 0 0 
0 0 0 0 0 0 0 0 0 0 0 0 
0 0 0 0 0 0 0 0 0 0 0 0 
0 0 0 0 0 0 0 0 0 0 0 0 
0 0 0 0 0 0 0 0 0 0 0 0 
0 0 0 0 0 0 0 0 0 0 0 0 

0 0 0 0 0 0 0 0.16765039847930346 0 0 0.11783689674252651 0 
0.31778977312653933 0 0 0 0 0 0 0.6722147879406576 0.33605844383560285 0.1422474181645439 0.8205175577336228 0 
0.22127521150761065 0 0 0 0 0 0 0.8649301833543888 0.46449632405532487 0.002763765717303787 0.2584220613533568 0 
0.564488173696951 0.18281299073273716 0 0 0 0.11901120788560711 0.24754758747485034 0.0003749683814904155 0.4597455938832384 0.1456894827931246 0.2548992937238308 0 
0 0.47950287871196706 0 0 0.17930163682674094 0.4188298916309715 0.4967685719391767 0 0 0.0017519764595201048 0.19429953557934376 0 
0 0.10389865043792021 0.0633870694084077 0.1169368451129756 0.36823641838496607 0.37667333085565674 0.09703091161965441 0 0 0 0.35986200475576235 0 
0 0.08891088198228136 0.037170814745036876 0.13446391454515783 0.326921083054728 0 0 0 0 0.25467887815747353 1.3760108069798935 0 
0.02183689565945198 0.13629822279660198 0.03646702372510438 0.12979650801106168 0.23706804469241266 0.05828317539734318 0 0 0 0.007554153064380814 1.1810542334958052 0 
0.10559364104238886 0.076859816925492 0.03621775 0.12045103362610764 0.19578827859486067 0.1922554794853542 0.07084615299006271 0 0.1656873063928218 0 0.7992792170535956 0 
0.03948564019500895 0.036940957029219255 0.03621775 0.05139148475183974 0.18890427829708545 0.22348172490273804 0 0 0.11949782836852085 0.16826808819671582 0.38375885109668756 0 
0.02413681004884733 0 0 0 0.1642666946303103 0.15314001421103113 0 0 0 0.2896081259625525 0.097624853144718 0 
0 0 0 0 0.3209411827224127 0.3839451972630289 0.06145364756257272 0.05962672131083928 0 0.8081937456916354 0.7967376307354385 0 

0 0 0 0 0 0 0 0.3402299601033613 0.46126287705475305 0 0.059371281421060414 0 
0 0 0 0 0 0 0 0 0 0 0.629427204330541 0 
0 0 0 0 0 0 0 0 0 0.6580424759804794 0.5920242323879487 0 
0 0 0 0 0 0 0 0 0 0.22434421823721748 0.6372693536551786 0 
0 0 0 0 0 0 0 0 0 0 0.6395776106671034 0 
0 0 0 0 0 0 0 0 0 0 0.5387358283996273 0 
0 0 0 0 0 0 0 0 0 0 0.11754828350713059 0 
0 0 0 0 0 0 0 0 0 0 0.3870618394326895 0 
0 0 0 0 0 0 0 0 0 0 0.7206880323774031 0 
0 0 0 0 0 0 0 0 0 0 0.6155808614796792 0 
0 0 0 0 0 0 0 0 0 0.2629697876390273 0.6576389743343513 0 
0 0 0 0 0 0 0 0 0 0 0 0 

0.02775203318832606 0.08759860881459988 0 0 0 0 0 0 0 0 0 0 
0.198536845151621 0.0765803122637167 0.15164247440210665 0 0.36392658476145595 0.1614514807418359 0 0 0 0 0 0 
0 1.1574645183156644 0.10519713774436192 0 0 0 0 0 0 0 0 0 
1.0278426717725053 0.8756909167822751 0 0 0 0 0 0 0 0 0 0 
0.35756936228064473 0 0 0 0 0 0 0 0 0 0 0 
0 0 0 0 0 0 0 0 0 0 0 0 
0 0 0 0 0 0 0.5748590975750894 0.9439325167751662 0.16518304366867947 0 0 0 
0 0 0 0 0 0 0.2569276805410391 0.10638827143313427 0 0 0 0 
0 0 0 0 0 0 0 0 0 0 0 0 
0 0 0 0 0 0 0 0 0 0 0 0 
0 0 0 0 0 0 0 0 0 0 0 0 
0 0 0 0 0 0 0 0 0 0 0 0 

0 0 0 0 0 0 0 0 0 0 0 0 
0 0 0 0 0.4010757086635181 0.49132050843960057 0.4218697499517893 0 0 0 0 0 
0 0 0 0 0 0 0 0 0 0 0 0 
0 0 0 0 0 0 0 0 0 0 0 0 
0 0 0 0 0 0 0 0 0 0 0 0 
0 0 0 0 0 0 0 0 0 0 0 0 
0 0 0 0 0 0 0 0 0 0 0 0 
0 0 0 0 0 0 0 0.26168860227873525 0 0 0 0 
0 0 0 0 0 0 0 0 0 0 0 0 
0 0 0 0 0 0 0 0 0 0 0 0 
0 0 0 0 0 0 0 0 0 0 0 0 
0 0 0 0 0 0 0 0 0 0 0 0 

0 0 0 0 0 0 0 0 0 0.28713838889884846 0.5720428015625745 0.23127273262867026 
0 0 0 0 0 0 0 0 0 0.02027881273588364 0.3332535053105101 0.2697134574886323 
0 0 0 0 0 0 0 0 0 0 0.09921961575205836 0 
0.12002453305139116 0 0 0 0 0 0 0 0 0 0 0.09963443633478997 
0 0 0 0 0 0 0 0 0 0 0 0 
0 0 0 0 0 0 0 0 0 0 0 0 
0 0 0 0 0 0 0 0 0 0 0 0 
0 0 0 0 0 0 0 0 0 0 0 0 
0 0 0 0 0 0 0 0 0 0 0 0.007744538711097256 
0 0 0 0 0 0 0 0 0 0 0 0.02405311697771381 
0 0 0 0 0 0 0 0 0 0 0 0 
0 0 0 0 0 0 0 0 0 0 0 0 

0 0.8089049136335693 0.5715000905626338 0.49828397100749466 0.44677652830020276 0.5857595976127236 0.49921273500895663 0.3867712968277849 0.5719188143707749 0.955423860024194 0.146070422926859 0.6072891153829884 
0.03302599616538221 0.3312253588250564 0.2759940608555441 0.11661446178738596 0.13440883394023112 0.22099199644280187 0 0 0 0.022267514224251272 0 0.5992692146678746 
0 0 0.7310521303072323 0.4586647395343287 0.3692550716565162 0.4188118958577935 0.6416257537595232 0 0 0 0 0.40241824742168397 
0 0 0.38582237474516895 0.5876284583336915 0.6005262599977134 0.549960962488876 0.5723034755591925 0.006358772637292901 0 0 0 0.41442960972808474 
0.013576513550374958 0 0.02696395770345687 0.36212800617121926 0.4646555199488737 0.3497524146909107 0.23160924204210462 0.07423331449590598 0 0 0 0.8279133275766059 
0.4603804218479735 0.4466025185479413 0.17009014841360778 0.3258259998140466 0.5145818489136178 0.34521850991096636 0.3032507691005223 0.042029369821114826 0.20681504925377384 0 0 0.1908326613871793 
0.08210373863141346 0.5254074079250622 0.39236919607836984 0.4300622564529194 0.519287099415469 0.13942399536706837 0.1800631795586094 0.1090606581077265 0.08606010745758862 0 0 0 
0.04869543887264085 0.4413649109646893 0.38874639627683644 0.3963895040588081 0.3409498670557778 0.19306651813620984 0.2712582155656623 0.12274655536312355 0 0 0 0.2816678810077445 
0.2670581213720287 0.4034140566685205 0.38830507 0.35601754794823237 0.3494670129045187 0.46256344035412694 0.49034935525614176 0.44320391994337016 0.17856394328403277 0 0 0.08014444457051256 
0.3891251501033967 0.38958547075404515 0.38830507 0.38114002606841824 0.5100529470418876 0.6693258471740591 0.5623586808220121 0.4135803958316949 0.08896474372635252 0 0 0.33959438565060557 
0.2520251934698915 0.35487839911633035 0.3623522448141329 0.3850247105150681 0.5316707658572828 0.5312752137988143 0.517536635887424 0.4856982536591906 0.04774755193213251 0 0 0.2506711245972998 
0.3418567111236934 0.4384281461644876 0.43982725273545364 0.44491651428901313 0.37077610541361755 0.2975811733926873 0.45906276948937963 0.49805740079799 0.06253882924724957 0 0 0 

0 0 0 0 0 0 0 0 0 0 0 0 
0 0 0 0 0 0 0 0 0 0 0 0 
0 0 0 0 0 0 0 0 0 0 0 0 
0 0 0 0 0 0 0 0 0 0 0 0.07874910421910675 
0 0 0 0 0 0 0 0 0 0 0 0 
0 0 0 0 0 0 0 0 0 0 0 0 
0 0 0 0 0 0 0 0 0 0 0 0 
0 0 0 0 0 0 0 0 0 0 0 0 
0 0 0 0 0 0 0 0 0 0 0 0 
0 0 0 0 0 0 0 0 0 0 0 0 
0 0 0 0 0 0 0 0 0 0 0 0 
0 0 0 0 0 0 0 0 0 0 0 0 

0.7047575764357595 0.35559531319397286 0.44165609389738936 0.1355044510356126 0.08695265266982793 0.13136234308834022 0.3902370855401302 0.21589671774053534 0 0 0 0 
0.7713912168849854 0 0 0.13870225623994742 0.6576548182627862 0.557578571302758 0.5023904073776009 0.05070578729410641 0.49029430814835445 0 0 0 
0.8764242349445173 0 0 0 0.4540329537247488 0.8498039690496256 0.6639399427755035 0.2615121707309566 0 0 0 0 
0.34991179065176947 0.09934617535670842 0.5198050720980437 0 0.1701349279722787 0.5208030151994187 0.6919638641633741 0.4425380667262004 0 0 0 0 
0.3849932048844901 0.1008919867891558 0.551202210073214 0.36161300021488024 0.7355439591215704 0.6135076418716205 0.302094034689798 0 0 0 0 0 
0.622813742681018 0 0.3818149343989589 0.504390862247332 0.7902506643152956 0.8776013244410887 0.44759142685643205 0.07882625119812936 0 0 0 0.17079418854517342 
0.40791022524464526 0 0.45409930436748125 0.4828672785146468 0.3534888607185827 0.4927434262022378 0.4895548912678253 0.6592306697021665 0.8961289671419168 0.48244077508915206 0 0 
0.3347763590735488 0.014930816622684454 0.4578157329049326 0.44686531065463697 0.2897098593318418 0.3076137094827977 0.22530277202903265 0.45323924111533087 0.7916373052584218 0.62327545206505 0 0.05184752039979069 
0.40710158159622745 0.3290286466510721 0.45829785 0.4543021487670904 0.43566353930369145 0.4290703320359392 0.5136809598760728 0.45069366642640935 0.13853376195949846 0 0 0 
0.4567974830628418 0.4568991046171342 0.45829785 0.458272480769524 0.5126087436100286 0.6657229676519545 0.6291381673187563 0.6173364487790161 0.33899685122803247 0 0 0 
0.49735688099315173 0.158448771058678 0.14989030947578114 0.1313143207605034 0.2302635975325078 0.5065369463412925 0.38490237404911837 0.5202239687328729 0.7037418098066283 0 0 0 
0.5358755035200065 0.5321601640713145 0.5269789524437275 0.511922171285733 0.4535883743511161 0.4430337573272168 0.38936339635738487 0.20229265541653982 0.3753638847057449 0.10278980125770176 0 0 

0.1626303115174922 0 0 0 0 0 0 0 0 0 0.9132091256275837 0 
0.15025994675992035 0 0.08504459298285853 0 0 0 0 0.21690449671584772 0 0.18341515612471748 1.6945238240727534 0 
0.48441736545882097 0 0 0 0.1307809263401453 0 0.1622844797485095 0.5164276504110482 0.8850488037035588 1.5107896476753382 1.5791467598215647 0 
0.6818951039621479 0 0 0 0.33232570417867646 0.5388389254678483 0.4355761427459122 0.26264816414038217 0.9174020631002273 0.91773765828765 1.0131577619301486 0.24695567434583277 
0.6960218638115189 0 0.3649777998418186 0 0.08152178797959282 0.5403172416014753 0.5894807161992419 0.19173445119686916 0.5806939320446955 0.7886810969864193 0.32333956577535783 0 
0.6323069924991629 0.41877689579171684 0.6140767017180296 0.32484831542142556 0.5636514377586589 0.5955927102088707 0.3073188953839736 0 0 0.05579226997604249 0.17915927196395154 0 
0.756610494048093 0.5529946288962932 0.5054639614881471 0.5165883585324762 0.9798728296077237 0.8761202905838421 0.18427879521683535 0 0 0 0 0 
0.6549501862501473 0.7087838840435954 0.49861908857283327 0.5677297169030991 0.8159156138960924 0.5576095433627182 0.580432753342911 0.3936020152005655 0.15977580101901878 0.010352758151199931 0.42993606249457716 0.11271183579410889 
0.5493249797651203 0.6088648931106623 0.49750188 0.5323017916442013 0.5008776118164763 0.49307030051517003 0.49887849748916113 0.4869057213055797 0.8153511061517973 1.026426836184157 0.939561748099651 0.4041702416172208 
0.49516217322512107 0.5007431886964488 0.49750188 0.5019019507504011 0.497948813947637 0.4249838871828886 0.28274265739828175 0.45165677303886054 0.5944834741596821 0.8107560940892449 1.2251425378463514 0.9813064105709878 
0.44919592954490467 0.4666396181503526 0.4617291577683829 0.45412602101725424 0.642142157375643 0.46863065225187356 0 0.4565371363917875 0.4960215913342272 0.356367236105565 0.9043033362168316 0.8415122828025927 
0.5639030947300611 0.23226454706913652 0.22400818402856235 0.2045151974642635 0.46000656426651554 0.4038649118025011 0.11263451789106971 0.7600029319590499 0.8478100800474699 0.12728411339109258 0 0.23416727560155434 

0 0 0 0 0 0 0 0 0 0.09933232663950399 0.30480010528138846 0 
0.38713156070172394 1.4303453785088591 0.759074770813813 0.30786217368327773 0 0 0 0.7467459632064495 0.45338107644136955 1.3808737654235266 1.7064405186711866 0.2131000176908599 
0.29996254189398247 0.2790442105681721 0.3515807590837481 0 0 0 0 0.12790200902896218 0.3563804645379598 0.6077521266944845 0.6220919418222406 0 
0.45772757871501984 0 0 0 0 0 0 0 0.43007274092725917 0.35696241004780455 0.8831679435853117 0.2875834962716528 
0.0035691669894334505 0.1652513754933191 0 0 0 0 0.7422000654507799 0.8138227262753113 1.0728548764675283 0.939337047629071 0.8281221072703464 0.3224910608279745 
0 0 0 0 0 0 0.7230172333305096 0.5292683245949917 0.5998968073567056 0.5523890484121576 0.8649071249166358 0 
0 0 0 0 0 0 0.00046893503120226665 0 0 0.11079412587339124 1.042501314689002 0.320236580601085 
0 0 0 0 0 0 0.11245206806888258 0 0.01680113251219914 0.19171340481570234 0.861105844140901 0.22223837124170254 
0 0 0 0 0 0 0 0 0 0 0.18312668892298542 0.19678185440248228 
0 0 0 0 0 0 0 0 0 0.23305036653625089 0.760250025229863 0.36726239835562347 
0 0 0 0 0 0 0 0 0 0 0.3061538559685435 0.04412293234720875 
0 0 0 0 0 0 0 0 0 0 0 0 

0 0.032635641518073605 0 0 0 0 0 0 0 1.07818422269721 0 0 
0 0 0 0 0 0 0 0 0 0.22667005093267975 0 0 
0 0 0.130501787347291 0 0 0 0 0 0 0 0 0 
0 0 0 0 0 0 0 0 0 0 0 0 
0 0 0 0 0 0 0 0 0 0 0 0 
0 0.08668870120950048 0 0 0 0 0 0 0 0 0 0 
0 0 0 0 0 0 0 0 0 0 0 0 
0 0 0 0 0 0 0 0 0 0 0 0 
0 0 0 0 0 0 0 0 0 0 0 0 
0 0 0 0 0 0 0 0 0 0 0 0 
0 0 0 0 0 0 0 0.1456419376649781 0 0 0 0.034742030716452044 
0 0 0 0 0 0 0 0 0 0 0 0 

0 0 0 0 0 0 0 0.16505083323527997 0 0 0 0 
0.44769139901205673 0 0 0 0.2571843679335958 0.3326978541942961 0.44701963196378197 0.28691056649164864 0 0 0 0 
0.47851699214679616 0 0 0 0.1156607734174505 0.08777248900343616 0.12071561442892663 0.025746590394174335 0 0 0 0 
0.11615670421262003 0 0 0 0.10463027433842485 0.19312747260296118 0.3257292930187984 0 0 0 0 0 
0.21460005795667397 0 0 0.33181846737752024 0.15009627004008377 0.27477640649674734 0.10776375561349263 0 0 0 0 0 
0 0 0.13703256954903026 0.27005494164945654 0.06484941431725844 0.2099528155463914 0 0 0 0.1306632714805206 0 0 
0 0 0.11994551947065094 0.1386561620153422 0.18553011765731459 0.22829944540639038 0 0.043875120519134704 0.2822977323479273 0.3523150537756717 0 0 
0 0.17094725977055641 0.12054423124609497 0.18524712450023517 0.19783449166217001 0.1365360621269394 0.1116730340303184 0.24768562578671632 0.20612465975650238 0.010554578829382773 0 0 
0.05038069647861934 0.282468255932679 0.12052306 0.1350954864586919 0.11053250270301966 0.1040918388592815 0.12452095062246737 0.09514497394611918 0 0 0 0 
0.11886592492603949 0.12058448321653355 0.12052306 0.1206667866394837 0.13813704514674527 0.16912854078474462 0 0.023500811992219785 0.1427724297855501 0 0 0 
0.14095008110286433 0.041936138403068646 0.03896884890753863 0.03207137571315862 0.21205041889378043 0.23376535348681307 0 0 0.0209643607868462 0 0 0 
0.10237160087081809 0.12291540322271348 0.13166727731466593 0.15078546910629487 0.2654767244707106 0.15860219120502372 0.02777495193942501 0 0.10513367941213389 0.0788660053415288 0 0 

0 0.07131009036976349 0.11092352568251046 0.04798533980403494 0 0.3220145748275217 0.6108155459893999 0.3457725704921564 0 0 0 0 
0 0 0 0.14743208960307935 0.20783201065197954 0.013355295669086727 0 0 0 0 0 0 
0 0 0 0 0 0 0 0 0 0 0 0 
0 0 0 0 0 0 0 0 0 0 0 0 
0 0 0 0 0 0 0 0 0 0 0 0 
0 0 0 0 0 0 0 0.018584601747260343 0.07049500144921331 0 0 0 
0 0 0 0 0 0 0.0012671874040626196 0.5891289994431548 0.6229431010012088 0 0 0 
0 0 0 0 0 0 0 0 0 0 0 0 
0 0 0 0 0 0 0 0 0 0 0 0 
0 0 0 0 0 0 0 0 0 0 0 0 
0 0 0 0 0 0 0 0 0 0 0 0 
0 0 0 0 0 0 0 0 0 0 0 0 

0 0 0 0 0 0 0 0 0 0 0 0 
0 0 0 0 0 0 0 0 0 0 0 0 
0 0 0 0 0 0 0 0 0 0 0 0 
0 0 0 0 0 0 0 0 0 0 0 0 
0 0 0 0 0 0 0 0 0 0 0 0 
0 0 0 0 0 0 0 0 0 0 0 0 
0 0 0 0 0 0 0 0 0 0 0 0 
0 0 0 0 0 0 0 0 0 0 0 0 
0 0 0 0 0 0 0 0 0 0 0 0 
0 0 0 0 0 0 0 0 0 0 0 0 
0 0 0 0 0 0 0 0 0 0 0 0 
0 0 0 0 0 0 0 0 0 0 0 0 

0 0 0 0 0 0 0 0 0 0 0 0 
0 0 0 0 0 0 0 0 0 0 0 0 
0 0 0 0 0 0 0 0 0 0 0 0 
0 0 0 0 0 0 0 0 0 0 0 0 
0 0 0 0 0 0 0 0 0 0 0 0 
0 0 0 0 0 0 0 0 0 0 0 0 
0 0 0 0 0 0 0 0 0 0 0 0 
0 0 0 0 0 0 0 0 0 0 0 0 
0 0 0 0 0 0 0 0 0 0 0 0 
0 0 0 0 0 0 0 0 0 0 0 0 
0 0 0 0 0 0 0 0 0 0 0 0 
0 0 0 0 0 0 0 0 0 0 0 0 

