1.1271546382334419 0.1752802749222258 0.43834257842984026 0.5979814562828504 0.09345815101780414 0 0 0.5580978092048978 0.285357101077097 0.3795960795159677 0.527166655540281 0 
1.8981335200897476 0.0017145383337986153 0.6349315426124408 1.1412274022310593 1.2436655747559107 0.7578705408124949 0.8819527267929704 1.1727708369281964 0.40872996911756876 0.9814327480430795 1.9013949334964757 0.665886562071948 
2.4536077235823868 1.3157714101743112 0.6538745880350583 0.08087132960456597 0.8342158832294059 0.8688993096403546 0.6050575619104441 1.6722000843781053 1.5717177379624654 0.48248162477942486 2.4205218700025335 1.436963695088837 
2.3571649202623752 1.974673983231498 1.4775907599876592 0.6972235015648314 0.6464185255072659 1.3679561554613409 0.6180787761558987 2.13094928369383 2.411459413192087 1.0775662823500403 2.2588443220229872 1.078774741962546 
2.1739829012058216 0.754633116514712 1.2235058094662283 1.0162034477026332 0.7428693223207224 1.9635918526489966 0.825576722207146 1.5464680172875025 1.3219275279075255 1.2225335919545826 2.4673242087361587 0.6950100513875674 
2.0581471805882194 0.9048048879630182 1.553275051786325 0.8015420465795305 0.5642246409911802 1.839651360282735 0.830004631083038 1.292667546505037 0.8425398477238247 1.1140606199728817 1.9862536939153639 0.6421622382631513 
2.5449104974114913 1.7710177094348112 1.8354983417776118 0.8430505030004536 1.3210149852267439 1.755693719005114 0.9474308757484856 0.943831721328547 0.9360070321017612 1.8422258404504623 1.221174462812921 0.4581635959350221 
1.9135819991829222 1.3387675841772655 1.3821209862145178 0.6071904244570998 1.0597985240675671 1.7167870415181175 1.212598552403804 0.5845087070739302 0.8913567498418661 1.7117707656058365 0.575248988879914 0.8853332901413813 
1.6920504812437505 0.8427613735117974 0.17326812026205682 0.02789567922463182 0.7726825059028077 1.4885837024464237 1.3507533556507076 0.7861800921684997 0.7171944909531901 0.3873547463292057 0 1.212589371987036 
2.6715859572168243 2.4835373218282246 0.1548929470778231 0.3898516594946327 1.1313787948100442 1.473094050957296 1.275722463736874 0.9498471932063437 1.0101658127147735 0.16152051988715838 0 0.8184824022884519 
2.0242946180032537 1.510973650409933 1.8865197278527774 2.0100167238554874 0.8356004478985815 0.7094680590644041 1.0479917403218588 1.8265598028430912 1.5068562613863723 0.2767381787735728 0.26190830959319905 1.3653110664257928 
1.0433063474422293 0.42535773688126227 2.1272183120602373 2.6146308926960855 1.2192580109588183 0.6300884093228636 0.49118573662763076 1.9832161541200883 2.244080780821971 1.3003530216345909 1.1634628930937483 1.804924744519165 

0.2775631800202261 0.06554059603843841 0 0 0 0 0 0 0.04010021632529699 0 0.010244126734658743 0.19125391168295452 
0 0 0 0 0 0 0 0 0 0 0 0 
0 0 0 0 0 0 0 0 0 0 0 0 
0 0 0 0 0 0 0 0 0 0 0 0.40904648312808023 
0 0 0 0 0 0 0 0 0.1237275609274629 0.17422522743855737 0 0.905899348685103 
0 0 0 0 0 0 0.22782013116004995 0 0.5198232628694482 0.5521139312890055 0.8260496049932686 1.1763156829921204 
0 0 0 0 0 0 0.20196327192015218 0 0.026305978295481876 0.28435048246385897 1.4838153007221035 1.2047905276552864 
0 0 0 0 0 0.010366086438845373 0 0 0.04795137758569068 0.39311343908118246 1.719197221644217 0.7417365059818679 
0.48414616634194696 0.5297591726878955 0.33876429257652463 0 0 0 0 0 0 0.2512344290440596 1.118383518275759 0.03175550587863753 
0.19093098078701376 0 0 0 0 0 0.03394407986994799 0 0 0 0.6280193908091001 0 
0.11617348510943667 0 0 0 0 0 0 0 0 0 0 0 
0.513529900299823 0 0 0 0.0011738183843479494 0.4586441964325818 0 0 0 0 0 0 

0 0 0 0.07362314153545063 0 0 0 0 0 0 0 0 
0.5135673436607872 0 0 0 0 0 0 0 0 0 0 0 
0.07325274636958304 0 0 0 0 0 0 0 0 0 0 0 
0 0 0 0 0 0.1594715543256895 0 0 0 0 0.13459854639147872 0 
0.3321088602209759 0 0 0 0 0 0 0.15354611377501 0.18454704395556287 0 0.3304347119150528 0.04774098981394549 
0 0 0 0 0 0.24505954271618716 0.09448469428577694 0.43134999377471833 0.5680290789163971 0.2550297789742608 0.38092663696435836 0.3091586598438461 
0 0 0 0 0.059751386740754475 0.3167640338851023 0.15884032284487182 0.4573557632520425 0.3709860659653109 0 0.10788734723596685 0.4403914156888743 
0 0 0 0.3074281500133125 0.32340179199936425 0.14037961202416965 0.27110506535108336 0.3358625692141718 0.2083842123630738 0 0.4024429974838015 0.8118921556328232 
0.02647183306834286 0 0.6760966027944791 0.5910603123511441 0.12680818162982127 0 0 0.03027517656004039 0.06203782846316261 0 0.337730159245589 0.8294822203522927 
0.01572901839164928 0 0.628733018868543 0.7646123874452401 0.0794224754732288 0 0 0.7479985004552187 0.7321042868356487 0.026870328959044065 0.008662169554198212 0.3866037608819286 
0.30758028020684 0.7644515441349758 1.2910937113802308 0.2334012623726425 0.15617593814062825 0.5095413334972781 1.0416256558993182 1.2006010410965318 0.24417894618682764 0 0.14197784782122197 0.45854505880863755 
0.20762067924858968 1.2178914394038511 1.316024329018072 0.855769812251888 0.9195302210748679 1.3643214981523721 1.4363235502925011 1.180689263890115 0 0 0.21099606135944804 0.14121472530646312 

0.062342936758818635 0.512261369829115 0.10921315218311445 0 0 0 0.5080416934849812 0 0 0 0.16654345860734426 0.9674936313021608 
0 0 0 0 0 0 0 0 0 0 0 0 
0 0 0 0 0 0 0 0 0 0 0 0 
0 0 0 0 0 0 0 0 0 0 0 0.24662090910320633 
0 0 0 0 0 0 0 0 0 0 0.26443539145406025 0.28129594340112807 
0 0 0 0 0 0 0 0.21697360431980456 0 0 0.47427248806637334 0.6841401978630048 
0 0 0 0 0 0 0 0.4657699421085208 0.007385142982074686 0 0.089379404052568 0.7939094554382373 
0 0 0.19029629828384242 0 0 0 0 0.6161151517077917 0.5815400584656344 0.2189639396443821 0 0.82854686359583 
0 1.5330172664622408 1.8639428090996992 0.03571467738258738 0 0 0 0.47811303588028453 0.10732820300455059 0 0 0.17843354927243077 
0 0 1.3170433520751545 0.6724068158238908 0.36361997287351144 0.25535854583805867 0.3219618246278114 0.3294672696347015 0 0 0 0.01207649323550003 
0 0 0 1.039111843601574 0.9081696199063134 0 0 0 0 0 0 0 
0 0 0 0.3104785203180356 0.22654163300923086 0 0 0 0 0 0 0 

1.7736584297647298 1.5582323972792762 1.4364590790190745 1.2676657521745223 1.3694930080540433 0.8860094498888768 0.663046319068522 1.5264635762735381 1.0986580066712381 0.6816551140509362 1.28701800959281 1.4730048076983802 
1.5131235281048028 0.4885290124634587 0.7765050186165683 0 0 0 0 0.5424447364237661 0 0 0 0.16928672458292227 
0.7289907607840063 0 0.2624861804982869 0 0 0 0 0.22129097315241447 0 0 0.30253818523212184 0.076665095315162 
0.9243860634275517 0 0 0 0 0 0 0 0 0 0.5497165587980536 0.9101554136940067 
1.4089611415431158 0.1254656943760434 0 0 0 0.27296691841160026 0 0.9981917715294418 0.3892007715882862 0.7184301820867344 0.6207596650169169 0.9033670578811985 
0.7089322898897978 0 0 0 0.07172549980379044 0.7199626620051622 0.5917488800301915 1.2744417973590874 0.5488885341713811 0.7247158935223179 0.12148579257064623 1.2117592805942434 
0.061994182131767855 0 0 0 0.6391797768979516 0.613229521394042 0.851554831258063 1.3289043058814878 0.6139000582976398 0.4653394805101423 0 1.8384073084144865 
0.834847439315397 1.0235427156417192 1.0160486763716639 0.6386432175542114 0.89576783008842 0.4395198998724942 0.7826482390652042 0.6628992774523552 0.6362252704736605 0.7187223387648586 0.3006645013558772 2.070560991550692 
0.5305773159437465 1.067505929784527 1.9782322247732111 1.513562738768076 0.8890005166632022 0.27422589509912937 0.7558266504036532 1.0582995515340083 1.2523703750549828 0.6143621398011017 0.5093569689819867 1.7465566605404403 
0.035563398560175985 0.7552029729237599 1.4216684142367142 1.0290921979544008 0.3422688790569352 0 0.6225183057539917 1.8761159616591394 1.483559065976103 0 0.10935762538286593 1.2684472237120759 
0.008223529073917282 0.23581917398010832 0.0339352090209908 0.07281064956325803 0.9382923108903692 0.6320483158823211 0.8331773769956323 0.7957075488429987 0 0 0 0 
0.4889507896526726 0.5480790067485674 0.20099109115525754 0.431108925544487 0.6477429769328165 0.3711530946037722 0.23387376253226289 0 0 0 0 0 

0.1398988294297315 0.04836148091815749 0.4385140944732276 0.964654215643104 1.0558820014013706 0 0 0.2833292479303592 0 0.11245321567422434 0.6151899650580622 0 
1.002683196167212 0.37638773698737293 0.2986979183683962 0 0 0 0 1.0130929482346143 0 0 0 0 
0.1443865723168058 0 0.3235135391970734 0 0 0 0 0 0 0 0 0 
0 0 0 0 0 0 0 0 0 0 0 0 
1.0550011174584155 0.23143402348886044 0 0 0 0 0 0 0 0 0 0 
0.5162288823022219 0 0 0 0 0 0 0 0 0 0 0.032959697448526365 
0 0 0 0 0 0 0 0 0 0 0 0 
0 0 0 0 0 0 0 0.004792363861451437 0 0 0 0 
0 0 1.0662214106396635 0.015575309665610881 0 0 0 0.34387052642872395 0 0 0 0 
0 0 0 0 0.04520726617326439 0 0 0.5993595236940226 0.7847007000028452 0 0 0 
0 0 0 0 0 0 0 0 0 0 0 0 
0 0 0 0 0 0 0 0 0 0 0 0 

0.1749833461997437 0.32879864240142287 0.9557354019201436 1.268637513953618 1.357735844427763 0.6485457106700049 1.4070238490809948 0.635872306351582 1.0267290422639561 1.445676341815684 0.6936508097951687 0 
0.468395523917425 0.5532549611252592 0.6167289664536848 0.6478079762358695 0.6176591064435984 0 0.7161015054254811 0.24442222543044112 0.5223983140666075 0.47297876174992093 0.02129125128057914 0 
0.09706825516355952 0.7777845760606847 0.45190458566585506 0.482861609194881 0.03020218970266003 0 0.36358747469293584 0 0 0 0 0 
0.12658974570387327 0.7595672992108582 0.7002314538506713 0.9003872737284744 0.08629932329951749 0 0 0 0 0 0 0 
0.907119969692451 1.5149318062756605 0.9067332618142254 0 0 0 0 0 0 0 0 0 
0.824180730986048 1.066813190844919 0.26519793602770264 0 0 0 0 0 0 0 0 0 
0 0 0 0 0 0 0 0 0 0 0 0 
0 0 0 0 0 0.06061939008736243 0 0 0 0 0 0 
0 0 0 0 0.21134765300036493 0.21362943805857038 0 0 0 0.43270740622465165 0 0 
0 0 0 0 0 0 0 0 0 1.029931412154993 0 0 
0 0 0 0 0 0 0 0 0 1.1024008100342406 0 0 
0.2664585899516132 0 0 0 0.054274099756090904 0.565033498104478 0.5179953461889307 0 0 0.7415092381040697 0.1754201463247759 0 

0.8567979667426564 1.0754559314819205 1.4105456477383274 0.9459170188220722 0.8750264876400558 1.1948629845898386 1.1166148259406992 0.7936087178090806 1.3543689156843666 1.6310110253716086 1.297621056531078 1.6820326227672715 
1.032766677549462 0.502630077345437 0.06649966723095346 0.07169358728484998 0.6285962435479291 2.1231787935873414 2.0294800989392523 1.0850271354460785 1.2693498902135714 1.2876014562169869 1.5359405947250806 2.2281386511789196 
0.8987205306930256 1.164645375672138 0.3293673364698859 0.061102703577951833 0 1.307589669594369 1.5868854115042277 1.2334212089592822 2.4992228655708217 2.343392484433399 1.5594329212080957 2.320035536095979 
0.19263421734931474 0.3296720256472263 0.32370441632212565 1.9405988912914764 2.375635811858218 2.09716306807068 0.7452147092200143 0.881491048937687 1.9920760461317508 2.5645377866181414 2.7151240579770537 2.4014110192237417 
0.5580886621048783 0.14181957032984038 0.5299676235737552 1.3893854989908911 1.7188824644727088 2.0751324907666353 2.1214909645379354 1.74440207082916 1.3804464597981578 1.3655341200954645 2.0101911901945684 2.4802307571434135 
0.7162396833842415 0.9001724278655376 1.892924505043851 2.1524592096592725 1.9597743918099102 1.5892271805461815 1.6916247176672585 1.683799162454801 1.5198353066567472 1.580736849834091 2.246069370422713 2.555239297558438 
1.1374543394112497 1.969325151990993 1.9479587319909593 2.0510638326113004 1.7913595027740694 1.4219789507593237 1.098864543671227 1.3617461256596213 1.7834161378720519 2.167278077623749 2.3625427543978392 2.3488820607944336 
1.0626936623014072 1.8248970741424861 1.5824103882304077 1.2748289747725314 1.5057314453074593 1.612362771928002 1.4299310308457742 1.5168632651239538 1.7451188710062853 2.206992319754265 2.296546032161191 1.9517100071198126 
1.2246830982036636 2.049014880811767 2.123918082310441 1.5866721728340418 1.2299755079781718 1.6768906802784855 1.8656351813067855 1.7469408276614566 1.306082794995611 0.8220167792536066 1.2179437150905859 1.8561777260514911 
1.4200906035224785 2.1989512433403777 1.7800193963121271 1.5185776073615151 1.7658945796200214 1.5642322317944355 1.815101163149061 1.7411868294067196 1.3827126039493767 0.5992012093129515 0.732900077866781 1.6077453506262454 
1.1511839489500484 0.9582991190325734 1.0292088408677673 1.5062082523734879 1.292652232278296 1.0695936599427776 0.38602579189752806 0.4892375212738207 1.0849459524982978 0.9114152494352991 0.38672009736610913 1.6451000655121744 
0.5297266889769141 0 1.302396113214737 1.7634005010871483 1.6611391980046255 1.3789684006451293 0.5363536237344336 0.7198178694176585 1.3162251077655247 1.223057560371548 0.9090819413743426 2.0886723544899453 

0 0 0 0 0 0 0 0 0 0 0 0 
0 0 0 0 0 0 0 0 0 0 0 0 
0 0 0 0 0 0 0 0 0 0 0 0 
0 0 0 0 0 0 0 0 0 0 0 0 
0 0 0 0 0 0 0 0 0 0 0 0 
0 0 0.046034224441409435 0 0 0 0 0 0 0 0 0 
0 0 0 0 0 0 0 0 0 0 0 0 
0 0 0 0 0 0 0 0 0 0 0 0 
0 0 0 0 0 0 0 0 0 0 0 0 
0 0 0 0 0 0 0 0 0 0 0 0 
0.054817892685263075 0 0 0 0 0 0 0 0 0 0 0 
0 0 0 0 0 0 0 0 0 0 0 0 

0 0 0 0 0 0 0 0 0 0 0 0 
0 0 0 0 0 0 0 0 0 0 0 0 
0.279335983063156 0 0 0 0 0 0 0 0 0 0.2726526868450747 0 
0 0 0 0 0 0 0 0 0.3077055924575174 0 0.4789204453976602 0 
0 0 0 0 0 0.022425936055284264 0 0 0.35872173182039135 0 0.41840025602794567 0 
0.012122572078698768 0 0 0 0 0.44763939705638944 0 0 0.18154146502069468 0 0.7228643642216686 0 
1.2341052796655512 0.15578145663342965 0 0 0 0.10680020457123744 0 0 0.02111358742767014 0.5851428726956344 1.2088194055670727 0 
0.7005205193441695 0 0.37459157814390476 0 0 0 0 0 0 0.922760444796666 0.8224942083476549 0 
0.528044657148919 0 0.10803199134010583 0 0 0.1757250250394227 0 0 0 0 0 0 
0.8917340596962358 0 0 0 0 0.8428206582696265 0 0 0 0 0 0 
1.2044395820345912 0 0 0 0 0.34388405834121233 0 0 0 0 0 0 
0.5149350487751619 0 0 0 0 0 0 0 0 0 0 0 

0.5608078986519689 0.7670969259475892 0.8182976451231446 1.0669518315659112 1.5410337522608908 0.971538681049417 0.33497909344824994 1.0246490394134438 1.0152167907584013 0.13022426810313778 0.5898286720042373 0.9186493916346803 
0.22333996592466862 0 0.28830938052265087 0 0 0 0 0.4787025651247705 0 0 0 0 
0 0 0 0 0 0 0 0 0 0 0 0 
0 0 0 0 0 0 0 0 0 0 0 0.11277392879955013 
1.0234115320505515 0 0 0 0 0 0 0 0 0 0 0.35698363770894115 
0.6360148739757988 0 0 0 0 0 0 0.27038315831482296 0 0.38192993618679194 0 0.6410106586027345 
0 0 0 0 0 0 0 0.0803449347485148 0 0.06599058532660683 0 0.28935012199878873 
0 0 0 0 0 0.04074015057742589 0 0 0 0.05852291232388543 0.35961108029427674 0 
0 0.013082286229843108 0 0 0.0615329910071446 0 0 0 0 0 0.6390015235928859 0 
0 0 0 0 0 0 0 0 0 0 0.6781520737045498 0 
0 0 0 0 0 0 0 0 0 0 0 0 
0 0 0 0 0 0 0 0 0 0 0 0 

0 0 0 0 0 0 0 0 0 0 0 0 
0 0 0 0 0 0 0 0 0 0 0 0 
0 0 0 0 0 0 0 0 0 0.0399544633649989 0.00747642311475448 0.7188888530152501 
0 0 0 0 0 0 0.03971125586871346 1.1263305840609537 2.041276205960096 1.8972510861568268 1.369105025274856 0.8258291558517088 
0 0 0 0 0.6627009084423798 1.0851740875273643 1.3690202014957724 0.8750047369454679 1.3713271051684355 1.5891576864301977 1.794003807266171 1.9162605463905718 
0 0 0 0 0.47771642200864356 0.4623542641625254 0.974335902881362 0.584221136862643 0.6033889711914089 0.5543780129618252 1.667892399813045 2.049667645453241 
0.6902348162282986 0.8396350871482001 0.9593960612008609 1.1204555174485984 0.8328596927917403 0.23320674285518916 0.262498204572728 0.008786248722076728 0.23631777236780424 0.8573996114955434 2.538680908680332 2.211702865244759 
1.532389372047723 1.6641206657097452 1.261750981043708 1.2472930253475243 0.39985597834855324 0 0 0 0.007838000362613694 1.3846865105509538 3.0306904720196535 1.6915172167176118 
0.3172371503400979 0 0 0 0 0 0.035402697094751356 0 0 0.27323901435049397 2.429139455644727 1.5317117294881881 
0.5175638993175414 0 0 0 0 0.3343192561953261 0.5461951649121897 0 0 0 0.33509373106318824 0 
1.6884317046882078 2.174538988978955 0.6252601584606172 0 0 0.7583236350470846 0.8136493968835722 0 0 0 0.489331687918622 0.15810841393633385 
0.7316527831551121 1.3938481736939463 0.7209461397728889 0 0 0 0 0 0.02422636620489063 1.2238989336843404 1.7250831179570587 1.2209842874723014 

1.8904067721786253 0.7572228400103374 1.130669910051878 1.6748001516727384 1.2994421167527483 0 0.40482580233835 0.7185150508189901 0 0.8593993969772307 1.7889734985673922 0.15234871707711278 
1.5786470517924054 0.5563955661031004 0.4441679835761204 0 0 0 0.4903663099933809 0.5529435700710348 0 0 0 0 
0.8142400000057024 0.41804387244996966 0.1996303761120473 0 0 0 0 0 0 0 0 0 
0.3219476894782067 0 0 0 0 0 0 0 0 0 0 0.20293338275325123 
0.8811691832979944 0 0 0 0 0 0 0 0 0.014632719324078856 0.5847992202027218 0.26597834335811976 
0.7265015744983907 0 0 0 0 0.19592922752554237 0.5619787719016954 0.6272702127213229 0.03378740375588837 0.7027414418894382 1.084089383059068 0.6610220379921121 
0.22646325687473953 0 0 0 0 0.43244149118965974 0.9577608390919498 0.40933595105040005 0.07541074926173258 1.182403733115936 1.137587915899451 0.35853762699754654 
0.6629216711407562 0 0.6754014674384314 0.269162778145101 0.05161805571548843 0.603127252937926 0.6370598786769053 0.4445260308376773 0.6630237465320292 1.1466656699310924 0.4790515180359875 0.05641421126576069 
2.154795159817135 2.901784358419764 0.7736843826524589 0 0.4074508027101661 0.7763329278586761 1.2640082279146938 0.784924907625902 0.28465483267154984 0.3507334226907211 0 0 
1.1251303537226636 0.8143061421109358 0 0 0.8560126181479987 1.27336833849479 1.5376710007270695 0.43097534791027237 0 0.38485709570692467 0 0 
0.6656315596493578 0 0 0.30543994153387566 0.5408626054746843 0 0 0 0 0 0 0 
0 0 0 0 0 0 0 0 0 0 0 0 

0.22035495731404695 1.6449223425384614 1.5269092900249799 2.2612523409748753 2.28463329485926 1.9662225856531432 1.545760619741855 0.8338510457782315 1.4084152353913866 2.156671636239471 1.597987989218789 0.8547658131883238 
1.0766176690646376 2.176645297605203 1.106262156664447 2.3990073288025533 3.1531380706589514 2.566783265650312 1.0443762756378396 1.2339696939407212 1.171060832673376 0.36392973879801854 1.3578330636751292 1.5839177220958354 
1.1032264037557376 1.903686259139022 2.913288627781806 2.1854324587850975 1.8046686655796893 2.2140716943218144 2.330366837181931 2.1312266342913513 1.7975696234797618 0 0.19309746755165666 0.14344493051450224 
0.13674781261426197 1.7882894198386123 3.628675525959294 2.0342306826767635 1.9286345813453853 0.7891391544904489 0.22905668542962793 0 0.96675936103682 0.049884052939641765 0.12229751048538134 0 
0.5815535689484039 1.6657108762158876 1.267825886512329 1.532710591428464 1.0303159122344925 0.9593955703276184 0 0 0.22914797687664523 0 0.38011323755368287 0 
0.9716599541322678 1.9715750949691593 1.068819068858245 0.9815617059141423 0 0.9243515104540171 0.07411080633860952 0 0.4186420218681698 0 0.33175133208895624 0 
0.3632646175075858 0.7328431916133568 1.163365496088847 0.14731287397036671 0 0.7168551997691838 0.0683887705311096 0.6744594319965848 0.7381399138355026 0 0 0 
0.43396029489300636 0.5310110758520362 0.05459874778778674 0.14983537615126954 0.5532986912745936 0.34252288446125984 0.5719952246008814 1.255485313673428 0.6721966574206282 0.01238390036971644 0 0 
1.3806828839926988 0.6572805751891247 0.5130233236403346 1.2657355300952886 0.9360319162987372 1.3591078261555618 0.2322443165680308 0 0.47338218823628264 1.6357599779496008 0 0 
0.054851348968674614 0 1.5961588681257617 2.3776018793803844 0.8033715379886917 0.6348365617424004 0.038329595754638734 0.799618897937032 1.6119176027831463 1.6494019900950654 0 0 
0 0 0.7528477315083115 1.0912586042636605 1.2777778570786213 0.9996880637355461 0.43566682467783746 1.1990304170756867 2.473773876633634 1.8716517044729 0.9491328111260008 0.6870632429350861 
0 1.0649929375677838 0.363777074051481 0.6805597180740804 0.8092612858432845 1.0467860489235274 0.9462365990724245 1.168773096915517 0.7577937944668991 0.457121769771304 0.7797108597679063 0.025343024353201172 

0 0 0 0 0 0 0 0 0 0 0 0 
0 0 0 0 0 0 0 0 0 0 0 0 
0 0 0 0 0 0 0 0 0 0 0.05111797061275931 0 
0.04890731245815991 0 0 0 0 0 0 0.48593497125520335 0 0 0 0 
0.23988837484049347 0 0 0 0 0 0 0 0 0 0 0 
0 0 0 0 0 0.05682211768730412 0 0 0 0 0 0 
0 0 0 0 0 0.045000248901944664 0 0 0 0 0 0 
0 0 0 0 0 0 0 0 0 0 0 0.18349086905463793 
0 0 0 0 0 0 0 0 0 0 0 0.4614612408961505 
0 0 0 0 0 0 0 0 0 0 0 0.5836317365158779 
0 0 1.2575350860655738 0.46392453406625034 0 0 0 0.4019564041640998 0.21132005449760202 0 0 0.7555649537257356 
0 0 1.102751908915765 0.6220799149643675 0 0 0 0.7507634672886694 0.5901872894685231 0 0 0.4543478426717695 

0.49378128119885306 0.9825116091721814 0.9715100355983604 0.8788879925067743 1.3823644148989067 1.4837554451766521 1.4667514022631911 1.0106129389817515 1.4759037269798738 1.1741312369876473 0.8295401156345429 0.7875639848983965 
0.06513434673133917 0.4051554111113216 0.9322042070747271 1.0987903049502514 1.4374136641862358 1.0089333373267637 0.676293865421356 0.6123113384353469 1.2880853764163467 0.9316359089004308 0.49394742484657994 0.5139847302618218 
0.04827866862252349 0.37679420235013206 0.5642320068215636 1.4026458649120097 1.5520650899582118 1.2988011599816756 0.7634957282377619 0.8258139383061582 0.7935311068058418 0 0.17619926124806246 0.0751846506165677 
0.13520749671899646 0.5108961732657178 1.5320140382961056 1.0331447896443617 0.1071180621681895 0 0 0 0.009539727432585306 0 0 0 
0.43725901670177514 1.5049211970275176 1.2316529832253165 0.6370637061506349 0.5646724765686445 0.4859839983551928 0 0 0 0 0 0 
0.7575456762249059 1.6202136869586679 0.6434619514453118 0 0 0 0 0 0.017124023722763525 0 0 0 
0.3838101631886783 1.091327062238645 0.7706851871156039 0 0 0.0004010340190491648 0 0 0.18590815145327644 0 0 0 
0 0.7635598471321672 0.47517001434805645 0 0.18864467316750536 0 0 0 0.20410326945965102 0 0 0 
0 0 0 0.5404658249483614 0.4573488396771283 0 0 0.14337561257577908 0.6721691566762219 0 0 0 
0 0 0 0.7044117455604907 0.12626628658341194 0 0 0 0.6891921494956499 0 0 0 
0 0 0 0.1847157691978919 0.01319325247468912 0 0 0 0.6346344989618451 0.42797834332993556 0 0 
0 0 0 0 0 0 0 0 0.1302417169285742 0.38646818130545524 0.05857113803467337 0 

0.07614031797117815 0 0 0.21943024611488648 0 0 0.8130252987953275 0.36754923531322714 0 0.09594968481119526 0 0 
0.029917624111406638 0.3166382555547965 0 0 0 0 0.1318581406394801 0 0 0 0 0 
0 0.39959333245203255 0.23615451498347562 0 0.013389701790147424 0 0 0 0 0 0 0 
0.24848488757310216 0.056662850014601585 0 0 0 0 0 0 0 0 0 0 
0.589750169761087 0 0 0 0 0 0 0 0 0 0 0 
0 0 0 0 0 0 0 0 0 0 0 0 
0 0 0 0 0 0 0 0 0 0 0 0 
0 0 0 0 0 0 0 0 0 0 0 0 
0 0 0 0 0 0 0 0 0.7568538320429884 0 0 0 
0 0 0 0 0 0 0 0 0 0 0 0 
0 0 0 0 0 0 0 0 0 0 0 0 
0 0 0 0.3127892793213346 0.30796611083504105 0.06995306689737418 0 0 0 0 0 0 

0 0 0 0 0 0 0 0 0 0 0 0 
0.47367144288174073 0 0 0 0 0 0 0 0 0 0 0 
0.18860124906155978 0 0 0 0 0 0 0 0 0 0.0901146094960431 0 
0.29798224888590435 0 0 0 0 0.6190968782744857 0 0 0.3729678054941192 0 0.6468738244661179 0 
0.4132694697927546 0 0 0 0 0.23362580854753073 0 0 1.5038530675078734 0 0.8434361851574614 0 
0 0 0 0 0 0.9340979916615811 0.3625128513675934 0 1.0578289501164124 0.1484316700611801 1.479277963520877 0 
0 0 0.42783753128793006 0.14203897232619436 0 1.3271529767607408 0.6787092792641921 0 0 0.0949691967389033 1.752579940192701 0 
0 0 0 0 0 0.6326050693324601 0.36891681236089874 0 0 0.3479413325038296 1.248586050961233 0 
1.2398420992187833 0 0 0 0 0.12308208705624596 0 0 0 0.9645920294218038 0.14784670501421654 0 
2.542877670069787 0 0 0 0 0.5860272447032037 0 0 0 1.473968864304007 0 0 
2.871360056693675 0.854017108916266 0 0.27517641311482455 0 1.2144925098403663 0.8980138095542122 0 0 1.367637713922932 0.6917412440028529 0 
2.538156518041412 1.2872511229502532 0.5366715616128789 1.4690748249677372 0.6821289312150323 1.804318787674346 1.4689084552148697 0.05691285649823842 0 0.8796498462205333 0.8968921558811728 0 

0 0 0 0 0 0 0 0 0 0 0 0 
0 0 0 0 0 0 0 0 0 0 0 0 
0 0 0 0 0 0 0 0 0 0 0 0 
0 0 0 0 0 0 0 0 0.08401920423794781 0 0 0 
0 0 0 0 0 0 0 0 0.2402221107212316 0 0.7751030849236519 0 
0.06304324429901265 0 0 0 0 0 0 0 0 0 1.218228089122929 0 
0 0 0 0 0 0 0 0 0 0 1.5730413246885881 0 
0 0 0 0 0 0 0 0 0 0.2819482032707758 1.6949291709816563 0 
0.03526929561016007 0 0 0 0 0 0 0 0 0.6174055772134615 1.2466240615398403 0 
0.9105930322404356 1.2941634304374063 0 0 0 0 0.09294750544522665 0 0 0.9699832945227216 1.0811752738224887 0.024904732466791694 
0.7310044190402603 0.49613866055570544 0 0 0 0 0 0 0 0.040859450380842675 0 0 
0 0 0 0 0 0 0 0 0 0 0 0 

0 0 0 0 0 0 0 0 0 0 0 0.38149326421872254 
0 0.4110018988019606 0.4286471089087114 1.4622258340687795 1.8341286431870147 0.815924171250148 0 0 0 0 0.7045290587973857 0.6071633210726756 
1.0636114928900158 0.3060391987113229 1.0919617024457453 1.4744116438262374 0.7404936561781741 0.168123146606297 1.7724072567162863 1.43429565632575 0 0 0 0 
0 0.5272468659551974 1.5100550310369165 1.192790030090635 0.8551246713698114 0.5186859550363832 1.5695052561516145 0.4788599482432273 0.11117696916958189 0 0 0 
0 0.33430918815175725 0.33303980466879707 1.3092473085842793 0.8137702800280637 0 0 0 0 0 0 0 
0.4948521061285238 0.416990700629663 0 0.12660212004572574 0 0 0 0 0 0 0 0 
1.174003668955416 0 0 0 0 0 0 0.2614402818131444 0 0 0 0 
0 0 0 0 0 0 0 0.5192025498774312 0 0.028313176759386632 0 0 
0 0 0 0.34210452349003156 0 0 0.07830210435819251 0 0 0.19520805799505758 0.10117045067081182 0 
0 0.4311029803774859 1.0830230151185172 0.12677516717642814 0.3509321146095138 0.5746489670765632 0.4154575963789352 0 0 0.09353160661933924 0.02318797506790443 0 
0.23617330962275562 1.8851017699451718 0.5585518688651413 0 0.8558318899271883 0.945410366554712 1.5965550503869386 1.4080350868165579 0.9251583614586842 0.6994580826117407 0.915769492817359 0 
0.2037379493828696 1.601577794218281 0 0 0.7495853814236302 0.6661783048143323 1.6274309527964679 1.7861626505949824 0.901033517636592 0.07400410730097831 0.13711221153932351 0 

0 0 0 0 0 0 0 0 0 0 0 0 
0 0 0 0 0 0 0 0 0 0 0 0 
0 0 0 0 0 0 0 0 0 0 0 0 
0 0 0 0 0 0 0 0 0.1555715419252757 0 0 0 
0 0 0 0 0 0 0 0 0 0 0 0 
0 0 0 0 0 0 0 0 0 0 0 0 
0.09488108288009689 0.10384264994992545 0 0 0 0 0 0 0 0 0 0 
0 0 0 0 0 0 0 0 0 0 0 0 
0 0 0 0 0 0 0 0 0 0 0 0 
0 0 0 0 0 0 0 0 0 0 0 0 
0 0 0 0 0 0 0 0 0 0 0 0 
0 0 0 0 0 0 0 0 0.7627887023042973 0 0 0 

0 0 0 0 0 0 0 0 0 0 0 0 
0 0 0 0 0 0 0 0 0 0 0.03984987349271901 0 
0 0 0 0 0 0 0 0 0 0 0.06394150820244365 0 
0 0 0 0 0 0 0 0 0 0 0 0 
0 0 0 0 0 0 0 0 0 0 0.050615387355013114 0 
0 0 0 0 0 0 0 0 0 0 0.14674177291394272 0.2966083535584866 
0 0 0 0 0 0 0 0 0 0 0.36892243966414917 0.5638387985895625 
0 0 0 0 0 0 0 0 0 0 0.5219946632283886 0.8135947897157331 
0 0 0.6389446490253103 0.28734662746144035 0 0 0 0.04954160987567824 0 0 0.08208755332966997 0.6657711253105961 
0 1.1467267299362702 1.504759584044048 0.2210959572631577 0 0 0 0.07324087340224328 0.015683052161477 0 0 0.36836989180604884 
0 0.3236560791223597 0.6860216974746622 0 0 0 0.08123367761094841 0.36324790164723253 0 0 0 0 
0 0.06877435536790581 0 0.10480723560206426 0.3556841953090838 0.3300236000041343 0.05003075200214481 0.0766917352274309 0 0 0 0 

0.3762076261074042 0.8161086352755607 0.710104356346018 0.38224538497077964 0.31181737896392936 0.8752074912003974 1.2394316236211649 0 0.3602716843150556 1.0060618482506007 0.8406690186802591 0.8754071885389161 
0.08882819421773713 1.2500045783883926 0.7214697266841497 0.33786700318490187 0.5940896002970517 0.9478268663118092 1.2534057860062582 0 0.5227567039567437 0.713100661285179 0.3509986503662401 0.5789678799666274 
0.10563710411855508 0.33563607690693154 0.4078874067718994 0.6209251984148418 0.29056082613526335 0 0.6796354112950691 0 0 0.6748863033868765 0.21027957200297437 0.4955736294453044 
0 0 0.25994733349180865 0.5524083081701205 0.7347581046690027 0.05457483027657332 0.5892178634627457 0 0 0.15646113971454392 0.10281235782525253 0.5968977320989647 
0 0.4030957840924627 0.11078985713668583 0.32489872536857517 0.8108452666687876 0 0.07630622726215346 0.13952478524747142 0 0 0 0.33196617678926493 
0 0.31531500423715625 0 0 0.8265530311033659 0 0.07684261364392969 0.35165022529466955 0 0 0 0.6156466473400836 
0 0.4411441049044433 0 0 0.273500911876227 0.09847269177255721 0 0.5093511807419213 0.3951742114898049 0 0 0.4353542630862156 
0.11653326598262267 1.321419948761571 0.47153689983366576 0 0.32347444160036654 0 0 1.1023319378438585 1.1616760008392812 0 0 0.22217285503622375 
0 1.3345309474686906 1.3413619546291458 0.6813554106632751 0.5213990958312416 0.4555376341736774 0.7906741206313299 1.254472909576419 0.7126268887850342 0 0 0.21565475110189458 
0 0 1.4169780179762645 1.730218335158567 1.3342954532439772 0.4197812062164993 0 0.8405111361703668 0.8422917031002132 0 0 0.149173391327656 
0 0 0.28914413662622956 1.6126822438449329 1.0326495607721748 0 0 0 0.24385966278052068 0 0 0 
0 0 0 0.07856132361036454 0.2614370713040865 0 0 0 0.2754253294588311 0 0 0 

0 0 0 0 0 0 0 0 0 0 0 0 
0 0 0 0 0 0 0 0 0 0 0 0 
0 0 0 0 0 0 0 0 0 0 0 0 
0 0 0 0 0 0 0 0 0 0 0.1736457683631189 0 
0 0 0 0 0 0 0 0 0 0 0.6435293522017043 0 
0 0 0 0 0 0 0 0 0 0 0.3593885257118012 0 
0 0 0 0 0 0 0 0 0 0 0.3683342439557873 0.5673642696275625 
0 0 0 0 0 0 0 0 0 0 0.02704537782312616 0.7008060690614318 
0 0.09011247467017619 0.20374643780800045 0 0 0 0 0 0 0 0 0.8156461925747442 
0 0 0.27666818547478944 0 0 0 0 0 0 0 0 0 
0 0 0 0.3872318240803474 0 0 0 0 0 0 0 0 
0 0 0 0 0 0 0 0 0 0 0 0 

1.171959184820099 0 0 0.7939427339560324 0.37585600344296727 0 0 0.16118469890700965 0 0 0.8189497326068623 0 
1.272510266461023 0 0 0 0 1.0761030390846351 1.4497779059784484 0.5780598783075015 0 0 0 0.9298663530317316 
0.9698205515007572 1.6644700567548483 1.090150771987311 0 0 0 0 0.21300596712102648 0.33152088653332223 0.642395289741512 0 0.29958172478576395 
0.7442694169953433 0.09004714768027228 0 0 0.6947239182540742 0 0 0 0 0.9563930002258121 0 0.5368961261805789 
0.8074348287006737 0 0 0 0 0 0.17079864596084327 0 0 0.04432791259670584 0 0.5720640456457536 
0.42792238169243507 0 0.43776571839276995 0 0 0 0.19700403411066947 0 0 0 0 0.317700534455745 
0.4386073086593076 1.0435199183397126 0.9457439287871109 0.6348786429163857 0.15368928377326962 0 0.2904021565771242 0 0 0 0 0 
0.6494886341062052 0.7629054760560721 0 0.43365618775386894 0 0 0 0 0.36686975005924205 0 0 0 
0 0 0 0 0 0 0.17548292584840897 0 0 0 0 0 
0 0 0 0 0.6164872520441957 0 0.6792314191084431 0.6643812444090141 0 0 0 0 
0 0 0 0 0.9439981877952432 0 0 0 0 0 0 0 
0 0 0 0 0.09959802114200271 0 0 0 0 0.16477867103055754 0.1884167537458384 0.6337109919082604 

0 0 0.21028946209575336 0.010568705374384757 0 0 0 0 0 0.5562507049454793 0 0 
0.12025166294339565 0 0 0.24243304777220573 0 0 0 0 0 0 0.10949391711762976 0 
0.7856870379160266 0 0 0 0 0 0 0.2614585127142405 0 0 0 0 
0.9387222200408551 0.16700049011932466 0 0 0 0 0.27063361996536917 1.2693525708243538 0 0 0 0.0901142204291494 
0.5135244453662001 0.7565931683705707 0 0 0 0 0 0.43458597933782295 0.5306996720003464 1.049217992368144 0.7784239749886246 0.8742322413842485 
1.2297818172593875 0 0 0 0.10528677729048261 0.34909058593235376 0.25916323469268693 0.25321484263071087 0.41942397321205055 0.6461858403084577 1.2213047328647815 1.4051336228876399 
1.2377422845975685 0 0 0 0 0.6492647834390306 0.4339729129004616 0 0 0.32318467295386566 1.666884176995094 1.3492977984777679 
0.8165597263376757 0 0 0 0 0.7624485156904812 0.29669131575891594 0 0 0.2885615489195483 2.1665321794079015 1.0715864976012153 
1.5731556286090236 0.46533962971605364 0 0 0 0.4268895483646913 0.13026231722461348 0 0 0.7294551981668835 2.284234077474621 0.7057531899342466 
2.391236057686781 1.0007135374900575 0 0 0 0.0870496956614279 0.525093456114648 0 0 0.3770338395667636 1.2959775800621482 0 
1.9874190213941703 1.1726115789367608 0.04454239044892583 0 0 0 0.7191892450276569 0.7007049008080878 0 0 0 0 
1.5734453286677943 1.0331401497196662 0.9315940232092229 0 0.13804759545929296 0.5152455330832604 1.148311059430005 1.2083055240622786 0.08948001361753916 0 0 0 

0.11252162674537136 0.8229745331766499 0.968449036458135 0.761919332870708 0.616548801704278 0 0.8568785875532345 0.43084336290045927 0.6959817161948113 0.9733085147742899 0.26855678457906806 0 
0.6168063116758964 1.6442096748335766 2.142425377132067 2.5925131952097766 1.6985127080388123 0.33421246791199316 1.6024050546269608 0.8597374513829052 0.9549080098773215 1.8709913091897044 1.6135479431970834 0 
0.467217940446354 1.3217917637684127 1.0815005756819893 2.0213034757909303 1.8264958365558948 1.2757321129530563 2.342895137735129 0.4577633671326494 0 0.6923910593792815 0.9516214133375129 0.002725135641975268 
0.9710250158394973 2.772086528409978 2.1468925333680944 1.4435801359203364 1.1526808560973132 0.4379359563078419 1.3298062850283 0.7778375003297525 0.4207863956371864 0.4685609111136594 0.291693210249226 0 
1.064789638680351 2.28821441553637 1.9283517511714892 1.1398924225161764 1.7373052936524571 0.19129024735741226 0.7066464390282191 0.2811141601036345 0.31747925483926265 0.5613709380615556 0.11785037423471303 0.1443288368537755 
0 0.1529089296711027 0.37112933081530824 0.26714605395626945 1.1374006819901492 0.0039070436676885145 0.6647329818197321 0.08106420455973598 0.03948500237215621 0.07468824726186214 0.17128077816045834 0.6909757751600808 
0 0.28052447611213704 0.1497106130866331 0.21226070822298193 0.03597632528114013 0.08311012445993114 0.6352792621301574 0 0 0 0.9532682940859609 1.4137273199771263 
0 1.0068480720864694 0.9975780907906233 0.4942200442212312 0.3705099411015029 0.6313360022195593 0.8473303474797973 0.4496237144152356 0.1404560556481131 0.2836384234892817 1.6136936949999563 1.0726452024796678 
0.6511459501806687 1.8488335318489622 2.2901679708197222 1.6314053521684282 0.27986818564609817 0.900152281847188 1.3301180842692784 1.75805781433706 1.5825476038170487 1.7730833950448233 2.9889352060384327 1.5345162795026321 
1.6824249622404186 2.5646897310625514 2.4087391644427503 1.391991549962695 0.22535563903087225 0.6470227715262522 1.3313939551437355 1.6121717027222997 1.51685026516252 1.8091016307232437 2.3757320067172683 0.5288855508411673 
1.7769064217410402 2.5959728092486034 1.4802862611055732 1.1122445284207423 0.5280569378222453 1.521118949295904 2.474512285169318 1.452152119064151 0.3790648692679423 1.0480031227785858 0.69381785672615 0 
0.9257801407206058 1.184686766312238 0.6780655776010964 0.39583868217684004 0.7199567903346171 1.0096039464162876 1.5791173900166202 0.7114074753411557 0 0.4938216270965362 0.10455799366019417 0 

0 0 0 0 0 0 0.6792944616352776 0 0 0 0 0 
0 0 0 0 0 0 1.6430143116530307 0 0 0 0 0 
0 0 0 0 0 0 0.9945963410534179 0 0 0 0 0 
0 0 0 0 0 0 0.13756043260112016 0 0 0 0 0 
0 0 0 0 0 0 0.11568917960935546 0 0 0 0 0.1779292609884375 
0 0 0 0 0.47191454641593056 0 0 0 0 0 0 0.6199972118574183 
0 0 0 0 0.22645461293184638 0 0 0 0 0 0 0.4654149150774982 
0 0 0 0 0 0 0 0 0 0 0 0.07569035725232265 
0 0 0.5423929656418285 0.1839002803673154 0 0 0 0 0 0 0 0 
0 0 0 0 0 0 0 0 0 0 0 0 
0 0 0 0 0 0 0 0 0 0 0 0 
0 0 0 0 0 0 0 0 0 0 0 0 

0.3388610626159616 0 0 0 0 0 0 0 0 0 0.04890351753789233 0 
0.15132273077236102 0 0 0 0 0 0 0 0 0 0 0 
0.4505926894582036 0.30242891087246304 0 0 0.16779478739607412 0 0 0 0 0 0 0 
0.6248001648293712 0 0 0 0 0 0 0 0 0 0 0 
0 0 0.5559002540688055 0 0 0 0 0 0 0 0 0 
0.1640114789346367 0.3800484745739261 0.2945946068269129 0 0 0 0 0 0 0 0.06701986007797431 0 
0.847970853592784 0.3150959451947824 0 0 0 0 0 0 0 0.07436438328469994 0.0305960993031862 0 
0.12098933227189425 0 0 0 0 0.37502071583803515 0 0 0 0 0 0 
0.26912643281955284 0 0 0 0 0.09452402185646269 0 0 0 0 0 0 
0.40960992621103565 0 0 0 0 0.02179961769287267 0 0 0 0 0 0 
0.18039716668170555 0 0 0 0 0 0 0 0 0 0 0 
0.254120859728592 0 0 0 0 0 0 0 0.5287496901376194 0.3223946702024203 0 0.40277465710359744 

0 0 0 0.09983002244718775 0.3757171285821645 0 0 0 0 0 0 0 
0 0 0 0 0.45851974464066314 0 0.15776498073599954 0.9170764099458295 0.4303607135920314 0 0 0 
0 0.09754039139212162 0.4508561550944872 0.04835494415567698 0 0 0 0.8213950896905261 0.6551997207313244 0 0 0 
0 0.24265452861384634 0.47674205240859163 0 0 0.21987258813028926 0 0 0 0 0 0 
0.6468335339818184 0.7658016697066825 0 0 0 0 0 0 0 0 0 0 
1.4088627346756506 0.9219887467653582 0.263404371512521 0 0 0 0 0 0 0 0 0 
0.37141421957480375 0.12818872017110916 0 0 0 0 0 0 0 0 0 0 
0 0 0 0 0 0 0 0 0 0 0 0 
0 0 0 0 0 0 0 0 0 0 0 0 
0 0 0 0 0 0 0 0 0.13003325606307609 0 0 0 
0 0 0 0 0 0 0 0 0.24416680824175557 0.06227869794710372 0 0 
0 0 0 0 0 0 0 0 0.23188543535750866 0 0 0 

0 0 0 0 0 0 0 0 0 0 0 0 
0 0 0 0 0 0 0 0 0 0 0 0 
0 0 0 0 0 0 0 0 0 0 0 0 
0 0 0 0 0 0 0 0 0 0 0 0 
0 0 0 0 0 0 0 0 0 0 0 0 
0 0 0 0 0 0 0 0 0 0 0 0 
0 0 0 0 0 0 0 0 0 0 0 0 
0 0 0 0 0 0 0 0 0 0 0 0 
0 0 0 0 0 0 0 0 0 0 0 0 
0 0 0 0 0 0 0 0 0 0 0 0 
0 0 0 0 0 0 0 0 0 0 0 0 
0 0 0 0 0 0 0 0 0 0 0 0 

0 0 0 0 0 0 0 0.1639891899498528 0 0 0 0 
0 0 0 0 0 0 0 0 0 0 0 0 
0 0 0 0 0 0 0 0 0 0 0 0 
0.20939847307346793 0.1318279429190813 0 0 0 0 0 0 0 0 0 0 
0.46229473882621475 0 0 0 0 0 0 0 0 0 0 0 
0.4572122781478701 0 0 0 0 0 0 0 0 0 0 0 
0.014531660423664043 0 0 0 0 0 0 0 0 0 0 0 
0 0 0 0 0 0 0 0 0 0 0 0 
0 0 0 0 0 0 0 0 0 0 0 0 
0 0 0 0 0 0 0 0 0 0 0 0 
0 0 0 0 0 0 0 0 0 0 0 0 
0 0 0 0 0 0 0 0 0 0 0 0 

