2.069125094414782 0.8870773302599251 0.516446093896197 0.03400480406810725 0.6104156618176335 1.0723408438041857 1.2922577753537847 1.185094279582959 0.9301661559342436 0.7036920949806682 2.014291826552271 0 
2.878388528545523 2.600102609338266 2.8548767439349576 1.4256076777468623 1.8039269005543692 1.9567564086375946 1.5569860610144128 2.1064714003188176 2.2936873392551287 1.8632907142508244 1.9419906151619732 1.3573819360958046 
1.6731569292820165 1.1839802450450139 1.5084258635274932 1.7276408257523852 1.8835346508256994 1.5270032091676167 1.356269869540461 1.16714441837992 0.9620920232228333 0.7500584588153368 0.5040680242188585 0.2023163341794496 
1.270836128585829 1.4955398171146452 2.133452912081187 2.0409493361514133 1.7071648558507315 1.4817194113952075 1.7472359292444177 1.7154473177678689 0.8986747188218192 0.6543091584983035 0.42596063761046643 0.1315149923388056 
0.7040168415220209 1.1428283743204224 2.579700011701357 2.1246981577523836 1.3958942292478553 1.4383101730115957 1.664216531900097 1.7726494495906382 1.3945449383590027 0.8880441722351595 0.3708840663229733 0 
0.5635920581106336 1.3829385306353337 2.5152086502058095 1.7811796930032144 1.2675749542280026 1.1639163005051767 1.3583904017536261 1.3625611343377744 1.3714168398340445 1.0889022748557065 0.692535895436667 0 
0.5671237474060967 1.8743671694933293 2.697366008570517 1.4593362897061335 1.3565945479010935 1.2800555822960134 1.2886450360880282 1.4990704227042724 1.737037852811471 1.6298204404199472 1.0617466962400026 0 
0.3790384423121709 1.5094678351020738 2.6234987105085272 1.4356711864811165 1.3378278461550905 1.354185501489659 1.3885412283424123 1.5182584207044245 1.7787666491655099 1.7027531329023304 0.7979835754070785 0.3112585384022567 
0.9762253291843508 2.0755295464992978 2.749673484510343 1.257199014531501 0.9472757422223157 1.0402917069438964 1.25361585930943 1.337392562997968 1.3700998877289474 1.4168747394608003 0.4678964522229745 0.30192775494793106 
0.3707395081811765 2.1919702521890083 2.770168558794632 1.088032954773196 0.6917771635496718 0.9629214904256591 1.1263524775483273 1.104773497789134 0.7591301498235898 0.8747561539509695 1.1913860536822283 0.7840058496840825 
0.11080992301965786 1.8176269113491317 2.383193111369279 0.9602345780399363 0.8572021045912585 1.3161757552085585 1.4441391367601162 1.2997746614727674 0.8017019772496625 0.9163261523324033 1.29317241150117 1.3229130373763922 
1.5259613169647641 1.647257584304148 1.6948564025453725 0.9629223829416662 0.9814260401979537 1.5085100650039869 1.5520915395658408 1.637529539445018 1.4794672283491137 1.5364977034025131 1.291245313465348 1.2160760530452137 

0 0.28056818713553666 0.6061203809497969 0.5363053271419409 0.2782171261871539 0.345475997870923 0.2160670180405255 0 0 0 0.22291865644279962 1.3524256648673245 
0 0 0 0 0 0 0 0 0 0 0 0 
1.5214332109796351 1.6911841813566715 0.49532494660212895 0 0.08593908453102318 0.2040872603150825 0.2610342994303383 0.34857306360312934 0.07589166975658221 0.17748101672871164 1.5398320488802761 1.9550535660084385 
1.8993426896017058 1.1725614201354086 0.05110432353096661 0.3164356528607943 0.3153117030087557 0.34007788291089514 0.3646799738016197 0 0 0.09256564999173938 1.5260024183335037 1.6948650394725107 
2.0864761596164696 1.145083500629565 0.20215442707843964 0.2776025610433737 0.5191400149145287 0.35923456531890136 0.28998166658542057 0 0 0 1.0679154438409018 1.719182500584519 
2.1258597893979134 0.9779922128068981 0.16702034662530713 0.4601918355817561 0.5732407082443289 0.4883452356739794 0.1986534496734712 0 0 0 0.4780417898681765 1.3303167775768496 
1.8793572144391435 0.4464607108799142 0.043545029874250525 0.6063592660208984 0.4068959816458918 0.4358031232794124 0.2572999382649145 0 0 0 0.23839392348933616 1.204053595849161 
2.1853664532747286 0.7896713238475976 0.07593464170194063 0.3287012148093401 0.31576311068034824 0.33632606878622884 0.23259263255979282 0 0 0 0.6998396990658347 0.8098644776237025 
1.6054372408774222 0.38272257334815774 0 0.3559715236254667 0.35883798961045277 0.37509835652431117 0.41302614986021535 0.2806365425183073 0.28815196329481924 0.3437526632546429 1.1299280613406832 0.8188623377826929 
1.2605443353535137 0.006852379038787645 0 0.20378394815209547 0.24093119830038628 0.525186506180479 0.39233770143246044 0.29644861282852647 0.2602333284025201 0.30638902586999517 0.6634388342874223 0.3919094988615811 
1.0736937593524718 0.4299865061054513 0 0 0.2589452982548664 0.38381212175626167 0.32082399248903987 0.20344522609464188 0.17406106660739015 0.3464985929200363 0.44778271954146404 0.03335290975116096 
0.44226434707398976 0.47940587880709934 0.02596946958612896 0.08500294479216201 0.4344090014972157 0.38445661355301464 0.12198552745725594 0 0 0 0.16772914231464048 0.4316210357930017 

0.4703862195396561 0 0 0 0 0 0.2850029605139905 0.46991495042639847 0.26224863919389163 0 0 0 
0 0 0 0.5728132201748805 0.5590078855030626 0 0 0 0 0 0 0 
0 0.1053553128754494 1.3854764826835748 1.2404133728500883 0.1865862067359399 0 0.017660490672825133 0.037104931047903536 0.513422901489413 0.3701137807343127 0.616552978298732 0.2962510080376795 
0 0.6904397340140163 1.4504196685552455 0.6637976506885843 0 0 0.02864205710083455 0.22259100186772302 0.4731350870976395 0.24839680323250188 0.08393991961511038 0.13723523101973176 
0.14992335710865093 1.1419128864095052 1.1058114852449905 0.21412042003293968 0 0 0 0.14427512924499963 0.12080180075563396 0 0 0 
0.3533796265399717 1.3854843339914433 1.1429791657824728 0.13207199209249912 0 0.031805671844648865 0.12735455781567218 0.08231155845091923 0 0 0 0 
0.6315747598968633 1.2371541642798978 0.9298407851945822 0 0.16534873109056045 0.2328688966474563 0.1571541324587175 0.03331334847626133 0 0 0 0 
0.671636557819079 1.1487436100315092 0.9982009636686986 0.09911646441883466 0.21928606000977224 0.12905945280026818 0.08223829697747907 0 0 0 0.015030124293045819 0.18369615192278896 
0.47447584314487234 0.972018748861475 0.8523726542191069 0.1456431518976228 0.21252647100755856 0.1817151720533176 0 0 0 0 0.6979807837797793 0.8645693708724749 
0.7330037045709975 0.8535573301459475 0.6909303316533888 0.255399723769044 0.3384624841499859 0.19716103449501596 0 0.001371449838161315 0 0 0.29473684743938955 0.25008185282454165 
1.121842451233874 1.0409339427765718 0.581570432820113 0.36538645074995824 0.21372572181044963 0.12652589473826933 0.30037791253581586 0.3184154904964552 0.22592946359841187 0.1536925917935017 0.07733346932628805 0.13228021644972615 
0.033330212264105506 0 0.04718115700470631 0.26214346895873575 0.1328506314809561 0.1839648058588389 0.0452822758764686 0 0 0 0 0 

0 0.4450936993584065 1.8636268483929745 2.188796105993835 0.8009619708114092 0.6402094611165985 0.19752650029075872 0 0 0.09403612381169929 0.061762380740797596 1.0430337830686371 
0 0 0 0 0 0 0 0 0 0 0 0 
0.020663548316339903 0.6861757021699714 0.566197465488875 0 0 0 0 0.6272470586734411 0.7865271640957961 0.32909849081930925 0 0 
0 0.18062337220046878 0.2896786229292603 0 0.0013661507989839172 0 0 0.18718109874746058 0 0 0 0 
0 0.6356537290851433 0.3527916536422053 0.33707135868502286 0.1893943186648978 0.2854328124466896 0 0 0 0 0 0 
0 0.9254272770213887 0.6185624734043245 0.2801799304242367 0.6136199822685524 0.4641591685915874 0.2077044826630434 0 0 0 0 0 
0 0.9329310481070531 0.8838301852493254 0.3033058111352347 0.35912082599665807 0.21940728134995502 0.08233941680779891 0 0 0 0 0 
0 1.105479606761821 0.6703359664652248 0.3507287478324146 0.30209029503336415 0.11569086138616398 0 0 0 0 0 0 
0 0.642916105348668 0.8480539707958463 0.8459787350896507 0.7282961059987791 0.3702779665344834 0.2754764586197941 0.25136182036232 0.1681526365255211 0.029137258737996816 0 0.00776263852229947 
0 0 0.6412624441969779 0.7457542740575797 0.6031483549505844 0.3878936101629312 0.32281518142210663 0.21923734037355858 0.1140660988772699 0 0 0.12676841293471514 
0 0 0 0.43652588032056894 0.28790475183226943 0.07197652886844763 0 0 0.23405296187090371 0 0 0 
0.06042841440077029 0 0.039066586782071706 0.011439279870404842 0.022917530724092805 0 0 0 0 0 0 0 

0.5438530620547569 0 0.42682994468899627 1.185580596700343 1.405406843578497 0.9336550520101371 0.843126425288722 0.6064599668010477 0.2493755050368242 0 0 0.44813167998894016 
0 0 0 0 0.09742854510839725 0 0.10077410568331888 0 0 0 0 0 
0.2681756951501364 0.9733886899010006 1.8479287216528983 1.0503376180791373 0.3531375171608545 0.7289530624236841 0.5364157456954934 0.96434975834001 1.511930163384569 0.9221837348641612 0 0.8880181822429403 
0.2605371090824063 1.2762858091015477 1.3751458389612317 0.7131034575836808 0.6942000327826691 0.8211873490272095 0.7352652454870505 0.9806564596485438 0.8042790828421129 0.6250386641703528 0 1.1684411354280553 
0.4247912875273616 1.7102394155308864 1.6084036226891294 1.0085075031267696 1.0204659997452212 0.9388528250512627 0.8813767451658233 0.9104957699818219 0.5401820825186198 0.46963192081199445 0 0.7903950387715503 
0.4633882832142868 1.7755028204933454 1.5739265937725997 0.8615157661726888 1.1024487609628042 1.0889601649496163 1.109533227179042 0.8169321872425638 0.7385959535482868 0.4716935856578174 0 0.32624074363665667 
0.6473231983869263 1.839958782467007 1.4376673844275836 1.0062686450389213 1.0692518098737815 0.8923291926536182 0.8333324332298935 0.5462925703039107 0.27667696953668985 0 0 0.3425538087315531 
0.48421583349977393 1.591137290218182 1.4307522054400816 1.1105463515993417 0.979716378563335 0.8139942290246293 0.7486083459513698 0.5333233265010949 0.4324964964253126 0.07288642785359895 0 1.2476419471535651 
0.4600213369582609 1.2512652198935552 1.3435531130308336 1.2269145997490447 1.1676054380163174 1.0012369426144294 0.8954618191710199 0.9957738827926366 0.9661978535566429 0.7568781432354159 0.27463314762340285 1.3962215850028117 
1.0162007002062163 1.3864961489472665 1.466767184605036 1.3361285599183819 0.933082638414406 0.8665845487608144 1.054739506486322 1.2364974716681638 1.324114214859117 1.000812435658873 0.5772270056873708 1.0856883418255823 
0.5867434972494747 0.3083505290404192 0.8456528545573908 1.0262870081552915 0.4440220221084231 0.7795296115502727 0.8617431367890535 0.8981444861282163 0.6347603959898186 0.45480371157691923 0.4244515745340294 0.7395815904395252 
0.9059008118735214 0.5803336409160964 0.8167325230053915 0.6253823800806783 0.49140649783653917 0.8262506261383601 0.6341975972578839 0.5103748696478072 0.2645209467192357 0.30824273646740036 0.548395315439769 0.6369811264274583 

0.9332521611319563 0 0 0 0 0 0.316345317536915 1.118757289564406 1.037095347808347 0.48966052474394917 0 0 
0 0 0 0 0 0 0 0 0 0 0 0 
0 0 0 0 0 0 0 0 0.013043796065076392 0 0 0 
0 0 0 0 0 0 0 0 0.24897420701741868 0 0 0 
0 0 0 0 0 0 0 0.08165864958632563 0.257904131301437 0.06509068050705652 0 0 
0 0 0 0 0 0 0 0.09441154067482815 0.23323593174615892 0 0 0 
0 0 0 0 0 0 0 0 0 0 0 0 
0 0 0 0 0 0 0 0 0 0 0 0 
0 0 0 0 0 0 0 0 0 0 0 0 
0 0 0 0 0 0 0 0 0 0 0 0 
0 0 0.27149407116808305 0.005437562556661552 0 0 0 0 0 0 0 0 
0 0 0 0 0 0 0 0 0 0 0 0 

1.1569024368328296 0.49007204580161456 0 0 0 0.3781950237230449 0.9933176128443965 1.3331361885832447 1.2582895768728455 1.1164876739239518 0 0 
0 0 0 0 0 0 0 0 0 0 0 0 
0 0 0 0 0 0.3665832305074505 0.2643065932946272 0.1492704553005961 0 0.005145214087477028 0.38085618159671797 0 
0 0 0 0 0.029491941333750882 0.3452802461831146 0.24429135618927145 0.24873264901930559 0.41267148172972196 0.5086447486607334 0.7012990535886876 0 
0 0 0 0 0.20595082331386455 0.16176401261305207 0.1281947295278875 0.15765181402551764 0.6965263758721328 1.0742665381349195 0.922557493533231 0 
0 0 0 0 0.14826768337963878 0.047182377569282424 0.12478424402267224 0.6244605274987974 0.8972331918743978 1.0073594268696566 0.3647715372400919 0 
0 0 0 0.19328242469189974 0.10231125328938666 0.2457532470529343 0.33771904994609675 0.6540370716811209 0.5768193896592544 0.4773185804610993 0 0 
0 0 0 0.0630199631199143 0.04146669364784147 0.1429989695463808 0.33402579739257254 0.36476379797200825 0.11743517132048838 0.06943506498405168 0 0 
0 0 0 0 0 0.02851504272303708 0.1630009766807025 0.08818640229409777 0 0 0.5382884267120502 0 
0 0 0 0 0.10925778233123806 0.23682969126915857 0.18520451382831277 0.06059746720928915 0.15931960688047514 0.19427762368364518 0.46423756044069153 0 
0.8262373789772645 0 0 0 0.29381823123748885 0.34760134114900804 0.47474090823213905 0.4827654413351354 0.6513113067984497 0.6443847183514485 0.3619791713775634 0 
0.4070594904602873 0.5112010277189365 0.2964826696579601 0.23935432828336384 0.39304871466161784 0.42941099017894113 0.39933871040555746 0.15195299473203683 0.25273072666122853 0.421189508152865 0.4899080851086526 0.21841023064794196 

3.006895163463598 2.7486420256082753 2.595908446881295 2.0978298273044995 1.8774203716026772 1.6393528714597845 2.1122632384703848 2.384936433462216 2.450624987861962 2.307946849209425 3.2663126625402685 3.3831359666038274 
0 1.713768807646397 2.2075998832524877 1.9107398586096551 1.8363333378397027 1.7338047410083286 0.5153277365988146 0 0.10841078128625221 0.5749041753009747 0.8335981408837283 2.958887817793341 
2.731626563851086 2.794100311782562 1.845729298695485 1.570440840130568 1.8109432432284378 1.8625352163246358 1.5173491733255091 1.6331640929153244 1.573553918009276 1.7414086681761396 1.9905334798391991 2.0961523420586436 
2.742926895997516 2.477018492445944 1.7149534993959892 1.8717362372053348 1.9053225059001329 1.7502219121676417 1.8895554515140742 1.6551324530925242 1.606437978865568 1.5496397279303806 1.6551668777990516 1.8427478016507832 
2.4502446982777326 2.0735356490606365 1.8386165412705073 1.8529267193739662 1.9439398034477469 1.786800871409694 1.8916184986700106 1.4862869753481547 1.1205530580623355 1.4540682087276853 1.8765728204936476 2.186754642815043 
2.1772094750625515 2.15024051624533 1.8861725694724574 1.8764317226303882 1.8293905216760784 1.7630661124380318 1.7099495189154064 1.5056854409915992 1.2842502621681056 1.3125413556686794 1.953254780432377 2.5400832011390144 
1.6672993611056002 2.113705674350821 2.0447454859254717 1.935962638474704 1.832310567243964 1.8834971221654415 1.757402152127417 1.4401222823118014 1.2908582637795247 1.453664559229935 2.1270573509182946 2.6498695489053756 
1.9366563101201029 2.135544258194017 2.095048582946436 1.8287115788772386 1.9130148235352715 1.928022084964638 1.7971892416969903 1.4512984370186746 1.3717911583682678 1.620806901804731 1.4328917824146175 1.7985291079575414 
2.097612480520952 2.0917956492483643 1.9271470803696338 1.7516439942092106 1.82084468226548 1.8256575813843035 1.8228004432740914 1.7967596034468298 1.9252766486603403 1.9165033110375804 1.2777712103069885 1.2332969514240735 
0.5917163171104672 0.9862870856384494 1.4090245271149868 1.6606350314137015 1.7328660429200544 1.8230746344926438 1.5734278002399704 1.3361182022581946 1.558611069648965 1.607579210012982 1.4800970170882375 1.5549000089552703 
0.9275349906684072 1.10655775077574 1.6885577644507686 1.6752570483996168 1.8318156630200004 1.802084741233962 1.7137980247779618 1.8683860672112236 1.8632953175486089 1.850486278077759 1.6008135482531776 1.512363643214662 
1.9636248714202835 1.8959548004916982 1.6334624614640763 1.8948907794646854 2.0461859206085804 1.9618670132348417 1.8017017918565472 1.6639942713376177 1.7124151471803668 1.8886514768017175 1.901175545694692 1.9849654808302837 

0.04491530456205664 0 0 0 0 0 0 0 0 0 0 0 
0 0 0 0 0 0 0 0 0 0 0 0 
0 0 0 0 0 0 0 0 0 0 0 0 
0 0 0 0 0 0 0.014393325435793958 0 0 0 0 0 
0 0 0 0 0 0 0 0 0 0 0 0 
0 0 0 0 0 0 0 0 0 0 0 0 
0 0 0 0 0 0 0 0 0 0 0 0 
0 0 0 0 0 0 0 0 0 0 0 0 
0 0 0 0 0 0 0 0 0 0 0 0 
0 0 0 0 0 0 0 0 0 0 0 0 
0 0 0 0 0 0 0 0 0 0 0 0 
0 0 0 0 0 0 0 0 0 0 0 0 

0.45424571475555164 0 0 0 0 0 0 0.1376289793541975 0 0 0 0 
2.281263312530732 0.7211109777726896 0 0 0 0 0.4287944593640371 0.3890478891366528 0.31329855754113856 0 1.1126820210037625 0 
1.6224766765589371 0.7943439383179212 0.17690852542084193 0 0 0.44774511042546133 0.39077947829100834 0 0 0 1.21371521177623 0 
1.2982858278336395 0.31561606411041854 0 0 0.2979753447622185 0.5662898620485356 0.4078855933461384 0 0 0 0.6509458074684802 0 
0.7821386174052408 0 0 0.14078634647056046 0.5095172058914618 0.6611757837530158 0.47958964157989215 0.02558704164471176 0 0 0.16950956676413773 0 
0.38010183708184486 0 0.3110883501907241 0.24525429239565855 0.4657087647139962 0.4957965573424715 0.33002451791063164 0.1115810897311938 0 0 0.11724973868543292 0 
0 0 0.4309210875004712 0.4437809757819226 0.40636560615542183 0.2017773627941294 0.2833318324444209 0.44550033810581974 0.3678379712527315 0 0.7664831672222138 0 
0.14096798633245955 0 0.45659470352810155 0.4059941548775928 0.3027685676897837 0.43295991229510133 0.374861949114223 0.538908595170473 0.6074119784576639 0.4845723864376662 0.8050275933181189 0 
0.172004522610925 0 0.3883923362663435 0.2266263943851204 0.34320547413555624 0.46835151222998644 0.5698034461445268 0.5700251277319723 0.4933652451316325 0.5793404917748848 0.9574468973616417 0 
0 0 0 0 0.050942243193873124 0.20308624065743544 0.3397493945990894 0.08291617664388432 0 0 0.1944669641616082 0 
0 0 0 0 0 0.14190406130077396 0.15860861734590814 0 0 0 0.14553453428636082 0 
0.5311359202834712 0.578250126607113 0.20661591370981655 0 0 0.39069528361324396 0.4602309095496681 0.2975940880094958 0.13537739234743912 0.33428617894148915 0.4357457280577243 0.04877920325426204 

1.4785100238087605 0.6184493628871872 0 0.02436351416839116 0 0.14539153102559318 0.9383361234340457 1.0697803333453915 1.1555347015267867 1.4844035362755146 0.78646692838534 1.1111697844313477 
0 0 0 0 0 0 0 0 0 0 0 0 
0 0 0 0 0 0.14522136245502484 0 0 0.2569596598060632 0 0 1.5592000345177024 
0.3960603946309622 0 0 0 0.1132478538105823 0.10355376552979816 0.05370966719175883 0 0 0 0 1.7098340659427897 
0.6075290086530025 0 0 0 0.43918908677926904 0.381348473332989 0.3836440792127533 0 0 0.4374708496866283 0.3066558045136158 1.584484174041326 
0.39504375326758173 0 0 0.25413091829670087 0.33311762230110864 0.3025947770812205 0.17571695039762444 0.1605574903062927 0.5837141558571873 0.43509407999938066 0 0.8541268884439541 
0.4630191550887563 0 0 0.3342221981065328 0.046712560884326446 0 0 0 0 0 0 0.7821296221341385 
0.5523264232572394 0 0 0.18138120244398384 0.31498592004724607 0.18081865945611214 0.046426596244247456 0.021611912399474572 0 0 0 1.0131608994402248 
0.18652826362986408 0 0 0.27543388536324137 0.38310779949410195 0.28858537664821765 0.356458314285469 0.4343000068633563 0.47663972187630893 0.26692984095996275 0 0.9924293224568246 
0.2019401123777182 0 0 0.06826710792586944 0 0.05394963188195199 0.09738270538698758 0.2356539732525787 0.41881725286092925 0.47810707806505043 0 0 
0.5740289464977224 0.29696843491082975 0.0502210459732223 0 0 0 0.1545171229534924 0.03169255182329231 0 0.22040617010057273 0.17583017364297635 0 
0.27695479521398636 0.1840238077900555 0 0 0 0.11296068857281097 0.021130988998516953 0 0 0 0 0.10989394516876201 

0 0 0 0 0 0 0 0 0 0 0 0 
3.125217114314117 4.869701649902789 3.654661255932757 2.2759444549612797 0.7735341298792556 0.5021319362874059 0.8715388315492811 1.6115750665918294 2.7858351128506302 3.0692327857265482 5.734415972255087 5.567830064435062 
2.0060488116231543 2.217756522330919 1.2931468509328845 0.2933281325246642 0.45793291490885013 0.36980371081040037 0.029237578681349026 0 0 0 2.532676792858602 3.499566677681894 
3.1686572225138274 3.097805188601736 1.5767781507402334 0.7912857361667397 0.45068442373089324 0.4867095641169821 0.0135378668879726 0 0 0 2.2768923634638334 2.984255275891451 
3.8350560972067966 3.155417709594843 1.3265679495456852 0.5942571328639571 0.5677583819580103 0.5082969392439131 0.25967965643370167 0 0 0 1.1449779415263182 1.990082109966453 
3.893948770545705 2.6668250932711643 0.8471632918930125 0.320965878991347 0.29104370331670054 0.1672596772303498 0.02384925380131469 0 0 0 0.9085162766781611 2.194529565272989 
3.9136347571194587 2.4451368521991097 0.6065722693709817 0.24005227163528273 0 0 0 0 0 0 2.452543481806568 3.3391430550818773 
3.1381381026681745 1.565430557060671 0.2829191499124279 0.2838186436256865 0.26387498355429895 0.3326510781161373 0.29278239280503643 0.5384596773850203 0.7487445507852779 1.0492712235822717 2.9732613392484213 3.06209854378128 
3.485347132591399 2.2546512655616735 0.5485921562737093 0.10124248491355053 0.17931455063986684 0.30335025617224576 0.5629706588954799 0.5481164590736383 0.63829388819461 0.6768582704778826 1.6620190383833695 1.3776751806269776 
2.7254626765971137 1.6965394175877913 0 0 0 0.04832270892376422 0.018251321237192142 0 0 0.1318624255408598 0.3944145858618832 0.3294565646330994 
1.0997798055106038 0.2557171237114374 0 0 0 0.005912510637890611 0 0 0 0 0.18633563611877185 0.21921471163169517 
0.33481695722766414 0 0 0 0 0.09163166956232109 0.020566471307109466 0.043344127058915445 0.5127224963574468 0.8643917686141611 0.7778959370068385 0.5734604509018181 

1.4984515131085596 1.7895829590897288 1.816828491946239 0.514365668235489 0.05881023180680426 0.8285256799682721 1.2092587582696541 1.268436920132425 1.4090318168368783 1.3612582229066734 1.4158609809183433 0 
0 0 0 0 0 0 0 0 0 0 0 0 
1.0338763010920176 0.3796036933253832 0 0 0.516743520628112 0.354479342171902 0.9582701528992935 1.2958078503018895 0.5560525570303435 0 0.16840892774447938 0.4825964343143297 
0.4765594206562659 0 0.020702295223025066 0.5229160762840801 0.5901559404421445 0.6250101640486093 0.44804749462390936 0.45048279760013465 0 0 0.3498875886557309 0.18279681497086375 
0.7669713625043517 0.017589867045444435 0.3116873879198215 0.7630440973539384 0.8174437230581207 0.9485930822780958 0.506897934993873 0.15114864173253365 0.47268040350688956 0.3080413029433051 0.2840369102141804 0 
0.8545003543659166 0.32721471213680337 0.5042307183561283 1.0684255335165074 1.0582590044965519 0.730580024538462 0.6287853224675897 0.7367924352858811 0.6793306760025294 0.15392688700893586 0 0 
0.7513482067731532 0.4171736838717326 0.627625685123749 0.7588270427310142 0.5433665070812282 0.46480121131827185 0.3587067936872473 0.402467507056774 0.1748377662657518 0 0 0 
0.9212997570342796 0.2912240417611173 0.41375590714019767 0.8132818097158936 0.6356330834515646 0.3610265119204835 0.45551007456620835 0.43082598422438434 0.08503740362291398 0 0 0 
0.10225577730085397 0.2553349189128026 1.0046490269850774 1.2748977503985655 0.6830364062685457 0.6208382136025444 0.8879466143283945 0.9551091156483167 0.7436960325533626 0.5177147540086698 0.5812158065176577 0.8207581025588971 
0 0.3525761751803765 1.1968825233581208 0.5331384021846465 0.2813039635308717 0.7046441166140235 1.0136047838576345 1.0374694178608161 0.4318600980982719 0.008004332543886522 0.14959776555983523 0.18400006004286673 
0.8225041031987714 1.2402597739765198 1.0974921907451618 0.2143607139684086 0.17888552862832474 0.6265677903684533 0.6107850300762931 0.3854203424087315 0.23542655573515303 0.3747985729175751 0 0.07770362497787528 
0.6158209946342968 0.5800176173777799 0.3799260401576879 0 0.014043584970586664 0.4293132911538456 0.2685445392218835 0 0 0.1542521974967702 0.19489706938492105 0.3332939978004132 

1.278190013604993 1.4556114551313073 0.21296251483839687 0.08310573390363205 0.5850638245072339 0.8980219413582873 0.9412829644425995 2.346761215138459 2.015862744888349 1.3082554763583172 0.4809316104627055 0 
0.7672543075639767 0 0 1.0000382808967336 1.018908248922616 0.01317812262115083 0.4592128632790706 0.5812191153429038 0.8122402366974668 1.171502579946151 1.441705741686035 0 
0 0 0 0.3211247069054891 0 0 0.6982326260945253 0.1519440803216383 0.2913500729106957 0.6242732105069224 0.3887407854777242 0 
0 0 0 0 0 0 0 0.12029675336982015 0.9111718870881217 0.6915216483958841 0 0 
0 0 0 0.036084813110554725 0 0 0 0.05161427877235219 0.48046432718611315 0.35121547820869375 0.7105952590580273 0 
0 0 0.1689051502777537 0 0 0.03648890841411563 0.07621209716986495 0.546974763390191 0.6551762705883842 0.998047811889343 0.7256394392749195 0 
0 0 0.033993254629571895 0 0.04759342657332047 0 0.09852615180696982 0.35041112464087154 0.5021021282374855 0.9126005225409826 0.9430008773873877 0 
0 0 0.459866137563619 0 0 0 0 0 0 0.2419675507709541 0.49288677551895854 0 
0 0 0.20038131605947693 0 0.152853124716495 0.23477678969966587 0 0 0 0 0.7041309008154603 0 
0 0 0.21182962970365696 0.2329364394327683 0.8800759537736802 0.21830546482241542 0.24336608565375864 0.27803808114453027 0.23453670718650807 0.13836059766910574 0.039404926373996556 0 
0.2439309102365909 0.4434573836350276 0.1155384528124462 0.3513239701595721 0.23673258602701902 0 0.18038742505589964 0.3190351294613634 0.7729805600946925 0.3187485800540894 0 0 
0 0 0.16359332620361097 0.7659893233263676 0.15402064292162942 0 0 0 0.04109928953493977 0 0.12464659492143919 0 

0 0 0 0 0 0 0 0 0 0 0 0 
0 0 0 0 0.375115202133926 0 0 0 0 0 0 0 
0 0 0.2433399350171588 0.8274879672687611 0.4664908517505576 0 0 0 0 0 0 0 
0 0 1.12314467245311 0.878431366750541 0 0 0 0 0 0 0 0 
0 0.19165304794572527 1.4877569343367771 0.3935751193049705 0 0 0 0 0.031879581387902506 0 0 0 
0 0.689603741012105 1.334794029371322 0 0 0 0 0 0 0 0 0 
0 0.9535974776359997 1.306794799345988 0 0 0 0 0 0 0 0 0 
0 0.9976090353576678 1.2792707198146267 0 0 0 0 0 0 0 0 0 
0 1.262954539302342 1.119984948810901 0 0 0 0 0 0 0 0 0 
0 1.038143615722592 0.764281096782829 0 0 0 0 0 0 0 0 0 
0 0.7382480975100528 0.2736112887732597 0 0 0 0 0 0 0 0 0 
0 0 0 0 0 0 0 0 0 0 0 0 

0 0 0 0 0.2733450106825628 0.40316000379901373 0.4290603686465312 0.45346418442260505 0.4831739453805595 0.3357796973386309 0 0 
0 0 0 0 0.24803920917923503 0.17464400924309254 0.10737189542089043 0.9095696781709073 1.256091393618253 1.3847195085892008 0 0 
0 0 0 0 0 0.13636422673784807 0.2260023241824549 0 0 0 0 0 
0 0 0 0 0.18109945199123495 0.23384799062169798 0 0 0 0.2977554546725882 0 0 
0 0 0 0.10101742446292195 0.20363393840660463 0.2010991498057329 0 0 0.4086399892598568 0.9105877648588183 0 0 
0 0 0.11478568201962075 0.16379069262521895 0.1657305506790089 0.02081257869651692 0.05994625982551465 0.2823681062991461 0.6948917297819569 1.1846005176137224 0 0 
0 0 0.33266067520957765 0.0012329794585184302 0 0 0 0.2717336978517453 0.5695743425285642 0.9290659507021296 0 0 
0 0 0.293627455827711 0.01644130460305086 0 0 0.0861862519818022 0.20573222621333898 0.4749884425367846 0.650762161029288 0 0 
0 0 0.28614401382640753 0.04702798896673288 0 0.11647745438664264 0.16871203844803948 0.25234627593503317 0.1360258973940152 0.07058770025095447 0 0 
0 0 0 0 0 0.04426371419328569 0.13461877466295008 0.2504919817543482 0.42651047766556677 0.2398835157143293 0 0 
0 0 0 0 0 0 0 0 0.08850771694422595 0.0668395216464093 0 0 
0.21507506477284782 0 0 0 0 0 0 0 0.3173015458755019 0.3811191147592165 0.449874254690595 0.12889511185008634 

0 0 0 0 0 0 0 0 0 0 0 0 
0 0 0 0 0 0 0 0 0 0 0 0 
0 0 0 0 0 0 0 0 0 0 0 0 
0 0 0 0 0 0 0 0.1007093559393414 0.21869470631485613 0.023849603137604036 0 0 
0 0 0 0 0 0 0 0 0.5428962346716526 0.42721844505035345 0 0 
0 0 0 0 0 0 0 0 0 0 0 0 
0 0 0 0 0 0 0 0 0 0 0 0 
0 0 0 0 0 0 0 0 0 0 0 0 
0 0 0 0 0 0 0 0 0 0 0 0 
0 0 0 0 0 0 0 0 0 0 0 0 
0 0 0 0 0 0 0 0 0 0 0 0 
0 0 0 0 0 0 0 0 0 0 0 0 

0 0 0 0 0 0.10078433452691055 0 0 0 0 0 0 
0 0.07882202140683466 0.008966921472917421 0 0.00797769208881274 0.45443301014502496 0.08163647626843407 0 0 0 1.5391449712369594 0 
0.8625614370271794 0.6508905443392587 0.7249579270373006 0.1725126642756133 0.3208113221919307 0.20435550378941883 0.8225009302686578 0.37957563611771783 0 0 2.922644022094682 0 
1.1690872236372225 0.6753751727585844 0.5556393810527276 0.48969429927663827 0.1501756392683879 0.10380807604512754 0.7409714074672598 0.4917090719345198 0 0 2.6906454935808664 0 
0.8776319251326218 0.156893310308388 0.16948353273220162 0.41505894923706177 0.10787521754163724 0.06616798303707991 0.22419057294325523 0.2858228441215318 0 0 1.6559333067152346 0 
0.9159913947057231 0 0.4994397548088163 0.3360046445774025 0 0 0 0 0 0 1.2893981676520532 0 
1.3128241233377886 0 0.42793845596246405 0.20704729257573806 0.13795258048809786 0.11484433159393752 0.003239828879590013 0 0 0 2.1833532835738922 0 
1.0909078502226937 0 0.7247154480089307 0.21523398466028568 0 0 0.09414142782926885 0 0 0 3.302338177479869 0 
1.0717905525805844 0 1.057613097125596 0 0 0 0 0 0 0 3.0917229186787516 0 
1.6866604120447872 0.21865641678072006 0.9709122573748591 0 0 0 0.026725908647655866 0 0 0 1.5461552411395691 0 
1.492475169841513 1.0853173542831602 0.6156328706568568 0 0 0.2226276625283123 0.3689158763872975 0.048051834164656415 0 0 1.1453229880827933 0 
0.17741696498944948 0.588678732542197 0.33985427287169634 0 0.11049457113093183 0.2806155087298637 0.24116990870314062 0.1022611306464471 0.022904588620444477 0 0.2627422627490172 0 

0.971562395211477 1.1899278046085706 0.8711731537587373 0 0 0 0 0 0.17016431387798522 0.33888572557553687 2.889415611919532 1.82432664851277 
0.3055087316017138 0 0 0 0 0 0 0 0 0 1.0413163690060836 0 
1.1286172021024874 0.5327989447247907 0 0 0 0 0 0 0 0 1.6555177229507336 0 
1.5333693837108635 0.4584901004150866 0 0 0 0 0 0 0 0 1.5966215416586553 0 
1.4702382413743396 0.1453566971866058 0 0 0 0 0 0 0 0 1.7024183297171958 0 
1.2720736508380923 0 0 0 0 0 0 0 0 0 2.0807205923750622 0 
0.953117228591639 0 0 0 0 0 0 0 0 0 1.778295624100158 0 
0.903318616449561 0 0 0 0 0 0 0 0 0 1.0335009004144642 0 
1.1441887730368185 0 0 0 0 0 0 0 0 0 0.23123575235858174 0 
0.06548046545556492 0 0 0 0 0 0 0 0 0 0 0 
0 0 0 0 0 0 0 0 0 0 0 0 
0 0 0 0 0 0 0 0 0 0 0 0 

0.38184024621746826 0.14035985337636786 0.009257693867264924 0 0 0 0 0.2710984722529818 0.38387903981232846 0.26297516085082806 0.7795935094213762 0 
1.6333295878009904 0.6300479107657296 0 0.367658117119305 0 0 0.8488377621497132 1.5152327120845865 1.3397502730755362 1.5798652403129068 2.038841133855051 0 
0 0 0 0 0 0 0 0 0.2957702693336104 0.39193571611607725 0.15332213837393152 0 
0 0 0 0 0 0 0 0 0.4235813064576093 0 0 0 
0 0 0 0 0 0 0 0 0 0 0 0 
0 0 0 0 0 0 0 0 0 0 0 0 
0 0 0 0 0 0 0 0.009431644631391498 0.25838300287757504 0.1016103887299153 0.1212584495331705 0 
0 0 0 0 0 0 0 0 0 0 0 0 
0 0 0 0 0 0 0 0 0 0 0 0 
0 0 0 0.021346768173363978 0.25643286329788045 0 0 0 0 0 0 0 
0 0 0 0.3817232182928268 0 0 0 0 0.10018427541368112 0 0 0 
0 0 0 0.16681736095106453 0 0 0 0 0 0 0 0 

0 0 0 0 0 0 0 0 0 0 0 0 
0.7098995324758126 0 0 0 0 0 0 0.2115383026113512 0.5643890146568183 1.1023307474472153 1.363615420177764 0 
0 0 0 0 0 0 0 0 0 0 0 0 
0 0 0 0 0 0 0 0 0 0 0 0 
0 0 0 0 0 0 0 0 0 0 0 0 
0 0 0 0 0 0 0 0 0 0 0 0 
0 0 0 0 0 0 0 0 0 0 0 0 
0 0 0 0 0 0 0 0 0 0 0 0 
0 0 0 0 0 0 0 0 0 0 0 0 
0 0 0 0 0 0 0 0 0 0 0 0 
0 0 0 0 0 0 0 0 0 0 0 0 
0 0 0 0 0 0 0 0 0 0 0 0 

0 0 0.13116517828530713 0.38485352560599173 0.05211291281778419 0 0 0 0 0 0.546162535173683 0.5517657217622001 
0 0 0 0 0 0 0 0 0 0 0 0 
0.23829805142917182 0.7456870298130525 1.0797865454857616 0.35111777566018626 0 0 0 0 0 0 0.22263414881325005 0 
0.28557888469512127 0.9324458615137167 0.7685471132130268 0 0 0 0 0 0 0 0 0 
0.17838351793435403 0.709372628011708 0.23559409353681557 0 0 0 0 0 0 0 0 0 
0.32377257005554416 0.633285503903194 0.10270691885658455 0 0 0 0 0 0 0 0 0 
0.08600193221114534 0.6044952711478493 0.2313446343933102 0 0 0 0 0 0 0 0 0 
0.2946166030971625 0.8110926359785338 0.18397754765652372 0 0 0 0 0 0 0 0 0 
0.3829077829334927 0.6005394551854041 0.012629622237036781 0 0 0 0 0 0 0 0 0 
0 0 0 0 0 0 0 0 0 0 0 0 
0 0 0 0 0 0 0 0 0 0 0 0 
0 0 0 0 0 0 0 0 0 0 0 0 

0 1.0256126494563877 1.3603256835814945 1.2960856426228475 0.7340246023064009 0.6319924521095371 0.41577381393657 0.624625984344223 0.7922498427536325 0.937686044931498 0 1.281376818975727 
0 0 0 0 0.07895366732615737 0.1024225744455924 0.3451032151287205 0.4804127169731336 0 0 0 0 
0 0 0 0.3053595312428442 0.5347349286102114 0.16886991050597513 0.5012919336386922 0.7918201158734635 0.5264112798974896 0.4552089249515974 0 0 
0 0 0.06064868849618351 0.331606769398063 0.4196890992351304 0.37135976595440473 0.2401398374496166 0.25052834716576455 0.3316405766680684 0.5014109750058734 0 0 
0 0 0.2573421297880094 0.549950333327139 0.5947091257982406 0.6379181721414653 0.3139706030636658 0.24815055045301415 0.22537452330208563 0.1700201892258294 0 0 
0 0 0.5888695188573588 0.5919729053491668 0.5951777303560271 0.5765124519222979 0.41251721218945375 0.31060543368149907 0.030353630719784586 0.09315894526062041 0 0.1375395125897275 
0 0.4160295972352466 0.8904081888460075 0.4261779020904677 0.45540998446434616 0.4199999680683481 0.3805549994840486 0.32913691030169606 0.054878099136654826 0.10448743693769195 0 0 
0 0.472862307169758 0.9560343743251463 0.6674576397127848 0.5643956349712531 0.43958409092166206 0.47641948688620855 0.3860245194899234 0.11830658793762874 0.25369266396173806 0 0 
0 0.5867316247908447 1.1760110226492098 0.8046804980743881 0.6723652687910182 0.6782854517251409 0.6843177746497228 0.6818662031023158 0.47233380743639913 0.41337669872951793 0 0 
0 0 0.5514465291687233 0.532040850122607 0.7508868541554496 0.6612361981729644 0.6150828457859857 0.4789884178020237 0.2376770885354419 0.14153004010153894 0 0 
0 0 0.49991758289755245 0.6603107407497879 0.7580203338584531 0.4581639595480569 0.30330767947716797 0.29670016652480036 0.4458375662386247 0.3550106379156357 0 0.06806349279501188 
0.38756861889939387 0.277307159593702 0.1449941758448333 0.37760079101927185 0.5242543958811572 0.35304705310441603 0.336775128665225 0.22681453895087045 0.44443088938635683 0.3116952053729621 0 0.13859243373434724 

0 0 0 0 0 0 0 0 0 0 0 0 
0 0.3725664908999612 0.7195209290890273 0.6851108966774907 0 0 0 0 0 0 1.4113686100720544 0 
0 0.960076591322978 0.7241822297807 0 0 0 0 0 0 0 0.8915369200583968 0 
0.09855406061469142 1.115086277359284 0.5653864559830531 0 0 0 0 0 0 0 0.6241373799202762 0 
0.47550754200894485 1.2224881382812156 0.2531673532120415 0 0 0 0 0 0 0 0.2833771078674294 0 
0.7345008749467509 1.151506618966643 0.2605800478703818 0 0 0 0 0 0 0 0 0 
0.46366736953523136 0.8152484805251767 0.13793668967884515 0 0 0 0 0 0 0 0.08210710779278527 0 
0.6953516777077742 0.8924374087146553 0 0 0 0 0 0 0 0 0.24044134282058813 0 
0.054091843978520404 0.4990573269198742 0 0 0 0 0 0 0 0 0.04095477582021609 0 
0 0 0 0 0 0 0 0 0 0 0 0 
0 0 0 0 0 0 0 0 0 0 0 0 
0 0 0 0 0 0 0 0 0 0 0 0 

0.6306425409409738 0.3626372934244283 0.4212012448499144 0.20966959731925242 0 0.17678768159311065 0.43276570130629927 0.730776452788593 1.238122401143505 1.1781259395907184 0 0.764656145686134 
0 0.2412988061231319 0.21997497722942988 0 0 0.25128211434562364 0 0.0024023580344963557 0.6362572643276141 1.0478907338601642 0 2.0299646415818255 
0 0 0 0 0 0.5455552780777299 0.6044889613746761 0.8847012423100863 0.48929127733675043 0 0 0.1432322812883383 
0 0 0 0 0.19362975232934682 0.5485970189527709 0.6457051011803634 0.4566519605621835 0.39088695678512475 0.09418062753497464 0 0 
0 0 0 0 0.6689568121489496 0.5162213931163144 0.6572146798116545 0.6937109452305081 0.41243055744989676 0.0021670037414236454 0 0 
0 0 0 0.3091402729170434 0.6193837936162979 0.5538146510781484 0.611349907592425 0.6997589967245936 0.5770683937350749 0.11086409384406593 0 0 
0 0 0 0.5416593128550878 0.4848643911114755 0.4242928213867146 0.3219326335389993 0.1842560357363315 0.3330233550027386 0.6692290134532906 0 0.8312900274598116 
0 0 0 0.6940870432398546 0.5207812263377911 0.3648050185206376 0.3542402872378554 0.16545407439203338 0.16985124027955942 0.49342340746203783 0 0.6336520423448669 
0 0 0 0.7781750506647056 0.5793465765131361 0.5084412871968452 0.5908849131604168 0.6906913858450692 0.5411465645253158 0.4150005577821679 0 0.311448594170956 
0 0 0 0.2491482734144364 0.10676132089036416 0.5228709875596727 0.7196085881116528 0.6949248583972115 0.22744902199372308 0 0 0 
0 0 0.09506760278455144 0.1768478033069975 0 0.4952256597248509 0.4604115622043143 0.13954871553675843 0.125078577886421 0.43382880649447286 0 0.0859902680244597 
0.4341411898056699 0.2772294036664438 0.4056088833553566 0.573677825383408 0.4528312869588242 0.4016753878303676 0.2513449802609575 0.35249897588141405 0.41130603978753755 0.5101198366521834 0.4972614575175215 0.6547274037469791 

1.2670300790747255 0 0 0 0 0 0.39407873244900804 0.2544211046912291 0 0 0 0 
2.068404575917686 0.10319295355310416 0 0 0 0.2571834443907517 0.7188848892412885 0.7928542131112093 0 0 0 0 
1.7321322479656467 1.8384026669739555 0.939931014742687 0.6560631657048686 0.9130173463908142 0.5404153340865215 0.4163705935152406 0.05348866500167996 0 0 1.2636257307581122 3.0975289956133585 
2.1955700923757404 1.7951740116417858 1.4593670111008454 1.0583547881525976 0.6753587381206836 0.6380804503098841 0.6686787370427157 0.13148055164346586 0 0 1.2573216141009584 2.6544261945948096 
2.4042703453776273 1.679880145520393 1.2061730812405038 0.7919288608647311 0.3661450969895537 0.548819713459889 0.5841076118363879 0.10232822630889335 0.30542348954793347 0.19448552889133322 0.46361159866085244 2.1305890876344558 
2.6776864354484733 1.6930234448216364 0.7577894639556907 0.7085502751329628 0.36248826294261766 0.29904347085933064 0.23533444340620882 0.5465453698395484 0.5283571428914169 0 0 1.132975474295404 
2.4331880116735696 1.771333276560148 0.7502398713975915 0.5072879605702931 0.2554567706878737 0.3491415386153521 0.4428878877505515 1.004430378146636 0.8510872506975383 0 0 0.7973205220716162 
2.5925860307970394 1.6353492920150956 0.5574684313404823 0.20468193880483174 0.19525283239821442 0.3503282344453382 0.5270022789279231 0.9696731763722407 0.6489896468200342 0.2563342592385634 0.2946342770224635 0.8988022646537679 
2.407493098599049 1.618060576676468 0.8234429773484931 0.08253891272210513 0 0.10150148263232142 0.4155898683240215 0.2899437002629632 0.14049727668216938 0.4361413423390257 1.0627420715331395 0.7585653285246625 
1.6987386600525332 1.7133232254086854 0.9165292908079546 0 0 0.27805691284645573 0.4188018383267496 0.1585050380532414 0 0.28773159839235507 1.1374720795843352 0.5051882296624691 
1.0604263088346453 1.6119698738028687 0.6920365650799538 0 0.10928883617861034 0.5298702939593495 0.5666242992239646 0.3911810718806206 0 0.20844708220617994 0.4727455868081206 0.10441223993714599 
0.5462391257264447 1.1549179759451866 0.3922368792477519 0 0 0.5304709880378806 0.807846733342829 0.2979556752495196 0.02386858843314669 0.4873572469538787 0.2610551288918691 0.03688849077827902 

0 0 0 0 0 0 0 0 0 0 0 0 
0.176234960570207 2.4635274518678822 2.2260401709618396 1.4199844211365131 0.30402122172674084 0.13117996580964764 0.5339843211352144 0.9588857664071969 0.916406752013384 0.921370629126314 1.3385585568475462 0.8334290094813455 
0.031498335372851516 1.6512340374042482 1.2514263615430998 0.060887563268682575 0 0 0 0.3291228527613735 0.19970199389428173 0 0.3735929621856232 0.8423689390877919 
0.7533023008711411 1.7452218342109902 0.5762427585180349 0 0 0 0.1742079788127392 0.4121774070373466 0.23772241130091204 0 0.6160325557748721 0.9987023102103201 
0.8739164012014922 1.1588185983522465 0 0 0 0 0.03744107963224742 0.3830384059505904 0.34977292629109 0.3629831163840042 0.7374192888161213 1.0522999836471392 
1.0104425068438552 0.8699880401835669 0 0 0 0 0 0 0.0346547603095298 0 0.16467423186191946 0.7941060597249053 
1.3438464990439647 0.9936596493083789 0 0 0 0 0 0 0 0 0 0.73296749132585 
1.099579047904511 0.8475880686178606 0 0 0 0 0 0 0 0 0.25270890569355875 0.7902044718758172 
0.9643782325829472 0.7760646769988243 0.030974372187562292 0 0 0 0 0 0 0 0.5153104656616505 0.3804567808874019 
0.3069959288702697 0 0 0.1321350952212926 0 0 0 0 0 0.04180077429931292 0.5770966041211594 0 
0 0.09072371275119732 0.2754061323914684 0.03588644785982803 0.022038245483344543 0 0.0751362312308461 4.93848470168182e-05 0 0 0 0 
0 0 0 0 0 0 0 0 0 0 0 0 

0 0 0 1.013588553647908 0.024382883034189742 0 0 0 0 0 0 0 
0 0 0 0.0008834131865392237 0 0 0 0 0 0 0 0 
0 0 0.08454543368632808 0 0 0 0 0 0 0 0 0.5394162451479015 
0 0.2895099347008088 0.06780541097025325 0 0 0 0 0 0 0 0 0.056888202443667435 
0 0.8927293768176012 0.3328135140017757 0 0 0 0 0 0 0 0 0.028921535601120762 
0 0.9415202967694608 0.23083661091098753 0 0 0 0 0 0 0 0 0.2548604885810871 
0 0.9291503959557238 0.172342424960518 0 0 0 0 0 0 0 0 0.8639277298749679 
0 0.8673992882309068 0 0 0 0 0 0 0 0 0 0.5762238814654328 
0 0.48159139677699936 0 0 0.07703889948877697 0 0 0 0 0 0 0 
0 0 0 0 0 0 0 0 0 0 0 0 
0 0 0 0 0 0 0 0 0 0 0 0 
0 0 0 0 0 0 0 0 0 0 0 0 

0 0 0 0 0 0 0 0 0 0 0 0 
1.251505110888329 0.17014377193911762 0 0 0 0.4597820045425435 0.0311574139009602 0.38455154526403806 0.5140102971461341 0.13264222852649576 0.08112403774025745 0 
0.15442597780734452 0 0 0 0 0.1700917281334318 0.4832219522941129 0.31700548364959424 0 0 0 0 
0 0 0 0 0.4412317002671095 0.1883338051634367 0.46055192613389306 0.08188433149751581 0 0 0 0 
0 0 0 0 0.10927415605071734 0.0846835101118643 0.13622913185837887 0 0 0 0 0 
0 0 0 0.5977534116190897 0.13275915779397024 0.05669665016892789 0 0 0 0.00029468257171803847 0 0 
0 0 0 0.2181380875951776 0.038036756549893254 0.03657492016335298 0 0 0.16994528449105545 0.28338508813102126 0.10092709829153183 0 
0 0 0 0.04854355163824763 0 0 0 0.13110897358722223 0.26617803233931125 0.33330916595623417 0.027385283816955527 0 
0 0 0 0.04026561374932727 0 0 0.03166289701325649 0.025175499118076934 0 0 0 0 
0 0 0 0 0 0.013291405807648897 0.1787495927428097 0.1230371431242846 0 0 0 0 
0 0.8841572493397266 0.9438580657060348 0 0 0.09369576207341086 0.034480029644265386 0 0 0.016853978198238737 0.16611789459656975 0 
0.055232640523667886 0.38255947980599586 0.23652808967520317 0 0 0.008152426423879644 0.06671737748663244 0.18780366176734845 0.09135570270672612 0.13884976028958576 0.1638011713932071 0.08809799888866507 

1.7321434478479183 0.9782745374032945 0 0 0 0 0 0.9499595103912676 1.6219558197502502 1.3472642671776474 1.511137245140651 0 
0 0 0 0 0 0 0 0 0 0 0 0 
0 0 0 0 0 0 0 0 0 0 0 0 
0 0 0 0 0 0 0 0 0 0 0 0 
0 0 0 0 0 0 0 0 0.15025993788476216 0 0 0 
0 0 0 0 0 0 0 0 0.36945007413532 0.4816964768316479 0 0 
0 0 0 0 0 0 0 0 0.3145936038716628 0.4466902923093641 0 0 
0 0 0 0 0 0 0 0 0 0 0 0 
0 0 0 0 0 0 0 0 0 0 0 0 
0 0 0 0 0 0 0 0 0 0 0 0 
0 0 0 0 0 0 0 0 0 0 0 0 
0 0 0 0 0 0 0 0 0 0 0 0 

0 0 0 0 0 0 0 0 0 0 0 0 
0 0 0 0 0 0 0 0 0 0 0 0 
0 0 0 0 0 0 0 0 0 0 0 0 
0 0 0 0 0 0 0 0 0 0 0 0 
0 0 0 0 0 0 0 0 0 0 0 0 
0 0 0 0 0 0 0 0 0 0 0 0 
0 0 0 0 0 0 0 0 0 0 0 0 
0 0 0 0 0 0 0 0 0 0 0 0 
0 0 0 0 0 0 0 0 0 0 0 0 
0 0 0 0 0 0 0 0 0 0 0 0 
0 0 0 0 0 0 0 0 0 0 0 0 
0 0 0 0 0 0 0 0 0 0 0 0 

0 0 0 0 0 0 0 0 0 0 0 0 
0.21069705001137434 0 0 0 0 0 0 0 0 0.027140464504566822 0 0 
0 0 0 0 0 0 0 0 0 0 0 0 
0 0 0 0 0 0 0 0 0 0 0 0 
0 0 0 0 0 0 0 0 0 0 0 0 
0 0 0 0 0 0 0 0 0.04003717250450933 0 0 0 
0 0 0 0 0 0 0 0 0 0 0 0 
0 0 0 0 0 0 0 0 0 0 0 0 
0 0 0 0 0 0 0 0 0 0 0 0 
0 0 0 0 0 0 0 0 0 0 0 0 
0 0 0 0 0 0 0 0 0 0 0 0 
0 0 0 0 0 0 0 0 0 0 0 0 

