0 0 0 0 0 0 
0.5308519237500604 0 0 0 0 0 
0.9193353364299888 0.44615800148104756 0 0 0 0 
0.724148470536871 0.3779456360326773 0 0 0 0 
0.4598686371119952 0.353886560564034 0 0 0 0.20998905652686783 
1.1442751126641362 0.619802994770176 0.6661520919921973 0.6795400253760709 0.5672027807235724 0.33514259642749755 

0 0 0 0 0 0 
0 0 0 0 0 0 
0 0 0 0.6874239155577734 0 0 
0 0 0 1.0112882584864225 0 0 
0 0 0 0 0 0 
0 0 0 0 0 0 

0.7837678397493624 1.947948822518945 1.9818636490665478 3.1625190111739467 3.6693738654920685 3.2637063325537676 
0 0.7540807122489183 0 0.5154460875743925 3.820540736080365 4.829433042638314 
0 0.16246370328897808 0 0 1.4423101624977348 4.996065947049138 
0.024535284706692917 1.274221407709203 0 0 0 3.521347527096393 
0 1.4281762810253047 0.2848321867761541 0 0 2.153892638618548 
0 0.15258319373964788 0.05685564179487248 0.030998235924255477 0.09645710512151878 0.8138400652684805 

0.1677302472390551 0.1503964891984519 0 0 0.3205969262900186 0 
0 0 0 0 0 0 
0.0027061263559961775 0 0 0 0 0 
0.12509465032422318 0 0.3261503856856173 0 0 0 
0 0.23653265442348212 0.7042326605152063 0.08185449410969758 0 0 
0 0 0 0 0 0 

0 0.524801100029537 0 0 0 0 
0.07538958102794474 0 0 0 0 0 
0.4459146785655013 0 0 0 0 0 
0.5337765810415307 0 0.7519313141619874 0 0 0 
0 0 0 0.058680796854633954 0 0 
0 0 0 0 0 0 

0 0 0 0 0 0.6977205486709847 
0 0 0 0 0 0 
0 0 0 0 0 0 
0 0 0 0 0 0 
0 0 0 0 0.24957701046572223 0 
0.3632521286524066 0 0 0 0 0.31471578470054196 

0 0 0 0 0 0 
0 0 0 0 0 0 
0 0 0 0 0 0 
0 0 0 0 0 0 
0 0 0 0 0 0 
0 0 0 0 0 0 

1.3912952314536002 2.072648554491942 1.8029375240023484 1.788202375317142 1.717703498655644 2.312681049924574 
1.6581129313745255 2.5528183272011917 3.2736221896113182 3.2249352731742214 3.3185568117756103 1.62042111959606 
1.4313667202607958 1.5979796837028308 1.8431955857800604 3.956303232276879 2.3858266211843517 1.2074078432760558 
1.2631501582911757 1.9014344724870256 3.3429927352727806 3.9116760970181916 2.8667758270539374 1.345536762011217 
1.514707924634589 1.8009351715622683 2.024661241137546 2.1650619008405294 2.050103126389277 1.268944549095224 
1.5843891632366056 1.3538627683382838 1.280430247579989 1.4327847399492928 1.5521968583193733 1.2169169993381097 

0.558493987472453 0.8927772776849618 0.9165122795749465 0.6300472760258786 1.3675396170442136 4.05280038458365 
0 0.9161090087522477 0.13776079398171048 0 0 3.161801737919467 
0 0.5951436900057095 0 0 0 1.7982108760817361 
0 0.5823619204899083 0 0 0 0.3063927388978629 
0 0.4918703673471968 0.3739282303413404 0 0 0.40948420310921374 
0.5219161752057601 0.3411325417724903 0.428467267556694 0.1445167572037658 0.23136206979546958 0.22266092370166002 

1.4048352203141474 1.2981271993196817 0.8166435468382027 0 0 0 
1.9670258509040095 2.4377483694508606 2.528925254160339 2.610460920987253 0.37811027259408764 0.8308779413427936 
2.2120448791023826 2.4054209390179997 3.8464922901084906 3.6459402719739353 2.3392118608326506 2.0173423876310412 
1.7101948149098547 2.0013178114138857 2.949309233892357 3.146140925835468 2.1159532453288556 2.3244078970879687 
1.506381905094515 2.175645287892692 2.1897039888803427 2.3349351527216213 2.15046373996728 1.4803410800497963 
2.110172549149576 2.8125911374965327 2.854514448691061 2.790381612891459 2.7221670565453646 1.782618413655052 

1.7669465080968167 2.180832252122653 0.9469624206798668 0 0 0.8503807493276017 
1.2360890343447726 0.446931561290378 0 0 0 0 
1.1531118760401267 0.8564053008984629 0 0 0 0 
1.1143885982701087 0 0 0 0 0 
0.6555990739136622 0 0.21549862751091145 0.45683252202771435 0 0 
1.1046529266630258 0.7241369135745211 0.8732931383566499 0.9729277694833383 0.9710091330362152 1.200603353205392 

1.3060914550414937 1.369465438594451 0.06487099150028636 0 0 0.09683314433909879 
2.1297315705595987 1.4446587875933365 0.8789878165481941 0 0 0 
2.042848390793847 1.9808347021709256 0.16294897798862568 0 0 0 
2.0361957923956626 1.2211055380065121 2.1543559755489543 1.8519637707929792 0 0 
1.6850364683161092 1.3706004620781376 1.3603962395347002 1.2979136532625029 0.2746110658240619 0 
0.9165111256285884 0 0.005206879904881588 0.12953934178605955 0 0 

3.054690726926913 3.3814475714693906 3.1276437838987636 2.954491926887713 2.0514210619991284 1.9999585049569062 
3.834345142110159 3.724323311541006 3.6558017239820666 2.590299705007694 1.2049925150858507 1.607353096953602 
3.7684078031112365 4.202311159997157 4.2996595580318875 3.5338479797128635 1.719979162324204 1.3025175562892588 
3.588186724603937 3.0944422671218095 3.6395847317224965 3.484070433591249 2.0439323283031077 1.5336417780531515 
3.4763654107399637 3.040909304141453 3.05622764585305 3.553726890299187 2.787011649552953 1.8250031118825736 
2.8599513375108216 2.2977934209611077 2.346856312623674 2.09126593661751 1.8409640202096949 1.558372554305992 

0 0 0 0 0.6048764702252369 0.7181595790114481 
0 0 0 0 0.7208378543454323 1.0662635087980903 
0 0 0 0 0 1.4322694524471953 
0 0.02360545563667804 0 0 0.06954655269288273 0.6703069796679744 
0 0 0 0 0 0.8796394522235195 
0 0 0 0 0 0.09935445423516344 

0 0 0 0 0 0 
0 0 0 0 0 0 
0 0 0 0 0 0 
0 0 0 0 0 0 
0 0 0 0.22053369459416344 0.37634497417020185 0.307222023558125 
0.3906623179169555 0.2381055714880035 0.29289231429723894 0.6044951016564858 0.5865932606745448 0.746787783096215 

0 0 0 0 0 0 
0 0 0 0 0 0 
0 0 0 0 0 0 
0 0 0 0 0 0 
0 0 0 0 0 0 
0 0 0 0 0 0 

3.717724957787888 5.165511752587359 5.3190039718759365 5.368659092366389 4.46148949650384 3.057110740233855 
2.9998956190669177 3.6031519789200392 4.523972167990292 6.711799477553033 6.332161768655525 3.798397446835185 
3.314279652012336 3.8619798784271766 3.4374850819491996 5.670580485566499 7.014783887667762 5.448873240709321 
3.0565866833420654 4.3113371318935485 3.499378978821489 4.543560013256547 5.54308151287824 6.038650266881555 
3.4667582386251548 4.98155105595888 5.23165493693899 4.7590717013072945 5.514292949990524 5.408328661039299 
3.0308789151962383 4.177495883449398 3.6879971805985585 3.8232836503130216 4.076542406862987 4.01944056617129 

0.35383622846321017 0.7247113414116576 0 0 0 0 
0.054105428515225144 0.023390880328680246 0 0 0 0 
0 0.2586451807680389 1.2817902276902566 0 0 0 
0 0 0.8523960072329305 0 0 0 
0 0.21883908283763343 0.7113527156802688 0.7118409377488285 0.536890310943679 0 
0.4558391136693515 0.8367129192657106 0.7523620390184262 0.7491003228820129 0.5322114122959809 0 

0 0 0 0 0 0 
0 0 0 0 0 0 
0 0 0 0 0 0 
0 0 0 0 0 0 
0 0 0 0 0 0 
0 0 0 0 0 0 

0 0 0 0 0 0.5272769729747623 
0 0 0 0 0 0.1506158742853233 
0.152939585294351 0.6610471723385887 0.09950807948660412 0 0 0 
0 0 0 0 0 0 
0 0 0.6562825809087549 0.5457485395934 0.09675970206972406 0 
1.2110187049350332 0.8810659482725911 1.0687097179338303 1.1354114093774759 0.9732069686266593 0.14544284719605177 

