0.4608094012281871 0 0 0 0 0 
0.8995162631725637 0.5960913508303795 0.5776637314574128 0 0 0.12905977559035137 
0.0941861901035724 0.1384822316913823 0.616366967701697 0 0 0.1994941943281811 
0 0 0.32245349812132806 0 0 0.6557056164920667 
0 0 0.7435006613690146 0.46749892961093253 0.27850555479284184 1.3186768155746131 
1.0224116293443022 0.7132864855839638 1.289770179623615 1.1191059795176541 0.8728148272759069 1.4119995543604598 

0 0 0 0 0 0 
0 0 0 0 0 0 
0 0 0 0 0 0 
0 0 0 0 0 0 
0 0 0 0 0 0 
0 0 0 0 0 0 

0.8168644251892753 2.1514655419188746 1.7199871965439169 1.4420325832981038 1.588089816879785 2.816196008648295 
0.45495898881356067 2.320225807381398 0.8350287497782178 0.46519137094025775 0.7456630373824035 3.3325154173132736 
0 2.2941665003963094 1.104533199738793 0.32889064360529363 0.6394639743185491 3.2964216275905973 
0 2.3126338032467677 1.2332986324239872 0.16085596623659476 0.9292883719078667 3.056181193983009 
0 1.5405833213763236 1.9528962060717492 0.6117714844686869 1.5975939864438724 3.3974742412817838 
0 0.6689269464972534 1.2325748059526973 0.18372252856216564 0.7289922185513308 2.0703157105283063 

0.1942631798205741 0.008088312756733291 0 0.15365651053081325 0.23803934782090289 0.0217357173059185 
0.1538888490478737 0 0 0 0 0 
0.03757062237700984 0 0 0 0 0 
0 0 0 0 0 0 
0 0 0 0 0 0 
0 0 0 0 0 0 

0 0.12638970203067232 0 0 0 0 
0.16127489434426817 0.0640252729665188 0 0 0 0 
0 0.388268883450519 0 0 0 0 
0 0 0 0 0 0 
0 0 0.11621951334498143 0.2973039342080977 0 0 
0 0 0 0 0 0 

0 0 0.1992487266899478 0 0 0 
0 0 0 0 0 0 
0 0 0 0 0 0 
0 0 0 0 0 0 
0 0 0 0 0 0 
0 0 0 0 0 0 

0 0 0 0 0 0 
0 0 0 0 0 0 
0 0 0 0 0 0 
0 0 0 0 0 0 
0 0 0 0 0 0 
0 0 0 0 0 0 

1.37059369040557 1.5942017575254084 1.3779665416771634 2.1679659596875296 2.0438672636055704 1.1557913310578527 
1.420236650044886 2.366261807458015 1.9221990273925704 2.7029741192612646 2.7459322617642377 1.125499068356673 
1.168382549550657 2.0450803050176622 2.3486293454629235 3.4021546529500695 2.7886247383019245 1.386047523962743 
1.8161953793778618 2.241926828470835 2.419896620445928 2.8321199419619605 2.367218418783014 1.127445758641744 
2.005901511285925 2.0201294338103475 1.8639309233912493 2.565394445953133 1.960421119330464 0.8719437441454555 
1.9222788842826832 1.4588418314699207 1.3816285053833226 1.8293063984378202 1.571947443085886 0.8361591667805575 

0.8522915085405757 1.8369859516678884 2.2334654810940964 1.293020699853329 0.1841328240593952 2.082360198837286 
0 1.8822843073070763 1.401972910836112 0.29131560792152633 0 1.0093132334867274 
0 1.2848759808773818 2.2561954172670857 0.1939826059718396 0 1.145093292279386 
0 1.0308846386437214 2.1033940568486056 0.16252112430120372 0 1.0891860254136403 
0 0 1.2316939601747774 0.20886580126226179 0 1.9218561717204032 
0.33317081814149585 0 1.1913722113855272 1.0801015264272824 0.48051189612356504 0.9531851738610185 

1.4447248394497685 1.1125025161846773 0.9315448964854357 0.5801926786746058 0.5920629227652868 0.1177417599704276 
1.569701377053233 1.430249388185819 1.7503952354665593 1.718038734297191 1.2279283983372424 0.7720507019326324 
1.1881382425119422 1.4894013183839647 1.7413782577166246 1.7628570998058901 1.501741509409833 0.9149675959644126 
1.4811330852953306 1.7101279778613756 2.2061959811651226 2.3767971465564175 1.5990900986977605 1.3489299475580405 
2.1129610447367853 1.6122524198189567 2.7080344285465916 2.528106435937197 1.7021347755045972 1.4219131301692127 
2.303820004301231 2.395025933879771 3.1794807104439546 2.877411514747363 2.567688710499884 2.1293654358917538 

1.7795911905749107 1.9923203317176603 1.3291060814575866 0.8122093820756483 0.07366301249039967 0.29950954949135994 
1.1116119444476138 1.3836354254194472 0.371730859681877 0 0 0 
0.6340574321171365 0.7278884281850848 0 0 0 0 
0 0 0 0.43468821868097823 0 0 
0.5439974176371591 0.3299528572561876 0.5796884106374693 1.1856970451797963 0.7147050339051393 0.5400858792790987 
1.2388531710860593 0.7331563569409232 0.9449855600979208 1.1102301195870055 0.7670042393636237 0.7824127777427125 

1.2171884153084904 0.871630043436021 0.667162673746063 0.7457596308174194 0.3905674074688469 0.1979448024031816 
1.8919377337254313 1.8958664176616353 1.1236021790394513 0.5817703001169262 0.23517603693985145 0 
1.5413541453053152 1.0974548445004368 0.5643701394256564 0.6046794763562817 0.09990876828129966 0 
0.9593600051325986 0.3537971286631689 0.7173086109993618 0.5244048103193771 0.13356768179353368 0 
1.3199892734006804 0.28884947855354987 1.0510775227333427 1.8942563519138802 0.810330793338855 0 
1.2226249740938668 0.11433927379263126 0.7705621879571563 1.0522137874349045 0.459795394982882 0.25130111539990607 

2.8948617677098842 2.7607945118413006 2.7024958728178885 2.5299709943887065 2.6011366881161337 2.3875252832755884 
3.3862192205519857 2.8555906316031736 2.8452985317382242 2.9249764694422224 2.6319806722022348 1.9140668771217888 
3.488126614478404 2.964517861580029 2.8148998759193216 2.625629570363382 2.3154379095657034 1.6459190228533105 
3.3421676445207584 2.6090999413940668 2.7635144183798697 2.7101534232071893 2.2195039513495827 1.7419948455182348 
3.4647851533221754 2.5412411809723525 3.08772018121724 3.361100777414759 2.8126096913563527 2.1965217454050356 
2.8072173551688437 2.02248959928428 2.5564492538862407 2.7109792136344173 2.305491620682076 1.8645881394133357 

0 0 0 0 0 0.8807784766374924 
0 0 0 0 0 1.3562212711735298 
0 0 0 0 0 1.3784245597827962 
0 0.05036410155847498 0 0 0 0.9721399747908249 
0 0 0 0 0 1.3848429113813996 
0 0 0 0 0 0.3429697804463812 

0 0 0 0 0 0.01633792786786157 
0 0 0 0 0 0 
0 0 0 0 0 0 
0 0 0 0 0.09232177140615153 0 
0.008207295554853 0 0 0 0 0 
0.6333792938607359 0.1623166742486443 0 0 0.10022794936295686 0.19626407442375535 

0 0 0 0 0 0 
0 0 0 0 0 0 
0 0 0 0 0 0 
0 0 0 0 0 0 
0 0 0 0 0 0 
0 0 0 0 0 0 

3.4972142153589316 3.7480556373782172 3.557539391299733 4.154188575736719 4.7664022500879195 3.4475628691267524 
2.8522801048046964 3.971078658736268 3.4372761175648794 3.9756743819322042 4.76718289019903 5.015641376537037 
3.2759193475940114 3.7772050152574033 3.279677588700531 3.7304077862526226 4.571603805333306 4.9797589029811835 
3.6279532367082448 4.452293349874746 2.8413874163401216 3.6502154082612828 4.209331677159632 4.850400897726959 
3.585357980142596 4.362246986939492 3.7499581583911343 3.51211812618119 4.126383379682447 4.343049448063651 
2.6689495192393555 4.161654584455236 3.9202702337059336 3.175374376780476 3.8574638236691206 4.073637608068678 

0.31821614406814036 0.6954471420832926 0.7831376980236079 0.984644045332255 0 0 
0 0.025393727107927075 0.27221388403312613 0.5668767373833768 0 0 
0 0 0.12773327952667432 0.2567823743481403 0 0 
0 0 0.7498289356716964 0.40570134723157464 0 0 
0.14551581038628653 0 1.0711920802025443 0.16808034244995973 0 0 
0.4388002623218126 0 1.1300822433878108 0.6302716332047187 0 0.2071623649407849 

0 0 0 0 0 0 
0 0 0 0 0 0 
0 0 0 0 0 0 
0 0 0 0 0 0 
0 0 0 0 0 0 
0 0 0 0 0 0 

0 0.025381405146143496 0 0 0 0.14652166440287595 
0 0 0 0 0 0 
0 0 0 0 0 0.07988186906294029 
0 0 0.19782936437974266 0 0 0.21074286479296228 
0 0 0 0 0 0.055229509898819716 
0.786287538852627 0.44344302638516514 0.20052794674154284 0.6577089982170967 0.5638560774918908 0.3016318149863306 

