1.3437611809991274 1.0208698755245005 1.1979828208218755 1.3300971989060046 1.3305203289691603 1.2658796314600176 1.2627721056290977 1.2696327615392276 1.2810716965505156 1.2879878455491576 2.246611143512414 1.0913220137391915 
1.5843560157805372 1.1245911233682584 1.2198619353462836 1.2128663378972584 1.151904822099482 1.1613672248119848 1.3825348921987446 1.4005499304682694 1.4499189609324334 1.405745637148699 1.0101397086632706 0.38509125601038774 
1.6178717616766678 1.1013973084424697 1.1152534063334514 0.8032267428375761 0.4771591574016424 0.5234401707731763 0.7490517780703159 0.7723496340438674 1.1021224373760024 1.4422958968312667 1.0490938216579122 0.39324641654095954 
1.6156185842222262 1.0689523506918928 0.8875979267672569 0.6544795931666321 1.0125573917543982 0.37736195708068787 0 0.048954638577722885 0.566054271380994 1.2479588604561085 0.8563776023841622 0.348511448630575 
1.7241370350487062 1.8308252358658057 1.1671881521999086 1.1627388072602516 2.8283794732701018 2.04419425839775 1.1400906482965703 0.9620978902741874 0.6218252941899687 1.0385875640016022 0.6821317460279301 0.13215085744202631 
1.708863850848054 2.5008140369712804 1.6080899559336577 0.5729636635407297 1.803901383359017 1.972675571383735 2.3073153989631185 2.580889902761004 1.0633343218915126 0.9216560062629888 1.299884989706716 0.48077523114737203 
1.2591660469200074 2.0521071934673545 2.4127224182977782 1.2935498674721966 0 0 1.9509983763891818 2.955052588640911 0.7306940109635341 0.3317648876284709 0.7005277878650206 0.284195096818685 
1.5382915791519944 0.8016734687112763 1.6669947772363702 2.031189497530248 1.0901727613697474 0.06369702636020026 2.1858985695373985 2.7943382909827488 0.8490205722850567 0.3701430017472971 0.9052116239775058 0.7142207009237169 
2.0825774138613227 0.7817300062669152 0.5775382937420711 1.4905974304202236 2.505905979876096 1.6890415409999362 1.3847821069558444 1.85973597959934 0.3144174852429388 0 1.883008942184173 1.6470085195624717 
2.146783061908851 1.0408430648772953 0.7349731390042981 1.0862155652098047 2.8133500899671913 1.6211933867983286 0.2676532445484759 1.3485046206975098 0.43119840451574426 0 2.3367986281356665 1.692000135899856 
1.7228439795193358 0.7973118331820337 0.5025489291351259 1.6690408656420428 2.700124955525588 1.6423400114206952 1.2845281133739122 2.148862309396472 2.1032360782581474 2.084314698239099 1.9914223633881456 1.3000990963006616 
1.7110967139899633 1.1002832713456658 0.8053098388758237 1.6562256019502581 2.4215776773187803 1.4651354424900447 1.8183424447597494 2.0909748561012713 2.14513850484675 1.9799484325117196 1.6898017970774402 1.7268070167431866 

0.4954093211022751 0.4968936544585186 0.5275612532653142 0.5158615050872988 0.5101218129963121 0.49510530183130697 0.5102452848590954 0.5169257399957465 0.5292873544980712 0.5796514997335802 1.0723473121938905 1.3844173760439722 
0.18434078608304102 0.14466803261909753 0.24702082180660934 0.17075775329474718 0.20838448374657445 0.20406817448033315 0.3171550332387771 0.3243432396656117 0.3445176569560974 0.3972849946404283 1.4861378615211385 1.7969838757300207 
0.12439168525584834 0 0 0 0 0 0 0.16474042654004012 0.3605795995709854 0.5123559186264385 1.5079454345251293 1.7944163056021196 
0.42652720631966895 0 0 0 0 0 0 0.18831995817651687 0.38362776827779804 0.39417884377140666 1.3281516310311343 1.4445864573004847 
0.16317127584824348 0 0 0 0 0 0 0 0.18896895014234097 0.40159567915465366 1.2774035290721075 1.2976417378365321 
0 0 0 0 0 0 0 0 0 0.2579036598549587 0.6075579041314422 0.5662326128518442 
0 0 0 0 0.760296732577875 1.388526996680368 0 0 0 0.5015581008842191 0.8944911231006187 0.30858659292502577 
0 0 0 0 0 0 0 0 0 0.37845473380688044 0 0 
0 0 0.15327851359708797 0 0 0 0 0 0 0 0 0 
0 0 0.301930300069376 0 0 0 0 0 0 0 0 0 
0 0 0.15302053641483798 0 0 0 0 0 0 0 0 0 
0 0.011675225068041153 0.09321687006981647 0 0 0 0 0 0 0 0 0 

0 0 0 0 0 0 0 0 0 0 0 0 
0 0 0 0 0 0 0 0 0 0 0.16560391485393244 0.11479134790883351 
0 0 0 0 0 0 0 0 0 0 0.17761139319501654 0.07163274448304187 
0 0 0 0 0 0 0 0 0 0 0.15710267975287884 0.09403302250754665 
0 0.07784087755609247 0 0 0 0 0 0 0 0 0.43225581492681603 0.14134160246634664 
0.15322842583196833 0.39002718359170424 0 0 0 0 0 0.02833687360762091 0 0 0.20215405542631582 0.283656224879572 
0.44799765230344035 0 0 0 0 0 0 0.09965789536014352 0 0 0 0.03732792877016548 
0.05059827907687209 0 0 0 0.3584290766134527 0.3576869069796128 0.20009164291971332 0 0 0 0 0.2321625652942198 
0 0 0 0 0.691441846111616 0 0 0 0 0 0 0.25479854506702565 
0 0 0.017306137571705654 0.37419579036171613 0.924154081273775 0.13167589146731334 0 0 0 0.007127630093102244 0.1004461427440966 0.0661384642586725 
0 0.01887397315997465 0.4251383446076526 0.6235846672960573 0.33535804477799497 0 0 0 0 0 0 0.11131708163014586 
0 0 0.30128922864830826 0.5801638558479116 0.12091235513260036 0 0 0 0 0 0 0.09298403662338335 

0 0.1438954295931479 0.054436915089711956 0 0 0 0 0.0398459621151272 0.0200355889445279 0.0897256420779218 0.022813003616073718 0.46262988526586274 
0 0 0 0 0 0 0 0 0 0 0 0 
0 0 0 0 0 0 0 0 0.10265187923037374 0 0 0 
0 0.2425368918327614 0.3170364234269335 0 0 0 0 0.19457681095755572 0.36243052638097156 0 0 0 
0 0 0 0 0 0 0 0 0.1917883324095222 0.27228794133799017 0 0 
0 0 0 0 0 0 0 0 0 0.3910003154411698 0 0 
0 0 0 0 0 0 0 0 0 0 0 0 
0 0 0 0 0 0 0 0 0 0 0 0.6617215750502274 
0 0 0 0 0 0 0 0 0 0 0 0.3908164025072751 
0 0 0 0 0 0 0 0 0 0 0 0 
0 0 0 0 0 0 0 0 0 0 0 0 
0 0 0 0 0 0 0 0 0 0 0 0 

1.103473538412818 0.884644086478832 0.9039016940595083 0.9102148475047512 0.9377082327733341 0.8993979682595328 0.8952566387901313 0.8680992692077177 0.8752612695217598 0.8788693262978539 0.4570958307623983 1.1860899265003633 
0.9384110021935638 0.6631623260556404 0.866809051255784 0.9765468819873334 0.8949757881259152 0.703948443631317 0.7273827741553928 0.7457045301786116 0.7592384036187689 0.8125019989799807 0.00591892621360472 0.9538215469154988 
0.8211698564596402 0.801875732991219 1.2249414648177224 1.072190358992806 1.0664268051058763 1.0655471621739525 1.1245127805144126 0.9625220702195286 0.8403812732567544 0.8960174900192435 0.10162036822478229 0.9785592673685499 
0.8454608144463706 1.0595547299953951 1.2362321075971232 0.46725237013703824 0.44503296760363636 0.6667178470869944 0.8159227485687945 0.7120666697536586 0.7161388197046216 0.9568395154283191 0.324490478344747 1.2021167571848943 
0.7404437923679345 0.9751657446628873 0.41984809749235574 0 0 0 0 0.304898685990522 0.29338802112455836 0.6530300918602169 0.38894677918659354 1.2054340627217324 
0.8901033819139643 0.6169201541686203 0.1667454803096386 0.3637623412951785 0.45945874227375916 0 1.139596218525312 1.4009776814767085 0.19201970335917784 0.32782465194390364 0.5567939711790905 1.25955704927174 
1.060759825548113 0.028318477580630247 0 0.7495259721214422 0.8467504155892575 0.5071876892369984 1.5125208062432534 1.8983465463694118 0.2964220176198413 0 1.0638323071096345 1.6330950122704344 
1.360434732335354 0 0 0.6082991801787243 0.24736419877085408 0 0 0.9270930864939905 0 0 1.9823335289069755 2.3884790012488795 
0.865270575258025 0 0 0.5454703197069953 0.40901401420692474 0 0 0.024499544483922497 0 0 0.15993523711244284 1.0102566343118504 
0.8033597956814401 0 0 0.5829449217547343 1.0162615867999107 0.15832835285678756 0 0 0 0 0 0 
0.8906574251557162 0.0024844575327817187 0 0.18438951628394587 0.46443139990647136 0 0 0 0 0 0 0 
0.863163867659896 0.21602878134490303 0.04505339735105247 0 0 0 0 0 0 0 0 0 

0 0 0 0 0 0 0 0 0 0 0 0 
0 0 0 0 0 0 0 0 0 0 0 0 
0 0.1626382153411412 0.39147926535393374 0.24005108181110335 0 0 0 0 0 0 0 0 
0.053999416716614415 0 0 0.009723495528112552 0.22431534144436294 0.367889261185763 0.0482651852124481 0 0 0 0 0 
0 0 0 0 0 0 0.6294355297403549 0 0 0 0 0 
0 0 0 0.0813979231663447 0 0 0 0 0 0 0 0 
0 0 0 1.4855469698537775 0 0 0 0.301408702864195 0 0 0 0 
0.5606476032861764 0 0 0 0 0 0 1.0355800504505597 0 0 0 0 
0.12049976702280082 0 0 0 0 0 0 0 0 0 0 0 
0 0 0 0 0.33147375282888397 0 0 0 0 0 0 0 
0 0 0 0 0 0 0 0 0 0 0 0 
0 0 0 0 0 0 0 0 0 0 0 0 

0.3485922222333376 0.44672314193478424 0.4627108848073736 0.4825628166857004 0.45337068096817473 0.49693846421082466 0.47553573625128326 0.4919038775931446 0.4560457291146991 0.3757514092474984 0 0 
0.31521948332304034 0.50375161396847 0.5383025200160451 0.5664907875814428 0.5099115491821966 0.5691710295559336 0.3339281953943172 0.28905896828050454 0.31025340186944944 0.2949544898890205 0.23277110934886291 0 
0.07379357011598364 0.30797197619091365 0.41843676454753026 0.4842902944011893 0.6403734048259799 0.7519297484454969 0.5522010468025916 0.6671559186000003 0.48913235219967044 0.35824363668827525 0.19833995746572702 0 
0 0 0.04152291159272624 0.5112206139997575 0.7554072042994635 1.1501573448244422 0.9733690185508828 0.6711078834354967 0.7090710720881923 0.5351622783223994 0.20602192624785093 0 
0 0 0 0.20000757106653186 0.10731047270826688 0 0 0 0.5160341625449757 0.6195245402364696 0.33969372371444756 0 
0 0 0 0.19403079984818405 0 0 0 0 0.03499239296495857 0 0 0 
0.4854468261936173 0 0.0909094508916729 0 0 0 0 0 0 0 0 0 
0.6216808782341817 0.3458735298708425 0 0 0 0 0 0 0 0 0 0 
0.35630841915976424 0.5750710911253408 0 0 0 0 0 0 0 0 0 0 
0.19208953999647777 0.5473720767446935 0 0 0 0.25956183800317734 0.20786588810071477 0 0 0.38670271437379156 0 0 
0.21375819813029098 0.6032173114359285 0.37293765708213283 0 0 0 0.07327930070325361 0 0 0 0 0 
0.21461022333028573 0.5728391373370182 0.7340726233766987 0 0 0 0 0 0 0 0.004186324433755578 0 

1.8446427083237984 1.873811743953609 1.9602188067003006 1.9338586235390263 1.9196239364229641 1.9171650222998626 1.9386211018083657 1.981494531383198 1.984045413639929 1.9627640396624986 2.7280105810917576 2.929131345219025 
1.7461848932112698 1.8446725844912975 1.6079851136050614 1.513302671409311 1.7456954670042795 2.0014193152439885 1.9540953239123868 1.926491986435517 1.954227409698215 2.0037938897412406 2.1226686952049394 2.2228587366577184 
1.5398657786058785 1.7497354114118346 1.5576863695798453 1.0940446918562785 0.9799087769694508 0.9563450007551244 1.294810331686137 1.9154341934241659 2.028119962131774 1.9793060357335543 2.1520727191876725 2.184423158933514 
1.9094841823174966 1.4456985809382898 1.4487305059724909 1.6700643321394164 1.4864809573720135 1.3466136380603413 1.3203991425336867 1.4748632155166832 1.8485493560026316 1.8267179760026326 1.577785319916578 1.8684320765984677 
1.6778754298368825 1.1535262702672713 0.6589549640971175 1.1155180135485596 2.456476776977115 3.4815750517060593 3.2916882938193983 2.555138738903794 2.0654355136433225 2.0432546224693886 1.7024726404363382 1.769937446269363 
0.6817175021720504 1.2509951477278691 1.6425001460516013 0.959350106624101 0.9848724865574872 2.6092241512056127 2.6901755487655286 2.0455554049540003 2.5324447098625162 2.1561426252039233 1.5627752128164012 1.8825503410932096 
0.20676357581138333 1.4167617704839621 2.8803628348407875 2.7619247603732986 1.7108872155281272 0.8125771170579259 0.43474697955467934 0.6621788022179765 2.1384026875016904 3.153494868271029 2.3518293165461404 2.059589372499549 
1.0842652505381578 1.3608399032823932 1.6957794139475013 1.5793047814152317 1.1974996904905282 1.3274328718600974 1.1893388570295307 1.196775532565745 2.0823493034257674 2.795613226602861 1.8888034806162195 1.6035421484471404 
0.8383520648575248 1.5354097893985559 0.95326602453188 0.19184191416775995 0.8800459747934845 0.4091066619250807 0.021857605069024455 0.3366582204803886 0.23210844943141673 0 0 1.9888966376067168 
1.0493910200498084 1.540090954518423 1.1706482421127131 0.6904849013463088 1.0984590561480174 0.8852728417589111 0 0 0.2575597858545731 0 0.09714925034084626 2.0856707999345017 
1.3086495212059266 1.2020243269004207 0.5907184501199688 0.5433690801123018 0.48803289282632284 0.10707624395420366 0.26676147090622077 0.8476781609589663 1.2908769827353381 1.4210800652320605 1.4676552034704904 1.7578737156729518 
1.5901157606269352 1.587665061612711 1.0798948095021963 0.9009960594819377 0.9142587574481353 0.9474947496316776 0.814656786485799 1.0712104637242352 1.5432023289508219 1.5196993742305194 1.152144877166484 2.0529377582035417 

0 0 0 0 0 0 0 0 0 0 0 0 
0 0 0 0 0 0 0 0 0 0 0 0 
0 0 0 0 0 0 0 0 0 0 0 0 
0 0 0 0 0 0 0 0 0 0 0 0 
0 0 0 0 0 0 0 0 0 0 0 0 
0 0 0 0 0 0 0 0 0 0 0 0 
0 0 0 0 0 0 0 0 0 0 0 0 
0 0 0 0 0 0 0 0 0 0 0 0 
0 0 0 0 0 0 0 0 0 0 0 0 
0 0 0 0 0 0 0 0 0 0 0 0 
0 0 0 0 0 0 0 0 0 0 0 0 
0 0 0 0 0 0 0 0 0 0 0 0 

0.197921524508843 0.09286539117627131 0.2775101655897982 0.3543868655887409 0.32432224563118633 0.2499140703509245 0.26900336340993247 0.31027058754572184 0.33281101864348134 0.3649761928604458 1.2726720643238576 0.3571081653730995 
0.31678771563510333 0 0 0 0 0.14311773336204253 0.40900320964304254 0.41747070788296115 0.4732682882724284 0.4168373788108395 1.3760430029198605 0 
0.6122325672215368 0 0 0 0 0 0 0 0.27030280263435147 0.4942619374151701 1.3958381772974946 0 
0.5818225533509283 0 0 0 0 0 0 0 0 0.2542959239657028 1.0779113332934154 0 
0.2766637284762587 0 0 0 1.03668832393797 1.432761134498366 0.9702858766301904 0 0 0.3041899330359824 1.0570317532188478 0 
0 0 0 0 0.4326096406567001 0.3083842029757072 0.34480758905651865 0.2395701250908522 0 0.29493977909247515 1.3295119981103194 0 
0 0 0 0 0 0 0 0 0 0 1.3865906779476602 0 
0 0 0.6151625753811943 0 0 0 0 0 0 0 0 0 
0 0 0 0 0 0 0 0 0 0 0 0 
0.21744846960227343 0 0 0 0 0 0 0 0 0 0 0 
0.3785395526414371 0.21949716055766905 0 0 0 0.3160854540902473 0 0 0 0 0 0 
0.5122313377989853 0.3849369473375647 0.4627687352576848 0 0 0.055782658749672205 0.27086841425997843 0 0 0.03436894836010803 0.08194297735365469 0 

0.602210653986619 0.47232876149282643 0.42102488177512987 0.4609099817675351 0.5053888416878602 0.49156653739528455 0.49033206950073643 0.47259618930705144 0.44145036037415997 0.44310308022779665 0 0.950198823846557 
0.21921867388920785 0.055752483860293946 0.35631185358301437 0.49633054975113794 0.4148693155896463 0.142640142286884 0.13342845825124008 0.1390027919431635 0.15624404621307006 0.15386238635117552 0 1.4720335102430042 
0.24161393849410492 0.09342513875668104 0.9468456066630636 1.0984958992453595 0.6961183020828892 0.6986675225520858 0.6648390102286691 0.3785926689053776 0.2376876775861127 0.3045061008189174 0 1.4714362838164474 
0.5753218362231896 0 0.04904379196950334 0.05827668172518169 0.17881144938311302 0.8935878864066861 1.0586468485582865 0.6900975942451211 0.3532496740147298 0.39193048896676164 0 1.6868766242138862 
0.23224347800551465 0 0 0 0 0 0 0 0.15758749342804373 0.38176580030526147 0 1.4036053643562338 
0 0 0 0 0 0 0 0 0 0 0 0.6105028270027469 
0.7048062325302349 0 0 0.48105378814569294 0 0.11315159271159242 0.12355896756255097 0 0 0.6665260883454743 0 0 
0.9065572776071971 0 0 0 0 0 0.35787322834550134 0.18206622009183854 0 0.29101508892533917 0 0 
0 0 0 0 0 0 0.08721536551063315 0 0 0 0 0 
0 0 0 0 0 0 0 0 0 0 0 0 
0 0 0 0 0 0 0 0 0 0 0 0 
0 0 0 0 0 0 0 0 0 0 0 0 

0 0 0.12634133465214437 0.1963372204443879 0.12360393088997616 0.036685545518798116 0.04854674546073636 0.07121183216635318 0.08405027506648145 0.16086866385549298 1.8131433067352731 2.4164289696717556 
0.05335886625617342 0 0 0 0.01769054689517755 0.15604594341550546 0.35388995942629725 0.4392855799300329 0.5122279017502219 0.4812140814395847 2.6072242041169558 3.1162683427399305 
0.3938716741745346 0.10772522616065733 0 0 0 0 0 0.04382957873059008 0.3889845351048781 0.48541049324115465 2.539281879873416 2.9746935579838567 
0.27096917545815813 0 0 0 0 0 0 0 0 0.27192610022380725 2.285678948676639 2.6729455157974975 
0.8754706086228511 0 0 0.14171618746469358 0.9512682987520342 0.6414058707262087 0 0 0 0 1.4457590920505687 1.5753610344266342 
0.939974939994973 0 0 0 1.27815556548827 3.9514625867150426 3.3580723870655667 0.9236495654817451 0.14418648054389668 0.4566258794735793 1.5889849725303666 1.3608711864556209 
0.20500929309098442 0 0.18757457054047605 0 0 0.5582440035929928 0.7754202364948964 0 0 1.011038639640659 1.0415370947358575 0.10369548475478213 
0 0 1.7478902701663024 1.6728925887766637 0.3137576115528936 0.7207114238542157 0 0 0 0.339481427978589 0.09728598818055573 0 
0 0 2.6034894131599393 2.9946424501834557 1.0710703714301917 0.8756666865997683 0.2549410185970342 0 0 1.4929987300560474 0.3043410111410889 0 
0 0.7565934806437407 2.181172778432875 1.708844809220767 0 0 0 0 0 0 0 0 
0.13166063991577923 0.7638970707032844 1.8026298937191907 0.9559689249907375 0 0.1512802252220618 0.9172853731127331 0.40091225770742617 0.24477221664605148 0.2632560273685107 0.25788495527944905 0 
0.30626384069196777 0.7539024015363492 1.330581750142717 0.9463624669796712 0.4574934356317308 1.2823668980059197 2.2670842156077775 2.3042174277657437 2.1211235133717894 1.9247731181850287 1.7578083927276857 1.3706816195332272 

0.7805956978424151 0.39670792748682726 0.4830405081209116 0.6301152412210514 0.6303979109370802 0.5879694786414194 0.5677123421199832 0.5669944907557852 0.6020916439438493 0.5751551410064615 0.5855177294703279 0.1132277332870305 
0.502076694594481 0.25618411825804543 0.49744313427287573 0.396964296221047 0.12189669947969607 0.1469733325722452 0.3995236387664874 0.4149269736836617 0.4150950716082003 0.4340689917294844 0.5887468935613283 0.4410901720446972 
0.9472193222969069 0.9478336187007468 1.2114073162253327 0.7409508420972981 0.2791673250313492 0.11395723305111294 0 0 0.18769197204117766 0.5640753239114079 0.6122781107165945 0.43119474239665473 
1.5441926414228644 1.1024126937328151 0.5555645937517754 0.24643542618584255 0.873198007727524 0.6470705226570279 0.19664508835773453 0 0 0.5809647085153995 0.6064115880185745 0.34538128456663914 
0.8540340741992358 0 0 0 0 0.5503713369108292 0 0 0 0.7585400691835871 1.0085431365727966 0.4524680124914046 
0.08945487073214747 0 0.12616399935785289 0.497231707188282 0 0 0 0 0 0.3973545436972476 0.7067282006724935 0.2780476567065545 
0.8426803099180471 0 1.113079134467779 1.8850992018231354 0 0 0.7115346253073824 0.7387577138302525 0 0.8275956779995521 0.39161431105890576 0 
1.2266000261196204 0 0.3354334979902832 0 0 0 0.8985091442987942 0.5821168241245831 0 0 0 0 
0.4873234340364626 0 0 0 0 0 0 0 0 0 0 0 
0.4988924442026993 0 0 0.16671510415657004 0.5949855563981997 0.14772608282519456 0 0 0 0 0 0 
0.47038873882564836 0 0 0 0.17139304115634346 0 0 0 0 0 0 0 
0.3918520415117475 0.10227708829759728 0 0 0 0 0 0 0 0 0 0 

0 0.013329330804164216 0 0 0 0 0 0 0 0 0 0 
0 0.05535719806988912 0 0 0.10034226125892713 0.043548534785592535 0 0 0 0 0 0 
0.374967470187568 0.6276346000666355 0.020984003008902474 0.4392880657630829 0.4853957250282107 0.2785962362608957 0.35629434441114644 0.2210691897840095 0 0 0 0 
0 0.6002398271951629 1.5474005774437303 1.8453500231428033 1.4975502631513664 1.640620054565801 1.1127160013742508 0.5096750569249632 0.2863283161445864 0 0.007241696222904857 0 
0 0.40659131036623325 1.3461869902998218 1.2138357876254544 1.7329752251423602 1.047722005437657 0.5912327409958834 0.7019307961613963 0.3922588907980715 0.2543634617025763 0.21707175867079379 0 
0 0.49651326022251663 1.3940010928702347 0.34821196936362386 0 0 0 0.7802282728412684 0.3600306922738766 0 0.3691283655651579 0 
0 0.9368563586368127 1.360139876843513 0 0.48662178085371294 0 0 0.8716652420853197 1.5758073054935333 0 0 0 
0.28245148741449455 1.1121221194865467 0.0035100032062274668 0 1.7460656344652454 1.3606181277427227 0.5145008498620858 0.9488255956966176 1.867407313150874 0 0 0 
0.7527329485192742 1.1578461641057904 0 0 1.4779640902614262 1.6577170920120088 1.0701725356145824 1.4079574440707439 2.1828873714277575 0.9556072034383621 2.131059266329312 1.4930063455716691 
0.3309951120024809 0.66460625024272 0 0 1.0724196609639165 2.211035091449162 0.8047446387593559 1.6656926500550144 3.161852028619603 2.3913529837164393 1.274606491510748 1.7207855596323023 
0.1484542784336543 0.950792163426229 0.07993782365081636 0.5445896181348756 0.7849666423393066 1.967142119734346 1.6577579077492428 1.9021093646423295 1.5463294618705778 1.1440773467879757 0.9138574215344576 0.7094896406962229 
0.0543847410278757 0.047715288674532785 0.2094439357018994 0 0.49078699309261387 0.7611885287821065 0.3555345104080581 0.4852911195585893 0.3617858665206976 0.17950144771071555 0.4608374219258765 0.4809494222232062 

0 0 0 0 0 0 0 0 0 0 0 0 
0 0 0 0 0 0 0 0 0 0 0 0 
0 0 0 0 0 0 0 0 0 0 0 0 
0 0 0 0 0 0 0 0 0 0 0 0 
0 0 0 0 0 0 0 0 0 0 0 0 
0 0.5817276870673785 0 0 0 0 0 0.21353526907767278 0 0 0 0 
0 0.10350506507844906 0 0 0 0 1.296982891942369 1.2301340712114766 0 0 0 0 
0 0 0 0 0 0 0.8110168792449073 1.2463888676132302 0 0 0 0 
0 0 0 0 1.1813099268921763 0 0 0 0 0 0.22065200306910307 0.16737446547429788 
0 0 0 0 1.2670510608844832 0 0 0 0 0 0.8076526442306107 0.41561494652040165 
0 0 0 0.1254334647902989 0.3909659185305523 0 0 0.021171174192410325 0 0 0 0 
0 0 0 0 0.4469849716720522 0 0 0 0 0 0 0 

0.3042632090903574 0.46421141335488714 0.39694650025085265 0.3373121464854707 0.33930111751060377 0.39099298943498606 0.385758669842854 0.37453274150345717 0.3170642207500446 0.29902617473452997 0 0 
0.29612182291710215 0.5378990110184917 0.5647420607525244 0.7290879754473742 0.8015683626719337 0.6547485373841848 0.3568879158529395 0.33992140709024565 0.3342630434580521 0.3085777740121853 0 0 
0.19727568344468693 0.8653398532470478 1.028566425639743 1.0330343324950875 1.4197603918087578 1.5153346176106977 1.3672501262255912 1.1637900585574927 0.5658889092605117 0.28118625390247265 0 0 
0 0.8249532182438176 1.0493591983744273 0.8177159309986212 0.8856478940402511 1.298640854917138 1.3902346735013913 1.2658035228719646 0.9139276193749603 0.44924930196214774 0 0 
0 0 0.6557804764813961 0.7019045682292324 0 0 0.7164762953806973 1.5958999305088213 0.8203455806889689 0.44167230917759553 0 0 
0 0 0.021541779035671962 0.3107505253591668 0 0 0.6646652997038334 1.698507815017141 0.5764351995627282 0.09187400005604779 0 0 
0 0 0 0 0.3728080673054692 0 0 1.2066397860274418 0.8468515535716699 0 0.14762472001069177 0.6324520204189357 
0.5516933319199012 0.274199223820278 0 0 0.5411701380806097 0 0 0.44433505976008875 0.2998912788163656 0 0 1.342514960555179 
0.6134173822588185 0.3610745013640704 0 0 0.9977154571147405 0.3370367955416444 0.2049669893784017 1.682374640703078 1.622045438559763 0 0 0.53607749572044 
0.627647845219673 0.11740953041831242 0 0 0.5775696509063593 0.7296099954937066 0.004377798925895085 1.047282237185452 1.8665013105776485 0.246706489185045 0 0.22500811360484307 
0.34135119837622957 0.5065361084998463 0 0 0.027402448090888754 0.37677203219057903 0.22774729756934303 0.20381913462694565 0.7378291063646171 0.32546151912662125 0 0 
0.22786048725710492 0.33205052768979143 0.02267880559539608 0 0 0.3311221809854116 0.4587815234911079 0.5428014116131195 0.5992933565875096 0.5380071782730634 0.43473810251059 0.20219900063557777 

0 0 0 0 0 0 0 0 0 0 0 0 
0 0 0 0 0 0 0 0 0 0 0 0 
0 0 0 0 0.14256967043274815 0.305093174886481 0 0 0 0 0 0 
0 0 0 0 0.05946797801697268 0.13459181647841845 0 0 0 0 0 0 
0 0 0 0 0 0 0 0 0 0 0 0 
0 0 1.077757024705445 0.6710882317647846 0 0 0 0 0 0 0 0 
0 0 0 0 0 0 0 0.20830307828662797 0.2714835181755435 0 0 0 
0 0 0 0 0 0 0 0 0.1509910214189223 0 0 0 
0 0 0 0 0 0 0 0 0 0 0 0 
0 0 0 0 0 0 0 0 0 0 0 0 
0 0 0 0 0 0 0 0 0 0 0 0 
0 0 0 0 0 0 0 0 0 0 0 0 

0 0 0 0 0 0 0 0 0 0 0.623490263031592 0 
0 0 0 0 0 0 0 0 0 0 2.3700843896066557 0 
0 0 0 0 0 0 0 0 0 0.027101832083274276 2.319161095175854 0 
0 0 0 0 0 0 0 0 0 0 2.4494158599457094 0 
0 0.016226884308927547 0 0 0 0 0 0 0 0 2.2362540505100745 0 
0.5372206927600922 0 0 0 0 0 0 0.0398456067495563 0 0 1.845304988324931 0 
0.5150824299260193 0 0 0 0.09844641028625319 0 0 0 0 0 0.1275477000748192 0 
0 0 0.35641671014207144 0 0.30404859723523076 1.0713675440596626 0 0 0 0 0 0 
0 0.2694847245437688 1.6823236799002523 0 0 0.6568031401970268 0 0 1.0719558243253076 0.9395967706722868 0 0 
0 0.7177762083687954 2.553305546081719 0 0 0.21851400651658298 0 0 0.4773016286422483 1.0961872461604314 0.4998194485102613 0 
0 0.5379643217541716 2.5385618885646477 0.9937164361009878 0 0 0.4362216789608663 0 0 0.37346114780775735 1.3026132215923278 0 
0.018740985214518724 0.16311984111260736 1.2359545583850442 1.35074372235633 0 0 0.24050870258048704 0.048922189437325736 0 0.23732216524532565 0.5083482575367542 0 

0 0 0 0 0 0 0 0 0 0 1.3673764334766256 0.5511752167955691 
0 0 0 0 0 0 0 0 0 0 1.3641200990491593 0 
0 0 0 0 0 0 0 0 0 0 1.4043936373958967 0 
0.05617508922441463 0 0 0 0 0 0 0 0 0 1.2301943915162163 0 
0.23925617634563545 0 0 0 0 0.003937387441204717 0 0 0 0 0.8520099550516778 0 
0 0 0 0 1.2869106637300134 2.265444030600069 0.15414889052954092 0 0 0 0.5628619631349888 0 
0 0 0.7310349713444895 0.6415962335281475 1.8971775864209883 1.4395558904221093 0.46147542896399935 0.516271970685829 0.5780237336457207 0.6084843947673126 0.8019102191036698 0 
0 0.5680705930596414 2.168914814535788 1.3980992362484383 0.556161065734081 0 0.5855528985769952 1.6824508474522337 2.5907745397685873 3.3907917453918346 2.2615139521043424 0 
0 0.3353344419370906 1.881051182839599 0.4981656295201966 0 0 1.301779711349329 1.2134163961919797 1.9115445194389524 1.4292136985432995 0.9238125435368953 0 
0 0.022944020100414866 1.285652330069134 0.337704949536925 0 1.1253197515975817 1.452266379788356 1.0242759930981886 0.4339378823018184 0 0 0 
0 0 0.06755858914052787 0 0.00534632994643717 0.12739923856445276 0 0 0 0 0 0 
0 0 0 0 0 0 0 0 0 0 0 0 

0 0 0 0 0 0 0 0 0 0 0 0 
0 0 0 0 0 0 0 0 0 0 0 0 
0 0 0 0 0 0 0 0 0 0 0 0 
0 0 0.3879852075432064 0.456961048462092 0 0 0 0 0 0 0 0 
0 0 1.0816937729622396 1.1561434273903335 1.3868957088133744 1.3064829255204542 0 0 0 0 0 0 
0 0 0 0 0.07777037702794481 0.5177164917863919 0 0 0 0 0 0 
0 0 0 0 0 0 0 0 0 0 0 0 
0 0.05315021296901351 0.5914531603766202 0.9084525703267365 0 0 0 0 0 0 0 0 
0.16466132957892166 0 0.3092631868169771 0.7674396299725703 0 0 0 0 0 0 0 0 
0.1628470485531495 0 0 0 0 0 0.7097944574001825 0.15396821791791915 0 0 0 0.30908973096520204 
0.03783684335229012 0 0 0 1.0493658377144126 1.7894799015115197 1.5742129498102333 0.9975769946251442 0.4914169464661492 0 0.5186559952863649 0.08196283854180804 
0 0 0 0 0.8358440143764738 0.8633645389764627 0.27465132694616057 0.10966861865340216 0 0 0 0 

0 0 0 0 0 0 0 0 0 0 0 0 
0 0 0 0 0 0 0 0 0 0 0 0 
0 0 0 0 0 0 0 0 0 0 0 0 
0 0 0 0 0 0 0 0 0 0 0 0 
0 0 0 0 0.27640247088033626 0 0 0 0 0 0 0 
0 0 0 0 0 0 0 0 0 0 0 0 
0 0 0 0 0 0 0 0 0 0 0 0 
0 0 0 0 0 0 0 0 0 0 0 0 
0 0 0 0 0 0 0 0 0 0 0 0 
0 0 0 0 0 0 0 0 0 0 0 0 
0 0 0 0 0.035448229106100404 0.267831437904047 0 0.7148168281094673 0.9579844879585825 0 0 0 
0 0 0 0 0.14255390066518153 0.4451092890307662 0.3000957591305362 0.6095967756731988 0.4276497377330232 0.1270181741985581 0 0 

0 0 0 0 0 0 0 0 0 0 0.199429618600411 0.4419243024963743 
0 0 0 0 0 0 0 0 0 0 0 0 
0 0 0 0 0 0 0 0 0 0 0 0 
0 0 0 0 0 0 0 0 0 0 0 0 
0 0 0 0 0 0 0.14143140650708722 0 0 0 0 0 
0 0 0 0 0.2060319049548373 0.935441019055566 0.7074839496964096 0 0 0 0 0 
0 0 0 0.28369849294535776 0.6780317717925171 0.02758197108781496 0 0 0 0 1.1114022033607216 0.48432119522087624 
0 0 0.10445680518985832 0.8103846126704829 0.369589178084467 0 0 0.29289753426114323 0.4080164397479254 0.7903112613696737 1.3304112957633114 0.4263522975941332 
0 0 0 0.49672304540885154 0 0 0 0 0 0 0 0 
0 0 0 0 0.04773817283898146 0 0 0 0 0 0 0.07800762628037058 
0 0 0 0 0 0 0 0 0 0 0 0 
0 0 0 0 0 0 0 0 0 0 0 0 

0.24562500852531932 0.48668618514297984 0.4489185614971271 0.38737158407846006 0.345539427593573 0.3935326034604396 0.40015456677833 0.4279604841049632 0.4153205214951095 0.4097809277431808 0 0.6598174794467809 
0.07933568824940133 0.4107992233951306 0.2853340402967838 0.25022317865500737 0.3470441653016693 0.5222322637029487 0.39134962920820204 0.388086961815298 0.34283040776610907 0.35018904125746786 0 0 
0.2320501116279629 0.9414825640893465 0.6409348403623216 0.384965709942432 0.5252734448398944 0.49673585490431954 0.35852032479201934 0.6331031712697843 0.5710719334805306 0.3317775177548269 0 0 
0.28879871681892105 1.008000420219722 0.793518622995727 0.6355367194702193 0.24280693740542358 0.48648440240442553 0.651942880202668 0.8294395240541318 0.8267786790557211 0.46946214276623677 0 0 
0 0.16991735589567813 0.6580407595747952 0.4039876710054674 0 0.3583133278227534 1.010328788268219 0.7753229034895919 0.7640613101970255 0.7791658092839624 0 0 
0 0 0.19282148478408867 0.6584567318052283 0 0 1.0557502242885624 0.4147104964406297 0.45059942711501555 0.943866033395379 0 0.031641920733141135 
0 0 0.19883936204714636 0.7602304508156987 0 0 0 0 0 0.7845934880034184 0 0.44749467821569733 
0 0 0 0 0 0 0 0 0 0 0.3100938617018254 1.0736031428150197 
0 0 0 0 0 0 0 0 0 0 0 0.5203588844795575 
0 0 0 0 0.5493604050989863 0 0 0 0 0 0 0.2677689657244425 
0.06727932460670355 0 0 0 0.5251302083856637 0 0 0 0 0 0 0 
0.28278997054390015 0 0 0 0 0 0 0 0 0 0 0 

0 0 0 0 0 0 0 0 0 0 0 0 
0 0 0 0 0 0 0 0 0 0 0.6152955673520384 0 
0 0 0 0 0 0 0 0 0 0 0.5464634281092421 0 
0 0 0 0 0 0 0 0 0 0 0.06945665939221154 0 
0 0 0 0 0 0 0 0 0 0 0 0 
0 0 0 0 0 0.8554285147309236 0.9107489414852175 0 0 0 0 0 
0 0 0 0 0 0.6394177070760271 0 0 0 0.8563691561618887 1.2320690516559538 0.8169141376438482 
0 0 0 0 0 0 0 0 0 0 0 0.49507467951244577 
0 0 0.22247523537673253 0.29643020554157246 0 0 0 0 0 0 0 0 
0 0 0 0 0 0 0 0 0 0 0 0 
0 0 0 0 0 0 0 0 0 0 0 0 
0 0 0 0 0 0 0 0 0 0 0 0 

0.5893917781826108 0.11530591954787832 0.24689256004398777 0.4240161211768254 0.4305294735357916 0.34898010937941115 0.3249621364290682 0.32056575702824885 0.42271815231934107 0.40884892256036226 0 0.4525230517468027 
0.5997883280009176 0.47861299373323807 0.42413146423147724 0.07310933816363446 0 0 0.48998528480527814 0.5268598495971347 0.5283283099853112 0.5883935538002771 0 0.18377701102242222 
0.5322667774430482 0.4766233630929768 0.5618542629639907 0 0 0 0 0 0 0.5333213005023034 0 0.16060307963554518 
0.6135267661268996 0 0 0.6118712512655918 1.6130655952893949 0.6435315956783616 0 0 0 0.2546103764481289 0 0 
0.4964324877148981 0 0 0 0 0.39208946477954754 1.2315859079826668 0.7886666346573925 0 0 0 0 
0.14008659726415895 0 0 0 0 0 0 0.037257265745191864 0 0 0 0.2810591850463293 
0.1578927319980825 0 0 0.2352284312210624 0 0 0 0 0 0 0 0 
0.7708998738791473 0 0 0 0 0 0 0 0 0 0 0 
0.8064177423307015 0 0 0 0 0 0 0 0 0 0 0 
0.7737088723844862 0 0 0 0 0 0 0 0 0 0 0 
0.5527320431745467 0 0 0 0 0 0.2734768525193572 0.32839214956387475 0.09160674357507684 0.6738629849843666 0.14436289458407492 0.7435536695815899 
0.3499820495550263 0.18331469669911418 0 0 0 0 0.31723481455733105 0.36465177956929784 0.5948764379952105 0.4656451001795898 0.2547032585152142 0.9832390104549863 

0.3653637624150387 0.048312362999942154 0.343780333030285 0.4540810497320088 0.4308637160741813 0.35495234560254957 0.3374472136853039 0.3504906435482559 0.3621744118291354 0.27804441393605334 0.8894256857993159 1.9710895203262189 
0.4438441354684442 0 0.20024629813931916 0.3486840004065571 0.2825995306978984 0.3016891016004104 0.26059668775414074 0.24116200968664495 0.3123542879621431 0.29546425401169 0.9707017702439168 2.625860773818708 
0.644282757372189 0.01260339702009175 0 0 0 0 0 0.16316675884110093 0.4574405650537731 0.4794238414023745 1.1057909844917353 2.5710323773395305 
1.280242114641334 0.12685617190149348 0 0 0 0 0 0 0 0.5953411049210164 1.0764746135106462 2.0520994685736063 
1.87965753643245 0 0 0 0.1993719115176701 0.2400398500326551 0 0 0 0.5274957614041457 1.0448896748928775 1.187208120691472 
1.6915151063102036 0.5304868256844337 0 0 1.0215682731993168 1.9584110206824765 1.1521342153386245 0 0 0.4646446162757314 0.984419300527151 0.22777698783395645 
0.8950439223521478 0.9694037158014776 0.9327214061586622 0.6789923309918067 0 0.16792639516211308 2.105085706598161 0.8969177777153525 0 0.9115490725495211 1.8011401681369468 0 
0.4084836583519537 0 1.9692333232723274 2.125301519994604 0 0 1.8043870375617395 0.9237354813361869 0 0.8070969626011287 0.6426682867294171 0 
0.6255649160203586 0 1.6732345607594343 2.0968314856686536 0 0 2.0037846133969905 0.9010962982378055 0 0 0.2464024228575116 0 
0.5848636908712199 0 0.9798241581726708 1.5518454527398071 0.7169239936563194 0.6360287100491006 0.524855369999756 0 0 0 0 0 
0.588672120450679 0.093532292953392 1.162618992684773 1.0480898384073922 0.48898002984816324 0.8042533611588032 0 0 0 0 0 0 
0.4997992355139007 0.6418056003286343 0.7542693757924089 1.0867057409966319 0.39472049911744617 0.5109981561991692 0.2704939459167671 0.011321161050587891 0 0 0.16875228622858762 0 

0 0 0 0 0 0 0 0 0 0 0 0.07094850532694427 
0 0 0 0 0 0 0 0 0 0 0 0.5387158353161009 
0 0.4961397937248473 0.6595353307117628 0.49258554211072236 0.5581974954561134 0.8292736871667353 0.5896392589622553 0.25430494166367795 0 0 0 0.47064101591709656 
0.12596405169104036 0.8990841092970159 0.4196502191078685 0.02734770411246873 0 0.028889243172230517 0.0467055292286227 0 0 0 0 0.7012747527328559 
0.7938774372513024 1.2535565633862489 0.783589733721009 0.9705887975561891 0.4226671211087585 0.34292367062146595 0.4746464419784148 0 0 0 0.18001137302064946 0.33164156576478837 
0.8148933623617516 0.4947655346868209 0.5658032832693554 1.8773408787619692 2.4264721986203552 2.8895347322068727 2.49559286032423 0.33677055350599283 0 0.33317475987682577 0.6189435880307088 0.3599632463466416 
0.8262115488168424 0.9301433850626699 1.695119304322804 2.2216508574920577 1.6936106135155975 1.9959057295220564 2.1525190809158534 1.3344017443330567 1.8203014861215525 3.204044614680577 3.5990897540534506 1.899621007040687 
0 0.2007302466307015 2.164783114566578 2.633071634469143 1.0403951693001425 1.1354256925115447 2.1229585633953825 1.3146066247548704 1.7757905787588153 3.1431290739169064 3.337042524536152 0.9953614294937995 
0 0.4183547116655019 2.582209056542948 2.9173393997506207 2.3596048529005116 1.9070916470247357 4.037834675319379 3.15755793783873 3.214039627523931 3.5298939682134285 2.7514325757996647 0 
0 0.43025000836972876 1.668930882270667 1.909202907367347 1.911948979182106 1.263033463720419 2.089691981126656 1.4522548381713012 2.00621593777975 2.7610790923765975 2.393453698054369 0.053532612750736855 
0 0 0.8296942104038101 0.6352627517104027 0.39340375148092843 0.30474682839652384 0.6069172946592798 0 0 0 0.6067073369052993 0 
0 0 0.09445494774846833 0.6352517665344163 0 0.37159638084078894 0.35319236861292486 0.19582761202310228 0 0.19035752032735234 0.10592167478651707 0 

0 0 0 0 0 0 0 0 0 0 0 0.28075805895618666 
0 0 0 0 0 0 0 0 0 0 0 0.5252384358364912 
0 0 0 0 0 0 0 0 0 0 0 0.5024625538459969 
0 0 0 0 0 0 0 0 0.03399656316795879 0 0 0.1471071632649245 
0 0 0 0 0 0 0 0 0 0.07111300482298923 0 0 
0 0 0 0 0 0 0 0 0 0.5823760325255374 0 0 
0 0 0 0 0 0 0.5898750549607141 0 0 0 0 0 
0 0 0 0 0 0 0.49342831601979276 0 0 0 0 0 
0 0 0 0 0 0 0 0 0 0 0 0 
0 0 0 0 0.27626020863598266 0 0 0 0 0 0 0 
0 0 0 0 0.002085617520822501 0 0 0 0 0 0 0 
0 0 0 0 0 0 0 0 0 0 0 0 

0.15442423483833115 0 0.04817455009111516 0.08551218340858849 0.10021495934305272 0.07880273400762702 0.07556288087973953 0.06377947609135673 0.11208433102104522 0.1183849137298077 0 0 
0.20294844604198192 0.08004576034438504 0.12447597398550242 0.012519797079504277 0 0 0.1488564062304892 0.1551066524992681 0.13031598153478205 0.15931568204704047 0 0 
0.36278239386874717 0 0 0 0 0 0 0 0 0.13747926931704843 0 0 
0.3032219457943436 0 0 0 0.0564348135102211 0 0 0 0 0.04171659838841118 0 0 
0 0 0 0 0.05752175187707875 0.8333070041793349 0 0 0 0.020221190970038563 0 0 
0 0 0.12105761082849212 0 0 0 0 0 0 0 0 0 
0 0.22288280412360695 0.15947649712803613 0 0 0 0 0 0 0 0 0 
0 0 0 0 0 0 0 0 0 0 0 0 
0.3170531512870141 0.05990783410026242 0 0 0 0 0 0 0 0 0 0 
0.2593833612812957 0 0 0 0 0 0 0 0 0 0.058443475817034435 0 
0.1775324635532927 0 0 0 0 0 0 0 0 0 0 0 
0.06919742052775135 0.15063480618940012 0.22944194141787513 0.6141047442519859 0.7347667329544421 0.5083893814830663 0.3003672705206187 0.5336806659410149 0.6171052762607565 0.4285593190045998 0.3977554892802928 0.2926832305777872 

0 0 0 0 0 0 0 0 0 0 0 0 
0 0 0 0 0 0 0 0 0 0 0 0 
0 0 0 0 0 0 0 0 0 0 0 0 
0 0 0 0.1472561570941501 0.6371170344303827 0.46742877529802884 0 0 0 0 0 0 
0 0 0 0 0.5564759678155917 0.726402992165424 1.1097169569994936 0.9542816839804978 0 0 0 0 
0 0 0 0 0 0 0 0.5772516837891385 0 0 0 0 
0 0 0.25402267365156644 0.5360359592545234 0 0 0 0 0 0 0 0 
0.35265516783303563 0 0 0 0.15702973346564356 0 0 1.2866598495084363 0.9345328933172153 0 0 0 
0.5402223175820628 0.05994549898139956 0 0 0 0.05382457326212342 0 0.4961291048827963 0.4328275076532432 0 0 0 
0.10068750581560572 0 0 0 0 1.2395652263834882 0.23701855908792197 0.17287755362567814 0.2187198987804876 0 0 0 
0 0 0 0 0 0.3539865923609069 0.01685806681144475 0 0.3336488465104221 0 0 0 
0 0 0 0 0 0 0 0 0 0 0 0 

0 0 0 0 0 0 0 0 0 0 0 0 
0 0 0 0 0 0 0 0 0 0 0 0 
0 0 0 0 0 0 0 0 0 0 0 0 
0 0 0 0 0 0 0 0 0 0 0 0 
0 0 0 0 0 0 0 0 0 0 0 0 
0 0 0 0 0 0 0 0 0 0 0 0 
0 0 0 0 0 0 0 0 0 0 0 0 
0 0 0 0 0 0 0 0 0 0 0 0 
0 0 0 0 0 0 0 0 0 0 0 0 
0 0 0 0 0 0 0 0 0 0 0 0 
0 0 0 0 0 0 0 0 0 0 0 0 
0 0 0 0 0 0 0 0 0 0 0 0 

0 0 0 0 0 0 0 0 0 0 0 0 
0 0 0 0 0 0 0 0 0 0 0 0 
0 0 0 0 0 0 0 0 0 0 0 0 
0 0 0 0 0 0 0 0 0 0 0 0 
0 0 0 0 0 0 0 0 0 0 0 0 
0 0 0 0 0 0 0 0 0 0 0 0 
0.45738847461309906 0 0 0 0 0 0 0 0 0 0 0 
0.07288010983986004 0 0 0 0 0 0 0 0 0 0 0 
0.13201355616571203 0 0 0 0 0 0 0 0 0 0 0 
0 0 0 0 0 0 0 0 0 0 0 0 
0 0 0 0 0 0 0 0 0 0 0 0 
0 0 0 0 0 0 0 0 0 0 0 0 

