1.3835669046004329 1.2907067039195754 1.3779068890586645 1.3871893220759808 1.656123965349115 0.8294721990819985 0.16851388903609046 0.6097569839366875 1.3909234138907276 1.3732297416036432 1.3325107666782976 1.2938705408668794 
1.6164257041494094 0.5979545881627055 1.4296832511929576 1.4422266804587895 1.7885158306857643 1.0680738094312652 0.7217491428577284 0.6623772488874703 1.0245101413797564 1.3465758635479546 1.4516615444146967 1.4372011698417901 
1.8930424263564427 0.2489053077137333 1.0775618842687613 1.3991283900153895 1.3855123720887406 0.6393464792938426 2.155884620437784 0.7084105541528294 0.8373462662857877 1.2430781521375556 1.352936432400974 1.3724335700141261 
1.475925309318295 1.1792543580958328 2.122220016986974 1.8893190700153262 1.9144683459676963 1.4967953598520989 1.9494469508711925 0.134677153838376 1.7632427484501991 2.158192242009845 1.3616747737781916 1.3379272712186647 
1.056497186220038 1.755025432791626 1.5074837667409637 0.9402993696684411 1.6058719103025239 1.035052495200274 0.6068972469932905 0 3.476839206446925 2.8034995016006485 1.4032653311338004 1.35086733392277 
0.8176611760510021 0.5689876203853772 0.8960476819326546 1.2480132484257085 1.4066642278366797 1.4247263904911591 0 0 1.7630740152800388 2.4517969436214253 1.4118844949914318 1.3875664443163893 
2.183108455401041 0.8611684357382835 1.219604148446005 1.6261619179843487 1.3662770873145993 0.7032760710898539 1.7206346446704919 0.23725818008004174 0.5253279579556365 1.474389319734998 1.380784762174154 1.3807607217070181 
2.056090875102447 1.5179678891221196 1.4132059916914321 2.1736365984321213 2.2136489909664308 0.9868946197931115 1.3290810943012128 1.8912017651893716 1.4185713841926506 1.3806417005240035 1.379535774191592 1.3808056518596648 
1.3803866030434413 1.381801272284201 1.3799584854155904 1.745019397895399 2.4589857150656513 1.938031698900773 1.4346326773858316 1.3760954454392187 1.3735899854671754 1.38078177 1.3818242764285542 1.376470037022028 
1.380714777031396 1.3858536775694097 1.389387170387519 1.3832633809250146 1.3772431811520234 1.380783771457925 1.3807792264662764 1.38078177 1.38078177 1.38078177 1.387216274907568 1.3871302906256187 
1.3831354827071338 1.3816055885606442 1.3763212696497236 1.3804317675367468 1.3804429738737576 1.3803620719083545 1.371381633096603 1.3711553613589218 1.3764716243790955 1.3694205876754544 1.3723397187572386 1.38078177 
1.3828073087191792 1.382937426220355 1.3798184409216812 1.3806949794819179 1.3862325616526658 1.38353827487837 1.3728297150536724 1.3787680291426418 1.3792641913715489 1.3689857992146903 1.3738130194808362 1.38078177 

0.6072107915948602 0.540434056973205 0.5946721970951595 0.3310157128258545 0.3870066441532728 0.6328959426983941 0.6110443347854967 0.463673018077171 0.5214863390568284 0.5422251034345751 0.5695088388183334 0.6093846665725801 
1.0980136280262618 1.1510946371266035 0.3965091885891763 0.015114596862056434 1.381305214720463e-05 0 0 0.9228634153010415 0.9372189672094202 0.3846170564002007 0.37165522960704644 0.4700231661877823 
1.396388824545512 0.6040296030742605 0.00855713871760111 0.380886448968612 0 0 0.21669178460738736 1.5650933216060783 0.5975924073607173 0.3348106364767414 0.6002153895409658 0.6039182551545207 
0.717218757173923 0 0 0 0 0 0.40459840043901363 1.6851828510173796 0 0 0.6096504097251061 0.6055024911318246 
0 0 0 0 0 0 0 0 0 0 0.5883659759349705 0.5892415304427249 
0 0 0 0 0 0 0 0 0 0.12739906407600504 0.585918482808035 0.587716765183675 
0 0 0 0 0 0 0 0 0.06471225057902921 0.5700531784592736 0.6149556978468528 0.6149733509324198 
0 0.000816538694002833 0.2691460931495262 0 0 0 0 0 0.24743388086806348 0.6149911400598744 0.6129306453596148 0.6118293640427325 
0.6143349846469535 0.6176109601069509 0.6183489789917712 0.01317854457249179 0 0 0 0.33786028732341333 0.6096405996678983 0.61497229 0.6186552968952765 0.6153344965527693 
0.6154943703614026 0.6138573714881437 0.6026171965215711 0.6037608001163219 0.6154207724935243 0.6149642725704508 0.61497261766398 0.61497229 0.61497229 0.61497229 0.6146920175193367 0.60331572328015 
0.6160434478290626 0.6115000250609336 0.6149237246450654 0.6149899317612882 0.610574857513216 0.6102172968268588 0.6088941564906303 0.605559004459388 0.6088495907421144 0.6099049217842485 0.6114281633286326 0.61497229 
0.6148840621146134 0.6112960348522051 0.6148316151567981 0.6149834705581022 0.6100754389962786 0.6085908117648965 0.6119773954394446 0.6088882513550533 0.6088829385920931 0.614308191146552 0.6154972754942055 0.61497229 

0 0 0 0 0 0 0.053227260726955966 0.13522788341786127 0 0 0 0 
0 0 0.09440036190702884 0 0 0 0.04423251994956986 0 0.11764511096091879 0 0 0 
0 0 0.320446679852747 0 0 0 0 0 0.2748397260635002 0.4678467737311281 0 0 
1.3558719793855951 1.5890631233249919 0.15955130761306596 0 0 0 0 0.2609643936972131 1.3549543208359778 0.93914768827878 0 0 
1.7102708139938787 1.133464473383555 0.45432642932406053 0.1896116088397318 0.7124902732067633 0 1.8864162504198034 1.546181131180019 1.8434078612545448 0.5615947608116572 0 0 
0.9129399306619944 1.208891509411404 0.9471537790730912 0.704963735217834 1.1892635283948536 1.4555729417575785 2.085061061819777 2.8309321529613154 2.0770800064862844 0.3886583865816111 0 0 
0 0.1391739396431632 0.06880149555552076 0 0.006924891246601589 0 0.805617697457991 1.3657167865035356 1.0031026778947207 0 0 0 
0.20416431623229525 0.12304930939924175 0 0 0.17953747198527004 0.5089174325506931 1.0678251066990843 0.9193727669369648 0.22709120819087336 0 0 0 
0 0 0 0 0 0 0 0 0 0 0 0 
0 0 0 0 0 0 0 0 0 0 0 0 
0 0 0 0 0 0 0 0 0 0 0 0 
0 0 0 0 0 0 0 0 0 0 0 0 

0 0.11262429400070914 0.0284831548977413 0 0 1.369102871965953 1.6617112761287907 0.6401892972901015 0.18571620005865302 0.08489389170582196 0.09783123370024506 0.13771305643187376 
1.4208410086739474 2.142801166586102 0.5114742888308957 0 0 0 1.28994706435546 1.8668906759448178 1.3316454148503933 0.2691624516058928 0 0 
1.0043571161370877 2.7579547937904314 1.5549610872733122 0.24625938826029292 0 0 0.2577274005999409 2.287893063477472 2.5274698509006517 1.029637832750512 0.12771721392390514 0.13379987194114498 
0 0 0.6101725409422608 0 0 0 0 1.0138352636068344 2.596770711391377 0.7030666258492126 0.17019743096786172 0.16444157022395361 
0 0 0 0 0 0 0 0 0.9424135865761314 0.5360436351380721 0.12226521327251781 0.12956895033613927 
0 0 0 0 0 0 0 0.6832294497609923 0.038587400064787516 0.06531196294094838 0.08621354908492487 0.09763020937788028 
0 0 0 0 0 0 0 0 0 0.08426491243685467 0.10953198863552334 0.10950563402129064 
0 0 0 0 0 0 0 0 0 0.10930789367784954 0.11173942625771163 0.11461447870559865 
0.11021385686076807 0.11406277901945937 0.12302191400195023 0 0 0 0 0 0.09797784469097343 0.10951276 0.11240444355281175 0.12294203906761193 
0.1111241393275582 0.10624180620787813 0.10184372139033557 0.10474019919004365 0.10496724206112212 0.10950926244339056 0.10950950603467409 0.10951276 0.10951276 0.10951276 0.10026792861938304 0.10917250760631776 
0.10751283194046056 0.11347789991252138 0.10830554013752913 0.10939426535040979 0.09882117269833561 0.08911602598906301 0.09738923905681084 0.09436154955612788 0.08863993248578457 0.10319703219242458 0.11146782529635432 0.10951276 
0.10660254947367043 0.10917981424132313 0.10807365196909374 0.10940172811792952 0.10656564891473078 0.09765403199457534 0.10969769489977607 0.11244945624583219 0.10023635505379921 0.11404373553676034 0.11903464259001081 0.10951276 

1.0135535399925424 0.96415317069281 0.9667614144404841 0.903169689396431 0.8713621803410923 1.1998749523331558 1.7610859595330415 1.2660804781350692 1.0024114832033701 0.910065922561413 0.8591498852177847 0.8707610258999279 
0.575335294780051 1.1861521951643974 1.2943553125814096 1.020463773346026 0.8633202936195077 1.0622713993979385 0.8696827587979926 0.4155883188873601 1.3766150808868554 1.0977730184697612 0.8184572024221062 0.846586631657078 
1.575537529081865 3.5578971704005142 2.3466603491480433 0.6866165412552823 0.19533257088417816 0 0 0.6725899750541356 3.109238921514136 1.8811303196076254 0.9438323777263595 0.955887117242122 
0.7641276746955198 1.5765208968573179 0.6343941926694739 1.2912543869413993 0.45783349512002564 0.7686494349250935 0.36747813487579334 1.408031595140237 2.8443731002546873 1.2706601666004933 0.943112144315236 0.9744453252326934 
0.5891071328145817 0 0 0.3331130606993865 0 0.04502225417776437 0.10190657115213156 1.389716810538564 1.191766398059556 0.7798351354797926 0.9390056099674075 0.9363833401011734 
0.4922504916859584 0 0 0 0 0 0 0.43781103330415716 0 0.5900676878022115 0.9352923743455461 0.9136068514650476 
0.6868113423549231 0 0 0 0.454515378358454 0 0 0 0 0.8581539310070874 0.939605178604472 0.939583082813458 
0.8149635818947222 0.1810585096665908 0.4120703450145517 0.23542152872151928 0.3288875477712806 0 0 0 0 0.9391293699662053 0.9381201816583231 0.9461584289263856 
0.939130660886615 0.939111179460932 0.9426922754081525 0.6345642188363384 0.4687038117781088 0 0 0.732960436061352 0.9139959517416506 0.9395951 0.9370724165408727 0.94614259926087 
0.9383365371589781 0.9415437063842923 0.9389529110378382 0.9289914641179263 0.9286161827077586 0.9395874537560602 0.9395872296348124 0.9395951 0.9395951 0.9395951 0.9375060838117399 0.9399081563209619 
0.9381433680748255 0.941642100071308 0.9371876340099102 0.9393952716863854 0.9413201424722949 0.9462456983277686 0.944053709688852 0.9426101892679061 0.9467314351083251 0.9426509164256227 0.938491013924764 0.9395951 
0.9389374918024623 0.9396426166572694 0.9361420810216297 0.9393265472122998 0.9370059062410919 0.937288370589761 0.9308301225113699 0.9285828924723196 0.9341832287766899 0.9300789268823131 0.9322829795159105 0.9395951 

0 0 0 0 0 0 0.22411124373234811 0 0 0 0 0 
0.15861044929471552 1.4903149565850555 0.19867146624587345 0 0 0 0 0 0.7862743449473689 0 0 0 
0 0 0 0.3580662363950276 0 0 0 0 0.23924598495503957 0 0 0 
0 0 0 0 0 0 0 0 0 0 0 0 
0 0 0 0 0 0 0 0 0 0 0 0 
0 0 0 0 0 0 0 0 0 0 0 0 
0 0 0 0 0 0 0 0 0 0 0 0 
0 0 0 0 0 0 0 0 0 0 0 0 
0 0 0 0 0 0 0 0 0 0 0 0 
0 0 0 0 0 0 0 0 0 0 0 0 
0 0 0 0 0 0 0 0 0 0 0 0 
0 0 0 0 0 0 0 0 0 0 0 0 

0.24152056577629877 0.41448043691092135 0.3292892283933424 0.5689704586337756 0.22198898740958672 0 0 0 0.2758254758536512 0.34512633787120006 0.3988907155365884 0.33138248205518483 
0 0 0 0.4977448985557482 0 0 0 0 0 0 0.2529513832792403 0.2845288120836408 
0 0 0 0 0 0 0 0 0 0 0.3228766771737845 0.30361954729802865 
0 0 0 0 0 0 0 0 0 0 0.3239067721723663 0.29928796277602054 
0 0 0 0 0 0 0 0 0 0 0.32094043276345346 0.3280141368822523 
0.5852771596502128 0 0 0 0 0 0 0 0 0 0.31734520265611393 0.33474213128366365 
0 0.20624699497493898 0.1830061472902254 0.6919861481716474 0.19070342197460477 0 0 0 0 0.23902721820304926 0.3281478289332041 0.3281571732769936 
0.049917515636855314 0.47121788060573694 0.42250206760309544 0.72093839019598 0.4521785841455165 0.4582717591163262 0 0 0.43256052047398835 0.3283816062839606 0.32526466700973 0.32486745399398353 
0.3272447461539243 0.3290598432679027 0.326827548717565 0.1582027284071129 0 0.13356771421247873 0.41538441930404435 0.30942748590699365 0.3381740412667151 0.32815254 0.33016985764112994 0.32773318674920343 
0.3278797841327105 0.32531395674304525 0.32084701805840726 0.3306445903747066 0.3336420128080411 0.3281544823228 0.32815647792672736 0.32815254 0.32815254 0.32815254 0.3265014243526179 0.32536504693664525 
0.32826781791617726 0.3271519921581606 0.3290670264952219 0.3282295846497531 0.33316945460263053 0.3292952296900545 0.3342646784640803 0.34053217842506933 0.33134041180394075 0.33424993956527227 0.335379363774529 0.32815254 
0.32763277993739104 0.3272347218536059 0.3298159857987554 0.32828691002924254 0.3392520837034444 0.337315050157064 0.33285635717537765 0.34290752560659465 0.33679998072711026 0.3287373744030282 0.32992302109208616 0.32815254 

1.8878844882926498 1.990693835070491 1.9329298403231174 1.680428330607436 1.6991309879041951 2.0079524062245313 2.209172867461274 2.185059959242565 2.057562976744686 2.0377500788860594 2.024671795997852 2.0043598308071915 
3.4878159619175957 3.6810481665766335 2.2537336974491846 1.190638834826023 1.2810047377896454 1.6750801491125156 2.6841690067475508 3.336630266860824 2.9637013291990564 2.2192766959694747 1.9447683428180804 2.0539039432099635 
2.623687497768402 2.5900183131508636 2.6729713969172564 2.6144032198215363 2.5073011662684275 2.320463563006012 3.355616515095583 4.541176951446409 3.591398226846409 2.2054673692049076 1.9881446988855696 1.9959086254670897 
0.14055370430293035 1.3949573466499463 2.3406179993610965 2.1565542326569376 1.7544592891462216 2.2122596036379667 3.4392120829745414 3.1188926958641794 2.467046704852099 2.2845263321555183 1.9724404071470845 1.988233234828662 
0 0 0.4664379043478384 0.1489892160527252 0 0 0 0.6076121443763742 1.2823077827084604 1.94359634427968 1.989225494642066 1.980055501551121 
0 0.48286974433095925 0.7984109088213405 0.029847919039529047 0 0 0 0 1.763640466745194 2.078223068786371 1.9937277051419635 1.98827474895086 
0.7861139713642061 1.2416008605035562 1.669504938519315 0.8541199772297539 0.10170816704472929 0 0.06616353296225858 1.782634233249649 2.0065240952937486 2.010142543003932 1.9962855772026722 1.9962959997985672 
1.722190333606822 1.8859888261106448 1.9228378084822193 1.4878750266548053 1.270587833596271 1.7079444931882433 1.316875599035242 1.4431107925277498 2.3540639107460066 1.99634238414261 1.9919185848888192 1.9967613645101396 
1.994919791509083 1.9941075309022216 1.9928873891311798 1.5195864820182314 1.1813071542739215 1.7615959068479745 2.377068858780387 2.230104628316108 2.0042036103161704 1.99629569 1.9940649637354728 1.993703457273975 
1.9942175739359214 1.9986975516823362 1.9947788669890147 1.9929756433720165 1.9972900012180477 1.9962933309940878 1.9962964034071233 1.99629569 1.99629569 1.99629569 1.999533360416555 1.9920040918993644 
1.9966126692233097 1.994153304566169 1.9961939129496233 1.996300841499066 1.9898158683705287 1.9809271695302302 1.9870249828013906 1.9869190587211045 1.980407194551659 1.9910345570818517 1.9984776802854805 1.99629569 
1.9973148867964714 1.9950238150463533 1.9965045442235498 1.9963200328947905 1.9976819973702358 2.0025294628835253 1.9987275926380819 1.9970562327528898 2.0022574259195287 1.9970596758629915 1.9935311438641188 1.99629569 

0 0 0 0 0 0 0 0 0 0 0 0 
0 0 0 0 0.18606945570938033 0 0 0 0 0 0 0 
0 0 0 0 0 0 0 0 0 0 0 0 
0 0 0 0 0 0 0 0 0 0 0 0 
0 0 0 0 0 0 0 0 0 0 0 0 
0 0 0 0 0 0 0 0 0 0 0 0 
0 0 0 0 0 0.08998449764712428 0 0 0 0 0 0 
0 0 0 0 0 0 0 0 0 0 0 0 
0 0 0 0 0 0 0 0 0 0 0 0 
0 0 0 0 0 0 0 0 0 0 0 0 
0 0 0 0 0 0 0 0 0 0 0 0 
0 0 0 0 0 0 0 0 0 0 0 0 

0.4184142512063542 0.38398900742382946 0.4776606528117702 0.500836248602504 0.5728928762381097 0.04174526243627455 0.27375210897395896 0.8625794377744487 0.5863853897819316 0.5524279749564309 0.44590211036612376 0.4252349152949266 
2.1758047499196875 2.3645018484008204 2.3732836414842464 0.2023787751507942 0.1517239459839625 0 0 1.2799468144257946 2.0688717399658105 1.547202608272425 0.5122877720099321 0.46166485701370463 
0.15612936905493835 0 1.7688069395629618 1.4237765552611166 1.867236133343995 0.052763392913395823 0.7196288772218584 0.7824981012481866 1.5176879807439272 1.2733985731023059 0.5085499903029059 0.5283246876948631 
0 0 0 0.10493524893625811 0.2887837348102419 0 0 0 0 0 0.4981984929960984 0.5024755641108486 
0 0 0 0 0 0 0 0 0 0 0.5099363819447125 0.48769270210869836 
0 0 0 0 0 0 0 0 0 0 0.5319547501868885 0.5125610365540542 
0.38763540020908416 0 0 0 0 0 0 0 0 0.42374949517182686 0.5335834456806847 0.5335828190862716 
0.5118526974709249 0.07654789371902483 0.30970484560150807 0.8962615216344675 0.28934415825405246 0 0 0 0 0.5333291425539324 0.5390606070382761 0.5263012156551393 
0.5353179293741235 0.5320222968810082 0.5295130777500164 0.8932129849065689 0.7795523352988589 0 0 0.31211750219460094 0.5162321182013386 0.53359699 0.5341832848573269 0.5266037074029315 
0.5355024910383743 0.5308076935677098 0.5333063631238134 0.5250213974980154 0.5271868635613479 0.5335908007243275 0.5335923946356614 0.53359699 0.53359699 0.53359699 0.5351571982730214 0.5313705878938721 
0.5342726946989343 0.5307471311528263 0.5303352056967157 0.5333613483393789 0.5264765466144764 0.5192318934851324 0.51388565638102 0.5123184784084035 0.5141219141158121 0.5153177107842019 0.5249104917025809 0.53359699 
0.5340881330346835 0.5329342470619323 0.5315219817722773 0.5334401868689845 0.5353660466383865 0.5317798913423667 0.521502157408008 0.5249888535776257 0.5268781655291405 0.5189059276742911 0.5250765975748276 0.53359699 

0.4927602022612285 0.3536538730614754 0.424341838307328 0.3051922239165178 0.40011959784902273 0.6568460527430819 0.5088120798672933 0.03725181647382922 0.47348496087620906 0.5258920896386603 0.44085871343821276 0.38320834072967735 
1.3535312428295363 0.5709711455606954 0 0.5318855491390861 0.2386733501535936 0 0 0 0 0 0.13104129561802286 0.1773724668359793 
0 0.19335878854413824 0 0.391856417405183 0 0 0 0 0 0 0.3827537773728423 0.42220156120078794 
0 0 0 0 0 0 0 0 0 0 0.35738020692954114 0.40550911180439525 
0 0 0 0 0 0 0 0 0 0 0.32343227741307906 0.3244682091001785 
0 0 0 0 0 0 0 0 0 0.07846535623289676 0.358026576269322 0.34006079535676353 
0 0 0 0 0 0 0 0 0 0.34468906347643163 0.38834219389867075 0.3883605460073308 
0 0 0 0 0 0 0 0 0 0.3881534309250377 0.38208023338420133 0.3967344716530329 
0.38639723578328516 0.3858119481054324 0.38162207889704974 0.20905805863269944 0 0 0 0 0.3696203106305011 0.38837066 0.38332253466559435 0.38361057964161716 
0.3848081199972233 0.3913740149548194 0.3772931232388814 0.3686471351802379 0.3831326933400771 0.38835644660749397 0.3883669110684199 0.38837066 0.38837066 0.38837066 0.3905167080769904 0.3737537253253117 
0.3874571056651466 0.38220001328569514 0.38573007055981445 0.3882024790291928 0.3880786621750009 0.39636970260460525 0.3946532960903224 0.3896503050757361 0.39750031187756063 0.3936811864205407 0.3866369168025212 0.38837066 
0.38904622145120843 0.3838217721709777 0.3863651543448277 0.38824273886765887 0.3946969392433077 0.3968498816300082 0.3908967983927511 0.3947525811214794 0.395856027483255 0.38750372658914145 0.3862405933621291 0.38837066 

0.4551393053466805 0.3956296755780952 0.436264961690879 0.3296520028265215 0 0 0 0.1691697731350116 0.43903836251133554 0.3140056581798572 0.17128228091671693 0.22150036189024847 
2.1133684617255146 1.6002013716835264 0.7859217709082362 0 0 0 0 1.104647839175592 1.128252230650438 0.6293201836024164 0.6384759891034535 0.6034782456550248 
2.00360912226436 1.4213969089173952 0.2804269822111406 0 0 0.43609555616210327 1.7341313406338585 2.765777210933165 1.1385592304399739 0.41457885615191903 0.4695827448706828 0.4863180278189544 
1.8431318546776305 0 0 0.39305881507613477 1.2657296912327682 1.8620621867597502 2.883213478343453 3.3699739976743555 1.0775702364469046 0.13240413884973426 0.4288177743311771 0.4406126382067272 
1.241467624608331 0.10533078988540284 0.46856087595114115 0.6897004746111965 1.1279928234186731 1.422886520083228 3.718837443722138 4.249676684000257 1.82923130886234 0.7003392051574657 0.42269865122590905 0.41495252469717886 
0.08590383065836707 0 0.31305456928791925 0.6094675788902251 0.876529910073986 0.2390965216708418 0 0 0.33689758835746036 0.30940776963972505 0.4615880255207756 0.46398370653656196 
0 0.3131999843618242 0.8626847536824568 0.42711294209398454 0 0 0 0 0 0.4618467855285668 0.4750613894974686 0.4750731866891913 
0.25147743235463926 0.5221959694490084 0.6665685055026771 0.20177541109060687 0 0 0 0.14189195517635672 0.7258636327807593 0.4751401894157318 0.479090521666384 0.4760593949526527 
0.4763489175985984 0.46698646212074896 0.45777587967660427 0.7194120258365986 0.7558200856044152 1.1364994643590338 1.1410349006527345 0.7188078246237715 0.48370368421321924 0.47508544 0.4665701687264694 0.4645632289630127 
0.47366836767026355 0.47227732411914014 0.4678158124027133 0.4704165819149727 0.4763697655360832 0.4750821761957966 0.47508636363416346 0.47508544 0.47508544 0.47508544 0.47539405811316804 0.469236355800105 
0.47250204097086285 0.4697313911970141 0.47205985963899944 0.4748816852836563 0.4694135722460686 0.46498000951480783 0.46201584880683877 0.45999849435201173 0.4617673913420125 0.4633475915729071 0.46935711540122677 0.47508544 
0.4751825908991977 0.47325172682080285 0.47534868591861645 0.47511695626684264 0.4697420540925269 0.4525350469220915 0.4410452362661894 0.4466379176177071 0.4428140763008612 0.44133963877951066 0.46168657263770907 0.47508544 

0.5525368638172472 0.5054209668236588 0.6135292170278901 0.9666247248876683 2.081596134373362 2.2194411183380134 0.5934699237388488 0 0.720418066457877 0.6634193619634262 0.6316602932316764 0.5868878711515242 
3.4649650388688844 1.7196879323509608 0.8401188930238699 1.6433482911230421 1.1979923087321063 0.035933636171103275 0.4272484210072639 1.5980967808443296 1.1332091907135962 0.22780018284906095 0.3885439050525055 0.4273977024630292 
2.8497042217093167 0.4452922864601788 0.5788089822298512 1.7925870838089117 0.9254951030070491 0.891845336116494 1.7737200022531041 0.7429102296860131 0 0 0.6180846638747212 0.621313091678041 
0.41828585628943865 0 0 0 0 0 0 0 0 0 0.6577168203848203 0.6077916536270321 
0 0 0 0 0 0 0 0 0 0.4863414322087616 0.5805975684077531 0.5747835863416527 
1.080841921063006 0 0 0 0 0.7685067461470287 1.0442897068568167 0 0 0.6635051889081687 0.5660534699215427 0.5911247043548706 
0 0 0 0.6554999377972781 0.9149406721722235 0 0 0 0 0.6122908552210627 0.598797789586647 0.5987839138851672 
0 0.21832946536092313 0.3205859467534693 0.3644071701658501 0 0 0 0 0.35032543443807207 0.5987744283489348 0.6037709356615107 0.6091737164175541 
0.6003648801940618 0.609236873064094 0.6037900024764304 0 0 0 0 0.27300845870872126 0.5906505948674872 0.5987981 0.605859180408589 0.601538650953255 
0.6025876606522775 0.5927250820180103 0.5827169420593987 0.5954181567044068 0.5985931860622566 0.5987958467283274 0.5987979599982123 0.5987981 0.5987981 0.5987981 0.5882869164843454 0.5958462491521669 
0.5977120308262391 0.5986473036598141 0.5957531189699855 0.5985622055671477 0.6043927564817876 0.6023785679308185 0.5891954710081968 0.5948585238805941 0.5972331319869683 0.5846856544345093 0.5896286785687921 0.5987981 
0.5954892503680234 0.5976121056945654 0.5986644309791566 0.5987933228556769 0.6048047551844412 0.6049565653531114 0.6000442588706817 0.6047934619016261 0.6038918971592432 0.597144134566167 0.5974565232357041 0.5987981 

0 0 0 0.41158769736300954 0.6145266199211326 0 0.1277600037330093 0.5215310804752894 0 0 0 0 
0 0 0 0.14302290963721265 0 0.5450256938267138 1.5396803232748306 0.23525558919515852 0 0 0 0 
0 0 1.698077636272277 0 1.496866495384142 0.22517516405539753 0.21490411218042896 0 0 0.37884520133816013 0 0 
0 0.7637215514450908 0.6782822870638349 0 0.05721577848656937 0 0 0 0 0.5276830536933141 0 0 
0 0.3227379191939376 0.7982904894991542 0.5246282643615479 0.5374707373144858 1.4773475550071244 1.4499352053041286 0 0.22255572878386995 0 0 0 
1.1394826410757044 2.04499736153658 1.4006479454269802 1.6966409621384153 1.188009321704289 2.8907377881785017 2.146122020595367 1.8402510016687632 1.7259803572453973 0 0 0 
0.5684868191858243 1.4952970793609413 0.9468474935405494 1.4221005433932374 1.4054625534475673 0.3262551183731397 2.4950631715543516 3.1979464992863145 1.4952251249166337 0 0 0 
0 0 0 0 0.8235434783136641 1.2915098012262218 0.8810415169275062 0.47749948163689 0 0 0 0 
0 0 0 0 0 0.257040775741324 0 0 0 0 0 0 
0 0 0 0 0 0 0 0 0 0 0 0 
0 0 0 0 0 0 0 0 0 0 0 0 
0 0 0 0 0 0 0 0 0 0 0 0 

0 0 0 0 0 0 0 0 0 0 0 0 
0 0 0.10247877863581811 0 0 0 0 0 0 0 0 0 
0 0 0 0 0 0 0 0 0 0.0542270466822221 0 0 
0 0.7198089387286615 1.3094061700249227 0 0 0 0 0 1.7160007587406585 1.1995944380694898 0 0 
0 1.0074382295246629 0.7120692528204504 0 0.16628170676961213 0 0 0 3.112863365878479 1.3321198269021028 0 0 
0 0 0 0.13011189343070492 0 0 0 0 2.10098119964279 0.7345137434633054 0 0 
0 0 0 0 0 0 0 0 0.6652963192036666 0 0 0 
0 0.007092030381252582 0 0 0 0 0 0.7983325280852213 0.5537994158733764 0 0 0 
0 0 0 0 0.05784848010718165 0 0 0 0 0 0 0 
0 0 0 0 0 0 0 0 0 0 0 0 
0 0 0 0 0 0 0 0 0 0 0 0 
0 0 0 0 0 0 0 0 0 0 0 0 

0.26829814077907344 0.363350801166116 0.25243945135294893 0.336366709489468 0.11657997108976467 0 0.22079702872388407 0.6068805170424879 0.33104025050433045 0.2127561230115381 0.24546072169339628 0.2313737493835049 
0 0.11048592320746775 0.6693382427279116 0.5869766918734715 0 0 0 0 0.27495955255336413 0.656185719399074 0.31432226698724575 0.3053476262435578 
0 0 1.1228720281824738 0 0 0 0 0 0.737351471103803 0.8783902414005591 0.23773135998548234 0.22892188175038716 
0 0 0 0 0 0 0 0 0 0.7204368783589556 0.22482032474089358 0.21898877298004849 
0 0 0 0 0 0 0 0 0 0.03304351146166446 0.19721960795439478 0.20702358082128106 
0 0 0 0 0 0 0 0 0 0 0.19924177480693464 0.21581697095334365 
0 0.2195677349686134 0.3660069105675003 0.599944873230267 0.4770485686162656 0 0 0 0 0.19227340783927307 0.22965353430717594 0.22965696284919823 
0 0 0.11326196568970617 0.0529158402596058 0 0 0 0 0 0.22949504626683284 0.22850681257068337 0.23270869708341912 
0.2292993723631572 0.23166804468424432 0.22099444872933413 0 0 0.4395637950126085 0.4079967494291704 0.37833431248194743 0.2266511360382218 0.22966208 0.23073701568039895 0.22592683002697544 
0.22963775486073126 0.21904229779441475 0.2161408696282341 0.22389628371460582 0.22605302115043113 0.22965800849897736 0.22965949892001172 0.22966208 0.22966208 0.22966208 0.21924431086366333 0.22758023488142312 
0.226721019081764 0.22760266708697055 0.22842346778108116 0.22957698923340017 0.2305859227231237 0.23566110182141972 0.2456944347799711 0.24351975277549856 0.24124449311219628 0.24732749158622186 0.2393824396561159 0.22966208 
0.22638263658418994 0.22875223959203442 0.22847630101534208 0.22957400832738897 0.23297576653576818 0.23058370676480877 0.23079904557180533 0.23484278245521062 0.23066968046919853 0.23007017618479253 0.23161351228522598 0.22966208 

0 0 0 0 0 0 0 0 0 0 0 0 
0 0 0 0 0 0 0 0 0 0 0 0 
0 0 0 0 0 0 0 0 0 0 0 0 
0 0 0 0 0 0 0 0 0 0 0 0 
0 0 0 0 0 0 0 0 0 0 0 0 
0 0 0 0 0 0 0 0 0 0 0 0 
0 0 0 0 0 0 0 0.10467206005359135 0 0 0 0 
0 0 0 0 0 0 0 0.46752461881489116 0.10696565975026304 0 0 0 
0 0 0 0 0 0 0 0 0 0 0 0 
0 0 0 0 0 0 0 0 0 0 0 0 
0 0 0 0 0 0 0 0 0 0 0 0 
0 0 0 0 0 0 0 0 0 0 0 0 

0 0 0.027636625333425858 0.3058531744475081 0.4864423423366303 0 0 0 0 0 0 0 
0 0 0 0.30898126554142313 0.4225065475095085 0 0 0 0 0 0 0.0008692329519857378 
0 0 0 0 0 0 0 0 0 0 0.021827175962681092 0 
3.389462585219664 0 0 0 0.3814044117280015 0 0.8491361619644489 0 0 0.39237268379653056 0.04857795989082265 0 
3.5545439691343272 0 0.9529041811339336 0.6390885601914492 2.746146260956241 1.8975284014878067 4.562723816708744 0 0 0.6748407571607079 0.0782048068856601 0.02182500063182895 
1.1978031718548814 0 0.9267574110143618 1.7519692907071325 2.4068065500046116 2.8070164266770936 2.925774552514682 0 0 0.3009212582980957 0.07148905481805923 0.053848649946547304 
0.3315756735311059 0 0 0.959404030712128 0.5178501131112817 0.5885935884882036 0.990978707853116 0 0 0.06413267082103832 0.03621675691839563 0.03621006394367566 
0.5983270810650876 0.31905732822475297 0.11896223306282083 0.8236151331038968 0.5188397755083185 0.8185185269844961 1.7345580058057086 0.8284967466936122 0.281837757701691 0.03628565197263564 0.04313567213485218 0.030507386228276426 
0.038392718116780855 0.043708790913295124 0.03948645208409599 0.2839384701526363 0.3102684678943096 0.07326051175281957 0 0.0632418854598715 0.03915658328446192 0.03621775 0.045351339344496984 0.029601497168527124 
0.04126791040089939 0.04127693214971525 0.04510156355771485 0.043057424987374485 0.03754086106380628 0.03622294386507921 0.036218691154655744 0.03621775 0.03621775 0.03621775 0.044778288943329934 0.04215800730422093 
0.0417877421694 0.03643719072485518 0.03455425826060106 0.036089942075218186 0.037833547351334734 0.035496956485062355 0.02292481941152701 0.025569533367245472 0.029882610260589557 0.019745573342245946 0.02550521462555659 0.03621775 
0.038912549885281464 0.03829682332932615 0.036776694785285086 0.036249864101497706 0.039124436485209683 0.03248974544886364 0.030846588738960824 0.03700239649384124 0.030742700531102084 0.03014815539924603 0.036243856022605686 0.03621775 

0 0 0 0 0 0 0 0 0 0 0 0 
0.016495400653405802 0 0 0 0.024781599427608127 0 0 0 0 0 0 0 
2.56415841341294 0.13342969057101853 0 0 0.41013249565625876 0.2992186264220746 1.7924662543423082 1.8956930050971468 0 0 0 0 
1.3775164064340175 0.8852097071494824 2.209064464382206 1.6429120684251428 2.364038684846451 1.8388162128363355 4.648029505196317 2.9992071318168865 0 0 0 0 
0.3128071233201386 0.6403863385355304 1.4129443815810616 0.8173426021205589 1.7759020876517606 1.7208719012746734 3.156845721885869 0.9020902323362051 0.5801617774781717 0 0 0 
0 0 0 0 0.06084982631382422 0.0033333326881281513 0.8839196127093586 0 0 0 0 0 
0 0 0 0 0 0 0 0 0 0 0 0 
0 0 0 0 0 0 0 0 0 0 0 0 
0 0 0 0 0 0 0 0 0 0 0 0 
0 0 0 0 0 0 0 0 0 0 0 0 
0 0 0 0 0 0 0 0 0 0 0 0 
0 0 0 0 0 0 0 0 0 0 0 0 

0 0 0 0 0 0 0 0 0 0 0 0 
0 0 0 0 0 0.5731779547864857 0.7888573279201603 0 0 0 0 0 
0 0 0 0 0.391083181141243 0.4113515080268825 0 0 0 0 0 0 
0.24292392399452922 0.674861724337807 0 0 0 0 0 0 0 0 0 0 
0.9535871196765381 0.577044260802351 0 0 0 0.17601933603102493 0 0.35906726850033854 0 0 0 0 
1.082572165352409 1.4442660769135947 0.5299276295667624 0 0 0.09482511401553101 1.4379132204979668 1.5186005183349585 0 0 0 0 
0.9533640068998823 1.200576047494781 0 0 0 1.530423676323953 1.7829189733791304 2.0476288985356224 0 0 0 0 
0 0 0 0 0.9031369743114321 1.2169443817294485 1.227258590391204 0.189825878151733 0 0 0 0 
0 0 0 0 0.2755176228526851 0 0 0 0 0 0 0 
0 0 0 0 0 0 0 0 0 0 0 0 
0 0 0 0 0 0 0 0 0 0 0 0 
0 0 0 0 0 0 0 0 0 0 0 0 

0 0 0 0 0 0 0 0 0 0 0 0 
0 0 0 0 0 0 0 0 0 0 0 0 
0 0 0 0 0 0 0 0 0 0 0 0 
0 0 0 0 0 0 0 0 0 0 0 0 
0 0 0 0 0 0 0 0 0.7133314834474208 0 0 0 
0 0 0 0 0 0 0 0 0 0 0 0 
0 0 0 0 0 0 0 0 0 0 0 0 
0 0 0 0 0 0 0 0.19086148929494934 0 0 0 0 
0 0 0 0 0 0.32263589479357585 0 0 0 0 0 0 
0 0 0 0 0 0 0 0 0 0 0 0 
0 0 0 0 0 0 0 0 0 0 0 0 
0 0 0 0 0 0 0 0 0 0 0 0 

0 0 0 0 0 0 0 0 0 0 0 0 
0 0.37203355678242145 0.026138697213805975 0 0 0.30881128748895614 0.5102911395551281 0.15979956854520946 0.29166026507546133 0 0 0 
0.7077952107176688 1.225220695803294 0.9225748612989608 0 0.5439910228389343 0.4638244707986678 1.2578013645946573 1.9570405202189682 1.9780693154737305 0.393012084755284 0 0 
1.0033831336148624 1.3892016017931015 1.4090920542544099 1.250663802409612 1.3246999005198732 1.373322284645219 2.2867063473141833 2.6107773087729655 2.551798903293542 0.36365577831416446 0 0 
0 0.17312092414228128 0 0 0.10567100968723678 0 0.32402800459742276 0.3071062229101057 0.6055329945167808 0 0 0 
0 0 0 0 0 0 0 0 0 0 0 0 
0.11489390193504487 0 0 0 0 0 0.6499056193604267 0.004360721173865662 0 0 0 0 
0 0 0 0 0.011200265883024307 0 0 0 0 0 0 0 
0 0 0 0 0 0 0 0 0 0 0 0 
0 0 0 0 0 0 0 0 0 0 0 0 
0 0 0 0 0 0 0 0 0 0 0 0 
0 0 0 0 0 0 0 0 0 0 0 0 

0.3097309504270121 0.45546846821470366 0.35381519443843373 0.5650838105759396 0.6095556507520082 1.0472181027814325 1.1700326869451991 0.9682042507503239 0.4958935079063295 0.38747015639113047 0.4122838319294423 0.42559930372432614 
1.55641197738031 2.292315701701089 1.1349651134263454 0.7196715088062404 0 0 1.2381036076987904 1.9657359698924486 1.4908075196512944 0.7025589290412455 0.33120091383039557 0.33723438100374126 
0 1.5573801894055188 1.5832945696495055 0.8274090670587388 0 0 0.20594601061996617 1.9954312240027008 2.1822911100565916 1.0223685155258113 0.4271420631348962 0.4032184832628654 
0 0 1.0822848761251422 0.2611137202904447 0 0 0 0 1.5663037682593612 1.106573396404478 0.4224302363065269 0.401728267293477 
0 0 0 0 0 0 0 0 0.4118141345014031 0.6551364180481816 0.379783000561727 0.3956848471260426 
0 0 0 0 0 0 0 0 0.28384385582441085 0.40178693352275374 0.3821007910827676 0.3975994545128732 
0 0 0 0.04746022780879729 0 0 0 0.1489645689452487 0.8952052186612243 0.3970078750802072 0.3883047177957001 0.38830987643784315 
0.2583077080230226 0.4964803719082289 0.43557037547304617 0.16151956710715454 0 0 0 0.3344624474004915 0.7043315812127726 0.3883970834091676 0.39559253118799365 0.39363836481449666 
0.39059842421669927 0.3900722819358618 0.3848830864174638 0.27264374011753395 0 0.2408814311767697 0.33008780110404495 0.45515669324130864 0.3944116255391642 0.38830507 0.38821637784646473 0.3865746096716867 
0.39057050452533937 0.3855774667815166 0.3863562638691796 0.39215453313224585 0.3906273636212159 0.3883078034874502 0.3883067362657886 0.38830507 0.38830507 0.38830507 0.38426277991057173 0.38979578313096414 
0.38700466466943234 0.3881286858410326 0.38932914316560685 0.3883849940625365 0.3860355013234376 0.3798113441903699 0.38729363031422764 0.38904548179837434 0.3811852541410708 0.39017696582070993 0.3939885798549995 0.38830507 
0.38703258436079224 0.3886755896826738 0.38907415698869185 0.38836192636078165 0.387568192349352 0.3854107967637744 0.3917566526171081 0.3924039655641012 0.38748972389987546 0.39360501736246295 0.39375392513137836 0.38830507 

0 0 0 0 0 0 0.005299924558284878 0 0 0 0 0 
0 0.6788673736486279 0 0 0 0 0.7041515221444657 0.8590742816651701 0.31831188587930936 0 0 0 
0 1.348919706214997 1.9031553524097073 0 0 0 1.5641060171399066 2.413103194739672 2.6281841621729436 0.5453013493372301 0 0 
0 0 0.0689283961729602 0 0.0916946217992396 0.057626912605094505 1.8644935977701533 1.8995629137009316 3.4725286471328247 0.38700369471325136 0 0 
0 0 0 0 0 0 0.10971383681841923 1.3420986440387979 1.1790695921445902 0 0 0 
0 0 0 0 0 0 0.08878505250432162 0.6346454348795185 0 0 0 0 
0 0 0 0 0 0 0 0.1594089597215624 0 0 0 0 
0 0 0 0 0 0 0 0 0 0 0 0 
0 0 0 0 0 0 0 0 0 0 0 0 
0 0 0 0 0 0 0 0 0 0 0 0 
0 0 0 0 0 0 0 0 0 0 0 0 
0 0 0 0 0 0 0 0 0 0 0 0 

0.39334419436554346 0.22534546313079842 0.4670667130292385 0.6909346712934141 0.47160595027324825 0.2251823667935328 0 0 0.4245596919144568 0.4747792481155076 0.49467706578037773 0.4829354036123261 
0.38410178938395967 0 0 0.8107212019376284 0 0 0 0 0 0 0.5102774077755614 0.5703479907137196 
0.06825320221238251 0 0 0 0 0 0 0 0 0 0.46771960095985726 0.4704784439215013 
0 0 0 0 0 0 0 0 0 0 0.4823727990641144 0.475272928169601 
0 0 0 0 0 0 0 0 0 0 0.4573950775887913 0.45111382836227326 
0.11098953626153385 0 0 0 0 0 0 0 0 0 0.4516408482898254 0.4454685473187448 
0.15836777161087948 0.4178719227946346 0.5849510228261515 0.7396407435630565 0.7672708278834052 0 0 0 0 0.3848291628593764 0.4582968980067886 0.4582944681703906 
0.279783457064189 0.2828266962932686 0.36601758054335987 0.08683199505205161 0.37214960705192834 0.5559654796740119 0 0 0.08734847848862518 0.4581908237070662 0.46167315057152525 0.4664767584141217 
0.45936163309225153 0.45876932634650236 0.4573704437233248 0.03403112451792084 0.20919796310517502 0.6239798397743157 0.8615301616789935 0.6608339001916139 0.4585923039220926 0.45829785 0.4561077841614385 0.4603771384550247 
0.45867221514677126 0.4615429963254946 0.4548768018026661 0.45296303057532705 0.4557569535660115 0.45829407720334947 0.4582960297249251 0.45829785 0.45829785 0.45829785 0.45828353748637013 0.45557053508866124 
0.45760392657182253 0.4580400061701045 0.4575573568512124 0.4582416150979765 0.4662814519619012 0.46086201457805226 0.43547860376631004 0.4450234488531226 0.4501414530779466 0.4277342846417606 0.4391670828369745 0.45829785 
0.4582933445173028 0.45743896004018114 0.4574308355948118 0.4582357385306974 0.4595628090906925 0.4631324463842208 0.4622894344045626 0.4612551987258908 0.4638037165506867 0.46144005143766015 0.4581915064281102 0.45829785 

0.43421760761829165 0.5245037043823739 0.4846284622299472 0.7025070370564922 0.7626961058955007 0.11772799552951901 0 0 0.43268952882037376 0.47738302729488985 0.3574729818921014 0.29619169747066965 
0.5937675281316243 0.2538546810671623 0.03316083233126492 0.7729140051104274 0.9433886452180782 0 0 0.2233753316389014 0.23073412063134902 0.13406152412861666 0.3844233859176932 0.3073558629915978 
2.098057241083511 0 0 1.1951051017597483 0.6283133755869634 0.49072459389028505 0.14270666041928803 1.4744760684369442 0 0 0.4724259093953649 0.47097605105808377 
3.171963376310023 1.0083889844173524 0.5957204224378002 0.8652324684757231 1.227596984354014 0.9856411842950942 1.1948145088599693 1.4543087047151437 0 0.10197234549348873 0.4715795164924589 0.4356655601429779 
2.5888434231551862 1.3292300455774708 0.2422655055562431 1.0280913669600937 1.5710901094526017 2.1168628670489866 0.911775747434199 0.49587771827836635 0.02184409284940146 0.8600853333862086 0.4836210204335849 0.4613549300022723 
1.3300649345297635 0 0 0.5270346159224537 0.8713847298629341 1.5334732125867765 0.6707764853023725 0 0 0.7201791383151286 0.49317120368910067 0.5014734945261305 
0.6912402074857992 0 0 0.9805391543694187 0.27994532895607843 0.23883536929823157 0 0 0 0.5442677892961517 0.4974859158971738 0.49749602524103986 
0.401917239072311 0.5915117706452616 0.6394436648201555 1.718326456246981 0.9038386826206268 0 0 0 0.7899196094352744 0.4977534897791747 0.49756500212304977 0.48944160869356623 
0.4975237172435228 0.5034525333853731 0.4998863203136045 1.1485160383129478 0.747645098234893 0 0 0.009086465317955211 0.4966630499924224 0.49750188 0.506003110201041 0.49088807449058497 
0.5001998471369995 0.49556803069603605 0.49176539599400043 0.4988600827342542 0.5033840761232927 0.4975030533111154 0.4975060981182526 0.49750188 0.49750188 0.49750188 0.4999842600882409 0.4932488422815244 
0.5009594463919613 0.4943493833096559 0.49598185478049567 0.4974045238837788 0.5015661608548848 0.4945773530819428 0.49336462251944035 0.5006561543329279 0.4931220899862213 0.49245482978473776 0.4985365095342168 0.49750188 
0.49828331649848456 0.4962236930468798 0.49925272745640714 0.4976458107311152 0.5045254433930231 0.5017451121904982 0.4773721871193447 0.48462636359585526 0.49190339102282593 0.4699304168306973 0.478792883176293 0.49750188 

0 0 0 0 0.013482311513451806 0.48551792503403135 0.3176308644152911 0 0 0 0 0 
0.21937546699844296 1.3795976427832815 0.35222263798780473 0.2257769553365556 1.1884438728479152 1.5382453275455914 1.0429221809379845 0.8826487422479962 0.6469712977615892 0 0 0 
1.4986639474016024 2.0201309935734715 2.1690691261447634 1.977956328389227 2.8097512098681823 3.5395518936361423 2.9913512084112424 3.7433178472792923 2.378584900056288 0 0 0 
3.5423446777235275 2.6634451520009907 2.3920520296703756 2.306530919497036 3.1003638215249905 3.44855000079228 3.9273280785225384 3.648542212795003 2.0311673701952038 0 0 0 
3.2434968280467107 2.121013945231252 1.9984918623662564 2.0562117680683594 2.5990550165878465 4.0041818654089925 4.782449207537208 4.568845856812707 0.2528793240159315 0 0 0 
0.998652396688834 0.6068076173241446 0.553439710793644 1.0476715712436742 1.9822833593549753 3.2439848965015132 3.3899338788240274 1.2199981143626344 0.07875994684878113 0 0 0 
0.1558726839701786 0.2248217677824601 0 0.807350880536895 0.7608076762692206 3.2685327293981272 2.2762684666164477 0.7612577189630609 0 0 0 0 
0 0 0 0.7446434844307459 0.3357415546136689 0.7977099170496761 1.1757712887736547 0.03328369297804011 0 0 0 0 
0 0 0 0.13954956439991806 0.07049352853625618 0 0 0 0 0 0 0 
0 0 0 0 0 0 0 0 0 0 0 0 
0 0 0 0 0 0 0 0 0 0 0 0 
0 0 0 0 0 0 0 0 0 0 0 0 

0 0 0 0 0 0 0.5193504819094027 0.6705781815476258 0 0 0 0 
0 1.9545349062771873 0.6593654500840538 0 0 0 0 0.7412719648266419 0.7923471768499 0.35941441869922053 0 0 
0 0.7129369650569216 0.7196810110681157 0 0 0 0 0.5324587865208391 1.6559606331118344 0.7024689458150071 0 0 
0 0 0.20443769893672414 0 0 0 0 0 1.5709871278960847 0.38540765362427354 0 0 
0 0 0 0 0 0 0 0 1.7412870253228379 0 0 0 
0 0 0 0 0 0 0 0.760491558833715 2.4095488654591963 0 0 0 
0 0 0 0 0 0 0 0 0.7748621555802379 0 0 0 
0 0 0 0 0 0 0 0 0.011929033785343298 0 0 0 
0 0 0 0 0 0 0 0 0 0 0 0 
0 0 0 0 0 0 0 0 0 0 0 0 
0 0 0 0 0 0 0 0 0 0 0 0 
0 0 0 0 0 0 0 0 0 0 0 0 

0.04957038821049095 0 0.12335771199662768 0.10335190261011265 0.5350733935139113 0.09145975794220074 0 0 0 0.05897560136525196 0.12248225464090827 0.15897580692491464 
0.711916673275866 0 0 0.2775717476757214 0.2554627241448687 0 0 0 0 0 0.13810036652493454 0.13072239371012617 
0 0 0 0 0 0 0 0 0 0 0.10881204899966063 0.10343338527481231 
0 0 0 0 0 0 0 0 0 0 0.13147635128560067 0.08817291496660591 
0 0 0 0 0 0 0 0 0 0 0.12283457794672258 0.09693052132407065 
0.18344386616453776 0 0 0 0 0 0 0 0 0.9409268784778985 0.11338283080964993 0.11345129606455794 
0.3884620496748747 0 0.1989699246539201 0.5631232104283963 0.6385886267681764 0 0 0 0 0.22601011083264694 0.12051457682239093 0.1205173055493493 
0.00730051500998191 0.048975066500280905 0.12155177587818033 0.28117760286412824 0.42587434335085855 0 0 0.2533283007947832 0.4923846763688752 0.12052787805137867 0.12175089263910886 0.11864791690157918 
0.1209109664639677 0.12780921079405275 0.12414357773091546 0.1325357011830362 0.2873679286145086 0.1135405665983285 0.12129027764085573 0.01946101224944538 0.1182620454527244 0.12052306 0.12838074474288017 0.11776080190830505 
0.1233845125904286 0.11936620805587729 0.11475369598684336 0.11741487876993684 0.12063245391149136 0.12052098340010099 0.12052313993388321 0.12052306 0.12052306 0.12052306 0.12060414600253111 0.11751077741406456 
0.1230221314528177 0.11889920517326459 0.1191489258698834 0.12042737186490311 0.1229144159946872 0.1218324895176986 0.11439399074220602 0.11694166534482713 0.11881588736948018 0.1120689431787686 0.11494427712317203 0.12052306 
0.12054858532635682 0.11957679457422146 0.12048462231076747 0.12052578750585985 0.11536349408817403 0.11930579179357662 0.12340608629635522 0.1169845786144475 0.1211068780428751 0.12554431799390547 0.1215657171870874 0.12052306 

0 0 0 0 0 0 0 0 0 0 0 0 
0 0 0 0 0 0 0 0 0 0 0 0 
0 0 0 0 0 0 0 0 0 0 0 0 
0 0 0 0 0 0 0 0 0 0 0 0 
0 0 0 0 0 0 0 0 0 0 0 0 
0 0 0 0 0 0 0 0 0 0 0 0 
0 0 0 0 0 0 0 0 0 0 0 0 
0 0 0 0 0 0 0 0 0 0 0 0 
0 0 0 0 0 0 0 0 0 0 0 0 
0 0 0 0 0 0 0 0 0 0 0 0 
0 0 0 0 0 0 0 0 0 0 0 0 
0 0 0 0 0 0 0 0 0 0 0 0 

0 0 0 0 0 0 0 0 0 0 0 0 
0 0 0 0 0 0 0 0 0 0 0 0 
0 0 0 0 0 0 0 0 0 0 0 0 
0 0 0 0 0 0 0 0 0 0 0 0 
0 0 0 0 0 0 0 0 0 0 0 0 
0 0 0 0 0 0 0 0 0 0 0 0 
0 0 0 0 0 0 0 0 0 0 0 0 
0 0 0 0 0 0 0 0 0 0 0 0 
0 0 0 0 0 0 0 0 0 0 0 0 
0 0 0 0 0 0 0 0 0 0 0 0 
0 0 0 0 0 0 0 0 0 0 0 0 
0 0 0 0 0 0 0 0 0 0 0 0 

0 0 0 0 0 0 0 0 0 0 0 0 
0 0 0.01181493824309271 0 0 0 0 0 0 0 0 0 
0 0 0 0 0 0 0 0 0 0 0 0 
0 0 0 0 0 0 0 0 0 0 0 0 
0 0 0 0 0 0 0 0 0 0 0 0 
0 0 0 0 0 0 0 0 0 0 0 0 
0 0 0 0 0 0 0 0 0 0 0 0 
0 0 0 0 0 0 0 0 0 0 0 0 
0 0 0 0 0 0 0 0 0 0 0 0 
0 0 0 0 0 0 0 0 0 0 0 0 
0 0 0 0 0 0 0 0 0 0 0 0 
0 0 0 0 0 0 0 0 0 0 0 0 

