1.4696698317236743 0.7455112643399537 0.9035153759658967 1.2459374106343633 0.8295181038995286 0 0 0.14992966259985485 0 0 0.9083595979853255 0.3041417370781627 
1.9651030063788268 1.417805370304321 1.6185927623152074 2.1616333606974103 1.6649720050800336 1.6284305654054057 1.6852749049280633 1.649973188698128 0.516966874169185 0 0.30654545991131876 1.0402634242457094 
1.6477798250923728 1.2490820389469346 1.2852463607381368 0.8253649908808134 1.021841900010806 1.7350217048155934 2.1805413213078926 2.581336463994991 1.7748458928917679 0.929910615104841 0.9483909133023742 0.7048937965001499 
1.5972538284748776 1.1848416279734717 1.3810247096225436 0.6720362368063967 0.3223110788095377 0.795960517057031 0.763224116684908 0.6351619610755875 0.3793650231529745 0.9120530747433371 0.7457066643207242 0.9593641019521046 
1.751829228032813 1.2705511005427423 1.3694512591652368 1.7849841327761535 0.9523863429911669 0.8155530432091949 0.7325321808810497 0.12173459307979943 0.456765152164089 0.9514504666487241 0.049991060631107066 0.6644745366655925 
1.6815832491457585 1.559739820370607 1.39241089650477 1.7477613802371414 1.6527362056298562 1.759937806956823 1.3884040602357284 0.8134717770011397 1.093022821100582 1.274462766200365 0.9358511284889782 0.8125406520258648 
1.3844664071245996 0.9823870496476136 1.2211319335639417 1.4000701912287337 1.3021609063469488 1.7532483179940472 1.5708741713115877 1.1366395779693532 1.3737370590166642 1.236283165892704 1.247919510120101 0.798151245458716 
1.7277143380870787 0.8685522472331366 1.0025053150066163 0.808353741196518 0.7049113286314144 1.4034924115722711 1.413940560305342 0.9862381808732896 0.6957450782543719 0.986462516013104 1.225232295906716 0.6822539471587488 
2.1280248075659896 1.8119368473468984 1.2704107777344396 0.9735649261114515 0.7951283855199986 1.1445745702735957 1.3069585993286832 1.3366408156062828 1.1551596680357343 1.078782453118123 1.384976661217498 1.0901764898567068 
1.6510650768393393 1.8432093992095233 1.5113076434312542 1.592506536711381 1.6261899427774245 1.5809081632499506 1.4147168597380388 1.6722579850062207 1.7487940290113917 1.514205497152402 1.2979033322462963 1.1461375147982884 
1.4500689125449104 1.3832747131170602 1.3419108307531524 1.4067045665020057 1.5558945142701892 1.5506062375034917 1.2874557743318344 1.255121095024167 1.4135509934704575 1.6621764425477332 1.596772882062352 1.341967336182267 
1.4525936866754272 1.4327399249976684 1.3757606630964287 1.3623251508963463 1.4492361036070518 1.54747621527571 1.497632887421019 1.395678124144256 1.3352369863935094 1.4250202143402337 1.416960579435234 1.3392015196841587 

0.21658187307492927 0.2463294545730654 0.2587086054951567 0.2652078873003281 0.26565506160172486 0 0 0 0 0 0.6158903296245606 0.6019427929406775 
0 0 0 0 0 0 0 0 0 0 0.15442726400680762 0 
0 0 0.0668064920319813 0 0 0 0 0 0 0 0.2931378295675814 0.3556335416700209 
0.016942959631083915 0.08205813904519385 0 0 0 0 0.003990183204792686 0 0 0 0.0009600424697788282 0.05210593808334905 
0 0 0 0 0 0 0 0 0 0 0.16820094302278596 0.3687985472867012 
0.04024653009351989 0 0 0 0 0 0 0 0.0747639227440438 0 0 0 
0.17519725803338662 0 0 0 0 0 0 0 0 0 0.06412424625461373 0 
0.023408483096270832 0.003223747776610067 0.03102947144880812 0.06491356897566147 0 0.2379351435225731 0.16640617067555538 0.0924543580546827 0.2718655475338471 0.21514857173415008 0 0 
0 0 0 0 0.19490431960262383 0.5559054622578136 0.17635545816168655 0 0 0 0 0 
0.5475050271389609 0.10505023110175254 0 0.0005731132927329604 0 0.09012253617781027 0.02285909284372243 0 0 0 0.02200526225503171 0.31605685466008404 
0.5424080049340909 0.5221149204067386 0.4783930016622819 0.4518619568266951 0.2725077834391954 0.19099305858605506 0.236200759413827 0.3108618085933585 0.17240752557145403 0 0 0.31022367410257334 
0.5074825173746488 0.4832792235149429 0.47458730258703796 0.561470868732795 0.4370531830949899 0.31069240679118143 0.2558085136885825 0.4330310637270842 0.549077678021455 0.5437152651421001 0.5325708471487142 0.5828418121323828 

0.10242924907890139 0 0 0 0 0 0 0 0 0 0 0 
0 0 0 0.15105997013720657 0.5571479620142707 0.5834619645569609 0 0 0 0.35738371165210603 0.9742347285266162 0.5932674879655859 
0 0 0 0 0.22997648542240012 0.21466179667303148 0 0 0.7311371383276796 0.910802530098922 0.2541544317363285 0.17222324667386954 
0.19517097356424337 0.2478946878933396 0 0.29135650771681265 0.49719137679355135 0.6473956149002393 0.6185434000745296 1.0442846667215704 0.7789683630325102 0.22678296540147258 0.1606312481431171 0.22098158956469013 
0 0 0 0.12288247473826609 0.3702336358086723 0.5561625494809183 0.8448006472034068 0.63711830872083 0.8209835855604295 0.26520918660832016 0.4845915421193054 0.2677184255382283 
0 0.013424680646511561 0.044169395113878296 0.16098126229310414 0.31752845413517833 0.4387535559383602 0.7644801344469765 0.6806471180173724 0.1619310508920795 0.33325913009847097 0.4471830781068553 0.2186448242932203 
0 0 0 0 0 0.17822015153780596 0.39447007585300264 0.2934425940220382 0.4726252760785403 0.21691625549297322 0.34778608177392584 0.5524766314937717 
0.2482858246361875 0.30336719856944283 0.11108339353505624 0.3700780787471335 0.1988683212419173 0.2997961547690357 0.19858424541158798 0.38923743339407124 0.27277471036549766 0.24879998063929015 0.30789256754329747 0.42904906282881045 
0 0.06863447923585207 0.5386600749141405 0.5439340157782284 0.2253799498016341 0.14103393633284808 0.30537941217563 0.3850773479545408 0.4372287903890194 0.2623763706592793 0.11502243453487399 0 
0 0.2583699056413542 0.28354247776186503 0.4146667246258233 0.2875050336019479 0.2961827980097521 0.106851520475464 0.06269604452359272 0.044914677512086255 0 0 0 
0 0 0 0 0 0 0 0 0 0 0 0 
0 0 0 0 0 0 0 0 0 0 0 0 

0 0.261702022380807 0.5064297714636552 0.2516239098107518 0.5038141587672047 0.9209480533225508 0 0 1.324903679495674 2.4326400118040152 1.0771894411832983 1.5558879715154368 
0 0 0 0 0 0 0 0 0.495340639748616 1.5608084295273543 0 0.324241260869236 
0 0 0 0 0 0 0 0 0 0 0 0.19276305818257233 
0 0 0 0 0.867931614677075 0.9010948571501047 1.197947156218458 0.9958940015815054 0.08800120343734369 0 0 0 
0 0 0 0 0.06481584633496745 0.2310016936168699 0.601475005950789 0.9790292015202005 0 0.359630770727964 0 0.17811850976483884 
0 0 0 0 0 0 0 0.2830731212609328 0 0.11706201631669066 0 0.8220351002579589 
0.027133399058182017 0 0 0 0 0 0 0 0.11723165040645339 0.5129207313608282 0.38617887647473964 0.8903896136153756 
0.0765327142452961 0.5782603444922555 0.6507836988864203 0.46312500477941076 0.7092597928951386 0.19938381049335385 0.6005694441644844 0.6402837480649631 0.3678253711026548 0.07879976127545807 0 0.3256176543986853 
0 0 0 0 0.5008680713692721 0.20748561109832986 0.11353327195335924 0 0 0 0 0 
0 0 0 0 0 0 0 0 0 0 0 0 
0.08221172991074616 0.022508038870082323 0.046311839045009906 0 0 0 0 0 0 0 0 0 
0.05115529492568308 0 0.028956863349357556 0.041751593115246004 0 0 0 0 0.11257563102455959 0.0742639065265305 0.007300311856960461 0.07480696964619943 

1.1585595836767713 0.8118641710697204 0.6193470291010196 0.726035339531511 1.665984216350358 2.0235372300894703 1.4612905950137915 1.0188560309324042 1.4278923005972979 1.202434752560907 1.2288160247412927 1.9606442458646305 
0.729171188877532 0 0 0 0.08734261292769402 0 0 0 0.3510530899863906 0.061912620383551456 0.4326291833967068 0.7291861373544016 
1.15149255807981 0.6007144530022859 0.6246518593238851 1.0011831792935053 0.3756033437221414 0 0 0.2986121035210707 0 0 0 0.7894504558002765 
1.0682018032925826 0.3315206155555775 0.43004841504176433 0.9858758276252624 0.7375288759477063 0.9307981647592918 1.2018115734681651 1.8311212893135052 0.2761446610593712 0.29435594690005124 0.6007754158372358 0.8123250922930985 
0.7421743442326386 0.2694545172964746 0.2327613073871538 0.35675304450899714 0.1211604222954405 0.6806028734405196 0.9993589861032909 0.40794143602412525 0.13680675613426538 0.8705722866846237 0.5327544591698319 0.896696214718371 
0.8641629185279034 0.7547604031577357 0.16154951494620337 0.141866728614177 0 0 0.14014138529280729 0 0.01640793381257529 0.873832824512919 0.4081183759527822 1.1976558631598997 
1.2939872503721903 1.1989297861762191 0.5549349722320903 0.6188508380113678 0.3292015755054001 0.25604498091464034 0.34499530388996236 0.4873192441907662 0.8761332862458766 0.5641123412203528 0.7419115392694786 1.4221676125627265 
0.8871614899926482 0.6701217033932809 0.6194638936932387 1.3297144100527483 0.8343276105995939 0.7215286326464999 0.8647624981875777 1.1032893912385144 1.1998608957323142 1.044095239458364 0.8862126488704924 0.8178615747772005 
0.5805926471789984 0.34164755050865175 0.3853291507001016 0.7710295890198 0.5007338228898615 1.0975371165839536 1.0578871940696521 0.6875073173371924 0.6767237994922122 0.4355872401735025 0.48278786457124706 0.23514817828889686 
0.8918785916084404 0.9005682295505972 0.32572896928008255 0.34101832231570234 0.21366797570976548 0.7114228754619044 0.5171857030053559 0.31738756483217584 0.16102070373568206 0.03807919149345734 0.3926887195902417 0.5909439323511793 
0.9531180551718105 0.9317424967316926 0.8716682260266774 0.8095480933184523 0.7116823621997632 0.714213932813565 0.6429678988148743 0.7043329987426444 0.6921811023893448 0.6531756095116122 0.6736550571189969 0.6545496375648973 
0.9120623309284617 0.8662931385893551 0.8182467391815419 0.842282290613995 0.8411325439733466 0.8296721967256331 0.6917713140268561 0.7693439450352358 0.8203133064995493 0.9053780631798499 0.8966271393025164 0.8663039693044289 

0.28645112723761784 0 0 0 0.08437607325249635 0.485181711191212 0.7243394176865727 0.9364740051366975 0.09227985897464805 0 0 0 
0 0 0 0 0 0 0 0 0 0 0 0.026246268879685446 
0 0 0 0 0 0 0 0 0 0 0 0 
0.0942198793194259 0 0 0 0 0.18172617712452097 0.2486813945545457 0.7364893832028561 0.2674127820161718 0 0 0 
0 0 0 0 0 0.2874911972472344 0.052715315683468086 0.19112252956029083 0 0 0 0 
0 0 0 0 0 0 0.10221422925393478 0 0 0 0 0 
0 0 0 0 0 0 0 0 0.007627443256124808 0 0 0.11945837150155948 
0.13428199735601412 0 0 0.06163362591102511 0 0 0 0.11064487091459066 0.014113944160703107 0 0 0 
0 0 0 0 0 0 0 0 0.16389121709813848 0.09289003158868123 0 0 
0 0 0 0 0 0.04770997479688549 0 0 0 0 0 0 
0 0 0 0 0 0 0 0 0 0 0 0 
0 0 0 0 0 0 0 0 0 0 0 0 

0.568468881253739 0.44982143127898294 0.36971793501004363 0.1930394638605425 0 0 0.5934315738354898 1.0305214101558047 0 0 0 0 
0 0 0 0 0 0 0 0.16110982879922212 0 0 0 0 
0.06794721324058431 0.16044732564126743 0 0 0 0 0 0 0 0.2491012964560231 0.24307621426066264 0 
0.4064593496748578 0.924395212383913 0 0 0 0 0 0 0 0.4553977743970894 0 0 
0.41517256849702394 0.7282170884070152 0.09524455225657699 0 0 0.3575373351377197 0 0.029763925830974865 0.3243724161281741 0.1883596640594265 0.11980370629223072 0 
0.2732586897416367 0.23466717725656483 0.15524234729087064 0 0 0.05961277316447443 0 0.20391007588179466 0.328374387083671 0 0.07663562201339133 0 
0.19481235588640278 0 0 0 0 0 0.06275889526867537 0.005165235668151323 0 0.06123293540077624 0.006259537812991906 0 
0.3570578573295878 0.14828868635665726 0.0737790151394203 0 0 0.025499610251419884 0.07370410682922424 0.07223771636724127 0.009791005332133673 0.14477795517934594 0.2927400852616906 0.4072371586385829 
0.027760833184930923 0.16453587555039062 0.35431874076283654 0 0.09095300583580923 0.1908483596104656 0.209035238717566 0.5220936437248089 0.5411209979843606 0.5700585071539322 0.4314947161236671 0.5600826867926469 
0.25247738902525857 0.10738142597077527 0.44257750916896127 0.3004709537892591 0.40682884548114007 0.3587335303619589 0.39326056438430895 0.4330794569081107 0.5518752426366537 0.5787843970320079 0.33607760080079013 0.26922930526002353 
0.3589180857465286 0.3227181009563459 0.33811039904746576 0.3345222192807757 0.4545746263598437 0.37331714550017153 0.43018915905420196 0.2941815803790883 0.28164082048976874 0.19773769519029488 0.18204871303107364 0.3274287363142619 
0.3353561873294048 0.3114251800167659 0.3406814403706937 0.344733537216221 0.338859795817604 0.24258084863241391 0.34762629313141435 0.30896811610842007 0.33458667490659505 0.36770016905590047 0.36185392918055126 0.33008993661930386 

1.8270739491742578 1.9066287681201646 1.9939497624623401 1.6155773410526235 1.4185908915753471 1.402227074443144 0.9890560924039732 0.6180538151757572 0.8790451595638706 1.3985062346090458 1.664688882212714 2.098279294619889 
1.1695553343502372 1.5516461810499116 1.3391363186215957 1.2809821264393688 1.0882535008183065 1.1796509052231365 0.8851249500373198 0.9024117466146344 1.7911310964491762 1.621339741529218 1.5596115031452293 1.7686383709014268 
1.2272889677603274 1.604860412976585 1.4635145082337022 0.4664713272130929 0.1117292202932014 0.6836199919467024 0.735730033426887 0.6059103483347281 1.751609693055016 1.8392887371906022 1.9195296220276652 2.114379618991863 
1.6301011069114046 1.4793675665004449 1.0974785476320685 1.0007177130152438 0.9373692699597325 0.8926449036582629 1.2302115977824957 1.5833519256510489 1.0081429755743985 1.3035586798092251 1.276523321237268 1.6939582268732751 
1.5025752128596725 0.9096692246024378 0.4327142854822559 1.2220340462359949 1.5228947863194897 1.3297016581806742 0.9978399465284293 1.025082619331305 1.748458850509465 1.656030250056806 1.063451857448804 1.6119914972655165 
1.5734009218813814 1.4160733597462098 1.390087261474819 1.4971227732664387 1.7024455381466361 1.4433381611443434 1.7661131951838651 1.5429578915321551 1.467393422342437 1.232201683564614 1.6015157904245578 1.8775051323689145 
1.073856032657537 0.9382544249177113 1.3697928679674827 1.5989605692076883 1.9259059014847377 1.4257931082021966 1.6107064090017034 1.95405905907032 1.6560971322508404 1.3412747513745598 1.4497311908539154 1.7237310079292436 
1.742016176091903 1.5078537469917563 1.5208138260644861 1.7896970292062298 1.8460236514647794 1.8230142556279187 1.5966617593612136 1.4222602763267562 1.57328482151268 1.5123783853707597 1.4601529019770285 1.5854235460482755 
1.370701152270913 1.8499826021542953 1.5391316713378564 1.5909502686584787 1.7510737041625586 1.6954610353345205 1.628217474428567 1.567522008797227 1.632187580279478 1.7548252964302966 1.7930680547284896 1.8352375229082802 
2.0479998591811928 1.8545250019449668 1.5427610953746915 1.6584938683908763 2.0786390172994125 1.8288740013839917 1.8156151779569443 1.686093900868441 1.686296314799021 1.8406950092207874 2.0167977647859985 2.130471794205455 
1.944245610173715 1.9550122983432185 1.9522249904603495 1.9571859530749158 1.8373284318567367 1.8205642140146954 1.9491564032474382 1.8550239603151593 1.699463811718264 1.7271090511524165 1.8997618862468526 2.1440978404145947 
1.9425468379053954 1.9590427176521306 1.9869917063128464 2.0005778230152464 1.8835509419813226 1.8549771806865425 1.9594777838143562 2.093105297027231 2.0463557820853184 1.9791362949820972 1.9941382136377213 2.018411773529029 

0 0 0 0 0 0 0 0 0 0 0 0 
0 0 0 0 0 0 0 0 0.1928524258803308 0 0 0 
0 0 0 0 0 0 0 0 0 0 0 0 
0 0 0 0 0 0 0 0 0 0 0 0 
0 0 0 0 0 0 0 0 0 0 0 0 
0 0 0 0 0 0 0 0 0 0 0 0 
0 0 0 0 0 0 0 0 0 0 0 0 
0 0 0 0 0 0 0 0 0 0 0 0 
0 0 0 0 0 0 0 0 0 0 0 0 
0 0 0 0 0 0 0 0 0 0 0 0 
0 0 0 0 0 0 0 0 0 0 0 0 
0 0 0 0 0 0 0 0 0 0 0 0 

0.00419461860757761 0 0 0 0 0 0 0 0 0 0.5654415555540018 0 
0.49412764402252973 0.08341338647270466 0.21939498071213673 0.37949578509613097 0 0 0 0 0 0 0 0 
0.033860041904031024 0 0 0 0 0 0 0 0 0 0 0 
0.15021397308370957 0 0 0 0 0 0 0 0 0 0 0 
0.5386214868562496 0.015352112111129301 0 0 0 0 0 0 0 0 0 0 
0.6238954342735751 0.4724429873614845 0.1411713032157586 0 0 0 0 0 0 0.10006736880729997 0 0 
0.009257260167600395 0.04748212610367151 0 0 0.021765936025690158 0.2084341607217001 0 0 0.11881434621813834 0.1813882737952839 0 0 
0.4812650911181903 0 0 0 0.046007337032767354 0.4164226136965056 0.28789129232842164 0 0 0 0 0 
0.6874364200433363 0 0 0 0 0.030043170999620047 0.059783137424866184 0 0 0 0 0 
0.5352601708703618 0.40804704212815857 0.24815560203450457 0 0 0 0 0.16705614193491955 0.17689170239839538 0.04805151943611945 0 0.06853584304023652 
0.48174510450490365 0.40825051007228635 0.3620520882198563 0.42074048671887615 0.48525095602002216 0.38631529952547644 0.12875324078922834 0.284251271997061 0.49802454035113985 0.5250732310662617 0.2936342927026538 0.19751131470898528 
0.5467505921451031 0.4793496424359376 0.43086570681064607 0.47186696237662945 0.5860652583357248 0.5694147086366468 0.42099836636878635 0.381385403673686 0.4102321318641892 0.5396378574227693 0.5178216011495445 0.4491804786059861 

0.7859021601894961 0.7740220679696166 0.29159052593018847 0.17704689352786765 0.7343664859071738 0.6276253615689028 0.3616546083612024 1.118484124513914 1.0548657730107873 1.0318425351836573 0.6741398287184034 0.3962205055772069 
0 0 0 0 0 0 0 0 0 0 0 0 
0 0 0 0 0 0 0 0 0 0 0 0 
0 0.1018333434242144 0 0 0 0 0.08277667960483613 0 0 0 0 0.0902258936768564 
0 0 0 0 0 0 0 0 0 0.10289463225903979 0 0.7210787855707906 
0.24986725240894783 0.12841335501417572 0 0 0 0 0 0 0 0 0 0.21536616925341834 
0.3177483576824619 0 0 0 0 0 0 0 0 0 0 0 
0 0 0 0.20938236405486008 0 0 0 0 0.3839561587070709 0.10705388679250714 0 0 
0 0 0 0 0 0.13959891468978491 0 0 0 0 0 0 
0.38308958237990576 0 0 0 0 0 0 0 0 0 0 0 
0.3347227739316668 0.313476450733086 0.2382822277080107 0.21339585500491903 0.14445878928405168 0.026849004382894386 0 0.13281175330162087 0.01416633710491317 0 0 0 
0.31974101748825584 0.2412077039122481 0.20028909758200533 0.3027542567631891 0.32000918525731087 0.1339023181246737 0.020966401418071403 0.1384466692492852 0.2754909522682448 0.37406090571690126 0.35824096411861334 0.3355318280689043 

0 0 0 0 0 0 0 0 0 0 0.004783642274011499 0 
0.30591588069858316 0.715752035750795 0.9810035190775402 1.075337082768861 0.06176485067233341 0 0 0 0 0 0 0.16658303862380625 
0.022088121244637007 0.14673627364600889 0.2790379036926689 0.2186678349921607 0.5151352844168673 1.5151396769399696 0.9105932432204742 0.4120247794915443 0 0 0.6027442315737437 0.7363357215348629 
0 0 0 0 0 0 0 0 0 0 0.7920900097890885 0.7995158633393958 
0.07728108433424681 0.20593852123491724 0 0 0 0 0 0 0 0 0 0.15549590475830602 
0.5539231060499785 0.2746518073394414 0 0 0 0 0 0 0 0 0 0 
0 0 0.14393159071235864 0.4016915577901469 0.20449402196884225 0.16849641981542104 0.059161993917648203 0.326824080745877 0 0 0 0 
0 0 0 0 0 0.2548379681698559 0 0 0 0 0 0 
0.2620197125297403 0.03163273213651552 0 0 0 0 0 0 0 0 0 0 
0.37759543440973997 0.08910954952949211 0.24860812159023984 0.23695596875733385 0.11967044096334761 0 0 0.021887043549736803 0.14949649519728755 0.09876034886134952 0.019754810977878998 0.1609336811660076 
0.33362959151930704 0.21825332666529146 0.2121016985889139 0.32410573349768435 0.32895481992823256 0.19924500329243158 0.1100864528714338 0.3010050950089759 0.5348761359439455 0.7530140110894905 0.7036204039299798 0.6351712277858709 
0.4020691642617379 0.374467858218931 0.4140130791009852 0.4695953788616461 0.510364609000251 0.506149503939171 0.5298858843645076 0.47227760125598856 0.4287081281223021 0.44386778476467215 0.3844168492222755 0.3604385480941787 

1.3373115515576435 0.7580624650850382 1.0937581389911804 2.329076787065526 2.1646777976268563 0.39717782799775425 0.624092394017668 2.034762530790754 1.6073388145285272 1.022591596456717 1.2361893329057418 0.30472036573827666 
0.6134450556792889 0 0 0 0 0 0 0.6894382320865187 0 0 0 0.031567872583110564 
0.5604524264261468 0.13257732921440016 0.6724555065989205 0 0 0 0 0 0 0 0.07125506514993027 0 
0.6173116023139028 0.5756995622003718 0.6869601144927153 0.48222113775156045 0.4286090448130405 1.6198302572743348 1.2614574156693839 0 0 0.45487701433955563 0 0 
0.7069321133412085 0.49222711578011946 0 0 0 0.5645087126211417 0 0 0.33547325838566316 0.9131978879058786 0.4942291355261056 0.6984324244929812 
1.053007127642715 0.8232906409662366 0 0 0 0 0 0 0.2516386251905268 0.22137680165298967 0.6784787248235905 0.7444522381602355 
1.3137209420650116 0.28128382404757046 0.1950238628529085 0.01619470285534054 0 0 0.1942337479470736 0.22741319175525976 0.4173479100012857 0.9980946100042236 0.9005415546837363 0.3369473701707901 
0.8807776961404741 1.0008756631155449 1.1381681026972823 0.37298483987775155 0 0.8702582314270936 1.2201389573074863 1.284257567640807 0.7326767651751734 0.11326650730002114 0 0 
0.1598879246657639 0 0 0 0.3240249512062516 0.47156519504518307 0.07216045372242709 0.05991984489911905 0 0 0 0.11128751343767769 
0.2922344298061965 0.1342179151746537 0 0.03887866885635659 0.09806947881847472 0.26461478790940296 0 0 0.09568878488512432 0.27580757033647524 0.15293649846390975 0.11962297303315825 
0.639918296398856 0.5287585632053585 0.4157976969026752 0.37552592392515177 0.48315673322420005 0.4586268059090443 0.34302663589199506 0.3111956804473317 0.25974705922864166 0.12328285571440149 0.08488218366578469 0.17406898510433697 
0.5576975787769782 0.48038587703542057 0.4966118967589156 0.5494125788270313 0.5033082914944692 0.39426951892293427 0.3690239016129544 0.410782412155164 0.4842284858211633 0.5869277686284083 0.5984771908122172 0.5582723758205136 

0.3924036411532118 0.7936790552317243 1.0312089609435793 0.9388793836749383 0.6257903025404415 1.9990161860466997 3.3548055283868057 2.9026387016264383 1.7109162596914664 0.5939384427063116 0.2615805346429421 0.05788044611788935 
0.19164171892090237 0.4713517264075477 0.6013273227591787 0.5861938206555232 1.2747909025452415 1.6957312255766424 2.9703531535754815 2.3064733173614935 2.2708215233813642 3.145649500933866 1.53032335114251 0 
0 0.8681450700089387 0.5433329989316934 0.0054068830248022665 1.1104019996183472 1.8666837908587464 0.856232498224316 0 2.2939085910965575 1.8648733651603129 0 0 
0.3407802237807903 0.511786375480408 0.37808799489060235 1.0254116142966807 1.8010844082012718 1.6890602960353311 1.1485651943066675 1.238854813518397 1.8621662603151135 0 0.18499098174210088 0 
0.32682149378132525 0.14964337897437474 0.6433070976805112 1.3342109222458036 2.109264785723249 1.427102867586119 1.2211166589796838 2.739682331289371 1.609316315311619 0.41206617483982566 1.5840168484173078 0 
0 0.18357654247849994 0.6712605625788143 0.9281001553167677 0.5737333234779959 0.8191531047798704 1.1638718364790654 0.9232098618380923 0.14951709955741604 1.6137048698686514 1.1888478615717233 0 
0 1.1086043394690976 0.8873787428844545 0.010935779502652072 0.1885869489548611 0.6990032424417679 0.9099171946108773 0.22152019765242703 0.08106898959111004 0.39589992649993533 0.3397227202014427 0.8103168352988229 
0.7891828606897643 0.9153178577673994 0.7815174770872487 0.3536012181380753 0.8060400875355065 0 0.08664099114420805 0.7861381232127622 0.25550733426651623 0.34588509884619717 0.4550857299290365 1.2992309102645456 
0 0.1298306000302762 0.8616272902891048 0.8656996489042965 0.7004706729081646 0.06475103142807224 0.43180246912190656 0.6563509647315048 0.9999378592761015 0.7215814754142699 0.0904089072200619 0.06284441648632348 
0 0 0 0.044143880209714124 0 0 0 0 0.11887199341094701 0.08747772433788155 0.09284899869996988 0.03378076710144779 
0 0 0 0 0 0 0.008870173600428986 0 0 0 0 0 
0 0 0 0 0 0 0 0 0 0 0 0 

0 0 0 0 0 0 0 0 0 0 0 0 
0 0 0 0 0 0.02443940943804086 0 0 0 0 0 0 
0 0 0 0 0 0 0 0 0 0 0 0 
0 0 0 0 0 0 0 0 0 0 0 0 
0 0 0 0 0 0 0 0 0 0 0 0 
0 0 0 0 0 0 0 0 0 0 0 0 
0 0 0 0 0 0 0 0 0 0 0 0 
0 0 0 0 0 0 0 0 0 0 0 0 
0 0 0 0 0 0 0 0 0 0 0 0 
0 0 0 0.026048557758505765 0.037257557437641385 0 0 0 0 0 0 0 
0 0 0 0 0 0 0 0 0 0 0 0 
0 0 0 0 0 0 0 0 0 0 0 0 

0.25823814427760783 0.4557645839582687 0.20939496613252928 0 0 0.8352479499158673 1.6223418291784237 1.4866720608396597 1.3350901227019956 0.9570390008890424 0 0 
0.21627911125262003 0 0 0 0 0 0.5140355031918119 0.5737270108198538 0.16234878818386184 0 0 0 
0.11071714669169805 0 0 0 0 0 0.043554626394797236 0 0 0 0 0 
0 0 0 0 0 0.006621666560508142 0 0 0 0 0 0 
0.2967378478575462 0.2880387956924381 0 0 0.0506186096340164 0 0 0 0 0 0 0 
0.3255429723573719 0.28730497316969444 0 0 0 0 0 0 0 0 0.09220946562186126 0.06149220799213058 
0.24139507155382245 0.44308803787427925 0.31452061391721964 0.12927263411759166 0 0 0 0 0 0 0 0 
0 0 0 0 0.09598751348631375 0 0 0 0 0 0 0.10159986665895832 
0.0010802282370397584 0 0 0 0.11096289318294442 0 0 0 0 0 0 0.2806933024598619 
0 0 0 0 0 0 0 0 0.11916643784622034 0.3255141916698988 0.40861864348178295 0.4344432293702669 
0.17623098251568892 0.13198747221001714 0.12479383191211701 0.10960228244845949 0.149120546355608 0.21146740168449382 0.3460334801471224 0.3627749368262704 0.40232812394525824 0.3343257428767013 0.4458763981716031 0.4308380841683625 
0.1764503458365492 0.16452857825802916 0.24242253933117847 0.23244049908606368 0.22541316128175082 0.22996450705814175 0.33102226485179453 0.28671605677089745 0.26128797738380594 0.22867698969529707 0.23201576493369416 0.2372065509739889 

0 0 0 0 0 0 0 0 0 0 0 0 
0 0 0 0 0 0 0 0 0 0.07375800517486776 0 0 
0 0.007266278235053436 0 0 0 0 0 0 0.01832295531032188 0.4531081165865878 0 0 
0 0 0 0 0 0 0 0 0.05877342390303231 0 0 0 
0 0 0 0 0.3280601091117702 0.1484041658776995 0 0.23627272117872436 0 0 0 0 
0 0 0 0 0 0 0 0.42829691438556605 0 0 0 0 
0 0 0 0 0 0 0 0 0 0 0 0 
0 0 0 0 0 0 0 0 0 0 0.11399185722094414 0.12453569411590287 
0 0.04795657778872665 0 0 0 0 0 0 0.08896301742889437 0 0 0.18326650646656972 
0 0 0 0 0 0 0 0 0 0 0 0 
0 0 0 0 0 0 0 0 0 0 0 0 
0 0 0 0 0 0 0 0 0 0 0 0 

0 0 0 0.3903063442311926 0 0 0 0 0 0 0 0 
0 0 0.40131536046313 1.0466113314072694 0.1644573947590008 0 0.05975395496791859 0 0 0 0.31509068268303025 0 
0.07830926033215439 0 0.609542376294536 0.4410594164294887 0 0 0.38074289913293474 0 0 0.4427462098600609 0.5659169527329551 0 
0.3805756651107322 0.8359879634560083 0.7449925406076441 0.15805536526832437 0 0 0 0 0 0.14258242084150796 0.4225336548843296 0 
0.27180132372331023 0.6754995992743924 0.6281098547755565 0 0.2393510682782911 0.4159081778235065 0 0 0 0 0.29873621247488585 0 
0.26957900941792545 0 0.17323864801515262 0.26584279940213407 0.5736591475840344 0.6886065170263929 0.33194648303769114 0.3038366163002778 0.28586667001998634 0 0.22807157263166353 0 
0.23635175581728235 0 0 0 0 0.6472251164247618 0.48395197914626714 0.10948649493404623 0.17163781792395924 0.29442098438712494 0.2657166479674639 0 
0.7463159088310802 0.20307620230668802 0.03181735321901985 0 0 0.37478939084399543 0.3482513307967351 0 0 0 0.24970997429593292 0 
0.652915662988357 0.5807717355906605 0.9124510705362251 0 0.0029757841056627897 0.04774837943277224 0.2009122353445355 0.3455725656925017 0.014201545685959067 0.1154162132120322 0.1463464350538536 0 
0.45656249897765555 0.6336336570870015 0.7659558448430387 0.4500314966380574 0.5961487730630143 0.40213236249379586 0.23818603590879153 0.37435685697862275 0.2078141754568868 0 0 0 
0.14480695718126976 0.06212240309336582 0.033536945743217375 0.12203215718041535 0.21055868619532098 0.03287624700325805 0 0 0 0 0 0 
0.09733760231018326 0.04488208900829335 0.039742856061601745 0.02140366997369756 0.04874540761606799 0 0.014733907686466131 0 0.04934295823579738 0.071032505818372 0.018988925533077003 0.0028210551773604695 

0 0 0 0.10546250468011255 0.2810871783555952 0 0 0 0 0 0 0 
0 0 0 0 0 0 0 0 0 0 0 0 
0 0 0 0 0 0 0 0 0 0 0 0 
0 0 0.13224352678717938 0 0 0 0 0 0 0 0 0 
0 0 0 0 0 0 0 0 0 0 0 0 
0 0 0 0 0 0 0 0 0 0 0 0 
0 0 0 0 0 0 0 0 0 0 0 0 
0 0 0 0 0 0 0 0 0 0 0 0 
0 0 0 0 0 0 0 0 0 0 0 0 
0 0 0 0 0 0 0 0 0 0 0 0 
0 0 0 0 0 0 0 0 0 0 0 0 
0 0 0 0 0 0 0 0 0 0 0 0 

0 0 0 0 0 0 0 0 0 0.07325376087587673 0.13904972467839644 0.19642690023083506 
0.2874147383609075 0.43769328908668126 0 0.6733985704373701 2.074429802584089 1.7357053063508248 1.2403098745525865 1.5870469415197122 1.5268569246796904 2.0133164559537544 1.707413817865779 0.47500821069457466 
0 0 0 0.5786030252051165 1.2689809890166046 1.041695845120156 0.8251483040621042 1.632774036363742 2.1613811200988238 1.7025409516984018 0.24452034421903168 0 
0 0 0 0 0.07266622073302395 0.21307266199895464 0.5517514259835914 2.1285687528121855 1.5736675770109754 0 0 0 
0 0 0 0 0.3231683219069229 0.5213365298903678 1.9900272717449157 2.3334849823367114 0.783150537754842 0.2097273371746231 0.20572267553287416 0 
0 0 0.2281388298101339 0.5995078796282265 0.6333050828217256 1.2235844672324812 1.418990374294545 0.9871053933618332 0.4019952483436362 0.9259404787689876 0.06601818904061686 0.07583103082428844 
0 0.42906502710698136 0.24284636262290302 0.1311637116927754 0.2164754139594002 0.554318984473372 0.08322087694028178 0 0 0.08905062679387246 0.16242692086151006 0.919255995155806 
0 0.40139677761240844 0.12986659900664324 0.5561034189985421 0 0 0 0 0 0 0.2387132399200348 0.6907062134642977 
0 0 0.6270823955064749 0.631109105459643 0 0 0 0.2603358754546028 0.24033999178831475 0 0 0 
0 0 0 0 0 0 0 0 0 0 0 0 
0 0 0 0 0 0 0 0 0 0 0 0 
0 0 0 0 0 0 0 0 0 0 0 0 

0 0 0 0 0 0 0 0 0 0 0 0 
0 0 0 0 0 0 0 0 0 0 0 0 
0 0 0 0 0 0 0 0 0 0 0 0 
0 0 0 0 0 0 0 0 0 0 0 0 
0 0 0 0 0 0 0 0 0 0 0 0 
0 0 0 0 0 0 0 0 0 0 0 0 
0 0 0 0 0 0 0 0 0 0 0 0 
0 0 0 0 0 0 0 0 0 0 0 0 
0 0 0 0 0 0 0 0 0 0 0 0 
0 0 0 0 0 0 0 0 0 0 0 0 
0 0 0 0 0 0 0 0 0 0 0 0 
0 0 0 0 0 0 0 0 0 0 0 0 

0 0 0 0 0.010430199797438505 0.07258957765097265 0 0 0 0 0.07799854462722577 0.04585980186234749 
0 0 0 0 0.2631607213065556 0.027110977011184836 0 0 0 0 0 0.36006085274774313 
0 0 0 0 0 0 0 0 0.20246315443520596 0.04898287761347443 0.05928288547352266 0.03733781947698038 
0 0 0 0 0 0 0 0.12880495946928444 0.11062679522883723 0 0 0 
0 0 0 0 0 0 0.3005813153268298 0.40797304881584767 0 0 0 0 
0 0 0 0 0 0.006658434091473471 0.11009465941669108 0.08943206355703298 0 0 0 0 
0 0 0 0 0 0 0 0 0 0 0 0 
0 0 0 0 0 0 0 0 0 0 0.09015154048652996 0.17433452903308158 
0 0 0 0.01327635293726303 0 0 0 0.05561245223750134 0 0 0 0 
0 0 0 0 0 0 0 0 0 0 0 0 
0 0 0 0 0 0 0 0 0 0 0 0 
0 0 0 0 0 0 0 0 0 0 0 0 

0.2081580569733136 0.6578961672128326 0.8418083689413843 0.6714101658172956 0.35005550199666124 1.1064875092631272 1.2519159753671603 1.3482785011625669 2.0377197191302647 1.9093407202649588 0.30930220738756065 0.6864000248261763 
0.02192592404423331 0.172606400945488 0.07979515840092592 0 0 0.389719211981656 1.1183767659488977 0.7211813984437945 0.4378455546379469 0.820670232189683 0 0.5847323634343792 
0 0 0 0.01338117118239331 0 0.5990498098694278 1.0308531218532249 0 0 0.8066510895684754 0 0.3681225481597369 
0.1698232940985597 0 0 0.12269002285112937 1.1200406903602715 1.4192250996516815 1.1460321831238942 0.8613905230618056 1.1064335675728723 0.350691957506015 0 0.20296585572333067 
0.31211724027536986 0 0 0 1.069482517401081 0.8877301859909688 0.7525377745477226 1.1736424402757408 1.1040657437901913 0.4404802669310422 0 0.3020680530522295 
0.6308296555631352 0.186945519327622 0 0.34394433024235804 0.5325977587814489 0.48402136987275374 0.4417076982766858 1.084474327769584 0.5673888576376462 0.6836722234944004 0.7619266602926245 0.6070668179167359 
0.45960597179306845 0.6508879642005426 0.7226066922634202 0.4499386406989666 0.3816082709402768 0.3955970536228174 0.6545448372131649 0.8621559981072595 0.7888412118577025 1.0330788840275142 0.735862976862858 0.639049921796774 
0.4899001119577827 1.0289333882494833 0.7858732123098345 0.6286075669885215 1.191287679379362 0.8412714686833249 0.8041589655927056 0.8087955827222038 0.5627103267357197 0.31711612756851404 0.23229219324930608 0.5756295476759123 
0.1057670787561453 0.1454216230281939 0.07481001839836288 0.10239129085812544 0.780933169294887 0.27388404078196427 0.25486249744331957 0.2252748523680451 0.18328791838803546 0.3603997581500431 0.41198508338056644 0.7553008260763544 
0.26581119106783424 0.3087775639442497 0.18592973405969188 0.011185469856122655 0.3996148391202794 0.3190832231019355 0.4175109712342951 0.37753457667133405 0.38360694251921634 0.37669928579155293 0.32110518738761007 0.46682092761054456 
0.3704950912372912 0.3548192524897725 0.3921239036173469 0.3894831132480137 0.3712960462842608 0.26695886639736743 0.37485075859431216 0.4117945029491785 0.3781905774087109 0.18647814323524475 0.20284162216220747 0.3733005769457743 
0.37214682540345967 0.34464979954321934 0.4112048693727907 0.3975949139660291 0.38053380447402474 0.2784649138973208 0.34709009364608145 0.35097773387175557 0.4335759733115961 0.38947066577480915 0.3655618910605285 0.3997504379628587 

0 0 0 0 0 0 0 0 0 0 0 0 
0 0 0 0 0 0 0 0 0 0 0 0 
0 0 0 0 0 0 0 0 0 0 0 0 
0 0 0 0 0 0 0 0 0 0 0 0 
0 0 0 0 0 0 0 0 0 0 0 0 
0 0 0 0 0 0 0 0 0 0 0 0 
0 0 0 0 0 0 0 0 0 0 0 0 
0 0 0 0 0 0 0 0 0 0 0 0 
0 0 0 0 0 0 0 0 0 0 0 0 
0 0 0 0 0 0 0 0 0 0 0 0 
0 0 0 0 0 0 0 0 0 0 0 0 
0 0 0 0 0 0 0 0 0 0 0 0 

0.8460473674456352 0.17578513317383576 0.11369833695308679 0.7447398491988348 0.3473760456677193 0 0 0.5647550767365304 0 0 0 0.08401900079565772 
0.5768064142254089 0.5456163765777998 0.4120991780416811 0 0 0.005916383598413911 0.11521117805825157 1.7116225135925005 2.223713907970574 0.7030508765912075 0 0 
0.54129243887645 0.1373818930128053 0 0 0 0.1909574499015755 0.8668612371266348 0.9150445118291141 0.6981277270947759 0.03404315508459254 0 0 
0.5697794402885291 0 0 0 0 0.20229597133731303 0.45464556493673114 0.38035728538878477 0.13139716022051742 0.22199184694685364 0 0 
0.6037083461002247 0.3007900515035204 0 0.14367049391255862 0 0.4698927633688287 0 0 0.7548092063585863 0.8442208210075237 0.25962771666849566 0.44954390192652965 
0.7663942259967147 0.5991510724189258 0.4725802950799118 0.5896323491976958 0.44755700224216155 0.4357011795097251 0.7500462605679723 0.27448030943619645 0.1322947238349669 0.7318530295124104 1.0320268570633153 0.9791414415469213 
0.7386445139393922 0 0.25554326653498344 0.5573193891740368 0 0.36312832310401616 0.8651928211973106 0.9006304243424963 0.37122477828395256 0.1448837542769816 0.6432361402888338 0.6921082142863882 
0.6306023635886837 0.8122357647401304 0.7352971446699156 0.7254471189543095 0 0.5398990378242428 0.6626504755002037 0.8225529973545895 0.6294991221572992 0 0 0 
0.2626024721887088 0.6719745371595652 0.1955691376046946 0.5601192228355963 0.3381206330032965 0.42328908180437946 0.10278875619731745 0.10674290878804661 0.521486738493242 0.2977259187508323 0 0 
0.5266735019243705 0.37267167367833126 0 0.24602942527655824 0.4043207240185988 0.3919769867730358 0.08043621602855397 0 0.1354712108761897 0.505846194564085 0.7634862587504837 0.6704655076379716 
0.4897507424379479 0.42624703367301836 0.3751979590014317 0.3658261605225799 0.3385071096455444 0.43289541607451576 0.5403290699173352 0.406036122162845 0.21997808604661756 0.5070384434949168 0.675998336380144 0.554163541246639 
0.4186328801365993 0.45625519356451216 0.47044221813647563 0.4654527110235988 0.3902426021671021 0.4460050260961495 0.5321521572479577 0.5883793942078276 0.5142292971698997 0.4466437558403371 0.469426612938873 0.49172579878808337 

0.5299026472395264 0 0 0.4678028495731756 0 0 0 0 0 0 0.48130002996672844 0 
0.6892203587813124 0 0.0031723272868193347 0.9742769679783438 0.43446512384215275 0 0 0 0 0 0 0 
0.3488578406258678 0.1605377061086331 0.8542243344086351 0.795439152323681 0.19402891922763196 0 0 0 0 0 0.8485905338679444 0.1151575299577079 
0.34072977770454294 0.7862226014201378 1.4292685791400184 0 0 0 0 0 0 0.26151337121427853 0.02811520946203184 0.3515358439972227 
0.817289310821937 0.8044986948228895 0.7591369893155867 0 0 0 0 0 0 0 0 0 
0.7309916339506425 0.4815425874512679 0.15570972433126704 0 0 0 0 0 0.8691584030132309 0 0 0 
0.5138211485438019 0 0 0 0 0.11987099697034988 0 0 0 0.6022345415462996 0.3810447030166892 0 
0.6511714883077212 0 0 0 0 0.4368031813808523 0.44278099586144415 0.011597009690134927 0 0 0.2778033385761139 0 
0.9459134507225931 0.13076955574375732 0.17974479508969463 0 0 0.3119489450414548 0.2602877860702508 0.5462888188675716 0 0 0 0 
0.5933573712400811 0.37835776941897464 0.8804124711817564 0.5841870115963358 0.44357786613210276 0.38746964230958664 0.30794831531257116 0.5714873141832091 0.7064554161232982 0.4274426148431758 0 0 
0.5270529046135703 0.4665074591694796 0.36179765680947823 0.4512855534185835 0.7258613720310436 0.5594334851940254 0.12025595266188434 0.1415304295606174 0.4957695739727455 0.48093177250681207 0.058120771597915885 0.025688358080525088 
0.561476463679897 0.4696517763266464 0.3697786418391148 0.46046137990828384 0.5931262716501134 0.5370948423601969 0.31882962883877 0.2648871242027672 0.23889458593296908 0.5203517991833082 0.5276490968992401 0.3662779810891982 

0 0 0 0.41539526141144933 0.7671634238027869 0.983093682798555 0.9585867204482134 0.9865692110109184 0.3039787106691172 0.9792570858947759 0.3397837754731795 0 
0 0.034428942927901274 0.742472358102902 2.3574265681185764 2.2030214992232877 0.902280263638296 0.6866477753787915 1.0721161263492125 0 0.6375713162312181 1.3354727270623001 0.23185479942284426 
0 0.504624131323589 1.4509979968358684 2.4302534375283362 2.1207009838073 1.0738141345844279 2.1276908089135698 2.5173623265992306 2.11723991511015 1.662289930764082 0.9504503458253138 0.05488291938542621 
0 0.6124697058209081 1.125702101021419 0.8926414626042942 1.2646023422675354 1.1760093287765307 1.9128879720472904 1.41681432712633 0.6603146134282166 0.8114768119461077 0.6093408806574347 0.07116724318460235 
0 0.4989740078787399 1.2510283728253775 1.0592961525825069 1.3406001763665352 1.9391661187788838 1.6831054652040367 0.8169517902783247 0.7158839896183375 0.03841919031078622 0 0 
0 0.07408043262788752 0.4581333320830934 0.4241283873409346 0.9747733090906294 1.300675094684785 0.7787717842238912 0.6024896963595499 0.7641227418772054 0.13277580318643895 0.44305228720016654 0 
0.21763801333717886 0.48844024610326103 0.8949954730793603 0.5040966988600146 0.9446413934187144 0.6671622922189808 0.38443839030917853 0.6893068137814561 0.5624988540097795 0.6011658018448194 0.8239118097870655 0 
0 0 0.43705261177302945 0 0.25064963532483825 0.14650648044598047 0.22433399663906686 0.15207615498284452 0.24062227444803808 0.6417824193996596 0.8145676622736027 0 
0.044598912674358976 0.3352615357440859 0.8532203530974537 0 0 0 0.2993854851923437 0.5480465726244577 0.17015188710275642 0.4115421030901294 0.24691207466099724 0 
0 0 0.4889443197073721 0 0.20943220055947154 0 0.13613160451696904 0.2546940714533091 0 0 0 0 
0 0 0 0 0 0 0 0 0 0 0 0 
0 0 0 0 0 0 0 0 0 0 0 0 

0 0 0 0 0 0 0 0 0 2.012224723217679 0 0 
0 0 0 0 0 0 0 0 0 1.4097517771728725 0 0 
0 0 0 0 0 0 0 0 0 0 0 0 
0 0 0 0 0 0 0 0 0 0 0 0 
0 0 0 0 0 0 0 0 0 0 0 0 
0 0 0 0 0 0 0 0 0 0 0 0 
0 0 0 0 0 0 0 0 0 0 0 0 
0 0 0 0 0.3357923799140692 0 0 0 0 0 0 0 
0 0 0 0 0.04849157879111287 0 0 0 0 0 0 0 
0 0 0 0 0 0 0 0 0 0 0 0 
0 0 0 0 0 0 0 0 0 0 0 0 
0 0 0 0 0 0 0 0 0 0 0 0 

0.029585503235968567 0 0 0 0 0 0 0 0 0 0 0 
0.34705569285847787 0.09991232319200238 0.19408663820998612 0 0 0 0 0.8450695045547616 0.39613281783293786 0 0 0 
0.211928074308655 0 0 0 0 0 0.6997262572830728 0.07354396059221667 0 0 0 0 
0 0 0 0 0 0.3703524462210971 0 0 0 0 0 0 
0.2672545397779802 0.15566683499062062 0.045802344663589546 0 0 0 0 0 0 0 0 0 
0.2242262632088012 0 0.10969864689846964 0.14000388210027717 0.20801628013687315 0 0 0 0.1558201911568613 0 0.1581165551200281 0 
0.28986718182901927 0 0 0 0 0.029839298988244365 0.10854620267750918 0 0 0.018218299349003472 0.12696010586017994 0 
0.20377279827042163 0.243961184664596 0 0 0 0.040912834165015094 0.10052909564721882 0 0 0 0 0 
0.5285855575264348 0.3005005214690844 0 0 0 0.06134643730560421 0 0 0 0 0 0 
0.1565381442289034 0.0066635887548965695 0 0.06853808201802519 0.12840282166085132 0.02094851597390862 0 0 0.005090246814109015 0.22267902417138105 0.2022924007206994 0.10894169755121967 
0.12062578864619374 0.09819652401622868 0.04768844835484048 0.06776346568516055 0.09624458495233207 0.15989519174723582 0.11769004716688033 0.11595164411307247 0.16541038410552344 0.22204193375078868 0.14817192536955834 0.06847606683575322 
0.10870016108450577 0.12395333357681537 0.10008146759546294 0.13031097825161173 0.10982353401797523 0.17702330198591357 0.11140380170357617 0.14837325684320074 0.11003716518606602 0.09150000512192583 0.12144056409477824 0.14541447446215935 

0 0 0 0 0 0 0.336385715644268 0 0 0 0 0 
0 0 0 0 0 0 0.0886411006723104 0 0 0 0 0 
0 0 0 0 0 0 0 0 0 0 0 0 
0 0 0 0 0 0 0 0 0 0 0 0 
0 0 0 0 0 0 0 0 0 0 0 0 
0 0 0 0 0 0 0 0 0 0 0 0 
0 0 0 0 0 0 0 0 0 0 0 0 
0 0 0 0 0 0 0 0 0 0 0 0 
0 0 0 0 0 0 0 0 0 0 0 0 
0 0 0 0 0 0 0 0 0 0 0 0 
0 0 0 0 0 0 0 0 0 0 0 0 
0 0 0 0 0 0 0 0 0 0 0 0 

0 0 0 0 0 0 0 0 0 0 0 0 
0 0 0 0 0 0 0 0 0 0 0 0 
0 0 0 0 0 0 0 0 0 0 0 0 
0 0 0 0 0 0 0 0 0 0 0 0 
0 0 0 0 0 0 0 0 0 0 0 0 
0 0 0 0 0 0 0 0 0 0 0 0 
0 0 0 0 0 0 0 0 0 0 0 0 
0 0 0 0 0 0 0 0 0 0 0 0 
0 0 0 0 0 0 0 0 0 0 0 0 
0 0 0 0 0 0 0 0 0 0 0 0 
0 0 0 0 0 0 0 0 0 0 0 0 
0 0 0 0 0 0 0 0 0 0 0 0 

0 0 0 0 0 0 0 0 0 0 0 0 
0 0 0 0 0 0 0 0 0 0 0 0 
0 0 0 0 0 0 0 0 0 0 0 0 
0 0 0 0 0 0 0 0 0 0 0 0 
0 0 0 0 0 0 0 0 0 0 0 0 
0 0 0 0 0 0 0 0 0 0 0 0 
0 0 0 0 0 0 0 0 0 0 0 0 
0 0 0 0 0 0 0 0 0 0 0 0 
0 0 0 0 0 0 0 0 0 0 0 0 
0 0 0 0 0 0 0 0 0 0 0 0 
0 0 0 0 0 0 0 0 0 0 0 0 
0 0 0 0 0 0 0 0 0 0 0 0 

