1.5341087652925969 0.23246879879203203 0 0.5014052667756861 0.8312078329147744 0.03387950208288037 0 0 0 0.05275732534999538 0.6606312576145779 0.021654277031799892 
2.8905239542343315 2.1059181297217435 1.266995344692685 1.7377067268640207 2.01930812915479 2.1452252892725387 2.357813147131203 1.8202228719789604 1.2888725943969495 0.8950519783538855 1.2346367478982305 1.060647963782144 
1.851646236674049 1.1535907918932633 0.7575494285641402 1.4007990012151716 1.3398148675041237 1.8022985429829244 1.7548148712451281 1.6808407160098562 1.4956765579378242 0.610305571430885 0.025959151207396808 0.43282764775408405 
1.960104297983448 1.3063411375572223 0.9678151899791694 1.0697511830700766 0.3790278309644239 0.7313202197554991 1.3519275411621718 1.2468469063159604 1.083757584995988 1.0372350141522408 0.5611848289152774 0.7358247837387893 
1.4194946386170313 0.6530549244468308 0.8344996470972503 0.7136271592015067 0 0.27990468550234604 1.7106927538693348 0.6277790051545505 0 0.5287433928173426 0.9883543961769549 1.196255439472402 
1.8344673890933667 0.6741890075869253 0.35907027658981794 1.6195739580572222 0.9290125631310708 0.15601816294766363 1.808381590114982 1.877636258390127 0.4762015535356374 0.30689541853173274 0.7850400681039834 1.0759340551623338 
2.589030256404194 1.273569638508636 0.49361009599187117 2.1318849562023994 2.259457684315887 0.48115856502305904 0.5520899361075783 1.5879797374240876 1.6240396800215477 1.2407651758931197 1.5284513476270205 1.3597349784232717 
2.4380095438493856 1.2810634539779393 1.1687480028570656 1.7938895778359587 1.8025347504901692 0.424986885166407 0 0.1645114648642516 0.6687088821758612 1.187405733834577 1.297116595875887 1.2949754150669868 
1.7012405871310787 1.2703416258830524 1.3429845283661053 1.6185442641258243 2.248232494788091 2.0001618754448702 1.3760378784765621 0.4727910604810355 0.26706448688952455 0.7779914322624348 1.1780088943249183 1.164234220422379 
1.5008621622341938 1.4845802577908318 1.6201093126304429 1.3265335670830132 1.9653593371919622 2.4469785045442167 2.3335725838743073 1.4739156835576503 0.7994935504725855 0.718770301731131 1.3091228076574442 1.3904296968385965 
1.4934177566291589 1.3582086208787096 1.4293389452804386 1.3193590322454702 1.3383584455234532 1.456654132267648 1.5446814204042159 1.667365517198029 1.6370303288807404 0.9467200899670735 1.187710892990105 1.3056410101932894 
1.3962190999233774 1.1843278552062695 1.4138393355399441 1.4181794072001672 1.4120043811349823 1.4189060712853192 1.1798344562157985 1.347458597981133 1.7772785996814506 1.4904264263669316 1.424372391532576 1.3776106625951559 

0 0 0 0 0 0 0 0 0 0 0.03937400196866843 0.7085033178513822 
0 0 0 0 0 0 0 0 0 0 0 0 
0 0 0 0 0 0 0 0 0 0 0.01849260793974168 0.4819377995779981 
0 0 0 0 0 0 0 0 0 0 0.3236107535506805 0.35987968545419957 
0 0 0 0 0 0 0 0 0 0 0 0 
0 0 0 0 0 0 0 0 0 0 0.5231953898403461 0.2770863634733703 
0 0 0 0 0 0 0 0 0 0 0 0.09582708819664046 
0 0 0 0 0 0 0 0 0 0.2914476054005347 0.21213447041364503 0.40276810543281333 
0 0.14957272877247965 0 0 0 0 0 0 0.4534280217648447 0.28971351403220275 0.545616163044532 0.6006788469521129 
0.3056379784232523 0.1796871044620223 0 0 0 0 0 0 0 0.13076180997262832 0.41895380715800046 0.43002481633809975 
0.2864794226948339 0.2531049308424726 0.14676201928198723 0.30910046357116944 0.3290798155190088 0.33262991959171184 0 0 0 0.04515002064839419 0.6212335077767044 0.5910016153912939 
0.40691976508073124 0.34895987805560974 0.34735878932433006 0.3565707277988506 0.35786908823055424 0.3683527881738771 0.42105935961384283 0.3278872565807975 0 0.2941616550461685 0.5771878271871272 0.5345605116896421 

0.5838386497536504 0 0 0.17174112188199167 0 0 0 0 0 0 0 0 
0 0 0 0 0 0 0 0 0 0 0 0 
0.35757136938907386 0 0 0 0 0 0.0997735167417172 0.30852842464712127 0.5054648257744399 0.9125560833906915 0.5890243570173886 0 
0 0 0 0.008726140438141294 0 0 0 0.10449311312760626 0.2819069627149011 0.5812887387904965 0.16320576686002086 0 
0 0 0.44080932129041744 0.5172463237565286 0 0 0.05912427749060101 0 0 0 0 0 
0.5133100644891561 0.8752506673825512 0.6998733514243191 0 0 0 0.08654685201255928 0 0 0.382093496176719 0.031912958823678006 0 
0.8067588355250469 1.1681064976986417 0.16930951385448942 0 0 0 0 0 0.24010375910476572 0.1576721598009604 0 0 
0.377872120160308 0.4549374955753054 0 0 0 0 0 0 0.16904641309444665 0 0 0 
0.036361267819532556 0 0 0 0 0 0 0 0.1635691717773107 0.16627712918582224 0.06615471559520932 0 
0 0 0 0 0 0 0 0.22605754973971498 0.4416699463694267 0.34113240110954424 0.07879029096025299 0.01838950962689333 
0 0 0 0 0 0 0.20296477357275583 0.4837440440478957 0.4668580946395364 0.46199185190451986 9.538832412405406e-05 0 
0 0 0 0 0 0 0.05615594179968905 0.3341763051104963 0.529341340164371 0.0853952518929026 0 0 

0 0.8730628218265842 1.3307347223269625 0.10273236028357896 0 0 0.9283952037292524 0.9148398975604277 1.0640515611081112 1.370486109149213 0.8082047855849586 0.6852699426407366 
0 0 0 0 0 0 0 0 0 0 0 0 
0 0 0.02662631402593535 0 0 0 0 0 0.020599834817322582 0 0 0 
0 0 0 0 0 0 0 0 0 0 0 0.1279525334803042 
0 1.7443718278721814 0 0 0 0.47719387187536494 0 0 0.7814627378743741 0.0779745596468634 0 0 
0 1.9535469462745467 0 0 0 0.4498618299700108 0 0 0.1976350473760625 0.23096248817827897 0 0.4821247829846049 
0 0 0 0 0 0 0 0 0 0 0 0 
0 0 0 0 0 0 0.35738194199842815 1.0331738167634337 0.5618549129132913 0.10931086745537727 0.0525790959276067 0.07072002673280413 
0 0 0 0 0 0 0 0.9724804931992314 1.2905168958336612 0.7242914105347903 0.25270953594459156 0.24927593781477692 
0 0 0 0 0 0 0 0 0.9235088223872384 0.8072165429369305 0 0.11483379982438688 
0 0 0 0 0 0 0 0 0 0.17658519988193538 0.1544803923111497 0.23531747195894323 
0.11789413672339878 0 0 0 0 0 0 0 0 0 0.020891423027606732 0.1822569549333098 

0.7440424316962839 0.1615723951183 0.4527738485240952 0.32527039527379026 0.48289569612758687 0.48885786327082636 0.7925759466505885 0.4747203819788013 0.5419105715853408 0.5438553365306782 0.49718261628034466 0.3103183819958895 
0.3477251111108096 0 0 0 0 0 0 0 0 0.21754448188036313 0 0 
1.0405866829752408 0.7100777475327477 0.010500789516488786 0.10964784557775492 0.22406368506335098 0.36996108837647596 0.29676028448501723 0.22400005354341185 0.5433191963024717 0.7049609434217866 0.2452030054947103 0.6183831861106849 
0.5566369576159116 0.26354756898607096 0.3779929312213599 1.229865613667754 0.9684232865099186 0.6741821468003566 0.7705947973111493 1.1656480406149095 0.6289469097944901 0.16339777181583837 0 0.8005866050344282 
1.4403947492202682 1.484693064404999 1.1715581647167517 0.9472638003641191 0.4911079332904642 0 0.6393562022616037 1.1151135728944472 0.5585980844258726 0.6032748278851985 0.3477917672744736 0.8085805440957208 
1.521043374250004 1.3351253219304695 0.3218395850188983 0 0 0 0.241838502329352 0 0 0.4461510973891369 0.5076811391194836 0.9911092540410731 
1.006287053612309 0.09817318789808305 0 0 0.22359891910321827 0.14886807022422477 0.18509942663226656 0.17149596531433345 0 0 0.24621408011398377 0.6038900177216012 
0.9458867858403603 0 0 0.47609214117021426 0.8156052029968524 0.4625639160978 0.2983659393464853 0.49067967878398594 0.8140707730000459 0.687433926440809 0.9149994188349757 0.8836628901915878 
0.9171968206985992 0.27007932144279406 0.7961323544322598 0.2134127982330147 0 0 0 0.3053051164341959 1.2140103116686731 1.157514708290342 0.9167966540154546 0.927041644990009 
0.9082673704550295 0.62987936041143 0.7886781389585172 0.20110475863161123 0 0 0 0.10104432004108231 1.3660876966404982 0.9210776730309124 0.8223075304365797 0.8663936415828775 
1.053400692210863 0.7306432141400128 0.7897374433980293 0.6653278676104 0.7877792762902079 0.6599478176642116 0.4456340290144674 0.02690598555417287 0.7328496047667404 0.37931474368169515 0.8164599905263592 1.0257305797890008 
0.996932032262282 0.8009011652412943 0.7432853709838709 0.7547941160987004 0.750229241645856 0.7591450518361346 0.5639886032622946 0.48019791511856 0.44430453838919887 0.007972515908765443 0.7824865452215398 0.9338722058558016 

1.5216421739724202 0.40361853894936384 0.4323169204026162 0.5761798103838944 1.114064572530109 0.5935840426127339 0.35840193456026903 0.580798308156504 0.5702577867970255 0.3841452535979395 0.02951182303035235 0 
0 0 0 0 0 0 0 0 0 0 0 0 
0.34271153889748485 0 0 0 0 0 0 0 0 0.4036893417252152 0 0 
0 0 0 0 0 0 0.38237109638698197 0.23132391446729733 0.3056836241497078 0.3775639605841311 0 0 
0 0 0.8877847988994348 1.0514354805287502 0 0 0.49369573482951 0.47677706010237975 0 0 0 0 
0 0 0.22114399549733726 0 0 0 0 0 0 0 0 0 
0 0.33983706196402197 0 0 0 0 0 0 0 0 0 0 
0.14971570524271827 0.07730712426976699 0 0.22346584148816823 0.749244449443598 0.19885937941775828 0 0 0 0 0 0 
0 0 0 0 0 0 0 0 0.15246158611981217 0 0 0 
0 0 0 0 0 0 0 0 0 0 0 0 
0 0 0 0 0 0 0 0 0 0 0 0 
0 0 0 0 0 0 0 0 0 0 0 0 

1.1243555495007995 0.8533925926390323 0.7181011013881381 1.1733177234582866 1.1631532735811183 0.9157214286373906 0.7440846745738162 0.9698965107789115 0.47667903600550987 0.5634452148435325 0.2945476728330793 0 
0 0 0 0 0 0 0 0 0 0 0 0 
0.37092312083027684 0 0.4144845739215899 0.15446467086723167 0 0 0 0 0.1436029610342866 0.27065814320391357 0.48675435241444903 0 
0 0 0.15561414871039841 0.06897625242316618 0.5371727688241725 0.7425696755868112 0.2789576022285307 0.013992933883073794 0.37021042125950654 0.6982981640389488 0.7420481520473595 0 
0 0 0.6228971294125898 0.6554544665286621 0.38999424248881676 0.9393125974281179 0.7311872767305376 0.2171739012762017 0.3287589047347537 0 0.06486110448581864 0.09085583644727871 
0 0 0.5516663148621304 0.673670430740082 0.027898274522279776 0.3272288185511262 0.17777796788445757 0 0.300162227536073 0.270214793831395 0.5963669403335204 0.23532216781178822 
0 0 0.7783256296375822 0.3636037180638539 0 0.40164473471729883 0.16835196579950099 0 0 0.367008919044438 0.3140536439749918 0.2456649251267482 
0 0.5885579196525699 0.8435689434627835 1.1080655029454696 0.7793527943111015 0.49085886086049507 0.2499450219968447 0 0 0.051333633280347464 0.048837663401696665 0.20073238478837593 
0.25559876163719675 0.6477256640946754 0.30408604980855364 0.7613131560563053 0.41428362630507143 0 0 0 0 0 0.21727801493057225 0.3176167389547218 
0.3176060120499167 0.39249443785415783 0.28932207664630377 0.35980867006288647 0.024761824698173642 0 0 0 0 0 0.19770970984792413 0.28362130948049685 
0.2748987420825868 0.2701931803923664 0.39085690626503394 0.47732641122151104 0.43486754648760034 0.46145438299085295 0.32212850523744474 0 0 0 0.3699845827147615 0.28118252276090805 
0.3313748137401355 0.29879182941860083 0.3573333728463054 0.3493054551941104 0.3532532273227727 0.3632875933841011 0.6674407702107451 0.437259843761281 0 0.2961553219748883 0.37342251716543795 0.33267036617394546 

2.5922874876063173 1.999186729515115 1.6608999188053033 1.7233329668681072 1.7834746231206953 1.6349458995714823 1.4653636300334791 1.463179762841609 1.7145907885203047 1.809312491313928 2.2101835868798974 2.4213738114734324 
0 1.0470865774449456 1.3172821433842974 1.1208684183467401 0.49864579627035993 0.6491601643773562 0.7556253418355703 0.6603601493619339 0.8731119133535504 1.197096468267689 1.4105869615150286 2.6755495951014905 
1.6061186124472133 1.4810557432944313 1.3851592906967451 1.0780710940863634 1.018635261523083 1.2612066170209026 1.5312963408389557 1.652872958661809 1.4278611703628568 0.9431964727744107 1.3291969137240303 1.9445619455203789 
0.7016144808607514 2.020221224413263 1.699956873838163 0.4938637184314144 1.190955017536935 1.727191984178578 0.763859792244243 1.0607272432991837 1.6345287957628927 1.697910877304516 1.5778613805059252 1.8705931348019225 
0.8364350670182323 1.2559521185656923 1.485290705647794 0.804509523631641 1.0500453144539132 1.4557805703908064 1.005545078622435 0.9823203032397657 0.9923731181005258 0.9955043472009013 1.420907675676711 1.9211089262317342 
0.8452007357164066 1.4274373994086569 0.27317178362305217 0.7069930697631545 2.0552255752280946 1.4216995383952722 0.8579021359491984 1.4397465483875747 2.1720281815680855 1.8654416187712655 1.9758842085802006 1.736175801710836 
1.0440398819513463 1.5799830962875863 0.47146550186427916 0.17388347851332042 1.0962237789434153 0.9882990917834327 0.49479353472459964 1.545718141792107 2.0064718699364965 1.9601605983801622 2.0291307796298206 2.0710914529461277 
1.5330175685925287 1.4285011686386853 1.7388842678419447 1.6890052168335652 1.0608558979043892 1.0596979971093432 1.5468161576458146 1.8083047940238512 1.778342781664117 1.8167923413170206 1.8977302999715304 2.0277350417038007 
1.6371778761216542 1.729692182674808 1.57013293503342 1.0045159657494254 0.898645169194193 1.5147660703646593 2.3616396132691753 2.15160838798135 2.103773433372889 2.053629313973263 1.9235541589063723 1.988599948251554 
1.7506025485633099 1.8085319850698012 1.824908683182501 1.0234248697062753 0.395456198174945 1.3423703119344514 2.0053989623726514 2.022054948785928 2.0907424141898816 1.8814597098838017 1.942201274281769 1.9798693579726554 
1.8169003483045352 1.9102928261389671 1.8179290603926153 1.912105931167773 1.9215249252466249 1.887549627650115 1.1114808898513102 0.936878001430372 1.416200578562977 2.0415403570975803 1.9212544694325813 1.9783946369946708 
1.8617094903147848 1.95985989406639 1.9663344401162615 1.9687848620394024 1.9703231689358087 1.979958847353895 1.7538020130621563 1.6574438989174636 1.6807318569872425 2.10503901163271 1.9973611745217472 1.9509393223854787 

0.04189654370997966 0 0 0 0 0 0 0 0 0 0 0 
0 0 0 0 0 0 0 0 0 0 0 0 
0 0 0 0 0 0 0 0 0 0 0 0 
0 0 0 0 0 0 0 0 0 0 0 0 
0 0 0 0 0 0 0 0 0 0 0 0 
0 0 0 0 0.36110682603719546 0 0 0 0 0 0 0 
0 0 0 0 0 0 0 0 0 0 0 0 
0 0 0 0 0 0 0 0 0 0 0 0 
0 0 0 0 0 0 0 0 0 0 0 0 
0 0 0 0 0 0 0 0 0 0 0 0 
0 0 0 0 0 0 0 0 0 0 0 0 
0 0 0 0 0 0 0 0 0 0 0 0 

0.4249278501153487 0 0 0 0 0 0 0 0 0 0 0 
0.4039674181042082 0 0 0 0.27318364455072647 0 0 0 0 0 0.05986713249040163 0 
0 0 0 0.05927607597946703 0 0 0 0 0 0 0 0 
0.7334557501245599 0 0 0 0 0 0 0 0 0 0 0 
0 0 0 0 0 0 0 0 0 0 0.07951907142462387 0 
0 0 0 0.030294509270015424 0 0 0.25699013219019107 0 0 0 0 0 
0 0 0 0 0 0 0 0 0 0 0.043641941688841376 0.13481752115062845 
0.16773724652287542 0 0 0 0 0 0 0 0.09718948371749268 0.5034328834440922 0.4176130084471087 0.35050449859077587 
0.3774328909398812 0.1569511323316131 0.093700277770216 0.5593171913409509 0.2595674975259941 0 0 0 0 0.5891879885680762 0.40264823267326993 0.35291598310194505 
0.44624541689152125 0.30209996976622217 0.14029173210134682 0.4137669151984583 0.581518739766532 0 0 0 0 0.05782640150174985 0.4070962862272168 0.38134467795084215 
0.288526421280706 0.36962524122212354 0.23797842960073162 0.1747789304838714 0.24082102051902368 0.36307540892677614 0.3033489017988426 0 0 0 0.3911709507954514 0.38905821464818 
0.4163168762509747 0.3557833125544714 0.43396177123960944 0.43926768762901697 0.43429491915240404 0.43825183049601024 0.5362868894711061 0.25011301171549116 0 0 0.45745933945870915 0.433365891745915 

1.163915468177485 0.5363118268695262 0.8787027644479146 1.349665269208614 1.4271038867302983 0.968770538694774 0.8024439751571706 0.7498227184309644 1.1761576340370707 1.4084363001134947 1.6182079790127701 0.5494233569591288 
0 0 0 0 0 0 0 0 0 0 0 0 
0.6869056788970329 0 0 0 0 0 0 0 0 0 0 0.5338511935239895 
0 0 0 0.5681639166674348 0.3637115197104336 0 0 0.347304216801261 0 0 0 0.2680524597768759 
0 0 0.7208864145301922 1.1069793671802408 0.3037750209716393 0.12945128990674518 0.3051441743372143 0 0 0 0 0 
0 0 0 0 0 0 0 0 0 0 0.09844473809446541 0 
0 0 0 0 0 0 0 0 0 0 0 0 
0 0 0 0.4512478309190012 0.7191893665082385 0.08405299644619778 0 0 0 0.1164989065578688 0.10855265212823198 0.2787837489744946 
0 0 0 0 0 0 0 0 0.012535117666762186 0 0.16181841416304132 0.22886860075581889 
0.29766756765310837 0.0962601722988232 0 0 0 0 0 0 0 0 0.16428539334928854 0.21000559363801602 
0.525237583295379 0.38020014694250953 0.07141893705516303 0.17656435660996572 0.26122091943900216 0.3479637909975581 0 0 0 0 0.17511201555119332 0.3958967279090375 
0.20125838507231664 0.14735087494960816 0.1961015462550254 0.20107980594014416 0.1999510683373968 0.21711831510361168 0.2203057555320449 0.2625446119565013 0 0 0.22553806634512 0.2197477638578053 

0 0 0 0 0 0 0 0 0 0 0 0 
1.0438155683589785 1.1167457875087812 0.6325631984495613 0.9571064527730374 1.0247070188817116 1.2035985154142317 0.5747723605674993 0.6037820759150555 0.2350005245707182 0.34257581230964596 1.2153490936399762 1.4752003071056439 
0 0 0 0.14642205739262656 0.6528425934087855 0.5580677968618912 0.1654663722537229 0 0 0 0 0.619727746833467 
0.7160519330490414 0 0 0 0 0 0 0 0 0 0 0 
0.02123737221529258 0 0 0 0 0 0 0 0 0 0.6161874319199561 0.5811505931975849 
0 0 0 0 0 0 0 0 0 0 0 0 
0 0 0 0.36652207593337555 0 0 0 0.001566406849045028 0.6127551827196112 0.42730335474223374 0.43398083329685627 0.3249652864581365 
0 0 0.21981381216424667 0 0 0 0 0 0.03833885889551612 0.5462174196588421 0.5672204444009681 0.5234086782991291 
0.09704744104650492 0.10895204411655306 0 0.02077652643155275 0 0 0 0 0 0 0.13830248408124918 0.2526893625628544 
0.30535203510731757 0.19878343034579343 0.06381627201813797 0.49304839146348167 1.172350949195957 1.4270020990006054 0.9881746888806777 0.203780237055331 0 0 0.3979232549993076 0.4732647859935183 
0.3141743826234432 0.33031015099718036 0.15496200463282594 0.23697010721891343 0.20875356696177189 0.3008731396229733 0.5313691857069742 0.44617088292524293 0 0 0.28886319664815185 0.3537850071548241 
0.16977794567982446 0.14906748497562522 0.3565608654211697 0.35551063877807687 0.3584466521089337 0.3519274466733372 0.4276565160365746 0.4671870032919867 0 0.32692006193831097 0.3932118940982526 0.36171926672453636 

2.1200494461534123 1.8505703994878777 1.5235046274768975 1.8071825544244366 2.0967321464185007 1.3499729466898054 1.0332081862672544 1.1989027862075796 1.8660931134486385 1.8110256042153472 1.3680399228696678 0.25870440551133883 
0 0 0 0 0 0 0 0 0 0 0 0 
0.8924451207539599 0 0 0.131562417768769 0 0 0 0 0 0 0 0 
0.6648943605829833 0 0.6156379712380736 0.3990169299856179 0 0 1.019841618208413 0.05635850271785511 0 0.16367461164437386 0.42465788480211536 0.4292294755320659 
1.7909099631214414 0.9463034934385197 1.0094614854929924 0.5295317787458583 0 0.19369749251796423 1.3422323314742213 0.7010355973999799 0 0 0 0.062347043872793564 
1.666072874044752 0.039352122033714146 0 0 0 0 0 0 0 0 0.11727037844483626 0.3695868196383379 
0.016679468249840755 0 0 0 0 0 0 0 0 0 0.002643934576437498 0.1688021885151446 
0 0 0.5785636478980253 1.0230994554877086 1.2416200843562362 0.10585189207620849 0 0 0.446837015430281 0.5806275022252022 0.4115261223852824 0.4524471056166426 
0.4813833385235167 0.538075802794936 0.5589801695811847 0 0 0 0 0.646059586106397 0.5384005784434872 0.09620359812095503 0.5435966094332169 0.4854359871201548 
0.538935029278562 0.17545073864808347 0.0770371175842264 0 0 0 0 0 0.052905692570206095 0 0.3672699494702608 0.5893492542801498 
0.7895313226057448 0.26570721632646643 0.3611912691279262 0.39380928225596973 0.40369962069484205 0 0 0 0 0 0.5925133143880872 0.6508770224947139 
0.6002670305519406 0.2367968600839636 0.4516205812189169 0.45474293215133066 0.4539339014476189 0.46777588780565066 0.45851993213959397 0 0.1194220100626633 0.40830473934246764 0.5445002733976346 0.5962542581882935 

1.6471040060271678 1.840757209496262 1.934250314455952 2.2840761065725546 1.7808878223722346 2.2142568289586695 2.9073678086525296 3.743848524079103 2.123832023714659 1.0961907219428384 0.917948383814459 0.07570030410472212 
0.3176454951775013 1.4198026199079041 2.7659648907170866 1.3904609275094968 1.749795046226444 1.6966977506392593 2.215995856474136 2.5008368651000072 2.4797662137067156 1.7374275623019741 1.6039238985748234 0.426301653184933 
0.10430327171057423 0.610014498057037 0.6005708018719655 0.1383313777761559 0.05277504098627741 0.5223240078969724 1.070958656429305 0.5467062492451671 0.7471124676503735 1.9146771748307512 1.7757209675646257 0 
0.6921120691776557 1.600453778181158 0 0.24893220263643528 0.8396821625765445 0.9966316443118666 0.8836214558938099 0.05243696161216441 1.2996334271180232 0.6773772505237554 0.6063077757400243 0 
0.3480666889751205 1.1022978064580844 1.4709840419275462 2.5762958875880644 1.4255341615609136 0.6557969385124959 1.1448019289428941 2.116501773185329 1.4538951102969182 0.577668957830598 0.8241388190398106 0.19177455829264442 
0.5556174452842061 1.3972948022360288 2.861340965554536 2.4854284018773334 1.6874360041728438 1.9486802508580618 1.4257820573996136 1.6636606963766758 1.2895274998155228 1.7112483462765116 0.22441832012435345 0.2769583452851648 
0 2.1675418486097806 1.1597620165158162 0.1488505504850478 1.550467515559327 1.6102303061290006 1.0187581936699273 0.9689065270699204 1.2218618784542685 0.3298894206881465 0 0 
0 1.144856833769711 0.032193911408360545 0.4931181963674924 1.0163362064346055 1.867788621132502 1.6580994511448808 1.0756358404810533 0.20787628149557455 0 0 0 
0.03418865060765592 0.09131296444235179 0 0.8074677650115651 1.320926431144053 2.0190854494430117 1.584383384327587 1.1911057627240926 0 0.3104858067025418 0 0 
0 0 0.02860089233250677 0 0 0.38644291372456346 0.7191179357059623 1.2268883573590685 0.072947497465141 0.5990785367948397 0 0 
0 0 0 0 0 0 0 0 0.5068054990267917 0.9108083663080572 0 0 
0 0.19325766244038628 0 0 0 0 0 0 0.3071394655871605 0 0 0 

0 0 0 0 0 0 0 0 0 0 0 0 
0.39169504284247786 0 0 0 0 0 0 0 0 0 0 0 
0 0 0 0 0 0 0 0 0 0 0 0 
0 0 0 0 0 0 0.11299937187073028 0 0 0 0 0 
0 0 0 0 0 0 0 0 0 0 0 0 
0 0 0 0 0 0 0 0 0 0 0 0 
0 0 0 0.5320672673670607 0 0 0 0 0 0 0 0 
0 0.006707327925789333 0 0 0 0 0 0 0 0 0 0 
0 0 0 0 0 0 0 0 0 0 0 0 
0 0 0 0 0 0 0 0 0 0 0 0 
0 0 0 0 0 0 0 0 0.10554735380396649 0.007376293483733736 0 0 
0 0 0 0 0 0 0 0 0.08214310097741062 0.25444289994841734 0 0 

0.18392704376248256 0.6438523146338017 0.37683872670432134 0.6385855237881334 0.4347282165054485 0.8178195878251315 0.9318464800240442 1.0923988703091774 0.7548713537608336 0.6265221793580976 0.04641833519232494 0.06805671044598574 
0.5532872590560698 1.8158219140643626 1.6587691843324548 0.5351728376012085 0.4350237293944569 0.400392828889355 0.8230933575914029 0.8465101122123062 0.9300149163548553 0.7068011092525786 0.07659591633561023 0.5718530888282364 
0 0 0.15156039147129777 0 0 0.011605460414377395 0.09322581137084766 0 0 0 0 0.0018411137165843805 
0 1.108141826720455 0.2761516594812198 0.2847582608353849 0.724027887172522 0.46669193243174195 0.031093730327285338 0.16339518025286506 0.09246458405325823 0.0841627129917651 0 0 
0 0.9963744203528089 0.27166386660876435 0.3746688247723249 1.329418480859952 1.077941540201342 0.33837221636342607 0.6390522420215484 1.1525987524625603 0.47144284506375805 0.5330075747375935 0.3823608879337676 
0 0 0 0.7420469896362265 1.0839246666219045 0.7863434631959039 0.16586339817496754 0.36512552472630067 0.11859632508372998 0.21183974659861188 0.041198953018982534 0.20469375824382177 
0 0 0.15151422551880134 0.2865566981791742 1.051007100637183 1.5394494692854357 1.1015777940726545 0.4028063428971684 0.10870477097023923 0.0980679694982053 0.09016385772522098 0.26760678532534726 
0 0.057938962793018856 0.3586900288660401 0.3781726001030561 0.3092379358513566 0.908042398435539 1.0209948673857974 0.375222402564577 0.3067069062672265 0.1343941449188041 0.26744440233865524 0.31477541642886975 
0.27099934777198365 0.408664869845928 0.48135332507242623 0.47808577023181814 0.3620988568671845 0.23642280525277654 0.07521946975125554 0 0.2093306339351046 0.40049328740257817 0.10444229105037774 0.18779304000088148 
0.3212807594805376 0.2994872644869735 0.20548631413859636 0.28709236094545915 0.3631304833408559 0.39520624706344043 0 0 0 0.14112216009369233 0.014762352321889962 0.18946875777786532 
0.3828433175004588 0.25140923449527547 0.41170450222583926 0.3814515376256586 0.40520260758087745 0 0 0 0 0.18998071834560806 0.15619513752762076 0.214085727309167 
0.19766201840038752 0.33673868275658253 0.3323774508108328 0.32618000379917705 0.3285205882115288 0.3267056205303577 0.27231813758155937 0 0 0 0.12140396768144938 0.1686863338205337 

0 0 0 0 0 0 0 0 0 0 0 0 
0 0 0 0 0 0 0 0 0 0 0 0 
0 0 0 0 0 0 0 0 0.9783444798685446 0.6220509687137296 0 0 
0 0 0.24130171300467151 0.6481686882463945 0 0.07971437336333426 0.6841744354211992 0 0 0 0 0 
0 0 0 0 0 0 0.3172487445514809 0 0 0 0 0 
0 0 0 0 0 0 0 0 0.37836148568865335 0 0 0 
0 0.7125773778319868 0 0 0.8548026181865214 0.29905534387412275 0 0 0 0 0 0 
0 0.48412353625016097 0 0 0.23902284882812297 0 0.024939621283208258 0 0 0 0 0 
0 0 0 0 0 0 0.050046258308132086 0 0 0 0 0 
0 0 0 0 0 0 0 0 0 0 0 0 
0 0 0 0 0 0 0 0 0 0 0 0 
0 0 0 0 0 0 0 0 0 0 0 0 

0 0 0 0 0 0 0 0 0 0 0 0 
0 0 0 0 0 0 0 0 0 0 0 0 
0.4213217940152118 0 0.004942463535921142 0.5563667335245343 0 0 0.18745396914691864 0.811668332276759 0.67993160102817 0 0 0 
0 0 0 0.04740957711452147 0 0 0.6636870637372904 0 0 0 0.5917408683189797 0 
0 0 0 0 0 0 0.19678361837199493 0 0 0 0 0 
0.624156705057201 0 0 0 0 0 0 0 0 0 0 0 
1.2768417530529528 0 0 0 0.0329818038506611 0 0 0 0 0 0.053511864249189904 0 
0.8248047882179466 0.34133442540840814 0 0.16169364988832016 0 0 0 0 0 0 0 0 
0.07251885444451636 0.10198045259198639 0 0 0 0 0 0 0 0 0 0 
0 0.09271056936653937 0.03735633762880175 0.046019385287930176 0 0.6350833887768595 0.8737782924405246 0.6571018078912194 0 0 0 0.019105973832578556 
0 0 0 0 0 0.4600048989486355 1.5267228802115878 1.5823666580336733 0 0 0.07376166671227341 0 
0 0 0 0 0 0 0.5742093815455938 0.855134877381852 0.3784146634229809 0.27906840988469783 0.21001294270454454 0.03796000962763447 

0 0 0 0 0.06992166060847729 0.26025746464063143 0 0 0 0 0 0 
0 0 0 0 0 0 0 0 0 0 0 0 
0 0 0 0 0 0 0 0 0 0 0 0 
0 0 0 0 0 0 0 0 0 0 0 0 
0 0 0 0 0 0 0 0 0 0 0 0 
0 0 0 0 0 0 0 0 0 0 0 0 
0 0 0 0 0 0 0 0 0 0 0 0 
0 0 0 0 0 0 0 0 0 0 0 0 
0 0 0 0 0 0 0 0 0 0 0 0 
0 0 0 0 0 0 0 0 0 0 0 0 
0 0 0 0 0 0 0 0 0 0 0 0 
0 0 0 0 0 0 0 0 0 0 0 0 

0.1313099434972229 0.2237403002044193 0.49988116316486564 0 0 0.09271271727437574 0.45441580872541953 0.5187284751656727 0.4961679453356553 0.20149794377815058 0.4287773637591998 0 
0.4729179699192212 0.2740935440924383 1.3288433396930475 1.7284552880008697 2.5323149146426567 1.965018583816373 1.8114032919713945 1.5778426415996547 1.6941457188592646 1.9581673471078211 1.9367248984002046 0 
0 0.06062426105761731 0.13990841868423753 0.43600689634401973 0.5459713712860015 0.16551049378723273 0.0651752428361578 0.3238469367701043 0.5902113668639009 1.6634150715594935 0.532589755016651 0 
0.2287594703760363 0 0 0 0 0 0 0 0.6398638428685232 1.148040476272265 0 0 
0.06208768790423823 0 0.20596223316768703 0 0 0 0 0 0.8491957318117416 0.40148693456819384 0 0 
0.10850053948739526 1.4410550206798889 3.3681665860542624 1.7901772759383605 0 0.4166779423567318 1.386275858617464 1.1707427417638143 0.5118273031191238 0.5500249602145365 0 0 
0.5688755743880773 2.142238247603343 1.9769712701864497 0 0 0 0.956226337859116 0.711688725352631 0.7729005176278555 0.11632240960090755 0 0 
0.3262212033374459 0.4663234135620471 0 0 0 0 0 0.1664095674033527 0.18929562385201232 0 0 0 
0 0 0 0.5017899048414521 1.5066575463029348 0.8313865191573505 0 0.11662833547552182 0 0 0 0 
0 0 0 0.3996892267259958 0.5990075264849313 0 0 0.2961166211291164 0.06880469317854375 0 0 0 
0 0 0 0 0 0 0 0 0 0 0 0 
0 0 0 0 0 0 0 0 0 0 0 0 

0 0 0 0 0 0 0 0 0 0 0 0 
0 0 0.13492733305318652 0 0 0 0.2850340782207039 0 0 0 0.5169525086439245 0 
0 0 0 0 0 0 0 0 0 0 0 0 
0 0 0 0 0 0 0 0 0 0 0 0 
0 0 0 0 0 0 0 0 0 0 0 0 
0 0 0 0 0 0 0 0 0 0 0 0 
0 0 0.36756075734323457 0 0 0 0 0 0 0 0 0 
0 0 0 0 0 0 0 0 0 0 0 0 
0 0 0 0 0 0 0 0 0 0 0 0 
0 0 0 0 0.15373818442355167 0 0 0 0 0 0 0 
0 0 0 0 0 0 0 0 0 0 0 0 
0 0 0 0 0 0 0 0 0 0 0 0 

0 0 0 0 0 0 0 0 0 0 0 0 
0 0 0 0 0 0 0 0 0 0 0 0 
0 0 0 0 0 0 0 0 0.19402403114172487 0.20675870480527028 0 0 
0 0 0 0 0 0 0 0 0 0.18049251812454187 0 0 
0 0 0 0 0 0 0 0 0 0 0 0 
0 0 0.42630967378166656 0 0 0 0 0 0 0 0 0 
0.14746184288517056 0.53979494874494 0 0 0 0 0 0 0 0 0 0 
0.08809416574281347 0 0 0 0 0 0 0 0 0 0 0 
0 0 0 0 0 0 0 0 0 0 0 0 
0 0 0 0 0 0 0 0 0.04140747753315797 0 0 0 
0 0 0 0 0 0 0 0 0 0 0 0 
0 0 0 0 0 0 0 0 0 0 0 0 

0.49768329667774375 1.3842837490292035 1.31970704638152 0.9907687872479192 0.5712754654221506 0.8247133247534304 1.2410549495271845 1.784232552170427 1.7858877713378722 1.573466102256367 0.6602486209663482 1.0312555014289453 
0 0 0.520654260995989 0.13995753817117443 0 0 0.007739333737636599 0.6812731526563853 0.7656464111398701 0.5224146052938586 0 0.26613751272134284 
0 0.5996152233656147 1.0305558376564035 0.19169699035955856 0 0.19777158151906002 0.295341334165408 0.4003496330524759 0.34849057004769574 0.4746097131607356 0 0.4576521761654957 
0 1.118601884616273 0.7150225979324749 0 0.011186367782724794 0.8514939138396331 0.6260536466344911 0.3457555311852233 0.9831058845953318 1.0152447193933885 0.03384537383219117 0.2922022553167946 
1.0718228758082036 1.7129443960008581 0.43031951199997176 0 0.9615658201685738 1.467023448907593 0.1756956194202056 0.6335148216821038 1.7386651301167246 0.6730245929564872 0.06597178742522548 0.2520751894256396 
0 1.0290000201191944 0.6171119126419919 0 0.2068788940730385 1.1010342947179539 0.2319349650603888 0.22055974061822373 0.7246286611042337 0.6734725229468425 0.46703281408582237 0.5053898514485146 
0 0.45904364131553604 0.8076665936241733 0 0 0.8372489954211484 0.8135026863577839 0.1797739257141956 0.4688943448036276 0.5760931098305553 0.3080013065483909 0.46163767791783544 
0 0.7612911845617893 0.7109493921205161 0.16464409059602206 0 0.612537827353459 1.4785669839245417 1.5097756156675817 1.149982516420609 0.549507582234321 0.47948210264330027 0.44814003867949387 
0.2590881974600032 0.5115068809317896 0.3317147862009593 0 0 0 0.7394903646480722 1.3882850290237205 1.2983263193044097 0.831522196443654 0.408012155749914 0.42628744830296994 
0.20944778667498615 0.2749709260512858 0.19593250733281883 0.3293208612846401 0 0 0 0.06960640858483821 1.0148327201959886 0.9525010628034775 0.46355893775536827 0.4829481030590452 
0.34181348532149874 0.328751959636208 0.36630665147649716 0.3659731003891258 0.36779540545056655 0.001049102772905746 0 0 0 0.760061268005716 0.471912250685151 0.423072601693581 
0.25584073742959607 0.38429449089480716 0.37105277042588497 0.36054754811613016 0.3696440485938824 0.36384004845578666 0 0 0.14581798064279214 0.606236531046621 0.3969413186766073 0.39840113368462005 

0 0 0 0 0 0 0 0 0 0 0 0 
0 0 0 0 0 0 0 0 0 0 0 0 
0 0 0 0 0 0 0 0 0 0 0 0 
0 0 0 0 0 0 0 0 0 0 0 0 
0 0 0 0 0 0 0 0 0 0 0 0 
0 0 0 0 0 0 0 0 0 0 0 0 
0 0 0 0 0 0 0 0 0 0 0 0 
0 0 0 0 0 0 0 0 0 0 0 0 
0 0 0 0 0 0 0 0 0 0 0 0 
0 0 0 0 0 0 0 0 0 0 0 0 
0 0 0 0 0 0 0 0 0 0 0 0 
0 0 0 0 0 0 0 0 0 0 0 0 

1.3799026288041807 1.2217243643856315 1.3578532496923759 1.0700499482026684 0.7991512685237461 0.277619455805754 0.18843812998411588 0.5099707261776779 1.0864545844353906 1.0610438788980925 0.47835860490677024 0.23244596127323247 
0.3465515485686086 0 0 0.3256826892783646 0.40973728992505565 0.8472216602474492 1.1922617980806525 1.1534589929930068 1.7720686564896642 1.6622110711206237 0.1976062765928528 0.9735002879263669 
0.8950079724482114 0 0 0 0.10051323019362696 0.04897044410359233 0.47055719807739393 0.3933612315633432 0.5811206508034692 0.281045179843085 0 0 
0.6250330867706761 0.5628239865905547 1.7747683134728964 0.2862470579214875 0 0 0.5400328078858658 0 0 0 0 0.8517008457092746 
1.267931540572914 0.10231962664002797 1.3562089118611167 0.8076566181698175 0 0 0.720074930668281 0.335511141323224 0 0 0.017173244428808063 0.4764399309724884 
1.5288609665077009 0.1943205189269812 0 0.2201453982701388 1.771865183440742 0.9847376258484446 0.04120872159422008 0.8299815009656976 1.4190699459360916 0.6310437847572644 0.2118851110424389 0.25793246078602006 
0.6617929015911083 0 0 0.2273648212615565 1.4727166031877519 0 0 0 0.7853189556902332 0.5155394720570028 0.6008970287699567 0.5162744124615191 
0.3661580300655005 0.09654682824824087 0.33597892273813257 0.9049684240113277 0.9360909948755958 0 0 0 0 0.341138895527993 0.623132391531655 0.5482941919883612 
0.4182483767025052 0.27661494099503553 0.45227665214550655 0 0.22571173723488508 1.0026483860137934 1.440787990952106 0.5001080324307544 0 0 0.41780778195323454 0.47218700394988067 
0.4865026225989961 0.3005064328839613 0.43700069194025987 0 0 0.5053538184664453 0.3541931577235294 0.18849947900029046 0.14282736052584838 0 0.4270818651663331 0.44931685605951993 
0.6792554131158436 0.3163542355648444 0.35085786721497164 0.3817548856489906 0.3935434929982507 0.24118448515731788 0 0 0 0 0.4192276491537489 0.5185922352279317 
0.5231010448892515 0.5458085866851858 0.527740046184904 0.5307205701983697 0.5290187263149004 0.5343655891070622 0.23432370526874668 0.24476316366365275 0.22608813331662597 0.17760775656091063 0.40948607487138067 0.440602458096809 

1.096622598929419 0 0 0 0 0 0 0 0 0 0 0 
1.6007015532695785 0 0 0 0 0 0 0 0 0 0 0 
1.042827073841465 0 0 0.6324051741745426 0.5282458528378364 0.04143422173120958 0 0 0 0 0 0.04739711361750498 
0.9797972884170734 0 0 0 0 0.5914230569532994 0.5788923370029344 0 0 0.3839514215632 0.4125363049442413 0 
0.5464250289138832 0 0 0 0 0 0.9737277527719982 0 0 0 0 0 
0.4922938017010483 0 0.24884576319002272 1.2954320341759187 0 0 0.8332491294240941 0 0 0 0.06163966305825086 0 
0.5439400695916238 0 0.7514500156975782 1.5490257448740115 0 0 0.22810765310486472 0 0 0.02495172153483692 0 0 
0.2390459490052973 0.0688850523819406 0.5757313499672757 0.774631627236238 0.26653094519396475 0 0 0 0 0.3904439874476229 0.022472101376387093 0.11398859706127396 
0.4295285279294688 0.6670519687287743 0.27077361684630896 0.9561813777398432 1.1751402636093542 0 0 0 0 0 0.35514858603914046 0.24522633487083711 
0.5493970967846403 0.46036103265120026 0.10889825251074961 0.8502764540958907 1.1991508241597386 0.03731696969523564 0 0.0240369695438754 0 0 0.36593033688588394 0.3846699538742983 
0.36927376640621934 0.2598301622572376 0.24874473884052198 0.33598690203389575 0.27272245158857655 0.49979720315201254 0.8821182975131487 1.5548220655536196 0 0 0.489296450084601 0.3573024054721887 
0.4418923886911382 0.06362074672566359 0.29463114907651666 0.30632623647496804 0.2948329770391997 0.30794272975779263 0.5938877516589278 0.6485572393012338 0 0.43323988204244795 0.5805525822497112 0.4478956022751098 

0 0 0 0 0 0 0 0 0 0 0 0 
1.142865747477373 2.361302543927602 1.7192804043063237 1.605545500760993 1.3268351090280777 1.7083330138323076 1.1096185586493366 1.4048846824152628 1.1769769075323673 1.2793090412691428 0.15869007955183917 0 
0.3327815367988645 0 0.6299176810666535 0.7703531227575118 0.9674279522479514 0.9184159462669759 0.9584156713506493 1.523810414216747 1.6415054343811746 1.1485652618155746 0.5767289491958276 0.2180047148834952 
0.5656878040946444 0.6059949023613469 0.85522668700146 0.8995211727511936 1.562916002985594 1.5097548640584995 1.0710852997948714 1.7252052750768403 2.2280709919048776 0.8473538820116178 0 0 
0.6455665614481911 1.2687460689825327 1.5241515206524623 0.7182296058385268 0.3165485716882612 1.3143650594281193 1.229544532393625 0.46778268022118585 1.0746514403672618 0.3327939337593205 0.45450616900302254 0 
0.975125786536658 1.1306109361729322 1.4775404293198615 0.389095324782886 0 0.4203234742274541 1.3640900617601786 0.10484443646842201 0.04071075302317781 0 0 0 
1.4500890945275526 1.057272055471033 1.2146733839348194 1.3353845319533293 1.4976811432603887 2.5680499350866106 2.215103037887117 1.371858068431752 0.6281166115838789 0.16178912688597338 0 0 
0.4890440551139225 0.36654486458878255 0.14967806946772247 0.7803845402338767 0.9513451510578264 1.160850320266549 1.1093285891594797 0.8911894075660179 0.36210109576198163 0 0 0 
0 0 0 0.6126648405585311 0.5207122941692481 0 0.12560379096382004 0.5682897444254446 0.5692701157106476 0.10566891468465364 0 0 
0 0 0 0.358632086623206 0.3346739406346304 0.7092770718320992 1.0472058381881868 1.0698678711304104 0.4266314707939124 0 0 0 
0 0 0 0 0 0 0.5325125016671661 1.244693216729026 0 0 0 0 
0 0 0 0 0 0 0 0.06572313023709436 0 0 0 0 

0 0 0 0 0 0 0 0 0 0.5899523916866561 0 0 
0 0 0 0 0 0 0 0 0 0.25158651119036657 0 0 
0 0 0 0 0 0 0 0 0 0 0 0 
0 0 0.719784175755606 0 0 0 0 0 0 0 0 0 
0 0 1.7977279307920861 0 0 1.2871642120749425 0 0 0 0 0 0 
0 0.3458569520696618 1.214509546315776 0 0 1.1690008034253896 0 0 0 0.02080202664402648 0 0 
0 0 0 0 0 0 0 0 0 0 0 0 
0 0 0 0 0 0 0 0.08938509708090402 0.23139705796618232 0 0 0 
0 0 0 0 0 0 0 0 0.14490229840848345 0.6098969731532218 0 0 
0 0 0 0 0 0 0 0 0 0.7293298412850253 0 0 
0 0 0 0 0 0 0 0 0 0.217793073070246 0 0 
0 0 0 0 0 0 0 0 0 0 0 0 

0.22516992140221181 0.22954885903070818 0 0 0 0 0 0 0 0 0 0.25045007114111856 
0.9587556190275733 0 0 0 0 0 0.24470569539442236 0.8212863954402863 0.4073823608865368 0 0 0 
0 0 0 0.08666081203410965 0 0 0 0.2523611130309323 0.05516822452384669 0 0 0 
0.5465083173920872 0 0 0 0 0 0.1930629875764212 0 0 0 0.1393476004702513 0 
0.15677354539215785 0 0 0 0 0 0 0 0 0 0.00536943935693782 0 
0.21590523448263874 0 0 0.5499295513161346 0.8283495848631963 0 0 0.5692318951024944 0 0 0.10874389306640912 0 
0.3956835934469815 0 0 0.993732962473876 0.3902192138120656 0 0 0 0 0 0.09500133532331388 0 
0 0 0.02336240534247504 0.02864809417407288 0 0 0 0 0 0 0 0.019031235724753254 
0.07882768556217082 0.24297037639581276 0.2741657715723831 0 0 0.35008878711607005 0 0 0 0 0.06668249512458842 0.017343023117197723 
0.18196883857840296 0.20051193981752094 0.06349942947158727 0.009958322790903097 0.4702099024650887 0.6769063990100485 0 0 0 0 0 0.001821205229389524 
0.130924673611852 0.002098248569433794 0.06732629762328655 0.10543179082752858 0.08647040668399092 0.10555080698128266 0 0 0 0 0.11943954770649565 0.08376366063978011 
0.10501924548335947 0.05665625653463673 0.13664166258378918 0.1443617741185673 0.13873672183591168 0.13535236868285222 0.18788708170189267 0.04780668409808965 0.24560468258567814 0.39608445855333946 0.1621265495475429 0.0787873442753306 

0.9414165893007517 0.5996994765019106 0.1959199518158697 0.5666609836273067 0.7177826115744732 0.6012797363548432 0.36458817092492657 0.3835636866933251 0 0 0 0 
0 0 0 0 0 0 0 0 0 0 0 0 
0 0 0 0 0 0 0 0 0 0 0 0 
0 0 0 0 0 0 0 0 0 0 0 0 
0 0 0 0.8726176401847408 0 0 0 0 0 0 0 0 
0 0 0.16797574766226875 0.9019074000339572 0 0 0 0 0 0 0 0 
0 0 0.47375019181962263 0.07398643703983027 0 0 0 0 0 0 0 0 
0 0.10122595460333729 0 0.20258345757311752 0.7857212477200781 0.03229059483309232 0 0 0 0 0 0 
0 0 0 0 0.7073482052781721 0.4238305845080254 0 0 0 0 0 0 
0 0 0 0 0 0 0 0 0 0 0 0 
0 0 0 0 0 0 0 0 0 0 0 0 
0 0 0 0 0 0 0 0 0 0 0 0 

0 0 0 0 0 0 0 0 0 0 0 0 
0 0 0 0 0 0 0 0 0 0 0 0 
0 0 0 0 0 0 0 0 0 0 0 0 
0 0 0 0 0 0 0 0 0 0 0 0 
0 0 0.1528146335631877 0 0 0 0 0 0 0 0 0 
0 0 0 0 0 0 0 0 0 0 0 0 
0 0 0 0 0 0 0 0 0 0 0 0 
0 0 0 0 0 0 0 0 0 0 0 0 
0 0 0 0 0 0 0 0 0 0 0 0 
0 0 0 0 0 0 0 0 0 0 0 0 
0 0 0 0 0 0 0 0 0 0 0 0 
0 0 0 0 0 0 0 0 0 0 0 0 

0 0 0 0 0 0 0 0 0 0 0 0 
0.9242480137754493 0 0 0 0 0 0 0 0 0 0 0 
0 0 0 0 0 0 0 0 0 0 0 0 
0 0 0 0 0 0 0 0 0 0 0 0 
0 0 0 0.21862163673106283 0 0 0 0 0 0 0 0 
0 0 0 0 0 0 0 0 0 0 0 0 
0 0 0 0.5536015960663131 0 0 0 0 0 0 0 0 
0 0 0 0 0 0 0 0 0 0 0 0 
0 0 0 0 0 0 0 0 0 0 0 0 
0 0 0 0 0.1758575468339634 0 0 0 0 0 0 0 
0 0 0 0 0 0 0 0 0 0 0 0 
0 0 0 0 0 0 0 0 0 0 0 0 

