0.05535261386538365 0 0 0 0 0.63443723002648 
0.734957997917254 0.2181821401686309 0.08283011741691654 0.0450774335551473 0.22204706949914477 1.159003343769303 
0.4713772696489852 0 0.08004551539218366 0.25890167595720337 0.5629590403741759 1.2987280918556232 
0.5851344992394637 0 0 0 0.20059126557119697 1.0535439795403336 
0.5589310886989113 0 0 0.1283047717395441 0.29447657755980544 0.7358704544898015 
1.2879177618663924 0.7699716207304854 0.6394033021452319 1.237244368331004 1.6703484455976572 1.5356705900074457 

0 0 0 0 0 0 
0 0 0 0 0 0 
0 0 0 0 0 0 
0 0 0 0 0 0 
0 0 0 0 0 0 
0 0 0 0 0 0 

0.5009454689410294 1.9805621951024626 1.9210508202864816 2.1378975793773556 2.1604936490961646 2.134380093164628 
0 2.039057079419066 1.894195387108926 2.080044315842766 2.1335395625888505 2.6601781643646105 
0 1.446200599392097 1.1750125278119004 1.5911003327323106 2.1436942918979747 2.7762787413291603 
0 1.6121452585802318 0.9930653317743021 1.5065925600544217 2.0556647819529497 2.4388738158852283 
0 1.802344911882968 0.8862631203313284 1.5727216649909137 1.8760654722174965 2.1923789109303584 
0 0.6948067116631316 0.34905590151351346 0.6030485577450994 0.8322760113007439 1.4690563385390465 

0.12640830471300277 0 0 0.0558889424212177 0.030238438965049824 0 
0.019604755699382442 0 0 0 0 0 
0 0 0 0 0 0 
0 0 0 0 0 0.09667139342672745 
0.05257861984679327 0.18848135836020974 0.20557871075773188 0.03186847187678826 0 0 
0 0 0 0 0 0 

0 0.07129782034913522 0.19401129240335355 0.40908040081085906 0.16487681699489373 0 
0.0617201903010231 0 0 0 0 0 
0 0 0 0 0 0 
0.11509646154795783 0 0 0 0 0 
0 0 0.13986379454026873 0 0 0 
0 0 0 0 0 0 

0 0 0 0 0.22326604221482885 0.6393714384197168 
0 0 0 0 0 0.09046364356793565 
0 0 0 0 0 0 
0 0 0 0 0 0 
0 0 0 0 0 0.3629779289667747 
0 0 0 0 0 0 

0 0 0 0 0 0 
0 0 0 0 0 0 
0 0 0 0 0 0 
0 0 0 0 0 0 
0 0 0 0 0 0 
0 0 0 0 0 0 

1.1762235301894677 1.3709887432332133 1.361216698969316 1.3088425828390062 1.3430414225110143 1.0302128922961369 
1.6525078450312032 2.0099755967129136 2.05043322266286 1.999858926691269 1.701520920939796 0.920402562310675 
1.0943455669982285 1.583160767026567 1.4281205253379994 1.4177466656922373 1.6972258630394141 0.9303686108311318 
0.9283900649708192 1.7863548643156766 1.8956329177173823 1.7270945320764928 1.675005950296331 0.9200088264329342 
1.1013267601036791 1.7323892247260182 1.9262198886514468 1.5944488611349168 1.4127967738119014 0.9331480691762181 
1.2458464270000538 0.9707188121637598 1.2293364614739197 1.0942989998110646 1.1250516449499437 0.9252260994287654 

0.31440297329493444 1.5501778448017405 1.5903427250271247 1.629354408046528 2.2855907007956833 2.624199118663876 
0 0.6548621987571208 0.6473951877013372 0.7946815473347196 1.069827152131155 1.8977634833821766 
0 0.37926891661543727 0.06657887840536145 0.5535795023020417 0.9677450037617122 1.9069701924560598 
0 0.6441494971776924 0 0.43456070994203216 1.1542507418514445 1.5659828120370163 
0 1.0284285498933277 0 0.27140165453760595 1.1104570756579986 1.3171587755958825 
0.11826259019373937 0.4813645607024307 0.23685517594881667 0.6775423690785168 1.2524424114980541 1.1444165028022375 

1.3960421126971718 1.356207413371894 1.151250888504404 1.0637155867809327 0.8733692785811659 0.5149035492770703 
1.695417090726395 2.076842658164651 1.9921788639704792 1.9546509706089479 1.6774649308561964 1.2070776827024219 
1.8231331597969833 1.8499598312182222 2.315931460393445 2.0514840675256845 1.821423963567459 1.5035831448848396 
1.674545566715405 2.0693263407225326 2.3351695681018234 2.1411644422362692 1.88040820887956 1.0490480671722247 
1.6150863569000022 2.0742720510022914 2.1522328229396583 2.402777818385561 2.050563861275906 0.9089203559133588 
1.9951049665548686 3.1157455274902124 2.7271123232783863 2.999844835986994 2.7927099588395485 1.8374336416670354 

1.286098255323345 1.2972435321175964 1.6141985352091834 1.6784804855971314 1.5382038582595194 1.2234944546508284 
1.154591821319184 0.5695214075076189 0.6431627283631053 0.6579777968369487 0.801221843194104 0.5670690169310681 
1.185436265597408 0.9558829136003442 0.5945038905769743 0.3005855453063342 0.44427444320866843 0.2273216023075515 
1.0256457793554432 0.7126355231992619 0.2724640309044746 0.37078179904485514 0.6421066856498273 0.11698506863109516 
0.7403777279855517 0.5255583372326004 0.8232435446166414 1.000777337189302 0.8798656953695547 0.4977958297467921 
1.0141085364347366 0.7884361061676992 1.2569265935764662 1.066445630342822 0.8821751670818492 1.0401198994092564 

1.0091804746608863 0.5520725180134123 0.8424196420169118 0.9641320962978248 0.7152612926925138 0.4304996390393588 
1.8665063316312478 1.4999575822676818 1.6820971868883574 1.4801365614505737 1.325060256688556 0.30985848940064464 
1.9306738185591859 1.5501531105512725 1.4553188466809543 1.2491587582867794 1.0382758546913031 0.33723613523721085 
1.9440462548776214 1.5331892242961906 1.6876341012718858 1.4062545765248136 1.1570192580636132 0.3020633518452929 
1.8983288257168751 1.5968654007243832 1.698714946428642 1.4432787566535201 1.0232351263119632 0 
0.981940022144482 0.19449329308508723 0.7291470177057277 0.8633256076996347 0.25558368025150596 0 

3.071713841503971 3.0494902416317866 3.16714075178529 3.200956347902784 2.8846583007114717 2.431374489336736 
3.5187275314440827 3.2631806425022174 3.2053036139486344 3.182563091119856 3.079185653385999 2.2881565858241437 
3.815183410958927 3.661599501377865 3.884610495134481 3.8196623375222907 3.191595765686211 2.437762466632781 
3.9042539584054397 3.818261150276004 3.7710763749515266 3.640693274910857 3.230235971560315 2.3351889292412285 
3.6389267634460687 3.6154147574986264 3.5398841822152685 3.375873762704517 3.033929797180834 2.0861857270839708 
2.8025561015898446 2.6956445216606317 2.805087361643027 2.825201769377169 2.479371090733275 1.735664597866107 

0 0 0 0 0.12358703219898942 0.61779560136559 
0 0 0 0 0 0.9073659615508552 
0 0 0 0 0 0.782709486852342 
0 0 0 0 0 0.7650029316442071 
0 0.17778959529425992 0 0 0 0.7367487023909147 
0 0 0 0 0 0.15937080883103089 

0 0 0 0 0 0.05754929122479913 
0 0 0 0 0 0 
0 0 0 0 0 0 
0 0 0 0 0 0.026426891402080138 
0 0 0 0 0 0.385108484318811 
0.5174762963727689 0.06566615114057578 0.22753938910249324 0.024841866471034826 0.12303617902109198 0.35620161759621893 

0 0 0 0 0 0 
0 0 0 0 0 0 
0 0 0 0 0 0 
0 0 0 0 0 0 
0 0 0 0 0 0 
0 0 0 0 0 0 

3.7690782625472954 3.8691156029302896 3.6533283460856043 3.5787984587236417 3.2713718409270394 2.5588134740995088 
3.227092784844349 4.4386605974148114 4.361038042427443 4.462601374562032 3.8169038580936854 3.311314015197707 
3.605073153324766 4.671122338528603 4.577587753823837 4.482225491348578 4.644511214417577 4.0637890467410225 
3.511212314284681 4.82763848029747 4.80174402152183 4.718808709232276 4.4909139310813595 4.090103188057587 
4.121342061285503 5.1636199291688785 4.75471958317206 5.2515810022383835 4.571269179832638 3.9970176459498568 
3.5249596077772525 4.8534860428003945 4.238860496474265 4.14985193780199 3.644994070157985 3.4933318001178812 

0.04184311308176214 0.5866886953097197 0.5897334164040392 0.6450359598826791 0.38687406396357743 0.3354248637666276 
0 0 0 0 0 0 
0 0.5223481864778556 0.003423306103170795 0 0 0 
0 0.58000966131251 0 0 0.3408088454179367 0 
0 0.7131445042146614 0.29292312333331966 0.3200931452514953 0.4584846750587657 0 
0.03272262849838034 1.0112763093096422 0.6665161806406188 0.6522917440845704 0.49169046250033105 0.17635976075169313 

0 0 0 0 0 0 
0 0 0 0 0 0 
0 0 0 0 0 0 
0 0 0 0 0 0 
0 0 0 0 0 0 
0 0 0 0 0 0 

0 0 0 0 0 0.46839651718692743 
0 0 0 0 0 0 
0 0 0 0 0 0 
0 0 0 0 0 0 
0 0 0 0 0.07351107696277694 0.4309497773273899 
1.373460328367104 1.1400077861011393 0.632839240930271 0.683758856694353 1.017232592487499 0.623049705771313 

