0.2773347718544782 0 0 0 0 0.751362445532221 
1.1033938352537642 0.7179900957374125 0.2207657098192135 0.11227374345444546 0.35720635296519376 0.6674988699938553 
0.7758579913405527 0.19584233397867795 0 0 0.17853928613562087 0.4946193375223751 
1.0657427693121702 0.8127326617361373 0.7801200715191756 0.6530895224743881 0.4854558168225851 0.6004419257412243 
1.1848358365735487 0.7824737586961863 0.664665729700716 0.9524481466081314 0.9519936772714933 1.0831499411498602 
1.6749436457893605 1.4925787292432373 1.3532525284992292 1.4504159899763531 1.5933386527530116 1.7944379622014355 

0 0 0 0 0 0 
0 0 0 0 0 0 
0 0 0 0 0 0 
0 0 0 0 0 0 
0 0 0 0 0 0 
0 0 0 0 0 0 

0.5753744806980206 1.64479383846332 1.5026272321352423 1.5446509146953162 1.5402446768510938 1.871662700609412 
0.18642486828524713 2.3826027908764793 2.171210448817556 1.60183552968227 1.5955284092005704 2.1652458243717603 
0.3180869353507132 2.2911384315629224 2.3990934873069216 2.122490403062049 1.5854023050900843 2.198168749074601 
0 1.7367752326738877 1.8965928172128719 1.8606660692189574 1.8284639970950267 2.1034725394168503 
0.036140364173778 1.5670551287498675 1.3964626147015977 1.803349031992822 1.9017320041776145 2.1479471240619255 
0 0.6871698265107105 0.7182792347199903 0.8185519964414217 0.8137182128367221 1.4229771562380567 

0.006008967636086743 0 0 0 0.10770440697939379 0.18158253565787758 
0.10676101951317726 0.24668614027566416 0.1089992776428165 0 0 0.10279467532316314 
0.13355670433492672 0.29612543158479365 0.139351166562728 0.06381797220562226 0.21155518492486872 0.17056538857627268 
0 0 0.09193964886341607 0.06698814445787796 0.27728904171383967 0.024273971657871478 
0 0 0 0 0 0 
0 0 0 0 0 0 

0 0 0 0 0.2806489924913607 0.033154540887160355 
0.6749091489090059 0.2755325004397894 0.628341885375031 0.17917817018938959 0 0 
0.046156471334242444 0 0 0.23222664349066197 0 0 
0.014897907219509385 0 0 0 0 0 
0.12971033807849924 0 0 0 0 0 
0 0 0 0 0 0 

0 0 0 0 0 0.10655535697966584 
0 0 0 0 0 0 
0 0 0 0 0 0 
0 0 0 0 0 0.32563558404750553 
0 0 0 0 0 0.31728475330240796 
0.19228601747499918 0 0 0 0 0 

0 0 0 0 0 0 
0 0 0 0 0 0 
0 0 0 0 0 0 
0 0 0 0 0 0 
0 0 0 0 0 0 
0 0 0 0 0 0 

1.0118890815196024 1.0990875669594473 1.4746809886896894 1.5360399785237158 0.7416940488272213 1.0985655571830228 
1.507705738584349 1.6737160436251834 1.818722537718885 1.3885274672902714 1.4012081659214188 1.0887953553180225 
1.2809962748345798 1.4988040567605478 1.4176956629440478 1.4155690955629714 1.44407030045268 1.0598052414640893 
1.3308713955395426 1.4402305076018864 1.6354185355122135 1.386064162284275 1.4831309079984345 0.9219800247652752 
1.500297512578952 1.8001636864859991 1.7219852718429935 1.6124126283832352 1.705596059940598 0.9325172766475512 
1.4999976794184293 1.337439630911401 1.3685801358885485 1.362482057167752 1.337419196178192 0.9268037726670428 

0.4807825448587921 1.783331090023629 1.5663696227610824 1.472735236446715 1.4032705830427814 2.442367602226373 
0 0.6737769601146724 0.4381863322059011 0.2777713656768881 1.0569938531168526 1.725762883469491 
0 0.5914491646562829 0.2220127099479757 0.8195515223182144 0.9572100358151998 1.4090213421167408 
0 0.7765423880789522 0.9294528329311831 0.6887631153844522 0.8243718146350407 1.144842651130333 
0.21639901415006685 1.1269521373399225 0.7784350272945899 0.8110893251078578 1.2333022395084081 1.2976105800769229 
1.259528877211352 1.2813710280487847 1.2165628418537686 1.3132326515510806 1.448571044846551 1.2364832550815743 

1.5970045842566214 1.363074721331765 1.4280170357366864 1.1580852341450107 1.3425714705809861 0.7710969482320861 
1.8534488786925416 2.2553248999799593 1.65694932091262 1.9730270507790346 1.6298435788462045 1.1514993720954 
1.8307886336116281 1.9592826604020406 1.958874599968817 2.0405498668466335 1.5048339554099368 1.1635681618505385 
1.759094966757902 2.1440906310863936 2.1218203478394333 2.0714970354893714 1.9489914706844556 1.062518894196063 
1.7700705831908103 1.8904350962339906 1.7444959387718932 1.8834534049161946 1.7993243223386812 1.0104608079413797 
2.058406047205885 2.5933538410354666 2.570193667663452 2.571032176027763 2.521280744369056 1.6742349896437259 

1.6311144097942496 1.144132623145548 0.8471767049080071 1.3712883163538259 1.0958099416430485 0.7707236842598377 
1.6913344584213674 1.208540534687171 1.6010089471582494 1.1941930651643964 0.873064762261861 0.2034055255839377 
1.5222153609306848 1.3839916935125551 1.2229108535988522 0.915663162909759 0.6884784649625859 0.3420856133348002 
1.546065990256185 1.036482961732112 0.850383362257284 0.6659297804059131 0.9089320712300646 0.6567943825890329 
1.4390136245980414 1.2392958810785148 1.251405006252062 1.1224590764201536 1.2616932571732222 0.7786009610899965 
1.4855446570727489 1.124422741965903 1.1525970186471648 1.1728243881925398 1.1828440550982864 1.1516592770360132 

1.4056119364703918 0.6269448131625323 0.1769249497187948 0.988642537361557 1.0199366597444632 0.6668867843094031 
2.622000397244588 2.0803494059464516 2.3165762236492307 1.8205699734733367 1.3913426850476394 0.2626032857752234 
2.1774039998139547 1.9067675937942241 1.5829220680889673 2.064761668471547 1.4797557334527904 0.18130481081669597 
2.1652053393986597 1.4915192807589999 1.4472528971744216 1.2607593067164575 1.049313233176305 0.08066649340557346 
1.829813587422904 1.4590367839447922 1.2834260300519489 1.072925875207805 1.0317420690079642 0.0847341804362977 
1.1794021411906643 0.35700472014942425 0.25272309205940574 0.3418975672318962 0.37881107297943134 0.003981187901131611 

3.332422292351316 3.310012697144822 2.973540522688896 3.1516463518768876 3.1608660349619724 2.5165268807570267 
3.9195951727969836 3.8311605796352866 3.6701015634784047 3.622257013492487 3.501518902857204 2.4269355418783953 
3.6011527749483694 3.590719326950576 3.588103753053448 3.8144488087794697 3.4117785272303576 2.397281127324821 
3.6955899472945015 3.5929535228674356 3.4609679510045743 3.214332355682533 2.9928869275522563 2.2739807565768424 
3.231992862077875 3.0676925752338096 3.116422667083896 2.8646802963519877 2.744878330277668 2.096808910933408 
2.6989903238913153 2.358230601010251 2.314646183651695 2.335803322476762 2.361754083030058 1.8555194844380762 

0 0.2886974839625568 0.20657997788266347 0 0 0.3415546417324287 
0 0.2545291099432316 0 0 0.5469141606331875 0.5817880976497033 
0 0 0 0 0.3051502598118159 0.7237923015109282 
0 0 0 0 0 0.7727053081585421 
0 0 0 0 0 0.8295394037955037 
0 0 0 0 0 0.18325288092698339 

0 0 0 0 0 0 
0 0 0 0 0 0 
0 0 0 0 0 0.13886129342371256 
0 0 0 0 0 0.33712248427475444 
0 0 0 0 0 0.3272081720251529 
0.3044415191080147 0.05533186886973596 0.049088942124500566 0.023414985035092657 0 0.2777282907243999 

0 0 0 0 0 0 
0 0 0 0 0 0 
0 0 0 0 0 0 
0 0 0 0 0 0 
0 0 0 0 0 0 
0 0 0 0 0 0 

3.8778406287946767 3.7797886792995126 3.7611361050854124 3.6376281421098473 3.044581755388675 2.3077435146017278 
3.6187507488323436 4.932221285884666 4.350757907504938 4.582895922352848 4.581610699025334 3.360803614321315 
3.9499529063676246 5.678394955577639 5.599506775937479 4.965906131852308 4.621508776022042 4.144031952212946 
3.089162026502837 4.95466697578633 5.211554054126566 5.211042995700471 5.163495420489184 4.337219588129847 
2.9493277367507758 4.102020397721749 3.965135041319497 4.376547721117842 4.391902206899147 3.991896949938863 
2.2104332928325876 3.189673503669573 3.209724837097191 3.1042188607531167 2.9680138985533024 3.288869035272462 

0 1.1276025351223442 0.5970769112499353 0.572958553299281 0.89747009212177 0.26036851479673756 
0 0.3947115121262764 0.24352288993107418 0.32699343622375776 0.24530787991291797 0 
0 0.28844304354821376 0 0.4668096004307426 0.45263596524709554 0 
0 0.30238820283501644 0 0.22530687296194354 0.46040046911297683 0 
0.0740450784808569 0.28237133134226067 0.09130465795490446 0.15464235107604368 0.09383648364900478 0 
0.44564581552519655 0.4214933918048509 0.36719068574298575 0.4435186911873197 0.4089883353213919 0.0475728451115826 

0 0 0 0 0 0 
0 0 0 0 0 0 
0 0 0 0 0 0 
0 0 0 0 0 0 
0 0 0 0 0 0 
0 0 0 0 0 0 

0 0 0 0 0 0 
0 0 0 0 0 0 
0 0 0 0 0 0 
0.07869464959790659 0.14070514908220516 0 0.42532166114819525 0.49200717411309997 0.20704068843255766 
0.10783796020215258 0.3233986742143313 0.3416270940420493 0.224569195598341 0.27133401309118044 0.4190889129111971 
0.7987602786514683 1.0291444693984102 0.8733995556001455 0.8264277036113371 0.9308949034680745 0.6380594950375956 

