0.039365320469809166 0 0.11192153046304862 0 0 0.3074989365191878 
1.0822613191190642 0.46269370817765976 0.7963406843744926 0.04477921356648745 0 0.2697208337759135 
0 0 0 0 0 0 
0 0 0 0 0 0 
0 0 0 0 0 1.2058415262413742 
0 0 0 0 1.6749606385676734 1.7635852521490207 

0 0 0 0 0 0 
0 0 0 0 0 0 
0 0 0 0 0 0 
0 0 0.6947248408464127 0 0 0 
0 0.8096169966252361 0 0 0 0 
0.7398892113202282 0.07776918338334102 0 0 0 0 

0.9838973409795301 2.661668698457006 1.365407752138779 0.7129499699201373 1.1267780350146528 1.7154181199110128 
0.24956500071843 3.114379981289866 1.2732599517421739 0.06911980551978458 0.2133429236608072 1.984108796350531 
0 2.0971076222582106 0.06395295807568868 0 0 1.0603556370522935 
0 0.16309759037330074 0 0.5943611468409634 1.172614244885888 1.3551920987917399 
0 0 0 1.6918333254926783 2.065951110158067 2.2191908291927507 
0 0 0 1.1216386077668155 1.1440030480747645 1.3999017353125058 

0.33019563634197335 0 0 0 0 0 
0 0 0 0 0 0.19176320843255068 
0 0 0.17981275265320806 0.23406891606985267 0.1457820708889933 0 
0 0.012575276433367866 0.556256196155181 0.08845186987941023 0.10924280568406644 0 
0 0 0 0 0 0 
0.008065224946137595 0 0 0 0 0 

0 0 0 0 0 0 
0 0 0.5872467015037734 0 0 0 
0 0 0.06787633844423879 0.02179618299021377 0 0 
0 0 0 0 0 0 
0 0 0 0 0 0 
0 0 0 0 0 0 

0 0.09078514017714896 0.146553574250453 0 0 0 
0 0 0 0 0 0 
0 0 0 0 0 0.15932620729214395 
0 0 0 0 0 0.4769939498014434 
0 0 0 0 0 0.21036856872569942 
0 0 0 0 0 0 

0 0 0 0 0 0 
0 0 0 0 0 0 
0 0 0 0 0 0 
0 0 0 0 0 0 
0 0 0 0 0 0 
0 0 0 0 0 0 

0.7728263068197441 1.538439231784659 1.2015277144929284 0.6502831516691417 0.7072342773636792 1.104806136376173 
1.1512852127205175 1.3306525489331478 1.4611963777806898 2.1588257327544955 2.5730942653132884 1.9530949083814768 
0.7850075709416857 1.6716708702408085 2.520781413049231 2.1596008225201273 2.5210188322844136 1.5165617758624206 
0.48461574366963867 2.060210597802347 3.2843351173266515 2.9653834161582844 2.4589525724581907 1.3236179067184568 
1.9029873062259268 3.5593692106820125 3.5118268688895724 2.3983698005242005 1.8548153594670695 1.0750987481004053 
2.909398506911955 2.8755147478791176 1.6659010960760021 1.126297548106473 1.3870399579174437 0.9589026148287 

0.3012734477826973 2.684201352643777 1.8343264088839777 0.8234006937732945 1.0602251276790187 2.0366312521061065 
0 1.4819556631476685 0.7470227594283421 0.6875020799335001 0.4901847349491824 1.3212138117550074 
0 0.44934970100428995 0 0.18821423923453254 0.07079938164920434 0.05076574172083383 
0 0 0 0 0.03426796986597261 0 
0 0 0 0.08864730318033846 0.5472820108259424 1.2250468113208395 
0 0 0 0 1.3901695047676013 1.2494392978434217 

1.0830586453590174 0.8354895135971085 1.5189351596790444 1.2979070577943155 0.9431814206842842 0.942875656701542 
1.3640547708452428 1.6875760428166657 1.5762181960279142 1.6831451255033327 1.2969896626673916 0.9213667613897473 
0.7950336235762461 1.224795387062367 1.5915453753799667 1.8061137445395135 1.6463230594494256 0.8683380912840001 
0.98185994931177 1.4987092869064602 1.304652398467913 1.9568187965831247 1.8571411098229287 1.1184660606376982 
1.7432742139704707 2.423805673494665 1.965475759501097 1.9204033283384336 2.255205397394434 1.0513469255623278 
3.2356068202947665 3.852136901630809 3.3389131454530423 3.614897697053954 2.801764443279618 1.6561776672638777 

0.5376595378172606 1.6081119902876257 2.1737279703747845 1.4416128274899849 0.6357842497151386 0 
0.8624878246436087 1.428156846226694 0.8318209072500382 0 0 0 
0.2760395301797554 0 0 0 0 0 
0 0 0 0 0.26571182015454076 0.5577166891852448 
0 0 0 0 0.8978194900376427 0.7051205421415457 
0 0 0 0.2087680544084929 1.0930477536056873 1.1684963294334396 

0.36491558727309165 0.2609650241328977 0.9710464915003411 0.47982498865718715 0 0 
0.9977022436414564 1.2490285636005598 1.9792744743758455 1.6131687150605938 1.1076502491868316 0.04285426623352101 
1.3271806654908886 1.3440301032491415 1.9104138890670974 0.8167011629687131 0.1569486521731856 0 
0.8581464419047738 0 0 0.06602154836127344 0.19762177229895 0 
0.26770692012825614 0 0 0 0.6595315049480159 0.22605423939231 
0.43859743696150055 0 0 0 0.22887537365870425 0.030971281078149893 

2.815145166383419 2.4539057656373253 2.9305460684171685 3.0179460030045657 2.8033047335349193 2.2161888977600164 
3.3066947200428998 3.236895064382908 3.60434002581145 3.6939462056611125 3.0516920301903605 1.8947301752584287 
3.3720629443272756 3.086209746214363 3.607225209334882 3.4481712209867648 2.9001873548618637 1.9846460476211125 
4.108659556869842 3.691570821046207 3.2221655184768387 2.620895357213339 2.0714955087736335 1.6441270153843999 
3.532435539006479 2.8683566216675223 2.4896566900993857 2.422106665220176 2.5014742791051687 1.9793989418049283 
3.107633840039778 1.909497738687532 1.7461050440228336 1.9776646445341222 2.2603996847158294 1.8417213259636724 

0.15571685980807515 0.11529225818997645 0 0 0 0 
0 0 0 0 0.04218234892408268 0.13862365990232586 
0 0.47172169294378896 0 0 0 0.22572265662226787 
0 0 0 0 0 0.6738800803171214 
0 0 0 0 0 0.8830702821845334 
0.31474448239598907 0 0 0 0 0.18446856415745885 

0.06257118663191283 0 0 0 0 0 
0.334104204418853 0 0 0 0 0 
0 0 0 0 0 0.4514684501764493 
0 0 0 0 0.09917291057134629 0.804007552085982 
0 0 0 0 0 0.32053473731602805 
0.34514228766310384 0.5308468015775561 0.6838899506135284 0.1521792593453672 0 0.28302175147123515 

0 0 0 0 0 0 
0 0.15835369542606814 0.0884157430204423 0 0 0 
0 0 0 0 0 0 
0 0 0 0 0 0 
0 0 0 0 0 0 
0 0 0 0 0 0 

3.723150385924142 3.545219266955071 3.4282998717568143 3.2104777410078276 3.118062828915254 2.514949485142944 
3.268078243971894 4.101462927756388 2.810503634662138 3.534799109536368 3.5417615006734335 3.1592166661730894 
3.700014768560354 5.303751758143947 4.829524961331937 4.409896740807493 5.3907514708599455 4.498177236022727 
4.044461553479027 6.010533410511471 5.36562557750276 5.266082082834814 4.895554591583934 4.546179602870749 
4.3594488361015475 7.073925166012868 5.467075936524039 5.007008301657139 4.431548393322496 3.71370421120404 
4.049117872709568 6.227413601034601 5.485911797373835 4.691399261744554 3.598363060050927 3.22460055824717 

0 0.7421796045026936 1.040888208638202 0.7202721648669526 0.06622311215134676 0 
0 0.38257200316851075 0.2428322161250683 0 0 0 
0 0.2113010731603996 0 0 0.2608133896245298 0 
0 0 0 0 0.7323793047749629 0 
0.34541289404791364 0 0 0.09324655734493781 0.4462415145601706 0 
1.2139961400051282 0.8852032486424637 0.10666924107548423 1.1970726818398914 0.37967960847552235 0.05211904412020409 

0 0 0 0 0 0 
0 0 0 0 0 0 
0 0 0 0 0 0 
0 0 0 0 0 0 
0 0 0 0 0 0 
0 0 0 0 0 0 

0 0.8237508373271796 0.2863055825717924 0 0 0 
0 0 0 0 0 0 
0 0 0 0 0 0 
0 0 0 0 0 0 
0 0 0 0 0 0.21903273015976182 
2.038230593151352 0.7874175295586248 0 0.003010213987507282 0.5651150587261724 0.6100225426361509 

