1.0264569829238321 0.989376685832115 1.4077927726246529 
0.989376685832115 0.989376685832115 1.4077927726246529 
0.8956229164115492 1.2838292853506867 1.3206778216116895 

0.0 0.0 0.0 
0.0 0.0 0.0 
0.13019468190754313 0.0 0.0 

2.4876237816008673 1.8275950039973117 2.0577138986153813 
3.246205536628235 3.246205536628235 2.2174665151130957 
3.246205536628235 3.246205536628235 2.16982104773523 

0.17237319299272358 0.049121973095328064 0.049121973095328064 
0.39544110918473363 0.19281505558241843 0.19281505558241843 
0.39544110918473363 0.19281505558241843 0.19281505558241843 

0.0 0.0 0.0 
1.1386555942648333 1.1386555942648333 0.0 
0.20745994949093952 0.5375327838145946 0.0 

0.0 0.027644977261039372 0.3366732623592729 
0.0 0.0 0.2461909960598418 
0.0 0.0 0.2461909960598418 

0.0 0.0 0.0 
0.0 0.0 0.0 
0.0 0.0 0.0 

2.4334961671926685 1.9880186313819304 1.5842298087877968 
2.1707221707967164 1.9880186313819304 1.7732067042343966 
1.9258509041726968 1.3346185402152728 1.3346185402152728 

2.0434907616678917 1.8527908991768958 1.991531192098485 
1.5550688906357588 1.5550688906357588 1.6848354177749363 
0.8174496305771105 1.349363140085991 1.460262054248692 

2.291522610982356 2.0583020882843845 1.7110935566537164 
2.291522610982356 2.0583020882843845 1.6953966257874566 
3.7789659152496506 3.5793702633014046 2.8834835301821222 

1.6103005643905592 1.6926214586886972 1.6488044466078933 
1.2926932490262057 1.3241264006280689 0.8482285781228718 
1.2367979651214496 1.2494324733677167 0.9026462174028016 

1.3803360918522722 1.3803360918522722 1.3222704754266545 
2.4106530202949052 2.399122638699448 1.4486501872037145 
1.8925190495991326 1.7123438853421755 1.1299645524470447 

3.1377475195885745 3.1884469737856485 3.172502952966077 
4.184494212250846 4.184494212250846 3.300332846929034 
4.184494212250846 4.184494212250846 3.300332846929034 

0.0 0.0 0.5646510963225985 
0.4300328052470356 0.4391228891081147 0.7859833863994999 
0.4300328052470356 0.4300328052470356 0.5886399400037974 

0.16389611967403683 0.0 0.26499641458401907 
0.05144502810538015 0.0 0.19957099025597735 
0.5500299508448623 0.07742626541428085 0.2533348146974019 

0.0 0.0 0.0 
0.0 0.0 0.0 
0.0 0.0 0.0 

3.8094131170085253 3.5599227864109793 3.5178683363379117 
6.637903459393454 5.656895656968799 4.55234101605044 
6.637903459393454 6.123914258065248 4.55234101605044 

0.7025764083344036 0.6111774601818125 0.6111774601818125 
0.3858319725164024 1.0087876959227502 0.39963894776639713 
0.3858319725164024 1.0087876959227502 0.5995667332089245 

0.0 0.0 0.0 
0.0 0.0 0.0 
0.0 0.0 0.0 

0.4874397057235311 0.3053974844590328 0.5613338930950711 
0.0 0.0 0.231146315866526 
1.3117951037746283 1.3076276769284734 1.0907537561814793 

