0.0 0.0 0.0 0.0 0.0 0.0 0.0 0.0 
0.0 3.0828934673947628 1.4344081060102787 1.6153492826471447 1.765574995234917 2.3249593968263573 2.3249593968263573 0.0 
0.0 2.326463672667844 1.4049226442649194 1.5099970447628064 1.587537501478994 1.275125432016123 1.275125432016123 0.0 
0.0 1.8879469644991707 1.5776378783510665 2.0366790801343657 1.7380024226172355 1.390471309782493 1.275125432016123 0.0 
0.0 1.5332832348020131 1.4772063455572988 2.0366790801343657 1.7380024226172355 1.390471309782493 1.0130781134485767 0.0 
0.0 1.646779570877213 1.4575097206381076 1.4575097206381076 1.4360916307791993 1.1859531539978327 1.0130781134485767 0.0 
0.0 1.6944828763987836 1.5878690214019526 1.5878690214019526 1.894138618277986 1.894138618277986 0.5123810270232758 0.0 
0.0 0.0 0.0 0.0 0.0 0.0 0.0 0.0 

0.0 0.0 0.0 0.0 0.0 0.0 0.0 0.0 
0.0 0.44905493845502403 0.4810188064941322 0.4416735022403316 0.3547198357736194 1.1522341242649676 1.1522341242649676 0.0 
0.0 0.041952836845590084 0.4717722377029525 0.4717722377029525 0.0 1.1522341242649676 1.3477285513263286 0.0 
0.0 0.496174590697121 0.8050821490854801 0.4807205577796193 0.0 1.0526168275730823 1.4820769242092149 0.0 
0.0 0.496174590697121 0.8050821490854801 0.4807205577796193 0.04772532335794101 1.285113451211256 1.4820769242092149 0.0 
0.0 0.350994764285531 0.2729949140137096 0.0 0.3773769286539959 1.0514674018930876 1.091403381990904 0.0 
0.0 0.0 0.0 0.1923116552410086 0.3667222412072919 0.1843074664773829 0.3448395619783647 0.0 
0.0 0.0 0.0 0.0 0.0 0.0 0.0 0.0 

0.0 0.0 0.0 0.0 0.0 0.0 0.0 0.0 
0.0 0.8590498923644119 0.6548703163024369 0.0 0.11749220839318054 0.1305953340665888 0.2595925837822892 0.0 
0.0 0.8590498923644119 0.0 0.0 0.0 0.1305953340665888 0.2595925837822892 0.0 
0.0 0.022723937159488634 0.1298997574312379 0.1298997574312379 0.0 0.03749728945245159 0.039049915085753104 0.0 
0.0 0.0 0.17769581984781335 0.17769581984781335 0.0 0.2908332507946111 0.3872294036734094 0.0 
0.0 0.0 0.17769581984781335 0.17769581984781335 0.0 0.9766651275910181 0.9766651275910181 0.0 
0.0 0.0 0.23374772385529632 0.23374772385529632 1.0523482086027909 1.1354007562410078 0.6287786451161166 0.0 
0.0 0.0 0.0 0.0 0.0 0.0 0.0 0.0 

0.0 0.0 0.0 0.0 0.0 0.0 0.0 0.0 
0.0 2.6200575309903615 2.6200575309903615 0.0 0.0 0.5346379718046974 1.3114372958900835 0.0 
0.0 0.0 0.0 0.0 0.0 0.0 0.3761996863945357 0.0 
0.0 0.0 0.0 0.0 0.0 0.0 0.1698518945274205 0.0 
0.0 0.0 0.0 0.0 0.11782558999427484 0.11782558999427484 0.42813881857701436 0.0 
0.0 0.0 0.0 0.0 0.5231806856588893 0.5552382559431048 0.39518402705881583 0.0 
0.0 0.0 0.0 0.041863320116519394 0.041863320116519394 0.0 0.0 0.0 
0.0 0.0 0.0 0.0 0.0 0.0 0.0 0.0 

0.0 0.0 0.0 0.0 0.0 0.0 0.0 0.0 
0.0 1.4813072355352186 1.2159340646638153 0.9719547142483888 0.8107899336661084 0.6931901053462224 1.141043621133568 0.0 
0.0 1.4813072355352186 0.7433259518566214 1.0824844081451597 0.7806068622366633 0.6931901053462224 1.141043621133568 0.0 
0.0 0.8943031706091327 0.9258384060053761 1.0824844081451597 0.7806068622366633 0.7555891263790698 0.8973840709603715 0.0 
0.0 0.9581466024075428 1.1540051030472454 1.1540051030472454 0.8059534510829478 0.7624706443070811 1.5041695799747405 0.0 
0.0 1.0760360937221485 1.045168617674492 1.045168617674492 0.860960728915499 1.7245769971050768 1.5041695799747405 0.0 
0.0 1.0760360937221485 0.9102147109457212 0.9102147109457212 0.860960728915499 1.7245769971050768 0.6759601116531263 0.0 
0.0 0.0 0.0 0.0 0.0 0.0 0.0 0.0 

0.0 0.0 0.0 0.0 0.0 0.0 0.0 0.0 
0.0 1.1680407388925809 0.0 0.0 0.47605011324728164 0.47605011324728164 0.0 0.0 
0.0 0.5558750762870108 0.0 0.0 0.0 0.0 0.0 0.0 
0.0 0.0 0.0 0.0 0.0 0.0 0.0 0.0 
0.0 0.0 0.0 0.0 0.0 0.0 0.0 0.0 
0.0 0.04896726900149427 0.0 0.0 0.0 0.0 0.0 0.0 
0.0 0.04896726900149427 0.0 0.0 0.0 0.11897059247819819 0.0 0.0 
0.0 0.0 0.0 0.0 0.0 0.0 0.0 0.0 

0.0 0.0 0.0 0.0 0.0 0.0 0.0 0.0 
0.0 0.9270371465086105 0.9176539120357972 0.7420080399119334 1.2675353616856846 1.1579838998752032 0.19875476633495784 0.0 
0.0 0.9176539120357972 0.9176539120357972 0.44929225295834696 0.47990326265305466 0.5058352152037717 0.0 0.0 
0.0 0.4219622140939766 0.22834871146861963 0.05809092296791814 0.6344825798516618 0.580275507264251 0.016031590163120106 0.0 
0.0 0.5273660264820956 0.7404938020975436 0.453170804393309 0.516255699232671 0.2920293086785996 0.0 0.0 
0.0 0.846298900083726 0.7404938020975436 0.458401674643597 0.458401674643597 0.0 0.0 0.0 
0.0 0.846298900083726 0.5084314838639359 0.396635204183979 0.3572630016158852 0.4867534487620033 0.4867534487620033 0.0 
0.0 0.0 0.0 0.0 0.0 0.0 0.0 0.0 

0.0 0.0 0.0 0.0 0.0 0.0 0.0 0.0 
0.0 2.3232610227052346 2.3232610227052346 1.9983140127118637 2.2030560180718517 2.5714002935748006 2.8132176912159608 0.0 
0.0 2.0240573156046633 2.220034923430368 2.1932697110134476 1.8945075830625695 2.1749192538870634 2.3970675133626886 0.0 
0.0 2.1088338173399825 2.322731969838599 2.1932697110134476 1.8638449093749814 2.1541069030506494 2.4275208925413585 0.0 
0.0 1.8667714677431981 2.02305061424457 1.9829545117555738 1.9080794706888133 2.1705431896018217 2.241657361909178 0.0 
0.0 1.6753786470422698 1.5129855173634423 2.0706858696473653 2.0706858696473653 2.0127045229302514 1.940260865504524 0.0 
0.0 1.897602421691555 1.861004707333618 2.0706858696473653 2.0706858696473653 1.5113720949184815 1.719261194357049 0.0 
0.0 0.0 0.0 0.0 0.0 0.0 0.0 0.0 

0.0 0.0 0.0 0.0 0.0 0.0 0.0 0.0 
0.0 0.297907401501186 0.0 0.0 0.0 0.0 0.0 0.0 
0.0 0.0 0.0 0.0 0.0 0.0 0.0 0.0 
0.0 0.0 0.0 0.0 0.0 0.0 0.0 0.0 
0.0 0.0 0.0 0.0 0.0 0.0 0.0 0.0 
0.0 0.0 0.0 0.0 0.0 0.0 0.0 0.0 
0.0 0.09095148558022847 0.0 0.0 0.0 0.0 0.0 0.0 
0.0 0.0 0.0 0.0 0.0 0.0 0.0 0.0 

0.0 0.0 0.0 0.0 0.0 0.0 0.0 0.0 
0.0 0.0 0.3876236364979484 0.49212924972409855 0.445042626600319 0.9194197757948088 0.9194197757948088 0.0 
0.0 0.6068301379660311 0.5189937188795062 0.4967834902552531 0.4633020919686717 0.9194197757948088 0.9194197757948088 0.0 
0.0 0.7035702252613992 0.5230792372247316 0.5230792372247316 0.17823139052819237 1.0370335302354459 1.0370335302354459 0.0 
0.0 0.5229686018681117 0.2815387099884637 0.2455357713883786 0.36067138500401846 1.3299163519267299 1.3299163519267299 0.0 
0.0 0.39166228288854493 0.059048287364092455 0.0 0.42886670523225445 0.959878822082795 0.959878822082795 0.0 
0.0 0.5218964659233407 0.0 0.0 0.42886670523225445 0.0 0.0 0.0 
0.0 0.0 0.0 0.0 0.0 0.0 0.0 0.0 

0.0 0.0 0.0 0.0 0.0 0.0 0.0 0.0 
0.0 0.8737629275081982 0.5334735921141578 0.534399136464039 1.0831869538818268 1.0831869538818268 1.0418095421369968 0.0 
0.0 0.01873496164913428 0.23307372192747358 0.23307372192747358 0.0 0.27781444250889026 0.840740842919999 0.0 
0.0 0.3954054441685667 0.26976065917312053 0.0 0.10504733292798447 0.104640626701563 1.268851958888186 0.0 
0.0 0.46364070748056335 0.9608405783288924 0.9608405783288924 0.104640626701563 0.104640626701563 1.268851958888186 0.0 
0.0 0.7240123030781723 0.9608405783288924 0.9608405783288924 0.04510047817680722 0.30005640548033935 0.8182132043078907 0.0 
0.0 0.7240123030781723 0.0 0.0 0.0 0.0 0.4141162336296986 0.0 
0.0 0.0 0.0 0.0 0.0 0.0 0.0 0.0 

0.0 0.0 0.0 0.0 0.0 0.0 0.0 0.0 
0.0 0.0 0.3999060252856413 0.3999060252856413 0.7844837492417779 3.264788852065947 3.264788852065947 0.0 
0.0 0.3172728673516819 0.8295980371572839 0.8295980371572839 0.21746325537128686 1.8742991549172867 2.4648006335592796 0.0 
0.0 0.5653222167275047 1.5977094203003384 1.5764248703232095 0.21746325537128686 2.163415814803629 2.8563637872618903 0.0 
0.0 0.5454006447163053 1.5977094203003384 1.5764248703232095 0.42376266668559626 2.3043013432409736 2.8563637872618903 0.0 
0.0 0.26877792854752924 0.36429098177177743 0.07863112858827112 0.469183790385615 2.282298550482278 2.282298550482278 0.0 
0.0 0.0 0.0 0.07863112858827112 0.3171003924443508 0.27503721607493087 0.8857784412936589 0.0 
0.0 0.0 0.0 0.0 0.0 0.0 0.0 0.0 

0.0 0.0 0.0 0.0 0.0 0.0 0.0 0.0 
0.0 3.2875709466625738 0.7310536574707591 0.7310536574707591 1.1296814631216172 1.6001039808302147 1.6001039808302147 0.0 
0.0 0.47299664604953207 0.6186978549839612 0.6186978549839612 0.5703984337321714 0.2833450734693307 0.2833450734693307 0.0 
0.0 0.6466878241244421 0.41442639872189435 0.41442639872189435 0.4248528660810109 0.4248528660810109 0.3114493626419986 0.0 
0.0 0.6694228784620728 0.8011003180725906 0.8011003180725906 0.6600418618557427 0.7849703423782719 0.7765433290870649 0.0 
0.0 0.7559612287347149 0.8011003180725906 0.8011003180725906 1.369305758918514 1.369305758918514 0.5512173532940163 0.0 
0.0 0.6162002455444812 0.5046240938822087 0.02728105665692858 0.6427323438477557 0.6427323438477557 0.0 0.0 
0.0 0.0 0.0 0.0 0.0 0.0 0.0 0.0 

0.0 0.0 0.0 0.0 0.0 0.0 0.0 0.0 
0.0 2.799666305751363 2.126959680669917 0.42302018947943676 0.9495771264551812 1.3943873233005302 1.3943873233005302 0.0 
0.0 1.7053340050214205 0.2453346111357008 0.16761011163870806 0.5649898604061309 0.5649898604061309 0.0 0.0 
0.0 0.35018554753499337 0.239174615982906 0.2626192891192967 0.4846703974117832 0.4846703974117832 0.40785759975053 0.0 
0.0 0.15415378784362666 0.5044901932287564 0.5565152774862716 0.7203172948375319 0.7203172948375319 0.40785759975053 0.0 
0.0 0.7638442847255733 0.9280393841010932 1.5124415449986384 1.1800114283994696 2.26906730915535 2.26906730915535 0.0 
0.0 0.7638442847255733 0.9018979469523554 1.5124415449986384 0.6619056970195139 2.26906730915535 2.26906730915535 0.0 
0.0 0.0 0.0 0.0 0.0 0.0 0.0 0.0 

0.0 0.0 0.0 0.0 0.0 0.0 0.0 0.0 
0.0 0.0 0.040007006516587076 0.0 0.0 0.0 0.0 0.0 
0.0 0.0 0.0 0.0 0.0 0.0 0.0 0.0 
0.0 0.0 0.0 0.31269451279243493 0.0009037300650767965 0.0 0.0 0.0 
0.0 0.0 0.18494824572026908 0.31269451279243493 0.0009037300650767965 0.0 0.0 0.0 
0.0 0.0 0.0 0.0 0.0 0.0 0.0 0.0 
0.0 0.0 0.0 0.0 0.0 0.18695332532500333 0.0 0.0 
0.0 0.0 0.0 0.0 0.0 0.0 0.0 0.0 

0.0 0.0 0.0 0.0 0.0 0.0 0.0 0.0 
0.0 0.554838361294494 0.554838361294494 0.575883593791347 0.8253292072014133 0.8762177068007582 0.0 0.0 
0.0 0.5580966086227431 0.5580966086227431 0.6164831489741575 0.6164831489741575 0.556828912968247 0.0 0.0 
0.0 0.39046668176506727 0.24853322755432583 0.672413524228238 0.69035952204954 0.556828912968247 0.0 0.0 
0.0 0.583260442645454 0.4692340035881387 0.8640728825747103 0.8058637731258844 0.45459429106447574 0.0 0.0 
0.0 1.2993354535876402 0.7129785338884344 1.0108986564139526 0.6881872737802203 0.0 0.0 0.0 
0.0 1.2993354535876402 0.7129785338884344 1.0108986564139526 0.645312283913204 0.0 0.0 0.0 
0.0 0.0 0.0 0.0 0.0 0.0 0.0 0.0 

0.0 0.0 0.0 0.0 0.0 0.0 0.0 0.0 
0.0 0.3652315542172252 0.3652315542172252 0.0 0.0 0.0 0.0 0.0 
0.0 0.19746511718955814 0.18295189727712155 0.0 0.0 0.0 0.0 0.0 
0.0 0.0 0.0 0.0 0.0 0.0 0.0 0.0 
0.0 0.0 0.0 0.0 0.0 0.0 0.0 0.0 
0.0 0.0 0.0 0.0 0.02147848215976267 0.02147848215976267 0.0 0.0 
0.0 0.0 0.0 0.0 0.02147848215976267 0.02147848215976267 0.0 0.0 
0.0 0.0 0.0 0.0 0.0 0.0 0.0 0.0 

0.0 0.0 0.0 0.0 0.0 0.0 0.0 0.0 
0.0 0.5202911948845445 0.00981492369104996 0.052814160499134635 0.052814160499134635 2.244875536662904 2.244875536662904 0.0 
0.0 0.5202911948845445 0.0 0.052814160499134635 0.052814160499134635 2.244875536662904 2.244875536662904 0.0 
0.0 0.2940834233011827 0.2940834233011827 0.11806928898668231 0.11806928898668231 2.0323281606889396 2.0323281606889396 0.0 
0.0 0.6544970334149858 0.6544970334149858 0.11806928898668231 0.11806928898668231 2.1839484279042565 2.1839484279042565 0.0 
0.0 0.25043535999606786 0.4431883308911369 0.0 0.8091367024105303 1.5930512970402806 1.5930512970402806 0.0 
0.0 0.1751683159673037 0.2852347334016142 0.0 1.5537350565184125 1.7377845634168283 1.7377845634168283 0.0 
0.0 0.0 0.0 0.0 0.0 0.0 0.0 0.0 

0.0 0.0 0.0 0.0 0.0 0.0 0.0 0.0 
0.0 0.0 0.0 0.0 0.0 1.257063234062044 1.257063234062044 0.0 
0.0 0.0 0.0 0.0 0.0 1.257063234062044 1.257063234062044 0.0 
0.0 0.0 0.0 0.0 0.0 1.2635086828394004 1.2635086828394004 0.0 
0.0 0.0 0.0 0.0 0.0 1.2635086828394004 1.2635086828394004 0.0 
0.0 0.0 0.0 0.0 0.0 1.1790222226708238 1.1790222226708238 0.0 
0.0 0.0 0.0 0.0 0.0 0.5706193371931292 0.5706193371931292 0.0 
0.0 0.0 0.0 0.0 0.0 0.0 0.0 0.0 

0.0 0.0 0.0 0.0 0.0 0.0 0.0 0.0 
0.0 1.8527173805339128 1.1973694352960806 0.0 0.5020613608588637 0.5020613608588637 0.45973579249510377 0.0 
0.0 1.3766618027170565 0.0 0.0 0.0 0.0 0.0 0.0 
0.0 0.0 0.0 0.0 0.0 0.0 0.0 0.0 
0.0 0.0 0.0 0.0 0.032572788724831145 0.032572788724831145 0.0 0.0 
0.0 0.0 0.0 0.0 0.032572788724831145 0.17389157676782324 0.17389157676782324 0.0 
0.0 0.041965710530797555 0.2888570627244294 0.2888570627244294 0.1734018935975713 0.9790669065532807 0.2530762599050741 0.0 
0.0 0.0 0.0 0.0 0.0 0.0 0.0 0.0 

0.0 0.0 0.0 0.0 0.0 0.0 0.0 0.0 
0.0 0.27281143454540036 0.27281143454540036 0.0 0.12921359902830146 0.22389447408459182 0.0 0.0 
0.0 0.0 0.0 0.0 0.0 0.0 0.0 0.0 
0.0 0.0 0.0 0.0 0.0 0.0 0.0 0.0 
0.0 0.0 0.0 0.0 0.0 0.0 0.0 0.0 
0.0 0.0 0.0 0.0 0.0 0.0 0.0 0.0 
0.0 0.0 0.0 0.0 0.0 0.0 0.0 0.0 
0.0 0.0 0.0 0.0 0.0 0.0 0.0 0.0 

0.0 0.0 0.0 0.0 0.0 0.0 0.0 0.0 
0.0 0.2582832793198688 0.0 0.0 0.0 0.0978179791413153 0.32774112192967075 0.0 
0.0 0.2582832793198688 0.0 0.0 0.0 0.0978179791413153 0.32774112192967075 0.0 
0.0 0.0 0.0 0.0 0.0 0.0 0.0 0.0 
0.0 0.0 0.0 0.0 0.0 0.13264596017345937 0.13712829097560947 0.0 
0.0 0.0 0.0 0.0 0.0 0.44868030032189227 0.44868030032189227 0.0 
0.0 0.0 0.0 0.0 0.08475154861801641 0.09147702854803216 0.0 0.0 
0.0 0.0 0.0 0.0 0.0 0.0 0.0 0.0 

0.0 0.0 0.0 0.0 0.0 0.0 0.0 0.0 
0.0 1.2482380933487538 1.2151356157357063 0.5031604172249803 0.4778447892893867 0.7031069007110374 1.2563307919024997 0.0 
0.0 0.7471293108766047 0.7471293108766047 0.5031604172249803 0.48216656981289696 0.4719602515597554 0.1716682563557731 0.0 
0.0 0.3803291970614079 0.34260127132390505 0.48216656981289696 0.5977718990959208 0.48468728852723836 0.1716682563557731 0.0 
0.0 0.43477826954824955 0.0 0.6696763498667461 0.6451776547285138 0.6733738346894571 0.06547031431387157 0.0 
0.0 0.8156611630041877 0.5348461680910165 0.8090664682867954 0.8090664682867954 0.7259229246698581 0.06547031431387157 0.0 
0.0 0.8156611630041877 0.5348461680910165 0.8090664682867954 0.8090664682867954 0.0 0.0 0.0 
0.0 0.0 0.0 0.0 0.0 0.0 0.0 0.0 

0.0 0.0 0.0 0.0 0.0 0.0 0.0 0.0 
0.0 0.0 0.0 0.0 0.0 0.47610545503156604 0.47610545503156604 0.0 
0.0 0.0 0.0 0.0 0.0 0.23199239970790256 0.23199239970790256 0.0 
0.0 0.0 0.0 0.0 0.0 0.4915731208757143 0.4915731208757143 0.0 
0.0 0.0 0.0 0.0 0.0 0.7038959551508922 0.7038959551508922 0.0 
0.0 0.0 0.0 0.0 0.0 0.7038959551508922 0.7038959551508922 0.0 
0.0 0.0 0.0 0.0 0.0 0.0 0.0 0.0 
0.0 0.0 0.0 0.0 0.0 0.0 0.0 0.0 

0.0 0.0 0.0 0.0 0.0 0.0 0.0 0.0 
0.0 1.793074712087699 0.39333608879117765 0.5054011357977224 0.6654015392293273 0.35082835292652803 1.1716396682242745 0.0 
0.0 0.9084356061731965 0.3131456023161244 0.42281225182244353 0.6654015392293273 0.4563683940250173 0.0 0.0 
0.0 0.7631522833561829 0.3076948360870079 0.307167096071102 0.44856882932389475 0.44856882932389475 0.28410597034732354 0.0 
0.0 0.5269077286267891 0.06259676978883008 0.307167096071102 0.5557495162080784 0.44856882932389475 0.28410597034732354 0.0 
0.0 0.5612166517629751 0.3436286141234227 0.5230892077361413 0.3247432466919221 0.26788791096529324 0.0 0.0 
0.0 0.7333565171903516 0.5735280949681831 0.5105806823418155 0.47911366081337065 0.23493848392526007 0.6416870794254104 0.0 
0.0 0.0 0.0 0.0 0.0 0.0 0.0 0.0 

0.0 0.0 0.0 0.0 0.0 0.0 0.0 0.0 
0.0 0.8459126702218266 0.7002346423443349 0.5557383437785028 0.7392521987580687 1.0089139385380597 1.4148307815331393 0.0 
0.0 0.70933450571979 0.7800585081021109 0.7800585081021109 0.5557383437785028 1.0089139385380597 1.7339792015932027 0.0 
0.0 0.8968862269846378 1.3315359352143794 1.3315359352143794 0.3178240119241344 0.4743572425297253 1.9640697358977064 0.0 
0.0 0.7417435805008918 1.3315359352143794 1.3315359352143794 0.38269958568349693 0.840994767618479 1.7818693604490932 0.0 
0.0 0.616401598427427 0.8357901153156324 0.5260544146796148 0.80156855677159 0.840994767618479 1.1676987838640804 0.0 
0.0 0.9069094316822783 0.05383776595112241 0.0 0.881989656936243 0.9397130750182958 0.3107087196102417 0.0 
0.0 0.0 0.0 0.0 0.0 0.0 0.0 0.0 

0.0 0.0 0.0 0.0 0.0 0.0 0.0 0.0 
0.0 1.7745875117229744 1.0643699799056279 0.0 0.2532338156450779 1.5208023175415484 1.5208023175415484 0.0 
0.0 0.8878053773935312 0.1520518300032276 0.1520518300032276 0.05977072532045766 0.7472801883554807 0.7472801883554807 0.0 
0.0 0.0 0.1520518300032276 0.1520518300032276 0.0 0.12020671084766592 0.7041576699338072 0.0 
0.0 0.0 0.3277289466218445 0.2561986349712267 0.17425287466055722 1.0759018954856865 1.0904988014863144 0.0 
0.0 0.7363927543358479 0.6950458507210237 0.6865018059999408 1.6055929454486628 1.80237101337177 1.80237101337177 0.0 
0.0 0.7363927543358479 0.6950458507210237 0.6865018059999408 1.6055929454486628 1.80237101337177 1.80237101337177 0.0 
0.0 0.0 0.0 0.0 0.0 0.0 0.0 0.0 

0.0 0.0 0.0 0.0 0.0 0.0 0.0 0.0 
0.0 1.8660804555776471 1.8660804555776471 0.0 0.0 0.0 0.1463619233153241 0.0 
0.0 0.0 0.0 0.0 0.0 0.0 0.6889835989577121 0.0 
0.0 0.0 0.0 0.0 0.0 0.0 0.7866399758007876 0.0 
0.0 0.0 0.0 0.0 0.0 0.0 1.0707678448661808 0.0 
0.0 0.0 0.0 0.0 0.0 0.3850399559763492 0.3760239411771876 0.0 
0.0 0.0 0.0 0.0 0.0 0.0 0.0 0.0 
0.0 0.0 0.0 0.0 0.0 0.0 0.0 0.0 

0.0 0.0 0.0 0.0 0.0 0.0 0.0 0.0 
0.0 1.0309445099690386 0.09835592541980218 0.17334253643116188 0.41042049879949455 0.41042049879949455 0.28104812977715377 0.0 
0.0 0.2862336419305703 0.124544712976463 0.12035106598898207 0.230488337366154 0.0 0.0 0.0 
0.0 0.28931591568629667 0.035278951622218314 0.033147046214557975 0.2274039010353041 0.09809137287285022 0.0 0.0 
0.0 0.2028318909540362 0.035278951622218314 0.18476327016068128 0.18476327016068128 0.09809137287285022 0.0 0.0 
0.0 0.26691860784578525 0.22529174010043912 0.28188837108825515 0.1939208627216407 0.0 0.0 0.0 
0.0 0.5726363657799322 0.1108581799338472 0.16884389477795883 0.1939208627216407 0.3382484947453547 0.3382484947453547 0.0 
0.0 0.0 0.0 0.0 0.0 0.0 0.0 0.0 

0.0 0.0 0.0 0.0 0.0 0.0 0.0 0.0 
0.0 0.004472187394084816 0.004472187394084816 0.0 0.458888908889925 0.5210394706742261 0.5210394706742261 0.0 
0.0 0.008774971635539447 0.0 0.0 0.0 0.0 0.0 0.0 
0.0 0.0 0.0 0.0 0.0 0.0 0.0 0.0 
0.0 0.0 0.0 0.0 0.0 0.0 0.0 0.0 
0.0 0.0 0.0 0.0 0.0 0.0 0.0 0.0 
0.0 0.16556998522710228 0.11549823229313716 0.11549823229313716 0.0 0.15235584749280007 0.0 0.0 
0.0 0.0 0.0 0.0 0.0 0.0 0.0 0.0 

0.0 0.0 0.0 0.0 0.0 0.0 0.0 0.0 
0.0 0.0 0.0 0.0 0.0 0.0 0.0 0.0 
0.0 0.0 0.0 0.0 0.0 0.0 0.0 0.0 
0.0 0.0 0.0 0.0 0.0 0.0 0.0 0.0 
0.0 0.0 0.0 0.0 0.0 0.0 0.0 0.0 
0.0 0.0 0.0 0.0 0.0 0.0 0.0 0.0 
0.0 0.0 0.0 0.0 0.0 0.0 0.0 0.0 
0.0 0.0 0.0 0.0 0.0 0.0 0.0 0.0 

0.0 0.0 0.0 0.0 0.0 0.0 0.0 0.0 
0.0 0.0 0.0 0.0 0.0482103920295745 0.0 0.0 0.0 
0.0 0.0 0.0 0.0 0.0 0.0 0.0 0.0 
0.0 0.0 0.0 0.0 0.0 0.0 0.0 0.0 
0.0 0.0 0.0 0.0 0.0 0.0 0.0 0.0 
0.0 0.140853509445861 0.0 0.0 0.0 0.0 0.0 0.0 
0.0 0.140853509445861 0.0 0.0 0.0 0.0 0.0 0.0 
0.0 0.0 0.0 0.0 0.0 0.0 0.0 0.0 

