0.0 0.0 0.0 0.0 0.0 0.0 0.0 0.0 
0.0 1.8528868232262077 1.6030271841313932 1.7337162839917137 1.565450094433154 1.529688297558218 1.529688297558218 0.0 
0.0 1.9672828819124877 1.6030271841313932 1.8141513219240777 1.9301890720632477 1.5327329455718992 0.9784504995570629 0.0 
0.0 1.9672828819124877 1.3420690897121215 1.5677664401889282 1.9301890720632477 1.8807660382062652 1.461984131142746 0.0 
0.0 1.6439487700996298 1.3700183586932797 1.4234647600775732 1.5037907346142634 1.5960442812760856 1.4684767373475236 0.0 
0.0 1.6845810976860798 1.4530857701624464 1.4754936992616536 1.5539994984391405 1.3010265428524599 1.520387640790344 0.0 
0.0 1.7231775273453778 1.3644552376486225 1.4754936992616536 1.5539994984391405 1.7981232444350153 1.2205724242825202 0.0 
0.0 0.0 0.0 0.0 0.0 0.0 0.0 0.0 

0.0 0.0 0.0 0.0 0.0 0.0 0.0 0.0 
0.0 0.6249681843570427 0.2595389385717999 0.2595389385717999 0.24692678938837537 0.6799561420720304 0.8508389880907318 0.0 
0.0 0.1933277029725048 0.1933277029725048 0.16361481611063877 0.14743271293822685 0.6799561420720304 0.7306455841616791 0.0 
0.0 0.4542151353655433 0.1933277029725048 0.16361481611063877 0.07626903294809442 0.19104645791615882 0.2659865651189128 0.0 
0.0 0.4542151353655433 0.3166614781133485 0.2529317131324762 0.09641287899961362 0.09352104136677353 0.36359423359985865 0.0 
0.0 0.43511260215751785 0.4448827189539789 0.277692616769126 0.277692616769126 0.38418841413126426 0.5073367388747678 0.0 
0.0 0.42816896381965835 0.42816896381965835 0.611837020172556 0.41515826695077945 0.3962236613494376 0.5073367388747678 0.0 
0.0 0.0 0.0 0.0 0.0 0.0 0.0 0.0 

0.0 0.0 0.0 0.0 0.0 0.0 0.0 0.0 
0.0 0.6927038880153407 0.4579141799411265 0.15777123830538398 0.0 0.2643727948263366 0.2643727948263366 0.0 
0.0 0.6927038880153407 0.4579141799411265 0.0 0.05954565442728703 0.2643727948263366 0.2643727948263366 0.0 
0.0 0.34945282141970235 0.0 0.0 0.05954565442728703 0.3675294892801597 0.5458835970677616 0.0 
0.0 0.10851890660092109 0.05899469240900613 0.0 0.0 0.36151977555654885 0.36151977555654885 0.0 
0.0 0.21708693073818175 0.21708693073818175 0.1841445292132905 0.0 0.0 0.0 0.0 
0.0 0.22408770456849686 0.0 0.09983648130580407 0.23316569911375185 0.060848484059517455 0.0 0.0 
0.0 0.0 0.0 0.0 0.0 0.0 0.0 0.0 

0.0 0.0 0.0 0.0 0.0 0.0 0.0 0.0 
0.0 1.1832482181936625 1.1832482181936625 0.534112690529766 0.7267361966794067 0.7267361966794067 0.41437452289563614 0.0 
0.0 0.12530191870674193 0.0 0.0 0.7267361966794067 0.7563354327581019 0.8699824787231673 0.0 
0.0 0.08885076601047703 0.0 0.0 0.0 0.4522709095614264 0.7893076501566825 0.0 
0.0 0.44096469459719934 0.16352734431667473 0.16352734431667473 0.0 0.0 0.0 0.0 
0.0 0.5498385964318377 0.2841930437975121 0.2841930437975121 0.0 0.32433276924440974 0.34622868221078634 0.0 
0.0 0.0 0.04248834927698407 0.26066102457978235 0.18371792251033844 0.32433276924440974 0.4022191255960488 0.0 
0.0 0.0 0.0 0.0 0.0 0.0 0.0 0.0 

0.0 0.0 0.0 0.0 0.0 0.0 0.0 0.0 
0.0 1.6629492122381115 1.328778993974306 1.2093944741472429 1.2762193232436783 1.2762193232436783 1.1150671774362175 0.0 
0.0 1.320131730945394 0.7856314818671888 0.7856314818671888 1.2762193232436783 1.2762193232436783 1.3057913813546211 0.0 
0.0 1.2099357373710626 0.9624032665290733 0.7856314818671888 0.705200447787563 1.2195777885398573 1.3057913813546211 0.0 
0.0 1.2099357373710626 0.9805901921718568 0.9805901921718568 0.7955042574364877 0.7321741357733069 0.6278754662055526 0.0 
0.0 1.314161376758784 1.020524563271521 0.9937436005819914 1.0960808968259101 1.0352955019324908 1.1518590022975568 0.0 
0.0 1.314161376758784 1.020524563271521 0.9937436005819914 1.0960808968259101 1.0352955019324908 1.1518590022975568 0.0 
0.0 0.0 0.0 0.0 0.0 0.0 0.0 0.0 

0.0 0.0 0.0 0.0 0.0 0.0 0.0 0.0 
0.0 0.024218928021512445 0.0 0.2894991964446193 0.2894991964446193 0.12392455700660882 0.0 0.0 
0.0 0.09476580640311719 0.0 0.0 0.0 0.0 0.008119515932928385 0.0 
0.0 0.09476580640311719 0.0 0.0 0.0 0.0 0.0 0.0 
0.0 0.0 0.0 0.0 0.0 0.0 0.0 0.0 
0.0 0.10716346802673114 0.0 0.0 0.0 0.0 0.0 0.0 
0.0 0.11929548078146732 0.0 0.0 0.0 0.0 0.0 0.0 
0.0 0.0 0.0 0.0 0.0 0.0 0.0 0.0 

0.0 0.0 0.0 0.0 0.0 0.0 0.0 0.0 
0.0 0.034983622456482316 0.7956393721971892 0.7956393721971892 0.9028551178882185 0.7583487907188657 0.3903418632178432 0.0 
0.0 0.6154152605823493 0.7956393721971892 0.7956393721971892 0.623110299519941 0.39389953574666425 0.2136600259355212 0.0 
0.0 0.6154152605823493 0.4904783865877934 0.623110299519941 0.623110299519941 0.6198424617137395 0.3666810057363361 0.0 
0.0 0.45618165171750397 0.44529376435588414 0.4560519165124987 0.4606416102305235 0.6712889291613562 0.4629924069906904 0.0 
0.0 0.716034841964707 0.716034841964707 0.4643865307972671 0.4643865307972671 0.5463918794566359 0.5463918794566359 0.0 
0.0 0.7461883066143421 0.716034841964707 0.6471847470359879 0.6471847470359879 0.5463918794566359 0.5463918794566359 0.0 
0.0 0.0 0.0 0.0 0.0 0.0 0.0 0.0 

0.0 0.0 0.0 0.0 0.0 0.0 0.0 0.0 
0.0 2.270110124611574 1.7545567977086352 2.056200005346974 2.218015313628249 2.3417509525213958 2.3979653070460527 0.0 
0.0 1.8228544909683695 1.8786242791902201 1.8414587785938872 2.1456978542694634 2.0474703074033678 2.123625114630951 0.0 
0.0 1.821120677463888 1.8372582938097333 1.9062787133505754 1.9153265243620474 1.9900008766462955 2.046087209826019 0.0 
0.0 1.864199300020037 1.8822411999646054 1.9009489069280183 1.9153265243620474 1.9153265243620474 2.04299096454969 0.0 
0.0 1.849230371108511 1.8822411999646054 1.8599274821810388 1.87297788249383 1.8788834429548995 2.0974244802891127 0.0 
0.0 2.251508393835463 2.1515352403060417 1.9731931894597823 1.87297788249383 2.2100937586796454 2.2100937586796454 0.0 
0.0 0.0 0.0 0.0 0.0 0.0 0.0 0.0 

0.0 0.0 0.0 0.0 0.0 0.0 0.0 0.0 
0.0 0.0 0.0 0.0 0.0 0.0 0.0 0.0 
0.0 0.0 0.0 0.0 0.0 0.0 0.0 0.0 
0.0 0.0 0.0 0.0 0.0 0.0 0.0 0.0 
0.0 0.0 0.0 0.0 0.0 0.0 0.0 0.0 
0.0 0.0 0.0 0.0 0.0 0.0 0.0 0.0 
0.0 0.0 0.0 0.0 0.0 0.0 0.0 0.0 
0.0 0.0 0.0 0.0 0.0 0.0 0.0 0.0 

0.0 0.0 0.0 0.0 0.0 0.0 0.0 0.0 
0.0 0.14104512712055406 0.09075787969424487 0.09075787969424487 0.23183806774752055 0.6276720727153136 0.6276720727153136 0.0 
0.0 0.3452816452417036 0.356469031458011 0.3687530423378584 0.12920688463189306 0.32112402302864107 0.5362794775957693 0.0 
0.0 0.5968140738873372 0.23339100001026122 0.27492867131895815 0.27262919637196065 0.1887692514689148 0.0 0.0 
0.0 0.6088017726900771 0.4835658702492811 0.40184593829815596 0.40184593829815596 0.34253677085057554 0.34253677085057554 0.0 
0.0 0.3592685764060652 0.4835658702492811 0.38981566993476563 0.6356689304429369 0.34253677085057554 0.34253677085057554 0.0 
0.0 0.30350306100625485 0.10966573749160007 0.35435486895782237 0.35435486895782237 0.0 0.2344448387725156 0.0 
0.0 0.0 0.0 0.0 0.0 0.0 0.0 0.0 

0.0 0.0 0.0 0.0 0.0 0.0 0.0 0.0 
0.0 0.6956130585958732 0.8207384175689274 0.9391490652786321 0.9331051781468493 0.9331051781468493 0.8004444124504014 0.0 
0.0 0.2583363646130116 0.2995016021396128 0.23361346515852743 0.0 0.6742432125635371 0.8004444124504014 0.0 
0.0 0.35577599029346674 0.2995016021396128 0.2744471265347809 0.1235218120377697 0.11660175573393652 0.11660175573393652 0.0 
0.0 0.35577599029346674 0.18342625825529693 0.3183952726657638 0.2753740706959564 0.219328001206633 0.05728313425903335 0.0 
0.0 0.2520277238797709 0.2646299126191735 0.2767042508707297 0.8297230232743436 0.219328001206633 0.5669257923882405 0.0 
0.0 0.5500930806476203 0.5500930806476203 0.08980850347788105 0.8297230232743436 0.06521229394630725 0.5669257923882405 0.0 
0.0 0.0 0.0 0.0 0.0 0.0 0.0 0.0 

0.0 0.0 0.0 0.0 0.0 0.0 0.0 0.0 
0.0 1.1787212601639614 0.2500852731385925 0.2500852731385925 1.097005956976608 2.155249057040016 2.155249057040016 0.0 
0.0 0.15748125722425216 0.3506838587377239 0.6088996957512494 0.48300834561545136 0.6075023275299251 0.8162761828759462 0.0 
0.0 0.34721871156452133 0.21526892519331445 0.48300834561545136 0.48300834561545136 0.14331715267189815 0.034698025535848984 0.0 
0.0 0.4624901958975138 0.4624901958975138 0.34048771334343764 0.34048771334343764 0.3199059789587574 0.3199059789587574 0.0 
0.0 0.4624901958975138 0.4624901958975138 0.6242336424104553 0.6242336424104553 0.44509967986118126 0.7118444166633084 0.0 
0.0 0.0 0.0 0.6242336424104553 0.6242336424104553 0.0037348058449948873 0.3163325743869673 0.0 
0.0 0.0 0.0 0.0 0.0 0.0 0.0 0.0 

0.0 0.0 0.0 0.0 0.0 0.0 0.0 0.0 
0.0 1.4718619239382151 1.371937531175155 1.1196057293248702 1.0704704069471198 1.0704704069471198 0.8719608392960541 0.0 
0.0 1.4718619239382151 0.6106647997813293 0.3966296649204043 0.3966296649204043 1.3421179010753717 1.3421179010753717 0.0 
0.0 0.9577291367775113 0.6106647997813293 0.39838425658315274 0.2916643400105159 0.7086172170118235 0.7086172170118235 0.0 
0.0 0.9577291367775113 0.7219685661069238 0.7219685661069238 0.5929435617301725 0.3528485337161694 0.2813240744080014 0.0 
0.0 0.8861911883156028 0.7481074683703853 1.0510070532732996 1.0510070532732996 0.3805956852767772 0.7023258062600019 0.0 
0.0 0.6748670958851085 0.5037565921442627 1.0510070532732996 1.0510070532732996 0.31568055850489807 0.7023258062600019 0.0 
0.0 0.0 0.0 0.0 0.0 0.0 0.0 0.0 

0.0 0.0 0.0 0.0 0.0 0.0 0.0 0.0 
0.0 1.208732008219165 1.3643809935034747 1.3643809935034747 0.9031166670767963 0.7907018575662514 0.3378859169431129 0.0 
0.0 1.280112006931472 0.8572098187974738 0.611594422712438 1.078038631841822 1.4774501662057566 0.3634262358787561 0.0 
0.0 0.5310647330633343 0.5310647330633343 0.32980088452749584 0.961279177704426 1.4774501662057566 1.475694726523893 0.0 
0.0 0.5310647330633343 0.5310647330633343 0.28770878850994464 0.28770878850994464 0.36536874528712043 0.36536874528712043 0.0 
0.0 0.40899573379267323 0.40899573379267323 0.8040729528502042 0.28770878850994464 0.4236460628542722 0.35724904142501124 0.0 
0.0 0.5861806269518287 0.3529081089414129 0.8040729528502042 0.5455119980483185 0.5455119980483185 0.35724904142501124 0.0 
0.0 0.0 0.0 0.0 0.0 0.0 0.0 0.0 

0.0 0.0 0.0 0.0 0.0 0.0 0.0 0.0 
0.0 0.0 0.0 0.0 0.0 0.0 0.0 0.0 
0.0 0.0 0.0 0.0 0.0901932905522193 0.0 0.0 0.0 
0.0 0.0 0.0 0.0 0.0 0.0 0.0 0.0 
0.0 0.0 0.0 0.0 0.0 0.0 0.0 0.0 
0.0 0.0 0.0 0.0 0.0 0.0 0.0 0.0 
0.0 0.0 0.0 0.0 0.0 0.0 0.0 0.0 
0.0 0.0 0.0 0.0 0.0 0.0 0.0 0.0 

0.0 0.0 0.0 0.0 0.0 0.0 0.0 0.0 
0.0 0.7712316199651439 0.7712316199651439 0.8694737130040029 1.2141525199203784 1.191680577028608 0.13619367776139982 0.0 
0.0 0.2695432106455682 0.5697708330707146 0.5697708330707146 0.7538033396635931 0.7538033396635931 0.14807968317641085 0.0 
0.0 0.4548476072916019 0.5840015038344866 0.5840015038344866 0.5694815247170447 0.37775192582828687 0.14807968317641085 0.0 
0.0 0.290999430403671 0.5840015038344866 0.5840015038344866 0.6048133915645115 0.6735777579427975 0.4658605281377398 0.0 
0.0 0.6112409211356634 0.6112409211356634 0.44976738995617027 0.7048843936231196 0.9729172743994292 0.6597047889317542 0.0 
0.0 0.6112409211356634 0.6112409211356634 0.3966246000725839 0.4380040683427539 0.8960083497541792 0.6597047889317542 0.0 
0.0 0.0 0.0 0.0 0.0 0.0 0.0 0.0 

0.0 0.0 0.0 0.0 0.0 0.0 0.0 0.0 
0.0 0.0 0.0 0.0 0.0 0.0 0.0 0.0 
0.0 0.0 0.0 0.0 0.0 0.0010662952306588758 0.0 0.0 
0.0 0.0 0.0 0.0 0.0 0.0 0.0 0.0 
0.0 0.0 0.0 0.0 0.0 0.0 0.0 0.0 
0.0 0.15987577273172215 0.15527671393735054 0.0 0.0 0.0 0.0 0.0 
0.0 0.15987577273172215 0.15527671393735054 0.0 0.0 0.0 0.0 0.0 
0.0 0.0 0.0 0.0 0.0 0.0 0.0 0.0 

0.0 0.0 0.0 0.0 0.0 0.0 0.0 0.0 
0.0 0.6304831209656641 0.41273809063024636 0.41273809063024636 0.0 0.47783020927329484 0.47783020927329484 0.0 
0.0 0.6304831209656641 0.41273809063024636 0.8091928194605708 0.603050253762937 0.721245743771863 0.37395897535872935 0.0 
0.0 0.592695578652836 0.0 0.603050253762937 0.603050253762937 1.5235548721096621 0.9301131554133718 0.0 
0.0 0.592695578652836 0.06815999032837501 0.010909900962727937 0.07482511834231263 0.9373463817604071 0.9301131554133718 0.0 
0.0 0.311221176963884 0.2919610256794727 0.20393252124830802 0.20393252124830802 0.0 0.0 0.0 
0.0 0.057919905226614554 0.1740741908030891 0.8673926011967749 0.8673926011967749 0.20717732108186107 0.20717732108186107 0.0 
0.0 0.0 0.0 0.0 0.0 0.0 0.0 0.0 

0.0 0.0 0.0 0.0 0.0 0.0 0.0 0.0 
0.0 0.5393165815232325 0.0 0.0 0.0 0.18317164077289982 0.18317164077289982 0.0 
0.0 0.0 0.0 0.0 0.0 0.0 0.0 0.0 
0.0 0.0 0.0 0.0 0.0 0.0 0.0 0.0 
0.0 0.0 0.0 0.0 0.0 0.0 0.0 0.0 
0.0 0.0 0.0 0.0 0.014625907025076166 0.0 0.0 0.0 
0.0 0.0 0.0 0.0 0.014625907025076166 0.0 0.0 0.0 
0.0 0.0 0.0 0.0 0.0 0.0 0.0 0.0 

0.0 0.0 0.0 0.0 0.0 0.0 0.0 0.0 
0.0 0.7488541594722027 0.5036335384610743 0.2629404036826057 0.0 0.0 0.0 0.0 
0.0 0.7488541594722027 0.5036335384610743 0.0 0.0 0.08351361674404761 0.08351361674404761 0.0 
0.0 0.09204512681714219 0.0 0.0 0.0 0.5885646620673177 0.5885646620673177 0.0 
0.0 0.052646784683570036 0.0 0.0 0.0 0.0 0.0 0.0 
0.0 0.052646784683570036 0.0 0.0 0.0 0.0 0.0 0.0 
0.0 0.0 0.0 0.0 0.5260829001065797 0.0 0.0 0.0 
0.0 0.0 0.0 0.0 0.0 0.0 0.0 0.0 

0.0 0.0 0.0 0.0 0.0 0.0 0.0 0.0 
0.0 0.0 0.0 0.0 0.0 0.0 0.0 0.0 
0.0 0.0 0.0 0.0 0.0 0.0 0.0 0.0 
0.0 0.0 0.0 0.0 0.0 0.0 0.0 0.0 
0.0 0.0 0.0 0.0 0.0 0.0 0.0 0.0 
0.0 0.0 0.0 0.0 0.0 0.0 0.0 0.0 
0.0 0.0 0.0 0.0 0.0 0.0 0.0 0.0 
0.0 0.0 0.0 0.0 0.0 0.0 0.0 0.0 

0.0 0.0 0.0 0.0 0.0 0.0 0.0 0.0 
0.0 0.0 0.0 0.0 0.0 0.0 0.0 0.0 
0.0 0.0 0.0 0.0 0.0 0.0 0.17143566242999547 0.0 
0.0 0.0 0.0 0.0 0.0 0.0 0.17143566242999547 0.0 
0.0 0.0 0.0 0.0 0.0 0.0 0.0 0.0 
0.0 0.0 0.0 0.0 0.0 0.0 0.0 0.0 
0.0 0.0 0.0 0.0 0.0 0.0 0.0 0.0 
0.0 0.0 0.0 0.0 0.0 0.0 0.0 0.0 

0.0 0.0 0.0 0.0 0.0 0.0 0.0 0.0 
0.0 1.3064907362935188 1.3064907362935188 0.6643125616698655 1.0048217876917243 1.0048217876917243 0.6671303419628215 0.0 
0.0 0.7927697337956673 0.544058665292847 0.29185271155223885 1.0048217876917243 1.2841402274724378 0.8729049709570957 0.0 
0.0 0.7927697337956673 0.482826838525031 0.4172684702481313 0.32891793535330666 0.779887899344152 0.8729049709570957 0.0 
0.0 0.6590337209524941 0.6590337209524941 0.5418052472497599 0.42923860051612195 0.5095591377906353 0.2592580006817393 0.0 
0.0 0.6146083626126717 0.5990990216041958 0.6722568830554497 0.5257884977012682 0.8885608437285465 0.8885608437285465 0.0 
0.0 0.4972656607513322 0.5440303043523088 0.6722568830554497 0.5257884977012682 0.8885608437285465 0.8885608437285465 0.0 
0.0 0.0 0.0 0.0 0.0 0.0 0.0 0.0 

0.0 0.0 0.0 0.0 0.0 0.0 0.0 0.0 
0.0 0.0 0.0 0.0 0.0 0.0 0.0 0.0 
0.0 0.0 0.0 0.0 0.0 0.0 0.0 0.0 
0.0 0.0 0.0 0.0 0.0 0.0 0.0 0.0 
0.0 0.0 0.0 0.0 0.0 0.0 0.0 0.0 
0.0 0.0 0.0 0.0 0.0 0.0 0.0 0.0 
0.0 0.0 0.0 0.0 0.0 0.0 0.0 0.0 
0.0 0.0 0.0 0.0 0.0 0.0 0.0 0.0 

0.0 0.0 0.0 0.0 0.0 0.0 0.0 0.0 
0.0 0.7189673508498569 0.7325056074216 0.7254474267338675 0.852859495361371 0.852859495361371 0.8938287205719234 0.0 
0.0 0.7182901547280235 0.6010227804639665 0.7254474267338675 0.7254474267338675 0.5456053731774042 0.5456053731774042 0.0 
0.0 0.7776103626005563 0.6010227804639665 0.4839012788960044 0.41666352173889903 0.5456053731774042 0.5456053731774042 0.0 
0.0 0.6835325520200504 0.7673430267615039 0.7673430267615039 0.679026881343248 0.3912549901441377 0.7145959422351876 0.0 
0.0 0.9650584938378679 0.7213974034083553 0.7213974034083553 0.679026881343248 0.38173843541337515 0.7605587043731107 0.0 
0.0 0.9650584938378679 0.6035510695200434 0.44144958122503924 0.44144958122503924 0.6601453403898171 0.6601453403898171 0.0 
0.0 0.0 0.0 0.0 0.0 0.0 0.0 0.0 

0.0 0.0 0.0 0.0 0.0 0.0 0.0 0.0 
0.0 1.355270149175183 1.0150073666635209 1.1156092597407492 0.0 0.13423965273882657 0.5839455267927013 0.0 
0.0 0.5408655931916332 1.0150073666635209 1.1156092597407492 1.0043300524701246 0.13423965273882657 0.5839455267927013 0.0 
0.0 0.8271148613862489 0.22974765045600581 1.0043300524701246 1.0043300524701246 0.929862309978555 0.929862309978555 0.0 
0.0 0.8271148613862489 0.3295822062202582 0.38058816082337843 0.38058816082337843 0.929862309978555 0.929862309978555 0.0 
0.0 0.6348345442506962 0.6348345442506962 0.5171983776214967 0.7604039591629483 0.25682057984396855 0.25682057984396855 0.0 
0.0 0.6348345442506962 0.6348345442506962 0.9521456141239051 0.9521456141239051 0.20185328020117688 0.2292618711443266 0.0 
0.0 0.0 0.0 0.0 0.0 0.0 0.0 0.0 

0.0 0.0 0.0 0.0 0.0 0.0 0.0 0.0 
0.0 0.8418071724818854 0.4533961522476101 0.42049992250881196 0.7504067920060808 0.4197413060682411 0.0 0.0 
0.0 0.63159216468203 0.38582171356483397 0.6850104962369901 0.7504067920060808 0.4719166957840778 0.3167739365362485 0.0 
0.0 0.0 0.0 0.484782567326883 0.484782567326883 1.1986660116516206 0.4975769357155088 0.0 
0.0 0.0 0.0 0.0 0.0 0.611307506642405 0.4150866745642624 0.0 
0.0 0.3623344302503765 0.3623344302503765 0.2891653239835295 0.3570975022954608 0.3570975022954608 0.0 0.0 
0.0 0.3623344302503765 0.3623344302503765 0.2891653239835295 0.3570975022954608 0.3570975022954608 0.0 0.0 
0.0 0.0 0.0 0.0 0.0 0.0 0.0 0.0 

0.0 0.0 0.0 0.0 0.0 0.0 0.0 0.0 
0.0 0.0 0.0 0.0 0.0 0.06404957197092445 0.08742155096429341 0.0 
0.0 0.0 0.0 0.0 0.0 0.06404957197092445 0.6972098372008456 0.0 
0.0 0.0 0.0 0.0 0.0 0.0 0.34621055245916044 0.0 
0.0 0.0 0.0 0.0 0.0 0.0 0.0 0.0 
0.0 0.0 0.0 0.03375751364493636 0.03375751364493636 0.0 0.0 0.0 
0.0 0.0 0.0 0.0 0.0 0.0 0.0 0.0 
0.0 0.0 0.0 0.0 0.0 0.0 0.0 0.0 

0.0 0.0 0.0 0.0 0.0 0.0 0.0 0.0 
0.0 0.13936775934085718 0.0 0.11891954282719674 0.037500638759709326 0.07563494668937643 0.07563494668937643 0.0 
0.0 0.13936775934085718 0.13980657034799215 0.13980657034799215 0.19087054770933776 0.06606958405178857 0.0 0.0 
0.0 0.3366799710774082 0.0914131232003852 0.0914131232003852 0.34232549963947667 0.3738774302191647 0.0 0.0 
0.0 0.3338596590970347 0.23612703527252502 0.09638943252482729 0.2096998937767543 0.12440519705571035 0.17505559907353763 0.0 
0.0 0.19372578719074615 0.136765640022066 0.12407897166825313 0.2546288539782324 0.12440519705571035 0.17505559907353763 0.0 
0.0 0.15148679054113912 0.19572610282372419 0.3733180984817057 0.03010946443713597 0.16513946150687758 0.16513946150687758 0.0 
0.0 0.0 0.0 0.0 0.0 0.0 0.0 0.0 

0.0 0.0 0.0 0.0 0.0 0.0 0.0 0.0 
0.0 0.0 0.11307745635403815 0.12007167684834785 0.07680078399906515 0.07680078399906515 0.063774563687657 0.0 
0.0 0.0 0.0 0.0 0.0 0.0 0.0 0.0 
0.0 0.0 0.0 0.0 0.0 0.0 0.0 0.0 
0.0 0.0 0.0 0.0 0.0 0.0 0.0 0.0 
0.0 0.0 0.0 0.0 0.0 0.0 0.0 0.0 
0.0 0.006586175466300137 0.0 0.0 0.0 0.0 0.0 0.0 
0.0 0.0 0.0 0.0 0.0 0.0 0.0 0.0 

0.0 0.0 0.0 0.0 0.0 0.0 0.0 0.0 
0.0 0.0 0.0 0.0 0.0 0.0 0.0 0.0 
0.0 0.0 0.0 0.0 0.0 0.0 0.0 0.0 
0.0 0.0 0.0 0.0 0.0 0.0 0.0 0.0 
0.0 0.0 0.0 0.0 0.0 0.0 0.0 0.0 
0.0 0.0 0.0 0.0 0.0 0.0 0.0 0.0 
0.0 0.0 0.0 0.0 0.0 0.0 0.0 0.0 
0.0 0.0 0.0 0.0 0.0 0.0 0.0 0.0 

0.0 0.0 0.0 0.0 0.0 0.0 0.0 0.0 
0.0 0.0 0.0 0.0 0.0 0.0 0.0 0.0 
0.0 0.0 0.0 0.0 0.0 0.0 0.0 0.0 
0.0 0.0 0.0 0.0 0.0 0.0 0.0 0.0 
0.0 0.0 0.0 0.0 0.0 0.0 0.0 0.0 
0.0 0.0 0.0 0.0 0.0 0.0 0.0 0.0 
0.0 0.0 0.0 0.0 0.0 0.0 0.0 0.0 
0.0 0.0 0.0 0.0 0.0 0.0 0.0 0.0 

