0.0 0.0 0.0 0.0 0.0 0.0 0.0 0.0 
0.0 2.332074877710154 1.078352396584357 1.8808806665591973 2.23501660257505 2.23501660257505 1.1159057528072707 0.0 
0.0 3.0989654873675767 1.2430414867225372 1.7910627947812265 1.8613715355756517 1.8613715355756517 1.5953598644646962 0.0 
0.0 3.0989654873675767 1.497995185373492 1.7910627947812265 1.7910627947812265 1.3149416017324789 1.3149416017324789 0.0 
0.0 2.8671499877521036 1.4672379409812726 1.404859866200322 1.738076364100949 2.308349551533566 2.308349551533566 0.0 
0.0 2.8671499877521036 1.7596061415107256 1.5907378951031148 1.3026100339754885 2.308349551533566 2.308349551533566 0.0 
0.0 3.28472667005939 1.7596061415107256 2.052664971952907 2.70404987922091 0.9743244828931255 0.9559373045498205 0.0 
0.0 0.0 0.0 0.0 0.0 0.0 0.0 0.0 

0.0 0.0 0.0 0.0 0.0 0.0 0.0 0.0 
0.0 0.29148365154107087 0.4807970919515246 0.5809548972130533 0.4846869838334043 0.35555078983879257 0.38488768074498975 0.0 
0.0 0.0 0.4807970919515246 0.4807970919515246 0.07300143198221411 0.07300143198221411 0.12274441884876768 0.0 
0.0 0.0 0.0 0.16238067707385367 0.07300143198221411 0.25231241318002223 0.25231241318002223 0.0 
0.0 0.0 0.0 0.16238067707385367 0.004365317696410201 0.0 0.0 0.0 
0.0 0.0 0.0 0.0 0.0 0.0 0.0 0.0 
0.0 0.0 0.0 0.0 0.0 0.06605285085391932 0.06605285085391932 0.0 
0.0 0.0 0.0 0.0 0.0 0.0 0.0 0.0 

0.0 0.0 0.0 0.0 0.0 0.0 0.0 0.0 
0.0 1.0547190753359903 0.9671924809945033 0.9005005353157037 0.5192439482147245 0.3524282673358042 0.0106954238067144 0.0 
0.0 1.0547190753359903 0.9540704172355338 0.5192439482147245 0.5192439482147245 0.3524282673358042 0.21746829474903143 0.0 
0.0 0.5344998296146323 0.28543412804150914 0.11493847978715482 0.0 0.22573547629568086 0.7507737661880222 0.0 
0.0 0.8187128057292528 0.7798587323614541 0.6379898917961808 0.0 0.5310411048056196 0.6643410283118071 0.0 
0.0 0.6645480390151898 0.7798587323614541 0.5296966432975391 0.14571884396001566 0.0 0.00029659181263907985 0.0 
0.0 0.19002405023223912 0.2634759451456048 0.2634759451456048 0.495737373892142 0.495737373892142 0.4779399647848807 0.0 
0.0 0.0 0.0 0.0 0.0 0.0 0.0 0.0 

0.0 0.0 0.0 0.0 0.0 0.0 0.0 0.0 
0.0 3.340174574219097 3.7565605285307737 1.2312765464391648 1.0393080629976978 1.0325927131333066 1.0325927131333066 0.0 
0.0 0.0 0.577417350628991 0.577417350628991 0.11308795857805223 0.0 0.7767900290622829 0.0 
0.0 0.0 0.577417350628991 0.577417350628991 0.0 0.5396722724378257 1.0540783321707505 0.0 
0.0 2.4183965774538296 2.4183965774538296 0.3884777873804997 0.0 0.0 0.37259495901197903 0.0 
0.0 0.0 0.0008884711149094171 0.0008884711149094171 0.0 0.0 0.25633689454036634 0.0 
0.0 0.0 0.0 0.0 0.0 0.0 0.25633689454036634 0.0 
0.0 0.0 0.0 0.0 0.0 0.0 0.0 0.0 

0.0 0.0 0.0 0.0 0.0 0.0 0.0 0.0 
0.0 3.256976371297154 3.256976371297154 1.2160295240180719 1.1961982888884013 1.1961982888884013 1.164132772109807 0.0 
0.0 1.0996666992061883 0.5923696442865131 1.2160295240180719 1.0897382842657344 0.7747384675410249 1.333660222726197 0.0 
0.0 1.899688021880995 0.8524698017226576 0.8524698017226576 0.84931363545153 1.1420275739131236 1.7302168170258772 0.0 
0.0 1.899688021880995 1.3775812461906782 1.0796471185684517 0.84931363545153 1.1420275739131236 1.5922702585891528 0.0 
0.0 1.5425821358930296 0.9231170151947014 0.9176878431277652 1.1759428715994764 0.9303637898728919 1.0035253772910542 0.0 
0.0 1.0356737232141737 0.0 0.0 0.9303637898728919 0.9303637898728919 1.147775479557379 0.0 
0.0 0.0 0.0 0.0 0.0 0.0 0.0 0.0 

0.0 0.0 0.0 0.0 0.0 0.0 0.0 0.0 
0.0 0.7755036193937563 0.2797595297660281 0.17019619555720356 0.18314003721387118 0.0 0.0 0.0 
0.0 0.8036982100372572 0.2797595297660281 0.0 0.0 0.0 0.0 0.0 
0.0 0.8036982100372572 0.0 0.0 0.0 0.0 0.08843241123408875 0.0 
0.0 0.35377679564299525 0.15567270725625593 0.15567270725625593 0.0 0.0 0.11178998665563268 0.0 
0.0 0.645689296643853 0.8211584181517626 0.2661991834828841 0.7665795282336088 0.0 0.0 0.0 
0.0 0.5481304171613448 0.0 0.0 0.17279503429454374 0.0 0.0 0.0 
0.0 0.0 0.0 0.0 0.0 0.0 0.0 0.0 

0.0 0.0 0.0 0.0 0.0 0.0 0.0 0.0 
0.0 0.0 0.022198223486661783 0.5122650256455759 0.7744301484456928 0.4507160330153789 0.0 0.0 
0.0 0.2943599532501845 0.0 0.34158880064173547 0.7744301484456928 0.4507160330153789 0.0 0.0 
0.0 0.2943599532501845 0.0 0.7068627514580782 0.7068627514580782 0.6404616622463579 0.0 0.0 
0.0 0.3436479755943466 0.15855115581975784 0.7068627514580782 0.7068627514580782 0.7747447884535668 0.3869245297571411 0.0 
0.0 0.6276119821664 0.7880510167626564 1.1414505560837602 1.1414505560837602 0.6388961328632379 0.5462445966572753 0.0 
0.0 0.6276119821664 0.6276119821664 1.1414505560837602 1.1414505560837602 0.5741678442172488 0.5741678442172488 0.0 
0.0 0.0 0.0 0.0 0.0 0.0 0.0 0.0 

0.0 0.0 0.0 0.0 0.0 0.0 0.0 0.0 
0.0 1.7276594026512324 2.6423462635322337 2.2630998938182434 2.070166834986384 1.9800274555451538 2.252508895318068 0.0 
0.0 1.7276594026512324 2.6423462635322337 2.161270214452591 1.6029729363287684 2.336792246194672 2.336792246194672 0.0 
0.0 1.7584773009814292 2.217317198246363 2.161270214452591 1.6029729363287684 1.6212169442472235 2.0756689849967747 0.0 
0.0 1.3626178655439347 2.058275576012812 2.048171520758215 1.638016200693806 1.638016200693806 1.9589912066349746 0.0 
0.0 1.6230367433766888 1.6602913642248223 1.8198873333741135 1.2432602707528075 1.521524414615943 1.9589912066349746 0.0 
0.0 2.2447555616748405 1.8056280806664897 2.2806192432456753 1.6733909462335979 1.8067250859843744 1.901176940932998 0.0 
0.0 0.0 0.0 0.0 0.0 0.0 0.0 0.0 

0.0 0.0 0.0 0.0 0.0 0.0 0.0 0.0 
0.0 0.16901701727167237 0.16901701727167237 0.0 0.0 0.0 0.0 0.0 
0.0 0.0 0.0 0.0 0.0 0.0 0.0 0.0 
0.0 0.0 0.0 0.0 0.0 0.0 0.0 0.0 
0.0 0.0 0.0 0.0 0.0 0.0 0.0 0.0 
0.0 0.2666238932171596 0.0 0.0 0.0 0.0 0.0 0.0 
0.0 0.2666238932171596 0.0 0.0 0.0 0.0 0.0 0.0 
0.0 0.0 0.0 0.0 0.0 0.0 0.0 0.0 

0.0 0.0 0.0 0.0 0.0 0.0 0.0 0.0 
0.0 0.0 0.05165497085215415 0.22599316946058615 0.22599316946058615 0.0 0.0 0.0 
0.0 0.0 0.0 0.4122092661458383 0.4120251391785633 0.4120251391785633 0.0 0.0 
0.0 0.34543737208067077 0.0 0.4122092661458383 0.17940426460783623 0.01686267016818535 0.0 0.0 
0.0 0.0 0.0 0.018326287862287266 0.018326287862287266 0.0 0.0 0.0 
0.0 0.0 0.0 0.0 0.0 0.0 0.0 0.0 
0.0 0.6407984224576582 0.0 0.0 0.0 0.0 0.0 0.0 
0.0 0.0 0.0 0.0 0.0 0.0 0.0 0.0 

0.0 0.0 0.0 0.0 0.0 0.0 0.0 0.0 
0.0 0.6333659980750281 0.5713469684111961 0.4149104652418129 0.6914827239743137 0.529639416460846 0.49818260291415134 0.0 
0.0 0.0 0.0 0.07088491093615115 0.6914827239743137 0.0 0.016627661094900353 0.0 
0.0 0.0 0.2096598105228296 0.443620854359003 0.443620854359003 0.0 0.016627661094900353 0.0 
0.0 0.0 0.2096598105228296 0.443620854359003 0.443620854359003 0.0 0.0 0.0 
0.0 0.15298846453244053 0.0 0.1930863015151178 0.8633705553980109 0.8633705553980109 0.44056448316388663 0.0 
0.0 0.0 0.0 0.0 0.0 0.0 0.44056448316388663 0.0 
0.0 0.0 0.0 0.0 0.0 0.0 0.0 0.0 

0.0 0.0 0.0 0.0 0.0 0.0 0.0 0.0 
0.0 0.0 1.1364912295291312 1.1364912295291312 1.0872486988606764 0.6554698067661515 0.2626843116710976 0.0 
0.0 0.1915426779711544 0.44653611606206645 0.23768447184656397 1.1376453994375768 1.3326468910898361 1.0297302166559146 0.0 
0.0 1.5351663561929343 1.5351663561929343 0.23768447184656397 0.18637377336869526 0.8296665552670347 0.8296665552670347 0.0 
0.0 1.5351663561929343 1.5351663561929343 0.133487088482154 0.0 0.0 0.0 0.0 
0.0 0.23522709907745776 0.0 0.0 0.0 0.6497355098436218 0.6497355098436218 0.0 
0.0 0.0 0.0 0.0 0.0 0.0 0.49021033397330743 0.0 
0.0 0.0 0.0 0.0 0.0 0.0 0.0 0.0 

0.0 0.0 0.0 0.0 0.0 0.0 0.0 0.0 
0.0 3.263352885307791 2.048917689401024 1.3395399363244818 1.231075225621618 1.2089728522754453 0.6839750461420846 0.0 
0.0 1.11733392614512 0.0 0.7383919866169543 0.8114340437430376 0.6694144108453424 0.6694144108453424 0.0 
0.0 1.533211554839583 0.43134499515477387 0.6599255722006306 0.8114340437430376 1.2969833894687843 1.2969833894687843 0.0 
0.0 1.533211554839583 1.2351044672535247 0.6684494699960449 0.7487044317289474 0.7487044317289474 0.3977719234093443 0.0 
0.0 2.0186865360341186 0.6104430278861153 0.8314375671579572 1.6393636425449016 0.901665029770726 0.5387474421637065 0.0 
0.0 0.5070438910060275 0.0 0.8314375671579572 1.6393636425449016 0.054278979360133595 0.5387474421637065 0.0 
0.0 0.0 0.0 0.0 0.0 0.0 0.0 0.0 

0.0 0.0 0.0 0.0 0.0 0.0 0.0 0.0 
0.0 4.563486085885285 4.563486085885285 2.7879601508671623 1.2987485831228653 1.7790645094923179 1.5449736628480262 0.0 
0.0 3.716345318568371 3.234480318257591 0.9089907529641074 1.2328903101824864 1.5000264192222417 0.8278443807131913 0.0 
0.0 2.35524396079635 2.0025361884606974 0.4892260853881239 1.2633853497062433 1.6530875368990048 1.6530875368990048 0.0 
0.0 3.222235717085438 2.8779876395740103 1.9857782804773296 1.2633853497062433 2.8503376471681756 2.8503376471681756 0.0 
0.0 2.95603923956692 2.8979120379135597 2.7343567304762164 2.7343567304762164 3.709995667703197 1.5881445328829227 0.0 
0.0 2.95603923956692 2.8979120379135597 2.7343567304762164 2.926563346035568 3.709995667703197 1.5881445328829227 0.0 
0.0 0.0 0.0 0.0 0.0 0.0 0.0 0.0 

0.0 0.0 0.0 0.0 0.0 0.0 0.0 0.0 
0.0 0.07703920561479469 0.07703920561479469 0.0 0.3417644210414312 0.3417644210414312 0.0 0.0 
0.0 0.07703920561479469 0.07703920561479469 0.11609913705509375 0.0 0.0 0.0 0.0 
0.0 0.0 0.14990308761477766 0.0 0.0 0.0 0.0 0.0 
0.0 0.0 0.0 0.0 0.0 0.0 0.0 0.0 
0.0 0.038601843673458064 0.0 0.0 0.0 0.0 0.0 0.0 
0.0 0.09151326091536954 0.0 0.0 0.0 0.0 0.0 0.0 
0.0 0.0 0.0 0.0 0.0 0.0 0.0 0.0 

0.0 0.0 0.0 0.0 0.0 0.0 0.0 0.0 
0.0 0.9492160883680416 0.8591419837419334 0.354062189110641 0.354062189110641 0.9003259524857006 0.9003259524857006 0.0 
0.0 0.07795784976187488 0.8076251278029627 0.8076251278029627 0.46715013123049215 0.46715013123049215 0.3281232673662175 0.0 
0.0 1.4566419292963844 1.222696438994468 0.8076251278029627 0.566757227997449 0.566757227997449 0.2216702855235651 0.0 
0.0 1.4566419292963844 1.222696438994468 0.7487136462507501 0.9238947673587957 0.9238947673587957 0.2216702855235651 0.0 
0.0 1.011521507554737 0.675082929108698 1.0357851507687055 1.3448547763075116 1.3448547763075116 0.7777848261184761 0.0 
0.0 1.011521507554737 0.675082929108698 0.7918346451322459 1.1137262906297698 1.1137262906297698 0.7777848261184761 0.0 
0.0 0.0 0.0 0.0 0.0 0.0 0.0 0.0 

0.0 0.0 0.0 0.0 0.0 0.0 0.0 0.0 
0.0 0.8896363880130467 0.8896363880130467 0.0 0.0 0.0 0.0 0.0 
0.0 0.8896363880130467 0.8896363880130467 0.0 0.0993796656502306 0.0 0.0 0.0 
0.0 0.018791270927370873 0.0 0.0 0.0993796656502306 0.0 0.0 0.0 
0.0 0.971661646190216 0.971661646190216 0.0 0.0 0.0680567301353675 0.0680567301353675 0.0 
0.0 0.971661646190216 1.0809007278116247 0.9691143773989418 0.6179223781523104 0.0 0.0 0.0 
0.0 0.5365937716694528 0.5365937716694528 0.6179223781523104 0.6179223781523104 0.11962474380196428 0.0006939637756736006 0.0 
0.0 0.0 0.0 0.0 0.0 0.0 0.0 0.0 

0.0 0.0 0.0 0.0 0.0 0.0 0.0 0.0 
0.0 1.7342883593790508 0.0 0.7134687980066056 0.7134687980066056 0.36330441326979995 0.0 0.0 
0.0 1.6051586192926979 0.36544950213440347 0.45638553483725586 0.45638553483725586 0.36330441326979995 0.3153024464461812 0.0 
0.0 0.8675403750586848 0.0 0.3045282436114797 0.5853434036515797 0.9015129338064216 0.3153024464461812 0.0 
0.0 1.1700960065301755 0.0 0.0 0.4246107875796577 1.5210368909376095 1.5210368909376095 0.0 
0.0 1.1700960065301755 0.0 0.6504071830457783 0.6504071830457783 1.3183397323995225 1.3183397323995225 0.0 
0.0 0.5872411713946668 0.5872411713946668 1.5361182622734968 1.5361182622734968 0.8371868500416875 0.8371868500416875 0.0 
0.0 0.0 0.0 0.0 0.0 0.0 0.0 0.0 

0.0 0.0 0.0 0.0 0.0 0.0 0.0 0.0 
0.0 0.41266929461715945 0.0 0.0 0.24128018060959527 0.03618733154809156 0.0 0.0 
0.0 0.1478038552082992 0.1478038552082992 0.0 0.0 0.0 0.0 0.0 
0.0 0.16996657349183858 0.1478038552082992 0.0 0.0 0.0 0.0 0.0 
0.0 0.16996657349183858 0.0 0.0 0.0 0.13260631546923643 0.13260631546923643 0.0 
0.0 0.0 0.0 0.0 0.0 0.13260631546923643 0.13260631546923643 0.0 
0.0 0.0 0.0 0.0 0.0 0.0 0.0 0.0 
0.0 0.0 0.0 0.0 0.0 0.0 0.0 0.0 

0.0 0.0 0.0 0.0 0.0 0.0 0.0 0.0 
0.0 3.8526256490585458 3.8526256490585458 1.1427441464351626 0.6905007253768201 0.286729455438232 0.286729455438232 0.0 
0.0 3.3069118846267296 2.560116933132207 0.0 0.5564207934189818 0.5564207934189818 0.0 0.0 
0.0 1.8079617002486597 0.24942983103118138 0.0 0.178285146417891 0.37976736278628864 0.6918981020262209 0.0 
0.0 1.6608000022900842 1.7031807429160737 0.8858730103254693 0.0 0.6518363654640535 0.7938794151015246 0.0 
0.0 2.2752086660167623 1.9520451959781986 1.0512684058308253 1.6757036394491194 1.6757036394491194 0.7414446037885525 0.0 
0.0 2.2752086660167623 1.9520451959781986 1.0055513188141483 2.798232878512897 2.798232878512897 0.5529399034104643 0.0 
0.0 0.0 0.0 0.0 0.0 0.0 0.0 0.0 

0.0 0.0 0.0 0.0 0.0 0.0 0.0 0.0 
0.0 0.0 0.610513424195963 0.0 0.0 0.0 0.0 0.0 
0.0 0.0 0.0 0.0 0.0 0.0 0.0 0.0 
0.0 0.0 0.0 0.0 0.0 0.0 0.0 0.0 
0.0 0.0 0.0 0.0 0.0 0.0 0.0 0.0 
0.0 0.0 0.0 0.0 0.0 0.0 0.0 0.0 
0.0 0.03993035157764538 0.0 0.0 0.0 0.0 0.0 0.0 
0.0 0.0 0.0 0.0 0.0 0.0 0.0 0.0 

0.0 0.0 0.0 0.0 0.0 0.0 0.0 0.0 
0.0 1.0834263681232452 1.0834263681232452 0.14388048141135906 0.10713718242215726 0.0 0.0 0.0 
0.0 1.0834263681232452 1.0834263681232452 0.14388048141135906 0.0 0.0 0.0 0.0 
0.0 0.0 0.0 0.0 0.0 0.0 0.34913858458646585 0.0 
0.0 0.11061198823965368 0.0 0.0 0.0 0.0 0.08527447797924287 0.0 
0.0 0.051068615526222494 0.21002969898908078 0.0 0.0 0.0 0.02560863620006519 0.0 
0.0 0.07280833309179763 0.0 0.0 0.5819842039775436 0.2922223913931032 0.0 0.0 
0.0 0.0 0.0 0.0 0.0 0.0 0.0 0.0 

0.0 0.0 0.0 0.0 0.0 0.0 0.0 0.0 
0.0 2.289101053231391 1.8543097973113978 0.9725150409381508 0.802801980541257 1.0292297554055425 1.0012097386943724 0.0 
0.0 0.515284500764083 1.3992308471753159 0.9083934465958627 0.6638971199187592 0.5100563134867485 0.8885740739141036 0.0 
0.0 0.5203320988677309 1.0288173646089904 1.0288173646089904 0.37198698934832386 0.4964472845879437 0.8167304792416661 0.0 
0.0 1.2788739858331553 1.2788739858331553 0.9248165388742252 0.5908342974222051 0.1594052349290615 0.8167304792416661 0.0 
0.0 1.1804208732683044 1.1804208732683044 1.3714475210947679 1.3714475210947679 1.0751557829553355 0.49822742184186486 0.0 
0.0 0.9792351423295882 0.9792351423295882 1.3714475210947679 1.3714475210947679 1.0087785096687336 0.49822742184186486 0.0 
0.0 0.0 0.0 0.0 0.0 0.0 0.0 0.0 

0.0 0.0 0.0 0.0 0.0 0.0 0.0 0.0 
0.0 0.0 0.0 0.0 0.0 0.0 0.0 0.0 
0.0 0.0 0.18158196917173663 0.18158196917173663 0.0 0.0 0.0 0.0 
0.0 0.4254977116509452 0.4254977116509452 0.18158196917173663 0.0 0.0 0.0 0.0 
0.0 0.4254977116509452 0.4254977116509452 0.0 0.0 0.0 0.0 0.0 
0.0 0.0 0.0 0.0 0.0 0.0 0.0 0.0 
0.0 0.0 0.0 0.0 0.0 0.0 0.0 0.0 
0.0 0.0 0.0 0.0 0.0 0.0 0.0 0.0 

0.0 0.0 0.0 0.0 0.0 0.0 0.0 0.0 
0.0 1.2289725172630614 0.6288144204159782 0.9771538216754796 0.5955236120221754 0.29861103835427816 0.07650949899033019 0.0 
0.0 1.0890702034717004 0.0 0.5508408068135775 0.8650952087632189 0.40602966059338 0.29052275162659114 0.0 
0.0 1.2238089456222747 0.06410075950747247 0.6155481246321615 0.8650952087632189 0.2158723078067365 0.1484109175213571 0.0 
0.0 1.2238089456222747 0.9031568235344065 0.9031568235344065 0.7604943380789042 0.2623096615200028 0.42700231041968395 0.0 
0.0 1.1596533688180295 1.24610922177059 1.24610922177059 1.7362571679914836 0.6886614768687258 1.1575769986504367 0.0 
0.0 1.2867667139111139 1.24610922177059 1.24610922177059 1.3685046834882673 0.8724551427158869 1.1575769986504367 0.0 
0.0 0.0 0.0 0.0 0.0 0.0 0.0 0.0 

0.0 0.0 0.0 0.0 0.0 0.0 0.0 0.0 
0.0 1.5899129585353138 0.9791238693360256 0.9791238693360256 1.6062206893570659 0.7989856754724706 0.0 0.0 
0.0 1.063113948836929 0.0 0.7227775840288405 1.0103521111689997 0.7989856754724706 0.1272037482541188 0.0 
0.0 0.8324356714879129 0.0 0.6125839255377926 0.6042612681488244 0.7512175357379304 0.7512175357379304 0.0 
0.0 1.0567124429312598 0.0 0.6042612681488244 0.6042612681488244 1.4307892977098737 1.4307892977098737 0.0 
0.0 1.0567124429312598 0.0 0.2963074666689448 0.2963074666689448 1.4307892977098737 1.4307892977098737 0.0 
0.0 1.0741072891528158 0.6595856881658146 0.520594855994531 0.9789371716998618 0.0 0.0 0.0 
0.0 0.0 0.0 0.0 0.0 0.0 0.0 0.0 

0.0 0.0 0.0 0.0 0.0 0.0 0.0 0.0 
0.0 5.580193893997813 2.7311363953479573 1.8824307946425594 1.7694075460469891 1.7694075460469891 1.6633591545932314 0.0 
0.0 4.153596683548768 2.379641289381579 0.793981354137621 0.7679341110595633 1.1477137272292415 1.1477137272292415 0.0 
0.0 2.8883565157435487 2.8883565157435487 0.29630307265655087 0.6990297721701942 2.4748700323213133 2.4748700323213133 0.0 
0.0 3.364774906545986 3.364774906545986 1.7280831157958165 1.4688067875336153 2.4748700323213133 2.4748700323213133 0.0 
0.0 3.364774906545986 3.364774906545986 1.7280831157958165 1.6767214091173361 2.4300116283208424 2.4300116283208424 0.0 
0.0 2.081040262015 2.081040262015 1.7110601569493677 1.7110601569493677 0.9775065279321387 0.6721340757736973 0.0 
0.0 0.0 0.0 0.0 0.0 0.0 0.0 0.0 

0.0 0.0 0.0 0.0 0.0 0.0 0.0 0.0 
0.0 0.0 3.166317273184587 0.6369919687517052 0.6369919687517052 0.0 0.0 0.0 
0.0 0.0 0.6344520274546939 0.6344520274546939 0.0 0.0 0.0 0.0 
0.0 0.0 0.6120768148137511 0.6120768148137511 0.0 0.0 0.0 0.0 
0.0 0.10718141573204257 0.4220654875005317 0.4220654875005317 0.0 0.0 0.0 0.0 
0.0 0.0 0.0 0.06933845240615416 0.06933845240615416 0.0 0.0 0.0 
0.0 0.0 0.0 0.0 0.0 0.0 0.0 0.0 
0.0 0.0 0.0 0.0 0.0 0.0 0.0 0.0 

0.0 0.0 0.0 0.0 0.0 0.0 0.0 0.0 
0.0 0.021915279119836692 0.0 0.3767039805179617 0.0 0.06686072944874563 0.0 0.0 
0.0 0.6042147129454365 0.0 0.5585625028027231 0.5585625028027231 0.06686072944874563 0.0 0.0 
0.0 0.26200966706011564 0.0 0.5585625028027231 0.5585625028027231 0.47401668459284163 0.0 0.0 
0.0 0.6842128188638141 0.0 0.0 0.47401668459284163 0.47401668459284163 0.032446794823363434 0.0 
0.0 0.7678094550821097 0.0 0.19135018845283275 0.637943469094772 0.032446794823363434 0.032446794823363434 0.0 
0.0 0.7678094550821097 0.20237013700753959 0.289446083039616 0.637943469094772 0.46536146302182485 0.46536146302182485 0.0 
0.0 0.0 0.0 0.0 0.0 0.0 0.0 0.0 

0.0 0.0 0.0 0.0 0.0 0.0 0.0 0.0 
0.0 0.0 0.0 0.0 0.17551224895863687 0.17551224895863687 0.0 0.0 
0.0 0.508420602349298 0.0 0.0 0.17551224895863687 0.17551224895863687 0.0 0.0 
0.0 0.508420602349298 0.0 0.0 0.0 0.0 0.0 0.0 
0.0 0.0 0.0 0.0 0.0 0.0 0.0 0.0 
0.0 0.44920082924781957 0.28782169958185033 0.28782169958185033 0.0 0.0 0.0 0.0 
0.0 0.9901053627488355 0.28782169958185033 0.28782169958185033 0.5194068756024497 0.5194068756024497 0.0 0.0 
0.0 0.0 0.0 0.0 0.0 0.0 0.0 0.0 

0.0 0.0 0.0 0.0 0.0 0.0 0.0 0.0 
0.0 0.0 0.05337683535240234 0.0 0.0 0.0 0.0 0.0 
0.0 0.0 0.0 0.0 0.0 0.0 0.0 0.0 
0.0 0.0 0.0 0.0 0.0 0.0 0.0 0.0 
0.0 0.0 0.0 0.0 0.0 0.0 0.0 0.0 
0.0 0.0 0.0 0.0 0.0 0.0 0.0 0.0 
0.0 0.0 0.0 0.0 0.0 0.0 0.0 0.0 
0.0 0.0 0.0 0.0 0.0 0.0 0.0 0.0 

0.0 0.0 0.0 0.0 0.0 0.0 0.0 0.0 
0.0 0.0 0.0 0.0 0.09560800107767886 0.0 0.0 0.0 
0.0 0.0 0.0 0.0 0.0 0.0 0.0 0.0 
0.0 0.3901851360337881 0.0 0.0 0.0 0.0 0.0 0.0 
0.0 0.3901851360337881 0.0 0.0 0.0 0.0 0.0 0.0 
0.0 0.11672549025034556 0.0 0.0 0.0 0.0 0.0 0.0 
0.0 0.11672549025034556 0.0 0.0 0.0 0.0 0.0 0.0 
0.0 0.0 0.0 0.0 0.0 0.0 0.0 0.0 

