0.0 0.0 0.0 0.0 0.0 0.0 0.0 0.0 
0.0 2.8905239542343315 2.01930812915479 2.357813147131203 2.357813147131203 1.4956765579378242 1.2346367478982305 0.0 
0.0 1.960104297983448 1.4007990012151716 1.8022985429829244 1.7548148712451281 1.4956765579378242 1.196255439472402 0.0 
0.0 2.589030256404194 2.259457684315887 2.259457684315887 1.877636258390127 1.6240396800215477 1.5284513476270205 0.0 
0.0 2.589030256404194 2.259457684315887 2.259457684315887 1.6240396800215477 1.6240396800215477 1.5284513476270205 0.0 
0.0 1.7012405871310787 2.248232494788091 2.4469785045442167 2.3335725838743073 1.6370303288807404 1.3904296968385965 0.0 
0.0 1.4934177566291589 1.4293389452804386 1.5446814204042159 1.7772785996814506 1.7772785996814506 1.424372391532576 0.0 
0.0 0.0 0.0 0.0 0.0 0.0 0.0 0.0 

0.0 0.0 0.0 0.0 0.0 0.0 0.0 0.0 
0.0 0.0 0.0 0.0 0.0 0.03937400196866843 0.7085033178513822 0.0 
0.0 0.0 0.0 0.0 0.0 0.3236107535506805 0.4819377995779981 0.0 
0.0 0.0 0.0 0.0 0.0 0.5231953898403461 0.5231953898403461 0.0 
0.0 0.14957272877247965 0.0 0.0 0.4534280217648447 0.545616163044532 0.6006788469521129 0.0 
0.0 0.3056379784232523 0.3290798155190088 0.33262991959171184 0.4534280217648447 0.6212335077767044 0.6212335077767044 0.0 
0.0 0.40691976508073124 0.35786908823055424 0.42105935961384283 0.42105935961384283 0.6212335077767044 0.6212335077767044 0.0 
0.0 0.0 0.0 0.0 0.0 0.0 0.0 0.0 

0.0 0.0 0.0 0.0 0.0 0.0 0.0 0.0 
0.0 0.5838386497536504 0.17174112188199167 0.0997735167417172 0.5054648257744399 0.9125560833906915 0.5890243570173886 0.0 
0.0 0.44080932129041744 0.5172463237565286 0.0997735167417172 0.5054648257744399 0.9125560833906915 0.5890243570173886 0.0 
0.0 1.1681064976986417 0.6998733514243191 0.08654685201255928 0.24010375910476572 0.382093496176719 0.031912958823678006 0.0 
0.0 1.1681064976986417 0.16930951385448942 0.0 0.24010375910476572 0.24010375910476572 0.06615471559520932 0.0 
0.0 0.036361267819532556 0.0 0.20296477357275583 0.4837440440478957 0.4668580946395364 0.07879029096025299 0.0 
0.0 0.0 0.0 0.20296477357275583 0.529341340164371 0.529341340164371 9.538832412405406e-05 0.0 
0.0 0.0 0.0 0.0 0.0 0.0 0.0 0.0 

0.0 0.0 0.0 0.0 0.0 0.0 0.0 0.0 
0.0 1.3307347223269625 1.3307347223269625 0.9283952037292524 1.0640515611081112 1.370486109149213 0.8082047855849586 0.0 
0.0 1.7443718278721814 0.02662631402593535 0.47719387187536494 0.7814627378743741 0.7814627378743741 0.1279525334803042 0.0 
0.0 1.9535469462745467 0.0 0.47719387187536494 0.7814627378743741 0.7814627378743741 0.4821247829846049 0.0 
0.0 0.0 0.0 0.35738194199842815 1.2905168958336612 1.2905168958336612 0.25270953594459156 0.0 
0.0 0.0 0.0 0.0 1.2905168958336612 1.2905168958336612 0.25270953594459156 0.0 
0.0 0.11789413672339878 0.0 0.0 0.0 0.17658519988193538 0.23531747195894323 0.0 
0.0 0.0 0.0 0.0 0.0 0.0 0.0 0.0 

0.0 0.0 0.0 0.0 0.0 0.0 0.0 0.0 
0.0 1.0405866829752408 0.48289569612758687 0.7925759466505885 0.7925759466505885 0.7049609434217866 0.6183831861106849 0.0 
0.0 1.484693064404999 1.229865613667754 0.9684232865099186 1.1656480406149095 0.7049609434217866 0.8085805440957208 0.0 
0.0 1.521043374250004 1.1715581647167517 0.6393562022616037 1.1151135728944472 0.6032748278851985 0.9911092540410731 0.0 
0.0 1.006287053612309 0.8156052029968524 0.8156052029968524 1.2140103116686731 1.2140103116686731 0.927041644990009 0.0 
0.0 1.053400692210863 0.7961323544322598 0.7877792762902079 1.3660876966404982 1.3660876966404982 1.0257305797890008 0.0 
0.0 1.053400692210863 0.7897374433980293 0.7877792762902079 0.7328496047667404 0.8164599905263592 1.0257305797890008 0.0 
0.0 0.0 0.0 0.0 0.0 0.0 0.0 0.0 

0.0 0.0 0.0 0.0 0.0 0.0 0.0 0.0 
0.0 1.5216421739724202 1.114064572530109 1.114064572530109 0.580798308156504 0.5702577867970255 0.02951182303035235 0.0 
0.0 0.8877847988994348 1.0514354805287502 0.49369573482951 0.49369573482951 0.4036893417252152 0.0 0.0 
0.0 0.8877847988994348 1.0514354805287502 0.49369573482951 0.49369573482951 0.0 0.0 0.0 
0.0 0.33983706196402197 0.749244449443598 0.749244449443598 0.15246158611981217 0.15246158611981217 0.0 0.0 
0.0 0.0 0.0 0.0 0.15246158611981217 0.15246158611981217 0.0 0.0 
0.0 0.0 0.0 0.0 0.0 0.0 0.0 0.0 
0.0 0.0 0.0 0.0 0.0 0.0 0.0 0.0 

0.0 0.0 0.0 0.0 0.0 0.0 0.0 0.0 
0.0 1.1243555495007995 1.1733177234582866 1.1631532735811183 0.9698965107789115 0.5634452148435325 0.48675435241444903 0.0 
0.0 0.6228971294125898 0.6554544665286621 0.9393125974281179 0.7311872767305376 0.7420481520473595 0.7420481520473595 0.0 
0.0 0.7783256296375822 0.7783256296375822 0.9393125974281179 0.7311872767305376 0.5963669403335204 0.5963669403335204 0.0 
0.0 0.8435689434627835 1.1080655029454696 0.7793527943111015 0.2499450219968447 0.367008919044438 0.3176167389547218 0.0 
0.0 0.6477256640946754 0.7613131560563053 0.46145438299085295 0.32212850523744474 0.3699845827147615 0.3699845827147615 0.0 
0.0 0.39085690626503394 0.47732641122151104 0.6674407702107451 0.6674407702107451 0.37342251716543795 0.37342251716543795 0.0 
0.0 0.0 0.0 0.0 0.0 0.0 0.0 0.0 

0.0 0.0 0.0 0.0 0.0 0.0 0.0 0.0 
0.0 2.5922874876063173 1.7834746231206953 1.7834746231206953 1.7145907885203047 2.2101835868798974 2.6755495951014905 0.0 
0.0 2.020221224413263 1.699956873838163 1.727191984178578 1.652872958661809 1.697910877304516 1.9445619455203789 0.0 
0.0 1.5799830962875863 2.0552255752280946 2.0552255752280946 2.1720281815680855 2.1720281815680855 2.0710914529461277 0.0 
0.0 1.7388842678419447 1.7388842678419447 2.3616396132691753 2.3616396132691753 2.103773433372889 2.0710914529461277 0.0 
0.0 1.9102928261389671 1.9215249252466249 2.3616396132691753 2.3616396132691753 2.103773433372889 1.988599948251554 0.0 
0.0 1.9663344401162615 1.9703231689358087 1.979958847353895 1.7538020130621563 2.10503901163271 1.9973611745217472 0.0 
0.0 0.0 0.0 0.0 0.0 0.0 0.0 0.0 

0.0 0.0 0.0 0.0 0.0 0.0 0.0 0.0 
0.0 0.04189654370997966 0.0 0.0 0.0 0.0 0.0 0.0 
0.0 0.0 0.0 0.0 0.0 0.0 0.0 0.0 
0.0 0.0 0.36110682603719546 0.36110682603719546 0.0 0.0 0.0 0.0 
0.0 0.0 0.0 0.0 0.0 0.0 0.0 0.0 
0.0 0.0 0.0 0.0 0.0 0.0 0.0 0.0 
0.0 0.0 0.0 0.0 0.0 0.0 0.0 0.0 
0.0 0.0 0.0 0.0 0.0 0.0 0.0 0.0 

0.0 0.0 0.0 0.0 0.0 0.0 0.0 0.0 
0.0 0.4249278501153487 0.27318364455072647 0.27318364455072647 0.0 0.05986713249040163 0.05986713249040163 0.0 
0.0 0.7334557501245599 0.05927607597946703 0.0 0.0 0.07951907142462387 0.07951907142462387 0.0 
0.0 0.0 0.030294509270015424 0.25699013219019107 0.25699013219019107 0.07951907142462387 0.13481752115062845 0.0 
0.0 0.3774328909398812 0.5593171913409509 0.2595674975259941 0.09718948371749268 0.5891879885680762 0.4176130084471087 0.0 
0.0 0.44624541689152125 0.581518739766532 0.581518739766532 0.3033489017988426 0.5891879885680762 0.4070962862272168 0.0 
0.0 0.43396177123960944 0.43926768762901697 0.5362868894711061 0.5362868894711061 0.45745933945870915 0.45745933945870915 0.0 
0.0 0.0 0.0 0.0 0.0 0.0 0.0 0.0 

0.0 0.0 0.0 0.0 0.0 0.0 0.0 0.0 
0.0 1.163915468177485 1.4271038867302983 1.4271038867302983 1.1761576340370707 1.6182079790127701 1.6182079790127701 0.0 
0.0 0.7208864145301922 1.1069793671802408 0.3637115197104336 0.347304216801261 0.0 0.5338511935239895 0.0 
0.0 0.7208864145301922 1.1069793671802408 0.3051441743372143 0.3051441743372143 0.09844473809446541 0.09844473809446541 0.0 
0.0 0.0 0.7191893665082385 0.7191893665082385 0.012535117666762186 0.16181841416304132 0.2787837489744946 0.0 
0.0 0.525237583295379 0.26122091943900216 0.3479637909975581 0.012535117666762186 0.17511201555119332 0.3958967279090375 0.0 
0.0 0.525237583295379 0.26122091943900216 0.3479637909975581 0.2625446119565013 0.22553806634512 0.3958967279090375 0.0 
0.0 0.0 0.0 0.0 0.0 0.0 0.0 0.0 

0.0 0.0 0.0 0.0 0.0 0.0 0.0 0.0 
0.0 1.1167457875087812 1.0247070188817116 1.2035985154142317 0.6037820759150555 1.2153490936399762 1.4752003071056439 0.0 
0.0 0.7160519330490414 0.6528425934087855 0.6528425934087855 0.1654663722537229 0.6161874319199561 0.619727746833467 0.0 
0.0 0.02123737221529258 0.36652207593337555 0.0 0.6127551827196112 0.6161874319199561 0.6161874319199561 0.0 
0.0 0.21981381216424667 0.36652207593337555 0.0 0.6127551827196112 0.6127551827196112 0.5672204444009681 0.0 
0.0 0.33031015099718036 1.172350949195957 1.4270020990006054 0.9881746888806777 0.3979232549993076 0.4732647859935183 0.0 
0.0 0.3565608654211697 0.3584466521089337 0.5313691857069742 0.5313691857069742 0.3932118940982526 0.3932118940982526 0.0 
0.0 0.0 0.0 0.0 0.0 0.0 0.0 0.0 

0.0 0.0 0.0 0.0 0.0 0.0 0.0 0.0 
0.0 2.1200494461534123 2.0967321464185007 2.0967321464185007 1.8660931134486385 1.8660931134486385 1.3680399228696678 0.0 
0.0 1.7909099631214414 1.0094614854929924 1.3422323314742213 1.3422323314742213 0.42465788480211536 0.4292294755320659 0.0 
0.0 1.7909099631214414 1.0094614854929924 1.3422323314742213 1.3422323314742213 0.11727037844483626 0.3695868196383379 0.0 
0.0 0.5785636478980253 1.2416200843562362 1.2416200843562362 0.646059586106397 0.5806275022252022 0.5435966094332169 0.0 
0.0 0.7895313226057448 0.5589801695811847 0.40369962069484205 0.646059586106397 0.5925133143880872 0.6508770224947139 0.0 
0.0 0.7895313226057448 0.45474293215133066 0.46777588780565066 0.45851993213959397 0.5925133143880872 0.6508770224947139 0.0 
0.0 0.0 0.0 0.0 0.0 0.0 0.0 0.0 

0.0 0.0 0.0 0.0 0.0 0.0 0.0 0.0 
0.0 2.7659648907170866 2.7659648907170866 2.9073678086525296 3.743848524079103 2.4797662137067156 1.7757209675646257 0.0 
0.0 1.600453778181158 2.5762958875880644 1.4255341615609136 2.116501773185329 1.9146771748307512 1.7757209675646257 0.0 
0.0 2.861340965554536 2.861340965554536 1.9486802508580618 2.116501773185329 1.7112483462765116 0.8241388190398106 0.0 
0.0 2.1675418486097806 1.550467515559327 2.0190854494430117 1.6580994511448808 1.2218618784542685 0.0 0.0 
0.0 0.09131296444235179 1.320926431144053 2.0190854494430117 1.584383384327587 0.9108083663080572 0.0 0.0 
0.0 0.19325766244038628 0.0 0.0 0.5068054990267917 0.9108083663080572 0.0 0.0 
0.0 0.0 0.0 0.0 0.0 0.0 0.0 0.0 

0.0 0.0 0.0 0.0 0.0 0.0 0.0 0.0 
0.0 0.39169504284247786 0.0 0.0 0.0 0.0 0.0 0.0 
0.0 0.0 0.0 0.11299937187073028 0.11299937187073028 0.0 0.0 0.0 
0.0 0.0 0.5320672673670607 0.0 0.0 0.0 0.0 0.0 
0.0 0.006707327925789333 0.5320672673670607 0.0 0.0 0.0 0.0 0.0 
0.0 0.0 0.0 0.0 0.10554735380396649 0.10554735380396649 0.0 0.0 
0.0 0.0 0.0 0.0 0.10554735380396649 0.25444289994841734 0.0 0.0 
0.0 0.0 0.0 0.0 0.0 0.0 0.0 0.0 

0.0 0.0 0.0 0.0 0.0 0.0 0.0 0.0 
0.0 1.8158219140643626 1.6587691843324548 0.9318464800240442 1.0923988703091774 0.9300149163548553 0.5718530888282364 0.0 
0.0 1.108141826720455 1.329418480859952 1.329418480859952 1.1525987524625603 1.1525987524625603 0.5330075747375935 0.0 
0.0 0.9963744203528089 1.329418480859952 1.5394494692854357 1.1525987524625603 1.1525987524625603 0.5330075747375935 0.0 
0.0 0.48135332507242623 1.051007100637183 1.5394494692854357 1.1015777940726545 0.40049328740257817 0.31477541642886975 0.0 
0.0 0.48135332507242623 0.48135332507242623 0.40520260758087745 0.2093306339351046 0.40049328740257817 0.214085727309167 0.0 
0.0 0.41170450222583926 0.41170450222583926 0.40520260758087745 0.27231813758155937 0.18998071834560806 0.214085727309167 0.0 
0.0 0.0 0.0 0.0 0.0 0.0 0.0 0.0 

0.0 0.0 0.0 0.0 0.0 0.0 0.0 0.0 
0.0 0.0 0.0 0.0 0.9783444798685446 0.9783444798685446 0.0 0.0 
0.0 0.24130171300467151 0.6481686882463945 0.6841744354211992 0.9783444798685446 0.9783444798685446 0.0 0.0 
0.0 0.7125773778319868 0.8548026181865214 0.8548026181865214 0.37836148568865335 0.37836148568865335 0.0 0.0 
0.0 0.7125773778319868 0.8548026181865214 0.8548026181865214 0.050046258308132086 0.0 0.0 0.0 
0.0 0.0 0.0 0.050046258308132086 0.050046258308132086 0.0 0.0 0.0 
0.0 0.0 0.0 0.0 0.0 0.0 0.0 0.0 
0.0 0.0 0.0 0.0 0.0 0.0 0.0 0.0 

0.0 0.0 0.0 0.0 0.0 0.0 0.0 0.0 
0.0 0.4213217940152118 0.5563667335245343 0.18745396914691864 0.811668332276759 0.67993160102817 0.0 0.0 
0.0 0.4213217940152118 0.5563667335245343 0.6636870637372904 0.811668332276759 0.67993160102817 0.5917408683189797 0.0 
0.0 1.2768417530529528 0.0329818038506611 0.19678361837199493 0.19678361837199493 0.053511864249189904 0.053511864249189904 0.0 
0.0 1.2768417530529528 0.16169364988832016 0.0329818038506611 0.0 0.053511864249189904 0.053511864249189904 0.0 
0.0 0.10198045259198639 0.046019385287930176 1.5267228802115878 1.5823666580336733 0.07376166671227341 0.07376166671227341 0.0 
0.0 0.0 0.0 1.5267228802115878 1.5823666580336733 0.3784146634229809 0.21001294270454454 0.0 
0.0 0.0 0.0 0.0 0.0 0.0 0.0 0.0 

0.0 0.0 0.0 0.0 0.0 0.0 0.0 0.0 
0.0 0.0 0.06992166060847729 0.26025746464063143 0.0 0.0 0.0 0.0 
0.0 0.0 0.0 0.0 0.0 0.0 0.0 0.0 
0.0 0.0 0.0 0.0 0.0 0.0 0.0 0.0 
0.0 0.0 0.0 0.0 0.0 0.0 0.0 0.0 
0.0 0.0 0.0 0.0 0.0 0.0 0.0 0.0 
0.0 0.0 0.0 0.0 0.0 0.0 0.0 0.0 
0.0 0.0 0.0 0.0 0.0 0.0 0.0 0.0 

0.0 0.0 0.0 0.0 0.0 0.0 0.0 0.0 
0.0 1.3288433396930475 2.5323149146426567 2.5323149146426567 1.8114032919713945 1.9581673471078211 1.9367248984002046 0.0 
0.0 0.2287594703760363 0.5459713712860015 0.5459713712860015 0.8491957318117416 1.6634150715594935 0.532589755016651 0.0 
0.0 3.3681665860542624 3.3681665860542624 1.386275858617464 1.386275858617464 0.8491957318117416 0.0 0.0 
0.0 2.142238247603343 1.9769712701864497 1.5066575463029348 0.956226337859116 0.7729005176278555 0.0 0.0 
0.0 0.0 1.5066575463029348 1.5066575463029348 0.2961166211291164 0.06880469317854375 0.0 0.0 
0.0 0.0 0.0 0.0 0.0 0.0 0.0 0.0 
0.0 0.0 0.0 0.0 0.0 0.0 0.0 0.0 

0.0 0.0 0.0 0.0 0.0 0.0 0.0 0.0 
0.0 0.13492733305318652 0.13492733305318652 0.2850340782207039 0.2850340782207039 0.5169525086439245 0.5169525086439245 0.0 
0.0 0.0 0.0 0.0 0.0 0.0 0.0 0.0 
0.0 0.36756075734323457 0.36756075734323457 0.0 0.0 0.0 0.0 0.0 
0.0 0.36756075734323457 0.36756075734323457 0.0 0.0 0.0 0.0 0.0 
0.0 0.0 0.15373818442355167 0.15373818442355167 0.0 0.0 0.0 0.0 
0.0 0.0 0.0 0.0 0.0 0.0 0.0 0.0 
0.0 0.0 0.0 0.0 0.0 0.0 0.0 0.0 

0.0 0.0 0.0 0.0 0.0 0.0 0.0 0.0 
0.0 0.0 0.0 0.0 0.19402403114172487 0.20675870480527028 0.0 0.0 
0.0 0.0 0.0 0.0 0.19402403114172487 0.20675870480527028 0.0 0.0 
0.0 0.53979494874494 0.42630967378166656 0.0 0.0 0.0 0.0 0.0 
0.0 0.53979494874494 0.0 0.0 0.0 0.0 0.0 0.0 
0.0 0.0 0.0 0.0 0.04140747753315797 0.04140747753315797 0.0 0.0 
0.0 0.0 0.0 0.0 0.0 0.0 0.0 0.0 
0.0 0.0 0.0 0.0 0.0 0.0 0.0 0.0 

0.0 0.0 0.0 0.0 0.0 0.0 0.0 0.0 
0.0 1.3842837490292035 1.31970704638152 1.2410549495271845 1.7858877713378722 1.7858877713378722 1.0312555014289453 0.0 
0.0 1.7129443960008581 1.0305558376564035 1.467023448907593 1.7386651301167246 1.7386651301167246 0.4576521761654957 0.0 
0.0 1.7129443960008581 0.9615658201685738 1.467023448907593 1.7386651301167246 1.7386651301167246 0.5053898514485146 0.0 
0.0 0.8076665936241733 0.8076665936241733 1.4785669839245417 1.5097756156675817 1.2983263193044097 0.47948210264330027 0.0 
0.0 0.5115068809317896 0.36779540545056655 0.7394903646480722 1.3882850290237205 1.2983263193044097 0.4829481030590452 0.0 
0.0 0.38429449089480716 0.37105277042588497 0.3696440485938824 0.14581798064279214 0.760061268005716 0.471912250685151 0.0 
0.0 0.0 0.0 0.0 0.0 0.0 0.0 0.0 

0.0 0.0 0.0 0.0 0.0 0.0 0.0 0.0 
0.0 0.0 0.0 0.0 0.0 0.0 0.0 0.0 
0.0 0.0 0.0 0.0 0.0 0.0 0.0 0.0 
0.0 0.0 0.0 0.0 0.0 0.0 0.0 0.0 
0.0 0.0 0.0 0.0 0.0 0.0 0.0 0.0 
0.0 0.0 0.0 0.0 0.0 0.0 0.0 0.0 
0.0 0.0 0.0 0.0 0.0 0.0 0.0 0.0 
0.0 0.0 0.0 0.0 0.0 0.0 0.0 0.0 

0.0 0.0 0.0 0.0 0.0 0.0 0.0 0.0 
0.0 1.3799026288041807 1.3578532496923759 1.1922617980806525 1.7720686564896642 1.7720686564896642 0.9735002879263669 0.0 
0.0 1.7747683134728964 1.7747683134728964 0.720074930668281 0.720074930668281 0.5811206508034692 0.8517008457092746 0.0 
0.0 1.5288609665077009 1.771865183440742 1.771865183440742 1.4190699459360916 1.4190699459360916 0.6008970287699567 0.0 
0.0 0.6617929015911083 1.4727166031877519 1.4727166031877519 1.440787990952106 0.7853189556902332 0.623132391531655 0.0 
0.0 0.6792554131158436 0.45227665214550655 1.440787990952106 1.440787990952106 0.4270818651663331 0.5185922352279317 0.0 
0.0 0.6792554131158436 0.5307205701983697 0.5343655891070622 0.24476316366365275 0.4192276491537489 0.5185922352279317 0.0 
0.0 0.0 0.0 0.0 0.0 0.0 0.0 0.0 

0.0 0.0 0.0 0.0 0.0 0.0 0.0 0.0 
0.0 1.6007015532695785 0.6324051741745426 0.5282458528378364 0.0 0.0 0.04739711361750498 0.0 
0.0 1.042827073841465 0.6324051741745426 0.9737277527719982 0.9737277527719982 0.4125363049442413 0.4125363049442413 0.0 
0.0 0.7514500156975782 1.5490257448740115 0.9737277527719982 0.9737277527719982 0.06163966305825086 0.06163966305825086 0.0 
0.0 0.7514500156975782 1.5490257448740115 1.1751402636093542 0.22810765310486472 0.3904439874476229 0.35514858603914046 0.0 
0.0 0.6670519687287743 1.1991508241597386 1.1991508241597386 1.5548220655536196 0.489296450084601 0.489296450084601 0.0 
0.0 0.4418923886911382 0.33598690203389575 0.8821182975131487 1.5548220655536196 0.5805525822497112 0.5805525822497112 0.0 
0.0 0.0 0.0 0.0 0.0 0.0 0.0 0.0 

0.0 0.0 0.0 0.0 0.0 0.0 0.0 0.0 
0.0 2.361302543927602 1.7192804043063237 1.7083330138323076 1.6415054343811746 1.6415054343811746 0.5767289491958276 0.0 
0.0 1.5241515206524623 1.562916002985594 1.562916002985594 2.2280709919048776 2.2280709919048776 0.5767289491958276 0.0 
0.0 1.5241515206524623 1.5241515206524623 2.5680499350866106 2.215103037887117 1.0746514403672618 0.45450616900302254 0.0 
0.0 1.4500890945275526 1.4976811432603887 2.5680499350866106 2.215103037887117 0.6281166115838789 0.0 0.0 
0.0 0.0 0.6126648405585311 1.0472058381881868 1.244693216729026 0.5692701157106476 0.0 0.0 
0.0 0.0 0.0 0.5325125016671661 1.244693216729026 0.0 0.0 0.0 
0.0 0.0 0.0 0.0 0.0 0.0 0.0 0.0 

0.0 0.0 0.0 0.0 0.0 0.0 0.0 0.0 
0.0 0.0 0.0 0.0 0.0 0.5899523916866561 0.0 0.0 
0.0 1.7977279307920861 1.7977279307920861 1.2871642120749425 0.0 0.0 0.0 0.0 
0.0 1.7977279307920861 1.7977279307920861 1.2871642120749425 0.0 0.02080202664402648 0.0 0.0 
0.0 0.0 0.0 0.0 0.23139705796618232 0.6098969731532218 0.0 0.0 
0.0 0.0 0.0 0.0 0.14490229840848345 0.7293298412850253 0.0 0.0 
0.0 0.0 0.0 0.0 0.0 0.217793073070246 0.0 0.0 
0.0 0.0 0.0 0.0 0.0 0.0 0.0 0.0 

0.0 0.0 0.0 0.0 0.0 0.0 0.0 0.0 
0.0 0.9587556190275733 0.08666081203410965 0.24470569539442236 0.8212863954402863 0.4073823608865368 0.25045007114111856 0.0 
0.0 0.5465083173920872 0.08666081203410965 0.1930629875764212 0.2523611130309323 0.1393476004702513 0.1393476004702513 0.0 
0.0 0.3956835934469815 0.993732962473876 0.8283495848631963 0.5692318951024944 0.10874389306640912 0.10874389306640912 0.0 
0.0 0.3956835934469815 0.993732962473876 0.3902192138120656 0.0 0.09500133532331388 0.09500133532331388 0.0 
0.0 0.2741657715723831 0.4702099024650887 0.6769063990100485 0.0 0.11943954770649565 0.11943954770649565 0.0 
0.0 0.13664166258378918 0.1443617741185673 0.18788708170189267 0.24560468258567814 0.39608445855333946 0.1621265495475429 0.0 
0.0 0.0 0.0 0.0 0.0 0.0 0.0 0.0 

0.0 0.0 0.0 0.0 0.0 0.0 0.0 0.0 
0.0 0.9414165893007517 0.7177826115744732 0.7177826115744732 0.3835636866933251 0.0 0.0 0.0 
0.0 0.0 0.8726176401847408 0.0 0.0 0.0 0.0 0.0 
0.0 0.47375019181962263 0.9019074000339572 0.0 0.0 0.0 0.0 0.0 
0.0 0.47375019181962263 0.7857212477200781 0.7857212477200781 0.0 0.0 0.0 0.0 
0.0 0.0 0.7073482052781721 0.7073482052781721 0.0 0.0 0.0 0.0 
0.0 0.0 0.0 0.0 0.0 0.0 0.0 0.0 
0.0 0.0 0.0 0.0 0.0 0.0 0.0 0.0 

0.0 0.0 0.0 0.0 0.0 0.0 0.0 0.0 
0.0 0.0 0.0 0.0 0.0 0.0 0.0 0.0 
0.0 0.1528146335631877 0.1528146335631877 0.0 0.0 0.0 0.0 0.0 
0.0 0.1528146335631877 0.1528146335631877 0.0 0.0 0.0 0.0 0.0 
0.0 0.0 0.0 0.0 0.0 0.0 0.0 0.0 
0.0 0.0 0.0 0.0 0.0 0.0 0.0 0.0 
0.0 0.0 0.0 0.0 0.0 0.0 0.0 0.0 
0.0 0.0 0.0 0.0 0.0 0.0 0.0 0.0 

0.0 0.0 0.0 0.0 0.0 0.0 0.0 0.0 
0.0 0.9242480137754493 0.0 0.0 0.0 0.0 0.0 0.0 
0.0 0.0 0.21862163673106283 0.0 0.0 0.0 0.0 0.0 
0.0 0.0 0.5536015960663131 0.0 0.0 0.0 0.0 0.0 
0.0 0.0 0.5536015960663131 0.0 0.0 0.0 0.0 0.0 
0.0 0.0 0.1758575468339634 0.1758575468339634 0.0 0.0 0.0 0.0 
0.0 0.0 0.0 0.0 0.0 0.0 0.0 0.0 
0.0 0.0 0.0 0.0 0.0 0.0 0.0 0.0 

