0.5181961486360184 1.0851660510043346 1.0851660510043346 
0.5816636212296221 1.2083818577267813 1.5003455248067477 
1.2837743813667493 1.6751881584614974 2.075342963513079 

0.0 0.0 0.0 
0.0 0.0 0.0 
0.0 0.0 0.0 

3.59790951761036 3.59790951761036 2.3532926526888596 
3.100098747261931 3.229878509948829 3.2164341217557824 
2.7095514848567035 3.0339638460988354 3.2164341217557824 

0.34406963995669887 0.27718462046469283 0.0 
0.049124513427138285 0.12835863921639293 0.12835863921639293 
0.049124513427138285 0.12835863921639293 0.12835863921639293 

0.9687134928961755 0.973888209663366 0.0 
0.5963463403495699 0.0 0.0 
0.43385971973141985 0.0 0.0 

0.6697661889283416 0.8089911000495461 0.6017072580121124 
0.0 0.3203592291951661 0.3203592291951661 
0.0 0.0 0.0 

0.0 0.0 0.0 
0.0 0.0 0.0 
0.0 0.0 0.0 

2.3553567060675196 2.590100669212775 2.590100669212775 
2.0258308885708716 2.2647109968852512 2.2647109968852512 
2.0258308885708716 1.9633893477794602 1.6167769225120925 

2.619708103805922 3.3959033407511057 2.4967640482877664 
0.8167862667222566 2.3750733177389614 2.3750733177389614 
0.6317628809386994 1.2276155080679205 1.6978272146921436 

2.1272149631360633 1.7054962621825713 1.529196286358238 
2.622466373315086 2.5914174010889823 2.5914174010889823 
3.159978402871343 3.3521772835852235 3.01777425928549 

2.3944059999927365 2.0711234019911062 0.5834500346622707 
1.8947827434386095 1.283945017193057 1.283945017193057 
1.5364721340291518 1.283945017193057 1.283945017193057 

2.6313809724110544 2.490776463852443 0.49299758623910217 
2.6313809724110544 1.9617673962850837 1.8276883697819968 
2.4204484072061634 1.9617673962850837 1.8276883697819968 

4.1313002235020875 3.5847044792456857 2.702761995011606 
4.293181732063254 3.857906952576718 3.857906952576718 
4.022281617513938 3.857906952576718 3.857906952576718 

0.6582943274880537 0.6582943274880537 1.3613049283751053 
0.0 0.1423740621591565 1.642322171779374 
0.0 0.13521215837858414 1.642322171779374 

0.0 0.0 0.6716661274935135 
0.0 0.0 0.41998637846160497 
0.1284903560028942 0.0 0.19334316108958255 

0.0 0.0 0.0 
0.0 0.0 0.0 
0.0 0.0 0.0 

6.414243359726685 6.414243359726685 3.6997102834572755 
6.414243359726685 6.414243359726685 5.05555156859644 
5.324150162843504 5.324150162843504 5.05555156859644 

0.44530439479878836 1.2712363587808784 0.651939339667353 
0.13910929438616912 0.651939339667353 0.651939339667353 
0.6533984246387498 0.8264008796654211 0.5310151251347924 

0.0 0.0 0.0 
0.0 0.0 0.0 
0.0 0.0 0.0 

0.22550587414674775 0.4497583216435765 1.124471950803863 
0.12213117723153805 0.3182371411860394 0.2320007393673371 
0.9905114751655706 1.0408932225738299 1.0408932225738299 

