0.798334079643642 1.2041239174014222 1.3832628612419948 
0.6336037244851306 1.2041239174014222 1.1763179846447462 
1.3600521941155217 1.4141366988682922 1.4475823275956194 

0.0 0.0 0.0 
0.0 0.0 0.0 
0.0 0.0 0.0 

2.286655801257281 2.5185377663822663 2.6806734718318426 
2.6444957637873348 2.6444957637873348 2.281841227931173 
2.488693683101317 2.488693683101317 2.0064336048811775 

0.21371183384460624 0.06400266018470245 0.12680539923980652 
0.21371183384460624 0.1745816960995747 0.12745436041855518 
0.1745816960995747 0.1745816960995747 0.12745436041855518 

0.261396774203861 0.23112386726295725 0.0 
0.261396774203861 0.2500068814699805 0.0 
0.0 0.1487147360972349 0.0 

0.0 0.0 0.23482370762474283 
0.0 0.019710687966553102 0.05796902061636014 
0.0 0.019710687966553102 0.05796902061636014 

0.0 0.0 0.0 
0.0 0.0 0.0 
0.0 0.0 0.0 

2.137605642158765 1.9328555338516544 1.726410356011868 
1.7541210169451327 1.8529793762473694 1.8529793762473694 
1.7739755982482057 1.7208702232955446 1.7208702232955446 

2.0166482002717765 2.0166482002717765 2.283313486389327 
1.2838923853107254 1.8053214023911537 1.3816150260000355 
0.7653931340780368 1.4419629985716658 1.364725935055424 

2.7588692441661182 2.7588692441661182 2.2039076870095315 
2.0869953463409807 2.0869953463409807 1.8455293886150026 
3.0027204646953956 3.0169141383664204 2.8125928078471683 

1.244815200914103 1.5682899934380823 1.243252961257477 
1.2394641703553824 1.3547845324418122 1.0089513025335324 
0.8721377075940878 1.2073855794747606 1.0089513025335324 

1.9920079534687933 1.8744707872990989 1.2152594862031554 
2.072836285083379 1.875778302286727 1.299691485811114 
1.6077776121113998 1.6719660264369443 1.184828767758785 

3.8428970272542635 3.733283238280615 3.1361620525422738 
3.8344942160787534 3.733283238280615 3.212511699145996 
3.6267417158753474 3.4874878551033355 3.0102562403039497 

0.23509424820349561 0.03917091001561589 0.8010465513304672 
0.23509424820349561 0.1313651429763324 0.7884960432036837 
0.0 0.0 0.7884960432036837 

0.0 0.0 0.04836618229830162 
0.0 0.0 0.34918426948565034 
0.2695149696643991 0.0 0.38460552912290136 

0.0 0.0 0.0 
0.0 0.0 0.0 
0.0 0.0 0.0 

4.918198105646233 4.518675252200257 4.518675252200257 
5.801573307504895 5.460831513947008 3.8366965202033882 
5.801573307504895 5.460831513947008 3.8366965202033882 

0.9781733526768159 0.9781733526768159 0.43691479929682675 
0.9781733526768159 0.9781733526768159 0.5497750248824721 
0.46227286100871173 0.8459797219417312 0.6104475332882443 

0.0 0.0 0.0 
0.0 0.0 0.0 
0.0 0.0 0.0 

0.11209475471661172 0.11209475471661172 0.436854109083753 
0.0 0.0 0.04215311636361224 
1.017041489811755 0.9985803211019156 0.9985803211019156 

