1.1234132505127827 1.4571478430946954 2.0410128061831814 
1.2819089790646794 1.1234132505127827 1.406676177376546 
1.3620119364390881 0.8869308929083193 1.1369774267047996 

0.0 0.0 0.0 
0.0 0.0 0.0 
0.0 0.0 0.0 

3.592485201383105 2.5739022249282315 2.5870722585317436 
3.289152007572228 2.4904177169585315 2.4868738076730437 
3.054753447684771 2.4904177169585315 1.8453032812901262 

0.4275412374367341 0.21300958689184993 0.03479526628175283 
0.14255909936946032 0.14230704487690005 0.21140679943174293 
0.14255909936946032 0.14230704487690005 0.12769400982292667 

0.5557241675898614 0.5557241675898614 0.06603473847149792 
0.7940380363502545 0.04490175689940912 0.0 
0.7940380363502545 0.04490175689940912 0.0 

0.01191584402148144 0.01191584402148144 0.3245173924741014 
0.47667177511047976 0.47667177511047976 0.033049216167148066 
0.47667177511047976 0.47667177511047976 0.2660735101088047 

0.0 0.0 0.0 
0.0 0.0 0.0 
0.0 0.0 0.0 

1.2702908193764517 1.4488376084603773 1.2679441664512068 
1.4249299065740626 1.6732057564198937 1.6732057564198937 
1.4722576002768035 1.6732057564198937 1.6732057564198937 

2.380711819371357 2.08772681521981 2.115869186664616 
1.877430952730287 1.877430952730287 2.115869186664616 
1.7561109446814738 1.7561109446814738 1.2389282418452479 

2.36063558772512 2.1098458080068387 2.0403816264011856 
2.36063558772512 2.299849445607804 2.0403816264011856 
3.1663617335712244 3.1663617335712244 2.563262791166385 

1.9329931905103277 1.9329931905103277 1.6043785044104333 
2.24177431097552 1.4724769201676149 0.8050101521683056 
2.24177431097552 1.4724769201676149 0.9261949937739827 

2.415302173256054 2.2189116707084886 1.82610309920794 
2.9731496013227576 1.8574461615318916 1.7845007577964807 
2.9731496013227576 1.6882770088065873 1.0342892348541113 

4.285759597539929 3.797449240537481 3.5633708057927214 
4.3217011580922335 3.8045681260392277 3.7085306604432238 
4.3217011580922335 3.8045681260392277 3.0906398116548814 

0.6346121571727634 0.1571872826619785 0.9345629875299788 
1.0364572479008587 0.39778398221802214 0.5243532557252515 
0.7365253482334085 0.39778398221802214 0.15394464648317202 

0.0 0.0 0.08201339701565685 
0.0 0.0 0.0 
0.05191368848388951 0.26965890350048227 0.3361700503190753 

0.0 0.0 0.0 
0.0 0.0 0.0 
0.0 0.0 0.0 

5.666874456090569 4.69907938326512 4.03880242140609 
5.666874456090569 4.550793376854327 4.496983132378943 
5.726079859771045 5.154531716665426 4.496983132378943 

1.1172176469346378 1.1172176469346378 0.6434222182428037 
0.9221072782392096 0.9221072782392096 0.009023308991049916 
1.1829476628726503 1.3308267704238321 1.211123679401902 

0.0 0.0 0.0 
0.0 0.0 0.0 
0.0 0.0 0.0 

0.06406017678427567 0.14351845710899364 0.5851985363660072 
0.1010510757876095 0.0 0.0 
1.2158213049602986 0.9764988188324273 0.6428802301795942 

