1.2402920072975188 1.340786418919995 1.5014330637771363 
1.1977985929736197 1.0620373979701192 1.2354316601756319 
1.5410437825464585 1.5959736356763774 1.8673564010307817 

0.0 0.0 0.0 
0.0 0.0 0.0 
0.0 0.0 0.0 

3.01061744913646 2.211352554362663 2.169692812046423 
2.96229691946019 2.135594596250931 2.2852741059561366 
2.4281700606221337 2.124300524656324 2.232542835341279 

0.24986559757622592 0.12380680056112091 0.06919073271244815 
0.048092305056504664 0.21405510413628026 0.08178213264596067 
0.048092305056504664 0.048092305056504664 0.0 

0.19523914589948424 0.34997232207372136 0.01735536311121613 
0.39782898690252416 0.34997232207372136 0.0 
0.39782898690252416 0.2754783139204686 0.0 

0.13316911927037828 0.20797046798594324 0.3132783591050985 
0.0 0.16808610901694218 0.23751671283280915 
0.0 0.16808610901694218 0.16808610901694218 

0.0 0.0 0.0 
0.0 0.0 0.0 
0.0 0.0 0.0 

1.8193590997332465 1.8601555474092009 1.8601555474092009 
1.705970595059829 1.7065820966076268 1.7065820966076268 
1.3673720948559762 1.7065820966076268 1.7065820966076268 

2.1820909388112235 2.188183887329191 2.188183887329191 
1.4810074474667991 2.188183887329191 2.188183887329191 
1.2623941656183373 1.9780273769200571 1.9780273769200571 

1.9133141898722958 1.8728549231281053 1.751324422924828 
2.0959102239343905 2.0959102239343905 1.702037876522944 
2.9524667023030147 2.9524667023030147 2.6541540967178623 

2.099789432784761 2.1255347807506215 1.8989087214352167 
1.8739620464120266 1.8016423968701627 0.9562431727253627 
1.8739620464120266 1.6672178641120845 1.1053621958857551 

2.1640025899380397 2.1640025899380397 1.6028590436593242 
2.321729560607154 2.1640025899380397 1.18235941677375 
2.321729560607154 1.9689293337857197 0.5608541254851838 

3.60864523594769 3.60864523594769 3.1294219505137524 
3.858816290776974 3.858816290776974 3.1294219505137524 
3.858816290776974 3.858816290776974 2.746236374354386 

0.29189838820197855 0.0 0.7767414436073384 
0.29189838820197855 0.0 0.6830355210322345 
0.0 0.0 0.5609173648901697 

0.271475049900826 0.0 0.22595658648569408 
0.005513460784249257 0.0 0.22595658648569408 
0.21032705461295476 0.09381879860933172 0.2739354278942814 

0.0 0.0 0.0 
0.0 0.0 0.0 
0.0 0.0 0.0 

4.583296682311325 4.05823569707081 3.612153302114376 
4.674250653488528 4.483570366609124 3.7526044282997995 
4.595843183874575 4.483570366609124 3.7526044282997995 

0.6910186949006084 0.8448038187165371 0.7896750477337715 
0.7558678412617201 0.7558678412617201 0.24845626788398914 
0.8613004556104439 0.8613004556104439 0.4935009994386947 

0.0 0.0 0.0 
0.0 0.0 0.0 
0.0 0.0 0.0 

0.6955446243473282 0.36771251214793826 0.6320739785810039 
0.014198556890241514 0.2476682348582117 0.3442714918655907 
0.8095557808081438 0.8095557808081438 0.6682145053426082 

