1.2837848326408812 1.2837848326408812 1.4736794278759289 
1.1857565590921881 1.1857565590921881 1.139735937801635 
1.4886748483117518 1.5832287608017779 1.4189969680619114 

0.0 0.0 0.0 
0.0 0.0 0.0 
0.0 0.0 0.0 

2.4572756354905096 2.5389218515007785 2.4338820528025225 
2.4572756354905096 2.6141728969966245 1.802463328971335 
1.7250213361733908 2.4273729271172875 1.802463328971335 

0.2554621476189719 0.2554621476189719 0.0 
0.2554621476189719 0.2554621476189719 0.20044115274202012 
0.12712368545469832 0.20044115274202012 0.20044115274202012 

0.5562391356301073 0.3104774736398218 0.0 
0.6365365701182271 0.3104774736398218 0.06300983358335299 
0.6365365701182271 0.0 0.0 

0.0 0.03180603238400346 0.30113544675855153 
0.0 0.202962939141362 0.202962939141362 
0.17120731793429822 0.059402833061721706 0.15660579812605568 

0.0 0.0 0.0 
0.0 0.0 0.0 
0.0 0.0 0.0 

1.7504336276975887 2.070303603522339 1.7900889054821496 
1.8248838695747815 1.5284752303803533 1.5284752303803533 
1.6251358817211556 1.3639731232521104 1.5162500307690305 

1.853708031675867 2.3781071164849954 2.1529290800134144 
0.6246449762004219 2.3781071164849954 1.680209634760266 
1.1703006413519157 1.6636015330584897 1.6636015330584897 

1.9918400543383439 1.888533361909152 1.888533361909152 
2.882545230637386 2.3238147826570894 1.6440397262343802 
2.7927059845275615 2.916049036609059 2.549965465737963 

1.6799811633815969 1.393937482363363 1.393937482363363 
1.7465757897543321 1.4227876252241518 1.1435975003488825 
1.7465757897543321 1.4326935747822893 1.063258819058671 

2.428162730913198 2.044822147965696 1.4537563985540378 
2.629944339721773 1.8254743897367112 1.3373669945178457 
2.629944339721773 1.8254743897367112 0.8409578448849228 

3.9844741935536274 3.85927745940783 3.114398912263929 
3.969687579361667 3.85927745940783 3.175343998994029 
3.887005670433552 3.610465207322307 2.967425549906515 

0.4751511265549587 0.4751511265549587 0.8567952642444773 
0.4751511265549587 0.4751511265549587 0.5127366643008997 
0.0 0.31011823526097887 0.5127366643008997 

0.0 0.0 0.2505177838126704 
0.10513706016197787 0.0 0.3570097379776853 
0.3474103520970412 0.17483021212507416 0.3640364681353104 

0.0 0.17730296111422747 0.0 
0.0 0.0 0.0 
0.0 0.0 0.0 

5.624032913351682 4.736827184418986 3.6925621826782993 
6.1332434387414185 6.1332434387414185 3.834017083229499 
5.425609735719807 5.663337938954875 3.834017083229499 

0.7646100473365747 0.88505393296346 0.5732242636119448 
0.7174324761760684 0.969785930218966 0.749660045381262 
0.8314917716429563 0.6348351838525967 0.5929286998766445 

0.0 0.0 0.0 
0.0 0.0 0.0 
0.10910852018868619 0.0 0.0 

0.0 0.020099438968298064 0.5221468747109269 
0.15251375408894843 0.15251375408894843 0.0 
0.8871010131816998 1.2362181051884522 1.213234500787338 

