0.0 0.0 0.0 0.0 0.0 0.0 0.0 0.0 
0.0 2.116137896468285 1.9508322564929796 1.2833820591591174 0.9716512927031549 0.6784190198280693 0.0 0.0 
0.0 2.042330062895827 1.5211868350533064 1.1597290546278058 1.7986750363637982 2.053665807607327 1.2461523083167494 0.0 
0.0 2.636664137098112 1.5806680220841023 1.5806680220841023 1.5183025878621124 1.5487502283407468 1.0321498836203191 0.0 
0.0 2.636664137098112 1.7430027794956005 1.9106664386135406 2.065127101931915 1.5011365703534463 1.2839101163448492 0.0 
0.0 1.7430027794956005 1.9709449905004517 1.9106664386135406 2.065127101931915 1.5011365703534463 1.3451284306802826 0.0 
0.0 1.7207735331880731 0.910661052753804 0.8760848402816714 1.3134362492085978 1.3134362492085978 1.2481469981683249 0.0 
0.0 0.0 0.0 0.0 0.0 0.0 0.0 0.0 

0.0 0.0 0.0 0.0 0.0 0.0 0.0 0.0 
0.0 0.4016153156468922 0.2838830775061678 0.21337792217022852 0.13854579209876908 0.0 0.0 0.0 
0.0 0.0 0.0 0.0 0.0 0.0 0.0 0.0 
0.0 0.0 0.0 0.0 0.0 0.0 0.0 0.0 
0.0 0.4543575301207757 0.05870938644590776 0.0 0.0 0.0 0.0 0.0 
0.0 0.4543575301207757 0.05870938644590776 0.07640014849781078 0.14765787712845824 0.04991650470333381 0.4274727783998744 0.0 
0.0 0.06272445755011444 0.17098369449397466 0.16009782569666292 0.14765787712845824 0.18511494312140997 0.4576560526771907 0.0 
0.0 0.0 0.0 0.0 0.0 0.0 0.0 0.0 

0.0 0.0 0.0 0.0 0.0 0.0 0.0 0.0 
0.0 0.6138823789779283 0.994912153056827 0.7857279247692086 0.33452370636172546 0.8494645414816674 1.1684026400535068 0.0 
0.0 0.6701022881760191 0.6801840725996567 0.6801840725996567 0.8730524762486176 0.8730524762486176 1.1684026400535068 0.0 
0.0 0.6701022881760191 0.7283192958315848 0.6801840725996567 0.6184429812671811 0.8069089005456823 0.7885919450445404 0.0 
0.0 0.45279632195831254 0.6615592905992196 0.6615592905992196 0.9279653748383624 1.0848497127412822 0.7885919450445404 0.0 
0.0 0.5269272866214305 0.6615592905992196 0.6615592905992196 0.6388488665533354 0.3144030998760048 0.10389280166517653 0.0 
0.0 0.5269272866214305 0.260871259180819 0.33328984334834166 0.35676232232016947 0.35676232232016947 0.0 0.0 
0.0 0.0 0.0 0.0 0.0 0.0 0.0 0.0 

0.0 0.0 0.0 0.0 0.0 0.0 0.0 0.0 
0.0 1.9717277771905215 2.1396303363368485 2.1396303363368485 0.5315530632631 0.9959421787775867 1.8433441419422867 0.0 
0.0 1.1516907078563465 1.1516907078563465 0.0 0.0 0.418562662517893 0.9852089689484785 0.0 
0.0 0.6072469612656171 0.6072469612656171 1.178863003291124 1.5846001287317755 1.2689421339618048 1.0224133484634323 0.0 
0.0 0.9280184865825288 0.5328902589157902 1.178863003291124 1.5846001287317755 0.44828194724988724 0.0759178858911073 0.0 
0.0 0.9280184865825288 0.6498818092793754 0.7727991432744621 0.6275504833641752 0.3753511802804937 0.0759178858911073 0.0 
0.0 0.616691539352284 0.6498818092793754 0.7727991432744621 0.6275504833641752 0.3386817257148604 0.0 0.0 
0.0 0.0 0.0 0.0 0.0 0.0 0.0 0.0 

0.0 0.0 0.0 0.0 0.0 0.0 0.0 0.0 
0.0 1.8783911059511658 2.0896277128005565 2.0896277128005565 1.572249974641268 2.049434883289114 1.3542673088717567 0.0 
0.0 1.423970222153456 1.2042205812638118 0.6719007677083728 0.7167906154650182 0.5307367272135851 0.9225915104638922 0.0 
0.0 1.0599539325220648 1.0597655061884352 1.0000955109707905 1.3409381974858012 1.6421896910770915 1.6421896910770915 0.0 
0.0 1.3842787611104117 1.1457484754576008 1.0467216312003533 1.3409381974858012 1.3409381974858012 0.6882575197769928 0.0 
0.0 1.6039728537843183 1.1709763339230959 1.242573093888593 1.194101067868909 1.156404990282996 0.6882575197769928 0.0 
0.0 1.6039728537843183 1.1709763339230959 1.242573093888593 1.194101067868909 1.0739576576332392 0.6922643219307597 0.0 
0.0 0.0 0.0 0.0 0.0 0.0 0.0 0.0 

0.0 0.0 0.0 0.0 0.0 0.0 0.0 0.0 
0.0 0.3837910898946686 0.3837910898946686 0.5132589297405674 1.2490565206801658 1.7173301979947158 0.8153038013276396 0.0 
0.0 0.48426843188069857 0.48426843188069857 0.29248950877975255 0.29746857003893074 0.10035470107445402 0.3124331243139149 0.0 
0.0 0.15145559964009145 0.44235881224819223 0.44235881224819223 0.4554317053845152 0.35534034776638834 0.3139943777190867 0.0 
0.0 0.0 0.44235881224819223 0.44235881224819223 0.3444698211889456 0.3444698211889456 0.2158261465934461 0.0 
0.0 0.7605876541615273 0.12002942135341399 0.1341486030494089 0.07501970875977877 0.07501970875977877 0.0 0.0 
0.0 0.7605876541615273 0.12002942135341399 0.1341486030494089 0.07501970875977877 0.07501970875977877 0.0 0.0 
0.0 0.0 0.0 0.0 0.0 0.0 0.0 0.0 

0.0 0.0 0.0 0.0 0.0 0.0 0.0 0.0 
0.0 0.3161877374347576 0.1100358120468296 0.30653023659323564 1.1792965032804035 1.1792965032804035 0.0 0.0 
0.0 0.06157330951926755 0.09436548910392259 0.30653023659323564 0.30653023659323564 0.1351685606213593 0.19600089235913648 0.0 
0.0 0.3023943769311136 0.27764533194998864 0.22368281607873486 0.0 0.20529922078818874 0.20529922078818874 0.0 
0.0 0.22958635551741371 0.4588488583404143 0.4588488583404143 0.4114708508949211 0.45526788834363396 0.4530234826388472 0.0 
0.0 0.2729092421286458 0.4588488583404143 0.4588488583404143 0.32347199251659736 0.45526788834363396 0.44904933991211665 0.0 
0.0 0.3679513912476753 0.39578786172184555 0.34909212673819223 0.3187616455486035 0.44904933991211665 0.44904933991211665 0.0 
0.0 0.0 0.0 0.0 0.0 0.0 0.0 0.0 

0.0 0.0 0.0 0.0 0.0 0.0 0.0 0.0 
0.0 1.5964577121865933 1.591235653557071 1.347800640410876 1.347800640410876 0.8975180352074779 2.094530071387767 0.0 
0.0 1.6663328242908606 1.1201522328230609 1.2477056092571575 1.1090609486455252 1.6214532897857592 2.1226446787254893 0.0 
0.0 1.5397701306504077 1.690539121301051 1.536447616371551 1.4904366373410114 1.6214532897857592 1.752971782392674 0.0 
0.0 1.903802913014397 1.690539121301051 1.670696129269289 1.6211193747815191 1.6278515204668669 1.970006152120523 0.0 
0.0 1.7916798127871798 1.6761938660455082 1.670696129269289 1.7459901874238353 1.9078450466621575 2.0576547635413442 0.0 
0.0 1.74036230658464 1.74036230658464 1.7176530520028694 1.8123446829651617 1.9668806376409171 2.1019252634287673 0.0 
0.0 0.0 0.0 0.0 0.0 0.0 0.0 0.0 

0.0 0.0 0.0 0.0 0.0 0.0 0.0 0.0 
0.0 0.0 0.0 0.0 0.0 0.09658163487615072 0.09658163487615072 0.0 
0.0 0.0 0.0 0.0 0.0 0.0 0.0 0.0 
0.0 0.1737427000759963 0.0 0.0 0.0 0.0 0.0 0.0 
0.0 0.0 0.0 0.0 0.0 0.0 0.0 0.0 
0.0 0.0 0.0 0.0 0.0 0.0 0.0 0.0 
0.0 0.0 0.0 0.0 0.0 0.0 0.0 0.0 
0.0 0.0 0.0 0.0 0.0 0.0 0.0 0.0 

0.0 0.0 0.0 0.0 0.0 0.0 0.0 0.0 
0.0 0.30240792088893415 0.0 0.0 0.0 0.0 0.0 0.0 
0.0 0.0 0.0 0.0 0.0 0.0 0.0 0.0 
0.0 0.6037594396784223 0.0 0.0 0.0 0.0 0.0 0.0 
0.0 0.6037594396784223 0.40725970494969616 0.0 0.0 0.0 0.0 0.0 
0.0 0.41183383591075323 0.40725970494969616 0.03960245459851047 0.04534510541740738 0.0 0.12009595764442921 0.0 
0.0 0.0 0.04197871502376767 0.03960245459851047 0.04534510541740738 0.006471322458886807 0.27300859196782784 0.0 
0.0 0.0 0.0 0.0 0.0 0.0 0.0 0.0 

0.0 0.0 0.0 0.0 0.0 0.0 0.0 0.0 
0.0 0.3335584251961337 0.17749074876003182 0.6690566157388744 0.6690566157388744 2.317090969121292 2.317090969121292 0.0 
0.0 0.0 0.0 0.0 0.0 0.0 0.0 0.0 
0.0 0.0 0.0 0.0 0.07837845964569735 0.07837845964569735 0.07527874449481657 0.0 
0.0 0.12730869519810575 0.0 0.0 0.0 0.0 0.0 0.0 
0.0 0.7412719522401056 0.6905444124340481 0.8410267752099004 0.788723886421935 0.006193078436549716 0.12463831231464167 0.0 
0.0 0.7412719522401056 0.6905444124340481 0.8410267752099004 0.788723886421935 0.0 0.12463831231464167 0.0 
0.0 0.0 0.0 0.0 0.0 0.0 0.0 0.0 

0.0 0.0 0.0 0.0 0.0 0.0 0.0 0.0 
0.0 0.0 0.0 0.0 0.0 0.0 0.0 0.0 
0.0 0.0 0.0 0.0 0.5182077091826254 0.5182077091826254 0.0 0.0 
0.0 0.0 0.0880693997986446 0.0 0.5182077091826254 0.5182077091826254 0.0 0.0 
0.0 0.7481461809647673 0.0880693997986446 0.0 0.0 0.16675681659061975 0.0 0.0 
0.0 0.0 0.6494079654134431 0.9584842501447742 0.9584842501447742 0.16675681659061975 0.26115996008561465 0.0 
0.0 0.0 0.0 0.0 0.0 0.16316062283520488 0.38692504008605516 0.0 
0.0 0.0 0.0 0.0 0.0 0.0 0.0 0.0 

0.0 0.0 0.0 0.0 0.0 0.0 0.0 0.0 
0.0 2.4941244552948234 2.313892444348956 1.6044780486989851 2.9628780759432987 3.110582050962222 2.170365860090134 0.0 
0.0 1.5368363298922523 1.1172259661869728 1.6044780486989851 1.6044780486989851 0.5541176860150485 0.5541176860150485 0.0 
0.0 1.5368363298922523 0.502522992045669 2.498857037271819 2.498857037271819 2.428060230901508 0.5541176860150485 0.0 
0.0 1.330940646699739 1.621247697263909 2.498857037271819 2.498857037271819 0.772780158835863 0.6756760780430593 0.0 
0.0 1.7807046362546675 1.5772179655374157 1.5772179655374157 1.0150018447172255 0.772780158835863 0.21950840573339275 0.0 
0.0 1.7807046362546675 1.5772179655374157 1.5772179655374157 1.0150018447172255 0.5575941026638148 0.3299065301057376 0.0 
0.0 0.0 0.0 0.0 0.0 0.0 0.0 0.0 

0.0 0.0 0.0 0.0 0.0 0.0 0.0 0.0 
0.0 2.6586867830405834 3.3256292359528983 3.3256292359528983 4.288910129085983 5.259690037708309 4.683118077784724 0.0 
0.0 1.9343057445941334 2.536173823024342 2.8109159162980144 4.288910129085983 5.259690037708309 4.683118077784724 0.0 
0.0 2.1066700206024223 2.536173823024342 2.536173823024342 2.498669698961817 3.2754729783125254 3.2754729783125254 0.0 
0.0 1.6319447385385268 1.8142110534623608 2.470991520782965 2.8237836737718665 3.2754729783125254 3.2754729783125254 0.0 
0.0 0.7137620422347953 1.114046044298309 1.271283214728886 1.026079687460551 0.9728371942851166 1.4846102055571067 0.0 
0.0 2.120098145453752 1.253416884220101 1.544245693932693 1.3316396398694565 0.9728371942851166 0.4525116346637931 0.0 
0.0 0.0 0.0 0.0 0.0 0.0 0.0 0.0 

0.0 0.0 0.0 0.0 0.0 0.0 0.0 0.0 
0.0 0.0 0.0 0.0 0.0 0.0 0.0 0.0 
0.0 0.0 0.0 0.0 0.15634830176161368 0.4372750144988466 0.0 0.0 
0.0 0.0 0.18039474572883055 0.18039474572883055 0.0 0.0 0.0 0.0 
0.0 0.0 0.0 0.290365522756189 0.3083303497759627 0.08575407495012734 0.0 0.0 
0.0 0.0 0.025833137439249573 0.290365522756189 0.3083303497759627 0.0 0.0 0.0 
0.0 0.0 0.0 0.0 0.0 0.0 0.0 0.0 
0.0 0.0 0.0 0.0 0.0 0.0 0.0 0.0 

0.0 0.0 0.0 0.0 0.0 0.0 0.0 0.0 
0.0 0.7669649379763076 0.7669649379763076 0.7290115876615583 1.3464812343712107 1.366483421501201 1.366483421501201 0.0 
0.0 0.02499191620631649 0.026319551866432866 0.7105584449062492 0.7105584449062492 0.31321095448807235 0.0035423704716741333 0.0 
0.0 0.02499191620631649 0.02499191620631649 0.26878827120666676 0.26878827120666676 0.31321095448807235 0.4298831935257402 0.0 
0.0 0.10320256521960558 0.5517762530013427 0.5517762530013427 0.20578209020386193 0.1763989636826452 0.4298831935257402 0.0 
0.0 0.4358982946353177 0.4358982946353177 0.5072173749306815 0.5720813049323037 0.3229341422400531 0.3842863908395202 0.0 
0.0 0.4358982946353177 0.4358982946353177 0.3861875838826026 0.23449903983637801 0.3229341422400531 0.35148545313789803 0.0 
0.0 0.0 0.0 0.0 0.0 0.0 0.0 0.0 

0.0 0.0 0.0 0.0 0.0 0.0 0.0 0.0 
0.0 0.3179409295026307 0.7283599081675236 0.7283599081675236 0.13413702206050493 0.04507209575589202 0.04507209575589202 0.0 
0.0 0.3179409295026307 0.3179409295026307 0.04266654264928971 0.44581668052199114 1.3942898675777002 1.3942898675777002 0.0 
0.0 0.5560118787196554 0.5560118787196554 0.6467542574925707 0.44581668052199114 0.2717294574986147 0.2717294574986147 0.0 
0.0 0.5560118787196554 0.5560118787196554 0.21272211636100208 0.6638142432631357 0.6638142432631357 0.537699653778086 0.0 
0.0 0.2186548107758817 0.0 0.0 0.6638142432631357 0.6638142432631357 0.004676602710377473 0.0 
0.0 0.0 0.0 0.0 0.0 0.0 0.0 0.0 
0.0 0.0 0.0 0.0 0.0 0.0 0.0 0.0 

0.0 0.0 0.0 0.0 0.0 0.0 0.0 0.0 
0.0 0.8793178640387463 0.9592414754618923 0.3585942191899252 0.040208472502324996 0.0 0.0 0.0 
0.0 1.275918818091279 0.0018472692880836805 0.0018472692880836805 0.673359637081305 1.2460394858269528 0.8350857397479212 0.0 
0.0 1.275918818091279 0.732448396945959 0.6595677781609146 0.1367137545399893 0.274781167816018 0.0 0.0 
0.0 0.8247477601747506 0.7903084799433868 0.9100309812255408 1.2446011368380072 0.9092732825082552 0.31020117592527807 0.0 
0.0 0.6145357897912079 0.6145357897912079 0.9100309812255408 1.2446011368380072 0.7145319261669517 0.0 0.0 
0.0 0.03974034527104821 0.0 0.0 0.10019178043693061 0.03037904116636187 0.0 0.0 
0.0 0.0 0.0 0.0 0.0 0.0 0.0 0.0 

0.0 0.0 0.0 0.0 0.0 0.0 0.0 0.0 
0.0 0.0 0.0 0.0 0.0 0.0 0.0 0.0 
0.0 0.0 0.0 0.0 0.0 0.0 0.0 0.0 
0.0 0.0 0.0 0.0 0.0 0.0 0.0 0.0 
0.0 0.0 0.0 0.0 0.0 0.0 0.0 0.0 
0.0 0.0 0.0 0.0 0.0 0.0 0.0 0.0 
0.0 0.0 0.0 0.0 0.0 0.0 0.0 0.0 
0.0 0.0 0.0 0.0 0.0 0.0 0.0 0.0 

0.0 0.0 0.0 0.0 0.0 0.0 0.0 0.0 
0.0 1.3191108469033184 2.2017835981099543 1.8493585403187078 3.8396654267441264 5.369522581417663 4.882666196845144 0.0 
0.0 2.128770436332581 2.2916516808264937 2.3452604905363335 3.8396654267441264 5.369522581417663 4.882666196845144 0.0 
0.0 2.289481654166276 2.2916516808264937 2.3452604905363335 2.08128006883694 2.6365937590502138 2.6365937590502138 0.0 
0.0 0.8763865687133893 1.3231398265811063 1.9086217229327824 3.0584993547117714 3.0584993547117714 2.6365937590502138 0.0 
0.0 0.13453939099234954 1.3231398265811063 1.9086217229327824 1.6446186556840203 0.8616790953466786 0.7402344741521677 0.0 
0.0 0.8041637714666489 0.5789766637699045 0.8289639952021245 0.6349477998113081 0.6970556522590554 0.0 0.0 
0.0 0.0 0.0 0.0 0.0 0.0 0.0 0.0 

0.0 0.0 0.0 0.0 0.0 0.0 0.0 0.0 
0.0 0.0 0.0 0.0 0.0 0.0 0.0 0.0 
0.0 0.0 0.0 0.0 0.0 0.0 0.0 0.0 
0.0 0.0 0.0 0.0 0.0 0.0 0.0 0.0 
0.0 0.0 0.0 0.0 0.0 0.0 0.0 0.0 
0.0 0.0 0.0 0.0 0.0 0.0 0.0 0.0 
0.0 0.0 0.0 0.0 0.0 0.0 0.0 0.0 
0.0 0.0 0.0 0.0 0.0 0.0 0.0 0.0 

0.0 0.0 0.0 0.0 0.0 0.0 0.0 0.0 
0.0 0.2629133274244869 0.15111416081574272 0.0 0.20893799603179994 0.8055811333814314 0.12067814526492368 0.0 
0.0 0.05814902650512753 0.09360951656878505 0.09360951656878505 0.48223577523051514 0.8055811333814314 0.20773328134959165 0.0 
0.0 0.18885397596591386 0.18885397596591386 0.09360951656878505 0.0 0.6690455658141679 0.3300477100171312 0.0 
0.0 0.0 0.2207685571494 0.5100251006609504 0.7029579439132133 0.6690455658141679 0.19414006835558956 0.0 
0.0 0.0 0.2207685571494 0.20144389984327948 0.13430842716427543 0.0 0.0 0.0 
0.0 0.0 0.0 0.004629253205019716 0.0 0.0 0.0 0.0 
0.0 0.0 0.0 0.0 0.0 0.0 0.0 0.0 

0.0 0.0 0.0 0.0 0.0 0.0 0.0 0.0 
0.0 1.3846490859314973 1.3846490859314973 1.5416017376651951 2.1312606682860755 2.1312606682860755 2.0636943409961934 0.0 
0.0 1.43146059828499 1.43146059828499 1.38080867956958 1.38080867956958 1.3622879751072534 1.3622879751072534 0.0 
0.0 1.0957933312805408 1.1108454577226419 1.5802775026913745 1.8887772903586033 1.6785838764709318 1.3622879751072534 0.0 
0.0 1.01666333630282 1.1108454577226419 1.5802775026913745 1.5162279386962751 1.2849988229158607 0.8658757968850502 0.0 
0.0 1.2578456477849813 1.2578456477849813 1.1859643477752326 1.2849988229158607 1.2849988229158607 0.5596366167281378 0.0 
0.0 1.2578456477849813 1.2578456477849813 1.1859643477752326 0.9930455561704103 0.5596366167281378 0.5596366167281378 0.0 
0.0 0.0 0.0 0.0 0.0 0.0 0.0 0.0 

0.0 0.0 0.0 0.0 0.0 0.0 0.0 0.0 
0.0 0.0 0.0 0.0 0.0 0.0 0.0 0.0 
0.0 0.0 0.0 0.0 0.0 0.0 0.0 0.0 
0.0 0.0 0.0 0.0 0.0 0.0 0.0 0.0 
0.0 0.0 0.0 0.0 0.0 0.0 0.0 0.0 
0.0 0.0 0.0 0.0 0.0 0.0 0.0 0.0 
0.0 0.0 0.0 0.0 0.0 0.0 0.0 0.0 
0.0 0.0 0.0 0.0 0.0 0.0 0.0 0.0 

0.0 0.0 0.0 0.0 0.0 0.0 0.0 0.0 
0.0 1.0560743588917625 0.8789159840547154 0.7641829687692883 1.231666663088518 1.4799549508199858 1.20718456443125 0.0 
0.0 1.0560743588917625 0.8032503221734908 0.8032503221734908 0.8343418793297309 1.2479597925829449 1.20718456443125 0.0 
0.0 0.915149164762552 1.002892800267366 1.3045871359368704 1.3045871359368704 1.2479597925829449 0.5360870076438959 0.0 
0.0 1.014946201330265 1.002892800267366 0.9159456147676557 0.6942176528855191 0.6728212747644331 0.5780548368534073 0.0 
0.0 1.4424305402874957 0.77370025447374 0.77370025447374 0.8244159228111669 0.8244159228111669 0.5780548368534073 0.0 
0.0 1.4424305402874957 0.77370025447374 0.77370025447374 0.5722649372767062 0.536091648963936 0.5791686021445549 0.0 
0.0 0.0 0.0 0.0 0.0 0.0 0.0 0.0 

0.0 0.0 0.0 0.0 0.0 0.0 0.0 0.0 
0.0 1.1139978010457596 0.10263975833913003 0.0 0.0 0.0 0.0 0.0 
0.0 0.7143298831911171 0.10263975833913003 0.0 0.0 0.0 0.0 0.0 
0.0 1.0889581654357756 0.15852041054187288 0.15852041054187288 0.0 0.0 0.0 0.0 
0.0 0.99786882316542 0.7493503164923767 0.10669417417312725 0.0 0.5438206261536421 0.0 0.0 
0.0 0.7493503164923767 0.7493503164923767 0.3497272639187797 0.23129641928951006 0.5438206261536421 0.0 0.0 
0.0 0.7509045478236032 0.0 0.0 0.0200875446407792 0.0 0.11305548139455919 0.0 
0.0 0.0 0.0 0.0 0.0 0.0 0.0 0.0 

0.0 0.0 0.0 0.0 0.0 0.0 0.0 0.0 
0.0 2.796042036249698 3.034860867111619 3.034860867111619 4.075995179783205 4.075995179783205 2.888617641753454 0.0 
0.0 2.307651622131189 2.320410609237892 2.9540472808608684 4.075995179783205 4.075995179783205 2.888617641753454 0.0 
0.0 2.307651622131189 2.0354813194324652 1.6950067495478476 2.3811409617621297 2.3811409617621297 2.212231659472722 0.0 
0.0 0.8864625615702133 1.2038414599253282 2.04303017883959 2.3811409617621297 2.3811409617621297 1.516829419437896 0.0 
0.0 0.9781868327443357 1.0636365270578219 1.3331911084509984 1.3331911084509984 0.9310572304060154 0.4388274566836194 0.0 
0.0 0.4498352330646169 0.1368613977022658 0.0690482382068357 0.5888498717235994 0.5648985704339311 0.0 0.0 
0.0 0.0 0.0 0.0 0.0 0.0 0.0 0.0 

0.0 0.0 0.0 0.0 0.0 0.0 0.0 0.0 
0.0 0.2342088615459807 0.2342088615459807 0.26238429632157595 0.26238429632157595 0.0 0.6230063846831586 0.0 
0.0 0.0 0.0 0.0 0.0 0.0 0.2482885923355408 0.0 
0.0 0.0 0.0 0.0 0.0 0.0 0.0 0.0 
0.0 0.1483184397926834 0.0 0.0 0.0 0.0 0.0 0.0 
0.0 0.1483184397926834 0.0 0.0 0.0 0.0 0.0 0.0 
0.0 0.0 0.0 0.0 0.0 0.0 0.0 0.0 
0.0 0.0 0.0 0.0 0.0 0.0 0.0 0.0 

0.0 0.0 0.0 0.0 0.0 0.0 0.0 0.0 
0.0 0.23635686917076404 0.06376214440376977 0.22594766768640004 0.3677285405605434 0.0 0.0 0.0 
0.0 0.5155368313609964 0.0 0.22594766768640004 0.3677285405605434 0.2658800683971108 0.0 0.0 
0.0 0.7571985673006275 0.049667909324631145 0.1900807021973975 0.1900807021973975 0.0 0.0 0.0 
0.0 0.3836954437814135 0.199337089154838 0.1900807021973975 0.1900807021973975 0.016350800044927005 0.0 0.0 
0.0 0.199337089154838 0.199337089154838 0.07172234774073483 0.349543805800764 0.016350800044927005 0.02196451511641955 0.0 
0.0 0.20245484797301105 0.2559788215751209 0.23043748395886757 0.08295275872067226 0.06203063115122185 0.10998128225626733 0.0 
0.0 0.0 0.0 0.0 0.0 0.0 0.0 0.0 

0.0 0.0 0.0 0.0 0.0 0.0 0.0 0.0 
0.0 0.0 0.0 0.0 0.0 0.0 0.0 0.0 
0.0 0.0 0.0 0.0 0.380170882885819 0.380170882885819 0.0 0.0 
0.0 0.0 0.0 0.0 0.0 0.0 0.0 0.0 
0.0 0.0 0.0 0.35174755494304955 0.35174755494304955 0.18219229281177707 0.0 0.0 
0.0 0.0 0.0 0.35174755494304955 0.35174755494304955 0.0 0.0 0.0 
0.0 0.0 0.0 0.0 0.0 0.0 0.0 0.0 
0.0 0.0 0.0 0.0 0.0 0.0 0.0 0.0 

0.0 0.0 0.0 0.0 0.0 0.0 0.0 0.0 
0.0 0.0 0.0 0.0 0.0 0.0 0.0 0.0 
0.0 0.0 0.0 0.0 0.0 0.0 0.0 0.0 
0.0 0.0 0.0 0.0 0.0 0.0 0.0 0.0 
0.0 0.0 0.0 0.0 0.0 0.0 0.0 0.0 
0.0 0.0 0.0 0.0 0.0 0.0 0.0 0.0 
0.0 0.0 0.0 0.0 0.0 0.0 0.0 0.0 
0.0 0.0 0.0 0.0 0.0 0.0 0.0 0.0 

0.0 0.0 0.0 0.0 0.0 0.0 0.0 0.0 
0.0 0.0 0.0 0.0 0.0 0.0 0.0 0.0 
0.0 0.0 0.0 0.0 0.0 0.0 0.0 0.0 
0.0 0.0 0.0 0.0 0.0 0.0 0.0 0.0 
0.0 0.0 0.0 0.0 0.0 0.0 0.0 0.0 
0.0 0.0 0.0 0.0 0.0 0.0 0.0 0.0 
0.0 0.0 0.0 0.0 0.0 0.0 0.0 0.0 
0.0 0.0 0.0 0.0 0.0 0.0 0.0 0.0 

