0.0 0.0 0.0 0.0 0.0 0.0 0.0 0.0 
0.0 2.0682044479431796 1.6477165696389409 2.7424066760675494 2.7424066760675494 1.6650543049425912 1.5492070020166473 0.0 
0.0 2.0682044479431796 1.7338123016274092 3.3930769563966496 3.3930769563966496 2.666659096745796 1.4290328056572457 0.0 
0.0 1.8330356555319625 1.8330356555319625 2.134021266844486 2.134021266844486 3.7170565030455296 2.9452333113777747 0.0 
0.0 1.4336017747218461 1.4219627191632644 1.350831068321441 1.0539437995488354 3.5517325876059793 3.2414648091164495 0.0 
0.0 1.8989872388447084 1.6619429742350533 1.7311664242238807 1.7311664242238807 3.2414648091164495 3.2414648091164495 0.0 
0.0 2.0029317243410714 1.6144595027550217 1.9430392333091069 1.9430392333091069 3.46552151969876 3.2240541822923516 0.0 
0.0 0.0 0.0 0.0 0.0 0.0 0.0 0.0 

0.0 0.0 0.0 0.0 0.0 0.0 0.0 0.0 
0.0 0.4609035659775174 0.8275920607101814 0.7810252824242098 0.07805727546886027 0.3615431794614614 0.7404495167805392 0.0 
0.0 0.5038439093722649 0.5681386868079231 0.5681386868079231 0.3853859492416094 0.3853859492416094 0.5755439378697497 0.0 
0.0 0.6002942210172579 0.5509026027174234 0.4050487713830674 2.3348861519034485 2.3348861519034485 0.6477030697477906 0.0 
0.0 0.6002942210172579 0.5509026027174234 0.43250026744104875 2.7186018047253313 2.7186018047253313 0.567446596921464 0.0 
0.0 0.6575697939943829 0.4984887642585146 0.43250026744104875 2.6570951749083247 2.6570951749083247 0.567446596921464 0.0 
0.0 0.39039065126352757 0.0 0.06210652213173069 2.366054587726389 2.366054587726389 0.11125358908904363 0.0 
0.0 0.0 0.0 0.0 0.0 0.0 0.0 0.0 

0.0 0.0 0.0 0.0 0.0 0.0 0.0 0.0 
0.0 0.4665915966098726 0.6992860864966516 0.9535840427157171 0.9535840427157171 0.6086977544794187 0.1885371977152458 0.0 
0.0 0.4665915966098726 0.45751694075582916 0.6849358298120352 0.6849358298120352 0.4782949325163498 0.1671540782791236 0.0 
0.0 0.2162774146078849 0.45751694075582916 0.45751694075582916 0.7408794768294489 1.1460096857581294 0.6656221809281145 0.0 
0.0 0.0 0.18190202272801187 0.33783918643393984 0.7408794768294489 1.4836955244778973 0.9282486318721522 0.0 
0.0 0.49598014697960047 0.49598014697960047 0.3944690746612347 0.626747359293707 1.4836955244778973 0.9047114014786476 0.0 
0.0 0.8786699710114598 0.8305699795605288 0.8305699795605288 1.075998345662468 1.375227167911272 1.1287965886224285 0.0 
0.0 0.0 0.0 0.0 0.0 0.0 0.0 0.0 

0.0 0.0 0.0 0.0 0.0 0.0 0.0 0.0 
0.0 0.7962759726210586 1.1670956306785802 1.4371955463183659 1.5658688586465588 1.8848756961100934 1.8848756961100934 0.0 
0.0 0.0 0.0 0.0 0.4658381659929028 1.1392096355259524 0.0 0.0 
0.0 0.2281066918350814 0.49543768147413364 0.5065079301756905 0.4658381659929028 1.1392096355259524 0.45693488483270206 0.0 
0.0 0.7512949537226034 0.689100039008744 0.7293230445789785 0.2234902598956516 1.0139321555242147 0.9427906173184755 0.0 
0.0 1.401606987750971 1.0322830852417424 0.6842434959646402 0.2184188317158229 1.2751219401525244 1.2751219401525244 0.0 
0.0 1.13430279238599 1.0322830852417424 0.2184188317158229 0.2184188317158229 0.9866002102149838 0.9866002102149838 0.0 
0.0 0.0 0.0 0.0 0.0 0.0 0.0 0.0 

0.0 0.0 0.0 0.0 0.0 0.0 0.0 0.0 
0.0 1.4246777742804004 1.7625909417346899 2.3190368120317757 2.3190368120317757 1.8546258369792308 1.5873341031951866 0.0 
0.0 0.8693437076140907 0.6648294431487859 0.5364521795169447 0.4546312799894027 1.5679011991696314 0.9350158646300992 0.0 
0.0 0.9388153852775704 1.048572609445769 1.0491256406730947 0.9637873046350871 1.90035993481926 1.73466161454468 0.0 
0.0 1.216139461485052 1.1190579897064121 1.2325561418216056 0.9637873046350871 2.168905950717404 1.7482582334981214 0.0 
0.0 1.8612411033262797 1.3227194527597397 1.2325561418216056 0.8518555238852664 2.168905950717404 2.1222485580972696 0.0 
0.0 1.458438056222828 1.025664044862832 0.8178834299837083 0.879172386876321 2.1222485580972696 2.1222485580972696 0.0 
0.0 0.0 0.0 0.0 0.0 0.0 0.0 0.0 

0.0 0.0 0.0 0.0 0.0 0.0 0.0 0.0 
0.0 0.21327542611792882 0.0 0.04967853298060554 0.22376621812630704 0.0 0.0 0.0 
0.0 0.0 0.0 0.0 0.0 0.0 0.0 0.0 
0.0 0.0 0.0 0.0 0.0 0.0 0.0 0.0 
0.0 0.0204788712887578 0.0 0.23616834291563857 0.0 0.0 0.0 0.0 
0.0 0.4243210220054318 0.014542474352289642 0.23616834291563857 0.0 0.0 0.0 0.0 
0.0 0.07722014856884543 0.0 0.0 0.0 0.05417498645308089 0.05417498645308089 0.0 
0.0 0.0 0.0 0.0 0.0 0.0 0.0 0.0 

0.0 0.0 0.0 0.0 0.0 0.0 0.0 0.0 
0.0 0.31347820959196954 0.32174504745096677 0.0 0.0 0.0 0.0 0.0 
0.0 0.5606972366911941 0.6333007694535648 0.6333007694535648 0.024393116063057243 0.1488769183296498 0.1488769183296498 0.0 
0.0 0.5606972366911941 0.6333007694535648 0.6333007694535648 0.4576953712188026 0.0 0.23024882799026847 0.0 
0.0 0.31284341753167433 0.25253929058533015 0.35753873128764496 0.35753873128764496 0.0 0.34765273080741876 0.0 
0.0 0.03812525305842067 0.07853757227459998 0.12503662528143844 0.12503662528143844 0.0 0.2622542128079483 0.0 
0.0 0.0 0.1787882512136998 0.0 0.23038104731257006 0.0 0.3253212798280202 0.0 
0.0 0.0 0.0 0.0 0.0 0.0 0.0 0.0 

0.0 0.0 0.0 0.0 0.0 0.0 0.0 0.0 
0.0 1.7674682176480327 2.216913941646963 2.216913941646963 2.0888523143293787 2.0888523143293787 2.2471722933368836 0.0 
0.0 1.9969159591877317 1.7806995242838624 1.729359683886976 3.320495973189758 3.320495973189758 2.2471722933368836 0.0 
0.0 2.0104476246447156 2.034230670881183 2.034230670881183 3.320495973189758 3.320495973189758 2.2884143711225793 0.0 
0.0 2.041068055969124 1.9410468392229412 2.058920978675393 2.369267362145927 2.584306973046219 2.183187528216236 0.0 
0.0 2.041068055969124 1.9826057331893367 2.058920978675393 2.317624140913147 2.3841680340525904 2.1640986688628594 0.0 
0.0 1.8060656947307683 1.701855457179883 2.005819899996266 2.005819899996266 1.8558738914398545 1.8558738914398545 0.0 
0.0 0.0 0.0 0.0 0.0 0.0 0.0 0.0 

0.0 0.0 0.0 0.0 0.0 0.0 0.0 0.0 
0.0 0.0 0.0 0.0 0.0 0.0 0.0 0.0 
0.0 0.0 0.0 0.0 0.0 0.0 0.0 0.0 
0.0 0.0 0.0 0.0 0.0 0.0 0.0 0.0 
0.0 0.0 0.0 0.0 0.0 0.0 0.0 0.0 
0.0 0.0 0.0 0.0 0.0 0.0 0.0 0.0 
0.0 0.0 0.0 0.0 0.0 0.0 0.0 0.0 
0.0 0.0 0.0 0.0 0.0 0.0 0.0 0.0 

0.0 0.0 0.0 0.0 0.0 0.0 0.0 0.0 
0.0 0.4826427526737791 0.16627394917130076 0.0 0.0 0.0 0.0 0.0 
0.0 0.5644959276168133 0.18597039232514168 0.5436532335701573 0.5436532335701573 1.0120650447903934 0.5927660695555246 0.0 
0.0 0.6249727933200704 0.6249727933200704 0.7879625423974692 1.3502742377456607 1.0120650447903934 0.9484128227431388 0.0 
0.0 0.7760075119928702 0.7760075119928702 0.5910291291061721 1.4093482162634308 0.9446881634709335 0.9446881634709335 0.0 
0.0 0.7760075119928702 0.7760075119928702 0.5910291291061721 1.4525052502558713 0.5200015956511489 0.5200015956511489 0.0 
0.0 0.0 0.147090011039115 0.0 0.9660702268991733 0.0 0.0 0.0 
0.0 0.0 0.0 0.0 0.0 0.0 0.0 0.0 

0.0 0.0 0.0 0.0 0.0 0.0 0.0 0.0 
0.0 1.0502155975341119 0.396620265205639 0.0 0.4861775522750014 0.18283501792459445 0.501582357521874 0.0 
0.0 0.3555629384002971 0.0 0.0 0.0 0.0 0.5080071518948491 0.0 
0.0 0.36676585697954667 0.38383893531037167 0.3760351503473201 0.9905972591497184 0.9905972591497184 0.5080071518948491 0.0 
0.0 0.8582338181261471 0.38383893531037167 0.3760351503473201 1.1949405346399544 1.1949405346399544 0.4781949692676958 0.0 
0.0 0.8582338181261471 0.465538451376485 0.2221406224828638 1.041040812529007 1.041040812529007 0.8055317781684069 0.0 
0.0 0.06738077327621109 0.465538451376485 0.1910485294401262 0.49775209701766493 0.49775209701766493 0.7353934755310048 0.0 
0.0 0.0 0.0 0.0 0.0 0.0 0.0 0.0 

0.0 0.0 0.0 0.0 0.0 0.0 0.0 0.0 
0.0 0.0 1.5936310593046126 1.5936310593046126 0.2905904467184487 0.006675741444781169 0.6045283691695937 0.0 
0.0 0.4659143047532211 1.5936310593046126 1.5936310593046126 3.202067703326959 2.8115243709819024 1.5008294174083499 0.0 
0.0 0.49836740789359896 0.6741077498107011 1.5067177998112231 5.313709343968219 5.313709343968219 1.0615537448315557 0.0 
0.0 0.667840596871004 0.48685240385214057 0.38067475942571494 5.371832190597824 5.371832190597824 0.6828173715888058 0.0 
0.0 0.667840596871004 0.5845508804557569 0.5845508804557569 5.279057218563064 5.279057218563064 0.6761872200010595 0.0 
0.0 0.351353479780442 0.5845508804557569 0.5845508804557569 4.678813657302648 4.678813657302648 0.0 0.0 
0.0 0.0 0.0 0.0 0.0 0.0 0.0 0.0 

0.0 0.0 0.0 0.0 0.0 0.0 0.0 0.0 
0.0 1.9508214107846193 2.0588805076577907 2.690519438624329 2.690519438624329 0.7763283364230682 0.5587313402709871 0.0 
0.0 0.8029493233151876 0.8029493233151876 0.5333306861636289 0.3932811924633675 0.1765105016055439 0.037861832411318706 0.0 
0.0 0.7523774371525884 0.9696052835613486 0.9696052835613486 0.685455562692273 0.5050282890009232 0.5354466541402035 0.0 
0.0 1.4171824184158592 1.1328990462264381 1.0412093316124351 0.9078034381952652 0.6606535067333474 0.7755597625439181 0.0 
0.0 2.623778827583378 1.1502388456063333 0.9195058480532368 0.9078034381952652 1.4600018592430295 1.4600018592430295 0.0 
0.0 1.2769888840079673 1.1502388456063333 0.7358013851319202 0.7358013851319202 1.4600018592430295 1.4600018592430295 0.0 
0.0 0.0 0.0 0.0 0.0 0.0 0.0 0.0 

0.0 0.0 0.0 0.0 0.0 0.0 0.0 0.0 
0.0 1.709337141329127 1.478475007423161 2.042175085552867 2.25807899299453 2.116678928261418 1.833614556880868 0.0 
0.0 1.0004780316044382 0.9897529647944656 2.042175085552867 2.042175085552867 1.5187059706442638 1.43965342231528 0.0 
0.0 0.0 0.9897529647944656 0.6029678307895543 0.15993231637669575 0.20686207440757112 0.20686207440757112 0.0 
0.0 0.26028082237203765 0.5033281973053013 0.5549876991568992 0.5549876991568992 0.0 0.13725085100765322 0.0 
0.0 2.3241898512538586 1.802653233268501 0.46850497202929836 0.46850497202929836 0.5228853163410347 0.6695192243754663 0.0 
0.0 2.3241898512538586 1.8033739280144752 1.381343032575108 0.17870190870871847 0.7637111759761064 1.0464357372631101 0.0 
0.0 0.0 0.0 0.0 0.0 0.0 0.0 0.0 

0.0 0.0 0.0 0.0 0.0 0.0 0.0 0.0 
0.0 0.0 0.0 0.7176703488413393 0.5928879613707038 0.2287708742662986 0.0 0.0 
0.0 0.0 0.0 0.6761526734169094 0.6761526734169094 1.4083988829525242 0.0 0.0 
0.0 0.0 0.0 0.0 0.4451142445105598 2.4717480642022394 1.0223393359694082 0.0 
0.0 0.0 0.0 0.0 0.0 2.4717480642022394 1.4761888298617167 0.0 
0.0 0.0 0.0 0.06974298686271581 0.0 2.1030871454063247 1.4761888298617167 0.0 
0.0 0.570865207245852 0.16545860250277022 0.22824109546416205 0.0 1.989395817603053 1.0391349784128634 0.0 
0.0 0.0 0.0 0.0 0.0 0.0 0.0 0.0 

0.0 0.0 0.0 0.0 0.0 0.0 0.0 0.0 
0.0 0.3790377359599899 0.3790377359599899 0.12600014005516694 0.5200721937268168 0.6916313262756598 0.6688475527809854 0.0 
0.0 0.2354555108854081 0.2354555108854081 0.02977582808723958 0.0 1.117698988802219 0.4752163371498407 0.0 
0.0 0.2388402903439946 0.22497122354140822 0.22497122354140822 0.07306221559560072 0.9359088950756889 0.9359088950756889 0.0 
0.0 0.2388402903439946 0.19497983639899336 0.2887936666755995 0.2887936666755995 0.6760924556297995 0.6760924556297995 0.0 
0.0 0.7650562047542413 0.7650562047542413 0.46788122342732424 0.46788122342732424 0.6642130565067741 0.6642130565067741 0.0 
0.0 0.7650562047542413 0.7650562047542413 0.0 0.0 0.5473612047999137 0.588955810692023 0.0 
0.0 0.0 0.0 0.0 0.0 0.0 0.0 0.0 

0.0 0.0 0.0 0.0 0.0 0.0 0.0 0.0 
0.0 0.0 0.05212311435977207 0.0 0.0 0.0018693711221622888 0.0018693711221622888 0.0 
0.0 0.0028580467812994587 0.0 0.0 0.0 0.0 0.0 0.0 
0.0 0.0 0.0 0.0 0.0 0.0 0.0 0.0 
0.0 0.0 0.0 0.0 0.0 0.0 0.0 0.0 
0.0 0.0 0.0 0.0 0.0 0.09371138621303732 0.09371138621303732 0.0 
0.0 0.864855974767422 0.864855974767422 0.0 0.0 0.09371138621303732 0.09371138621303732 0.0 
0.0 0.0 0.0 0.0 0.0 0.0 0.0 0.0 

0.0 0.0 0.0 0.0 0.0 0.0 0.0 0.0 
0.0 1.0415753637719964 1.6640015819613905 1.5989524616763915 1.3800070733251582 0.5665198827241084 0.5665198827241084 0.0 
0.0 1.0415753637719964 0.8690352738070951 2.3500038576023425 2.3500038576023425 1.3507133367132622 1.3507133367132622 0.0 
0.0 0.6848988950593019 0.5308451452021611 2.3500038576023425 3.306092200680475 1.266373458289508 1.266373458289508 0.0 
0.0 0.3136982816205796 0.3136982816205796 0.10024405637333504 3.306092200680475 0.9069103255583155 0.9069103255583155 0.0 
0.0 0.4104776238009665 0.3271278245910423 0.18490139896567878 2.733696814212878 0.8170119349974294 0.8170119349974294 0.0 
0.0 1.2660001870896886 0.805603520741631 0.7948816768742779 3.216113366725876 1.4795352890655031 1.0904044831105089 0.0 
0.0 0.0 0.0 0.0 0.0 0.0 0.0 0.0 

0.0 0.0 0.0 0.0 0.0 0.0 0.0 0.0 
0.0 0.0 0.7244230223901675 0.7244230223901675 0.14053165273390433 0.16359793131573527 0.16359793131573527 0.0 
0.0 0.0 0.07651115432681033 1.0007288747279919 2.0658286194432502 0.975747283234721 0.16359793131573527 0.0 
0.0 0.0 0.0 0.6265716378531636 2.0658286194432502 1.51184802334651 0.0 0.0 
0.0 0.0 0.0 0.0 1.8555761645496829 1.51184802334651 0.005266065370797803 0.0 
0.0 0.29654528925341156 0.0 0.0 2.0336789647196882 1.407263600126832 0.005266065370797803 0.0 
0.0 0.29654528925341156 0.0 0.0 2.0336789647196882 1.2523861918003405 0.0 0.0 
0.0 0.0 0.0 0.0 0.0 0.0 0.0 0.0 

0.0 0.0 0.0 0.0 0.0 0.0 0.0 0.0 
0.0 0.8836854129375696 1.3833444185909958 1.3833444185909958 2.3251522426472193 1.7709001527180044 0.7735050484393075 0.0 
0.0 0.6518999367582017 0.6247032465665651 0.9200375062406894 1.4677608123991202 1.0308196596340407 0.6163636339479868 0.0 
0.0 0.0 0.47633307337241726 0.05292814014873988 1.2946970833783042 0.0 0.0 0.0 
0.0 0.0 0.0 0.02954781960284901 0.0 0.0 0.0 0.0 
0.0 0.8441231365417065 0.8913083424903039 0.8913083424903039 0.005954120450496925 0.0 0.1949715800702842 0.0 
0.0 1.0422495358515353 1.5733480502929704 1.1255121507756176 0.005954120450496925 0.0 0.8097342506399817 0.0 
0.0 0.0 0.0 0.0 0.0 0.0 0.0 0.0 

0.0 0.0 0.0 0.0 0.0 0.0 0.0 0.0 
0.0 0.0 0.0 0.0 0.0 0.0 0.0 0.0 
0.0 0.0 0.0 0.0 0.0 0.0 0.0 0.0 
0.0 0.0 0.0 0.0 0.0 0.0 0.0 0.0 
0.0 0.0 0.0 0.0 0.0 0.0 0.0 0.0 
0.0 0.0 0.0 0.0 0.0 0.0 0.0 0.0 
0.0 0.0 0.0 0.0 0.0 0.0 0.0 0.0 
0.0 0.0 0.0 0.0 0.0 0.0 0.0 0.0 

0.0 0.0 0.0 0.0 0.0 0.0 0.0 0.0 
0.0 0.0 0.8708281260285325 0.8708281260285325 0.617378628308292 0.4279907152112289 0.32538195334917497 0.0 
0.0 0.0 0.0 0.1712603763617581 1.2627286480807414 1.2627286480807414 0.0 0.0 
0.0 0.0 0.0 0.0 0.6801899527818853 1.302149004141635 0.4531240124236288 0.0 
0.0 0.0 0.0 0.009037702528129209 0.5688627598690328 1.302149004141635 0.4531240124236288 0.0 
0.0 0.4207880612532187 0.0786918245240908 0.21207091706974995 0.6481414095123087 1.0599463082613998 0.2924023580723386 0.0 
0.0 0.4207880612532187 0.1942762219903322 0.0 0.6481414095123087 0.6995090667610113 0.3197975240391536 0.0 
0.0 0.0 0.0 0.0 0.0 0.0 0.0 0.0 

0.0 0.0 0.0 0.0 0.0 0.0 0.0 0.0 
0.0 0.8940548481111601 0.7403984086152808 1.2918478672774358 1.2367921223057161 1.0874198559875985 0.9268709405544273 0.0 
0.0 0.6990116429444712 0.6990116429444712 0.0 1.2848693924639367 1.4555251514169918 0.3989476894287013 0.0 
0.0 0.5492812927582095 0.7068751459590296 0.7068751459590296 0.43481840161207497 1.4555251514169918 0.6429392632117898 0.0 
0.0 0.9072217982614229 0.7324496622638411 0.8293330011066901 0.8293330011066901 0.9678718702841186 0.9678718702841186 0.0 
0.0 2.0136002981181917 2.0136002981181917 0.8628609198278553 0.8486794805738923 1.3869905751889886 1.3869905751889886 0.0 
0.0 2.0136002981181917 2.0136002981181917 0.5736844767126095 0.5736844767126095 0.90991715852662 0.90991715852662 0.0 
0.0 0.0 0.0 0.0 0.0 0.0 0.0 0.0 

0.0 0.0 0.0 0.0 0.0 0.0 0.0 0.0 
0.0 0.0 0.0 0.0 0.09771620023448117 0.09771620023448117 0.0 0.0 
0.0 0.0 0.0 0.0 0.5837276127684876 1.054745300061455 0.0 0.0 
0.0 0.0 0.0 0.0 0.9263504309310454 1.293129228404596 0.3921419896614864 0.0 
0.0 0.0 0.0 0.0 1.3560075903575404 1.3560075903575404 0.43741761095974385 0.0 
0.0 0.0 0.0 0.0 1.3517612551964513 1.3517612551964513 0.43741761095974385 0.0 
0.0 0.0 0.0 0.0 1.0492289134066526 1.0492289134066526 0.0 0.0 
0.0 0.0 0.0 0.0 0.0 0.0 0.0 0.0 

0.0 0.0 0.0 0.0 0.0 0.0 0.0 0.0 
0.0 1.318832536694871 0.6044329762294877 0.0 0.0 0.0 0.30946480282104416 0.0 
0.0 0.7423145973689956 0.7423145973689956 0.12999908111225345 0.0 0.0 0.4758211545073339 0.0 
0.0 0.5365692271546328 0.6702845322215287 0.6472746970593829 0.4168788217923921 0.0 0.6385807194247184 0.0 
0.0 0.7279778654824368 0.7452628898223914 0.6204688272599058 0.4168788217923921 0.0 0.6385807194247184 0.0 
0.0 0.9169858926342132 0.3635187593253529 0.20087548615805764 0.0 0.0 0.6857952206345881 0.0 
0.0 0.26710338615441565 0.1852604970726482 0.02711042564749583 0.0 0.0 0.4537880382573259 0.0 
0.0 0.0 0.0 0.0 0.0 0.0 0.0 0.0 

0.0 0.0 0.0 0.0 0.0 0.0 0.0 0.0 
0.0 0.7148797914899785 1.6720366421588853 2.484273337718504 0.9309954410169179 0.0 0.0 0.0 
0.0 0.8045961965172992 1.624567648217702 1.8974939774696487 1.841459405113729 1.069969432629874 0.4299840429374865 0.0 
0.0 0.8045961965172992 0.8045961965172992 1.841459405113729 3.754491659553027 3.754491659553027 0.4153599347101496 0.0 
0.0 0.5255626211427873 0.5255626211427873 0.5087655818360691 3.754491659553027 3.754491659553027 0.8465536155645151 0.0 
0.0 1.1244360027401457 0.5083668845285216 0.5087655818360691 3.2170189555820268 3.2170189555820268 0.8465536155645151 0.0 
0.0 1.286274509497902 0.0 0.5795423337430493 3.0952101612431355 3.0952101612431355 0.9543624248526124 0.0 
0.0 0.0 0.0 0.0 0.0 0.0 0.0 0.0 

0.0 0.0 0.0 0.0 0.0 0.0 0.0 0.0 
0.0 1.1174585963817294 2.013355330880021 3.5589291032195662 2.992541228990954 2.992541228990954 1.6772155307100154 0.0 
0.0 0.5649878670371069 1.2695417442145611 2.5472243613205565 2.992541228990954 2.992541228990954 0.44060490366987437 0.0 
0.0 0.11843093907975566 0.11843093907975566 0.8720213376320863 1.5828683716161567 1.5828683716161567 0.18174049254326718 0.0 
0.0 0.00491195509293299 0.5342987102732287 0.5342987102732287 1.7077964952602753 1.7077964952602753 0.0 0.0 
0.0 1.2075221615664433 1.047283975311612 0.8080707038025102 1.9686436207147848 1.9686436207147848 0.396385684425025 0.0 
0.0 1.2075221615664433 1.047283975311612 0.5526444282055315 1.9686436207147848 1.9686436207147848 0.396385684425025 0.0 
0.0 0.0 0.0 0.0 0.0 0.0 0.0 0.0 

0.0 0.0 0.0 0.0 0.0 0.0 0.0 0.0 
0.0 0.0 0.0 0.0 0.0 0.022859548106487437 0.0244263202771956 0.0 
0.0 0.0 0.0 0.0 0.6586064690895113 0.6586064690895113 0.0 0.0 
0.0 0.0 0.0 0.0 0.6586064690895113 0.6586064690895113 0.0 0.0 
0.0 0.022500336784534204 0.0 0.17646070466837238 0.7622356137745319 0.7765516039525107 0.0 0.0 
0.0 0.30422198564777087 0.30422198564777087 0.17646070466837238 0.6804887650117286 0.7739468827321709 0.16627119406242175 0.0 
0.0 0.0 0.0 0.0 0.0 0.0894497041284963 0.0 0.0 
0.0 0.0 0.0 0.0 0.0 0.0 0.0 0.0 

0.0 0.0 0.0 0.0 0.0 0.0 0.0 0.0 
0.0 0.39416219159704463 0.2924764949752123 0.0 0.0 0.0 0.0 0.0 
0.0 0.2603736546869862 0.12194468779629453 0.4665657615218107 0.4665657615218107 0.0 0.0 0.0 
0.0 0.24292768325258612 0.21443825498473543 0.4665657615218107 0.4665657615218107 0.0 0.06385623719026894 0.0 
0.0 0.2436019705032838 0.2436019705032838 0.07700694772240073 0.0 0.0 0.08900275794259999 0.0 
0.0 0.617759045518102 0.16459698345491042 0.05344162732116184 0.0 0.0 0.053412186794201726 0.0 
0.0 0.05880044268420856 0.05880044268420856 0.0 0.0 0.0 0.0 0.0 
0.0 0.0 0.0 0.0 0.0 0.0 0.0 0.0 

0.0 0.0 0.0 0.0 0.0 0.0 0.0 0.0 
0.0 0.0 0.0 0.0 0.0 0.0 0.0 0.0 
0.0 0.0 0.0 0.031859375969803594 0.031859375969803594 0.44256776225613403 0.0 0.0 
0.0 0.0 0.0 0.0 0.0 0.04300608038194369 0.0 0.0 
0.0 0.0 0.0 0.0 0.0 0.0 0.0 0.0 
0.0 0.0 0.0 0.0 0.0 0.0 0.0 0.0 
0.0 0.0 0.0 0.0 0.0 0.0 0.0 0.0 
0.0 0.0 0.0 0.0 0.0 0.0 0.0 0.0 

0.0 0.0 0.0 0.0 0.0 0.0 0.0 0.0 
0.0 0.0 0.0 0.0 0.0 0.0 0.0 0.0 
0.0 0.0 0.0 0.0 0.0 0.0 0.0 0.0 
0.0 0.0 0.0 0.0 0.0 0.0 0.0 0.0 
0.0 0.0 0.0 0.0 0.0 0.0 0.0 0.0 
0.0 0.0 0.0 0.0 0.0 0.0 0.0 0.0 
0.0 0.0 0.0 0.0 0.0 0.0 0.0 0.0 
0.0 0.0 0.0 0.0 0.0 0.0 0.0 0.0 

0.0 0.0 0.0 0.0 0.0 0.0 0.0 0.0 
0.0 0.0 0.0 0.0 0.0 0.0 0.0 0.0 
0.0 0.0 0.0 0.0 0.0 0.0 0.0 0.0 
0.0 0.0 0.0 0.0 0.0 0.0 0.0 0.0 
0.0 0.0 0.0 0.0 0.0 0.0 0.0 0.0 
0.0 0.0 0.0 0.0 0.0 0.0 0.0 0.0 
0.0 0.0 0.0 0.0 0.0 0.0 0.0 0.0 
0.0 0.0 0.0 0.0 0.0 0.0 0.0 0.0 

