0.8858835443261719 0.8858835443261719 1.0409670041632142 
1.1161104853836337 0.4645303190932985 0.9692712887667325 
1.3678108353401617 1.1321223610178526 1.2913509095819629 

0.0 0.0 0.0 
0.0 0.0 0.0 
0.0 0.0 0.0 

1.921208786511706 1.7340118356827117 2.565148534601582 
1.9054432255025526 1.6758139217383172 2.565148534601582 
1.6962614124728572 1.6758139217383172 2.2802226613009373 

0.23964093931759553 0.019594181148124667 0.0 
0.15433398821277564 0.24963518451293815 0.11668092652872925 
0.049075792027040196 0.08962856603009048 0.08962856603009048 

0.10031229422059162 0.16240038202484375 0.0 
0.13220786960078665 0.16240038202484375 0.0 
0.13220786960078665 0.0 0.0 

0.0 0.0 0.0 
0.0 0.0 0.11053051455783652 
0.10324736621366216 0.0 0.002057921151646814 

0.0 0.0 0.0 
0.0 0.0 0.0 
0.0 0.0 0.0 

2.160641408432381 2.3586584382084124 2.0536860418169356 
2.062090078097101 2.218563135785551 2.0536860418169356 
1.771423100963418 1.468119911934103 1.4586542168207322 

1.7215342860280773 1.7085246009268282 2.699196448594603 
1.0459598553214406 0.521545483104381 1.8624519971559408 
1.0586142503544642 0.521545483104381 1.4663348686639195 

2.442971509969256 2.7799173608110292 1.9683415991812367 
2.438418064057963 2.3669805727703963 1.908797381092499 
3.0839984790484074 2.871280399562409 2.871280399562409 

1.7617527031644526 1.2073375151355137 0.33173821153495836 
1.4223140798059282 0.9454132804772211 0.7636865118107 
1.5169607985981977 0.9454132804772211 1.0364301708312698 

1.7637996142595949 1.7637996142595949 0.6751650709974374 
1.8697478937664505 1.7637996142595949 1.1382623269137853 
1.8697478937664505 1.399546725064391 1.0650813114803142 

3.587591086842565 3.6081651073526753 2.4486446175519796 
3.658954797492413 3.658954797492413 3.2784934329763624 
3.658954797492413 3.658954797492413 3.2784934329763624 

0.0 0.24030112708003337 0.6922039877031712 
0.0 0.24030112708003337 0.7167426233973534 
0.0 0.0 0.7167426233973534 

0.0 0.0 0.01663138456513582 
0.16446588532924056 0.0 0.046357188156406826 
0.3721761698978629 0.11959901423282868 0.2952410892563287 

0.0 0.0 0.0 
0.0 0.0 0.0 
0.0 0.0 0.0 

4.1713755639350785 4.552432269246247 4.19144338011489 
5.093212158245874 5.093212158245874 4.8703688760237105 
4.942889253745752 5.045310057705674 4.845298807142682 

0.671202996386847 0.7861973713270032 0.33630463157389595 
0.606748227272312 0.3437147529789351 0.3437147529789351 
0.9143424324584535 0.8667261512476372 0.8667261512476372 

0.0 0.0 0.0 
0.0 0.0 0.0 
0.0 0.0 0.0 

0.10800107362215669 0.0 0.7296533678334658 
0.0020191453338452847 0.0 0.0 
1.0020116641359775 1.0020116641359775 0.5182277148743978 

