0.0 0.0 0.0 0.0 0.0 0.0 0.0 0.0 
0.0 2.4090581493161793 1.7981798538292582 1.7806104480761438 2.181751108709566 1.2900955779091283 1.0876682764807115 0.0 
0.0 2.271443613677263 1.7416958737301365 1.7896629950692486 1.1839911136288128 1.9643109040946443 1.2592110457174774 0.0 
0.0 2.2327012928537084 2.529661954601073 2.347743574174111 2.347743574174111 1.940848081047438 1.53790908401246 0.0 
0.0 1.9573955422368963 1.7073193095171773 2.347743574174111 2.347743574174111 1.7708636357500442 1.6056104696043783 0.0 
0.0 1.527393156774767 1.581512815723521 1.5854416681230032 1.439973459458975 1.4465638528720555 1.4465638528720555 0.0 
0.0 1.5131836128841372 1.467206593263679 1.4298114825458983 1.4298114825458983 1.3822752652539134 1.3453329762064823 0.0 
0.0 0.0 0.0 0.0 0.0 0.0 0.0 0.0 

0.0 0.0 0.0 0.0 0.0 0.0 0.0 0.0 
0.0 0.30241355658463936 0.6629708955897198 0.6629708955897198 0.0 0.12376515524861827 0.36680598854612606 0.0 
0.0 0.0 0.0 0.0 0.0 0.0010577215000132367 0.25843513130346235 0.0 
0.0 0.0 0.0 0.0 0.0 0.0010577215000132367 0.2203139767316018 0.0 
0.0 0.5237344938066346 0.22680518356188425 0.23230143798177869 0.33181533633710064 0.33181533633710064 0.3396549191651403 0.0 
0.0 0.5457562936628426 0.570623500652089 0.570623500652089 0.5810374124199148 0.5810374124199148 0.5924236979736004 0.0 
0.0 0.5339501817412339 0.5922588714486559 0.6058900183152603 0.5953076807548658 0.5899222455580672 0.6185491788215977 0.0 
0.0 0.0 0.0 0.0 0.0 0.0 0.0 0.0 

0.0 0.0 0.0 0.0 0.0 0.0 0.0 0.0 
0.0 0.319848685014184 0.7252528923951285 1.3515094834969164 1.0224827344677303 0.606835177982071 0.606835177982071 0.0 
0.0 0.06533006660907645 0.7252528923951285 0.9303175789550056 0.0 0.9257991046914663 1.23444645139219 0.0 
0.0 0.06533006660907645 0.0 0.23394091646193976 0.23394091646193976 0.9257991046914663 1.23444645139219 0.0 
0.0 0.10559667765575079 0.43607197106561074 0.7079655789456136 0.23394091646193976 0.5499316387971045 0.6380788684605786 0.0 
0.0 0.00632880392411244 0.3350556194329679 0.3350556194329679 0.0 0.0 0.0 0.0 
0.0 0.00632880392411244 0.01879515394818957 0.004269359329527397 0.0 0.0 0.0 0.0 
0.0 0.0 0.0 0.0 0.0 0.0 0.0 0.0 

0.0 0.0 0.0 0.0 0.0 0.0 0.0 0.0 
0.0 0.0 1.1651548982341557 1.1651548982341557 0.5460829945514971 1.4257336819967075 1.7615635112425725 0.0 
0.0 0.0 0.0 0.0 0.29246250417272507 1.4257336819967075 1.7615635112425725 0.0 
0.0 0.0 0.0 0.0 0.0 0.0 0.6928846920877086 0.0 
0.0 0.1004407378776368 0.0 0.0 0.06128306103776197 0.040498768012706556 0.0 0.0 
0.0 0.3486821041821244 0.3486821041821244 0.2510790541414071 0.06128306103776197 0.11068944075644559 0.11350167310657196 0.0 
0.0 0.02274059187013891 0.08720886022634589 0.12009985445115837 0.12009985445115837 0.12722041101813336 0.16810821344371674 0.0 
0.0 0.0 0.0 0.0 0.0 0.0 0.0 0.0 

0.0 0.0 0.0 0.0 0.0 0.0 0.0 0.0 
0.0 1.6985826820068144 1.1408797006585878 2.6801599734257757 2.6801599734257757 1.2651284442246964 1.3117472563456944 0.0 
0.0 0.9004992881835574 0.8371357698232982 0.5394354346644319 0.4019431125386469 0.7500955263033908 1.2937222016726733 0.0 
0.0 0.9004992881835574 0.20077586010990817 0.5394354346644319 0.3220901415042949 0.2891616459198702 1.197295525290987 0.0 
0.0 0.9620375342408162 0.8179825506771334 0.5679756202098195 0.8237730535572523 0.7968337824226008 0.8325461017654165 0.0 
0.0 0.9819404407222332 1.0161679124339582 0.935097375675913 0.872133276661146 0.9646450488808734 0.942486900328433 0.0 
0.0 0.9737543414099583 0.9157817899710442 0.9034169946577731 0.9156529829815812 0.9646450488808734 0.942486900328433 0.0 
0.0 0.0 0.0 0.0 0.0 0.0 0.0 0.0 

0.0 0.0 0.0 0.0 0.0 0.0 0.0 0.0 
0.0 0.7788700265892475 0.6876075730005202 0.42739504946933327 0.09808055982084868 0.301522672049761 0.5656206122646401 0.0 
0.0 0.08148128573949073 0.0 0.42739504946933327 0.0 0.0 0.5656206122646401 0.0 
0.0 0.08148128573949073 0.0 0.0 0.0 0.0 0.0 0.0 
0.0 0.0 0.0 0.0 0.0 0.0 0.0 0.0 
0.0 0.0 0.0 0.0 0.0 0.0 0.0 0.0 
0.0 0.0 0.0 0.0 0.0 0.0 0.0 0.0 
0.0 0.0 0.0 0.0 0.0 0.0 0.0 0.0 

0.0 0.0 0.0 0.0 0.0 0.0 0.0 0.0 
0.0 1.604580782832887 1.604580782832887 0.8025427368976006 0.6837888188727042 0.6837888188727042 0.2717330207966408 0.0 
0.0 0.7225358596799676 0.9492687557558133 0.8025427368976006 0.09303174523107018 0.08877729037725549 0.0 0.0 
0.0 0.7827558748623199 0.9492687557558133 0.11531582295199527 0.08877729037725549 0.10110590725136245 0.0 0.0 
0.0 0.7827558748623199 0.7827558748623199 0.28710911358927654 0.25030736781417423 0.503106362416071 0.503106362416071 0.0 
0.0 0.35190002927099007 0.36422172091352195 0.3792732684062241 0.4121018819330117 0.4121018819330117 0.35156810423889606 0.0 
0.0 0.40415864817237024 0.42124467437617574 0.42124467437617574 0.4121018819330117 0.4121018819330117 0.35156810423889606 0.0 
0.0 0.0 0.0 0.0 0.0 0.0 0.0 0.0 

0.0 0.0 0.0 0.0 0.0 0.0 0.0 0.0 
0.0 1.0745930120130192 2.484868125816573 2.484868125816573 1.6850726762527473 2.203606520979653 2.4677418027894955 0.0 
0.0 1.3781725261203086 1.390468032120553 2.067446925167774 2.067446925167774 2.203606520979653 2.4677418027894955 0.0 
0.0 1.9126308737120794 1.5309414580841016 2.025849352548046 2.036180798573764 1.7626220558215786 1.8197030672462922 0.0 
0.0 2.0063739328413326 1.8079414564486238 1.911186083702329 1.911186083702329 1.8878508723172625 2.0200474127996957 0.0 
0.0 1.9516461030011243 1.9580466445714586 1.9661686088778823 2.02432711460877 2.02432711460877 2.0200474127996957 0.0 
0.0 2.0204352647523827 2.011909433070998 2.0052165375574313 2.0281068169962646 2.0281068169962646 2.001210850871192 0.0 
0.0 0.0 0.0 0.0 0.0 0.0 0.0 0.0 

0.0 0.0 0.0 0.0 0.0 0.0 0.0 0.0 
0.0 0.0 0.06796802360869758 0.0 0.0 0.0 0.0 0.0 
0.0 0.1699441126347683 0.06796802360869758 0.0 0.0 0.0 0.0 0.0 
0.0 0.1699441126347683 0.0 0.0 0.0 0.0 0.0 0.0 
0.0 0.0 0.0 0.0 0.0 0.0 0.0 0.0 
0.0 0.0 0.0 0.0 0.0 0.0 0.0 0.0 
0.0 0.0 0.0 0.0 0.0 0.0 0.0 0.0 
0.0 0.0 0.0 0.0 0.0 0.0 0.0 0.0 

0.0 0.0 0.0 0.0 0.0 0.0 0.0 0.0 
0.0 0.5111958953210572 0.0 0.0 0.0 0.0 0.0 0.0 
0.0 0.5111958953210572 0.0 0.0 0.0 0.0 0.0 0.0 
0.0 0.5853623973128697 0.3750741114878938 0.0 0.0 0.0 0.0 0.0 
0.0 0.7553821431489052 0.7553821431489052 0.17788067785350398 0.3584360129342046 0.4705876297316075 0.4705876297316075 0.0 
0.0 0.578879471340696 0.578879471340696 0.5031068902702092 0.4400487757849839 0.4705876297316075 0.5072453765885551 0.0 
0.0 0.5129625350986792 0.41119366977658534 0.5054359421083594 0.5170465075713678 0.49007211881602125 0.46081947076797664 0.0 
0.0 0.0 0.0 0.0 0.0 0.0 0.0 0.0 

0.0 0.0 0.0 0.0 0.0 0.0 0.0 0.0 
0.0 0.8294954951847687 0.8294954951847687 0.11445723103987195 0.5672409314502896 0.8849488463942271 0.8849488463942271 0.0 
0.0 0.17955469667785348 0.09034015662662218 0.10069663616665739 0.0 0.0 0.0 0.0 
0.0 0.17955469667785348 0.0 0.0 0.0 0.0 0.0 0.0 
0.0 0.3238070662834374 0.22741418213168568 0.02636475944422921 0.1974168466872676 0.03598372188893793 0.0 0.0 
0.0 0.3554255613872019 0.285398211482117 0.25615087345157855 0.36313164511671403 0.36313164511671403 0.389891386347427 0.0 
0.0 0.30465775364866315 0.33942771699028634 0.40888443436873345 0.43078792197475385 0.43078792197475385 0.389891386347427 0.0 
0.0 0.0 0.0 0.0 0.0 0.0 0.0 0.0 

0.0 0.0 0.0 0.0 0.0 0.0 0.0 0.0 
0.0 0.0 0.6465064891529009 1.2360401355567778 0.0 0.0 0.04633464832843197 0.0 
0.0 0.0 0.363295216423615 0.363295216423615 0.0 0.6279317874382058 0.6279317874382058 0.0 
0.0 0.6716026170901742 0.8783852584780996 1.5020489758003828 1.4387441566462356 0.750585774867691 0.750585774867691 0.0 
0.0 0.6716026170901742 1.1021094326529342 1.5020489758003828 1.4387441566462356 0.983991697804515 0.983991697804515 0.0 
0.0 0.5661503095434441 0.7627964014879648 0.7627964014879648 0.45547759976609836 0.5455176588721298 0.5455176588721298 0.0 
0.0 0.2971313341958381 0.3220868975107133 0.3888089391170493 0.3888089391170493 0.3798963085965679 0.43004271961336066 0.0 
0.0 0.0 0.0 0.0 0.0 0.0 0.0 0.0 

0.0 0.0 0.0 0.0 0.0 0.0 0.0 0.0 
0.0 1.4126185142588665 1.1819915890053825 1.1181343968734148 0.8662560109769046 1.7384432327932684 1.7384432327932684 0.0 
0.0 0.5831673879824428 0.9637267038913142 1.1181343968734148 0.11927394244143308 1.243270364542496 1.243270364542496 0.0 
0.0 0.5831673879824428 0.7097217517598517 0.3055500518821139 0.0 0.4595405345792249 0.4595405345792249 0.0 
0.0 0.6908671787813295 0.49255749339918525 0.6434800455702683 0.6434800455702683 0.39970902711734857 0.33239453443642336 0.0 
0.0 0.7820771736470147 0.7005473521192361 0.6434800455702683 0.6434800455702683 0.5639562055983648 0.5673458390582994 0.0 
0.0 0.5719682511827895 0.60610574162772 0.6182237580830297 0.6313872280816439 0.6071467275771523 0.6071467275771523 0.0 
0.0 0.0 0.0 0.0 0.0 0.0 0.0 0.0 

0.0 0.0 0.0 0.0 0.0 0.0 0.0 0.0 
0.0 2.5385790193385898 2.7578861728440978 2.6189225067728445 2.5195790536041653 1.9318088103695137 1.6834395860047733 0.0 
0.0 2.3153147140625676 2.7942210177781215 2.6189225067728445 1.7351834383122635 1.9318088103695137 1.6834395860047733 0.0 
0.0 1.1989387875171877 2.083708518925184 1.355232074556156 1.6749313554688547 1.1266617592193935 0.9337323595614351 0.0 
0.0 1.139439025416659 1.139439025416659 1.1169496934651626 0.9797788110819626 0.44250292417520515 0.6804505340946299 0.0 
0.0 0.0 0.05491561026936051 0.05491561026936051 0.0 0.0 0.0 0.0 
0.0 0.0 0.0 0.0 0.0 0.0 0.0 0.0 
0.0 0.0 0.0 0.0 0.0 0.0 0.0 0.0 

0.0 0.0 0.0 0.0 0.0 0.0 0.0 0.0 
0.0 0.10211336943909385 0.0 0.4738022384641146 0.4738022384641146 0.0 0.0 0.0 
0.0 0.0 0.0 0.4376571171801504 0.0 0.0 0.022791038547553863 0.0 
0.0 0.0 0.0 0.5644610594749485 0.5644610594749485 0.0 0.2679977064274073 0.0 
0.0 0.0 0.0 0.5644610594749485 0.5644610594749485 0.0 0.16426186145301216 0.0 
0.0 0.0 0.0 0.0 0.0 0.0 0.0 0.0 
0.0 0.0 0.0 0.0 0.0 0.0 0.0 0.0 
0.0 0.0 0.0 0.0 0.0 0.0 0.0 0.0 

0.0 0.0 0.0 0.0 0.0 0.0 0.0 0.0 
0.0 1.3909454216850774 1.3408146434942658 1.1545592875965702 1.1545592875965702 1.0288427167889955 0.5044163588652442 0.0 
0.0 1.425402293620553 1.0335422076164014 1.3209382003325338 1.3209382003325338 0.0 0.0 0.0 
0.0 0.6543868668733248 0.6543868668733248 0.8498014760158692 1.0180899741529963 0.48975755732050646 0.0 0.0 
0.0 0.6543868668733248 0.6543868668733248 0.2018991200386825 0.48975755732050646 0.48975755732050646 0.28127676769144844 0.0 
0.0 0.29989548279104994 0.16860544461009444 0.2018991200386825 0.2793336377859826 0.28872184413092583 0.28127676769144844 0.0 
0.0 0.1820258713723973 0.2083637100247693 0.24676101123967412 0.24676101123967412 0.27437965862060876 0.2721157861447057 0.0 
0.0 0.0 0.0 0.0 0.0 0.0 0.0 0.0 

0.0 0.0 0.0 0.0 0.0 0.0 0.0 0.0 
0.0 0.5909704298791381 0.32213937102375156 0.5659204166106568 0.5659204166106568 0.0 0.0 0.0 
0.0 0.0 1.3304227750295348 0.0 0.2411042416200228 0.6935018844743582 0.0 0.0 
0.0 0.0 1.3304227750295348 0.0 0.2411042416200228 0.6935018844743582 0.0 0.0 
0.0 0.0 0.0 0.0 0.0 0.0 0.0 0.0 
0.0 0.0 0.0 0.0 0.0 0.0 0.0 0.0 
0.0 0.0 0.0 0.0 0.0 0.0 0.0 0.0 
0.0 0.0 0.0 0.0 0.0 0.0 0.0 0.0 

0.0 0.0 0.0 0.0 0.0 0.0 0.0 0.0 
0.0 0.18727987298572424 0.9896782069980075 0.9896782069980075 0.0 0.0 0.0 0.0 
0.0 0.20976901258706201 0.5111723099909168 0.5111723099909168 0.6342713348783986 2.0635104511561266 0.8936456824763005 0.0 
0.0 0.353947061452101 1.0197207537018307 0.1954436862536002 0.567832080763571 2.0635104511561266 1.409803301531101 0.0 
0.0 0.4666223884332345 1.0342591709355218 0.7315620769910406 0.28414985342111204 1.409803301531101 1.409803301531101 0.0 
0.0 0.13797240491594698 0.4597678965364215 0.4597678965364215 0.1407830633799947 0.13377212122092177 0.035873730422724036 0.0 
0.0 0.1941930065785265 0.17927771892406552 0.1407830633799947 0.1407830633799947 0.06325292707577417 0.06325292707577417 0.0 
0.0 0.0 0.0 0.0 0.0 0.0 0.0 0.0 

0.0 0.0 0.0 0.0 0.0 0.0 0.0 0.0 
0.0 0.0 1.4347705380918914 1.469510074341691 0.23352941952571793 0.0 0.0 0.0 
0.0 0.0 0.7390419180408374 1.117917950435124 0.2761622278064737 0.11589607594198933 0.11589607594198933 0.0 
0.0 0.0 1.1254793275381942 1.1254793275381942 0.2761622278064737 0.2672658670148922 0.2672658670148922 0.0 
0.0 0.0 0.21568809711266773 0.21568809711266773 0.0 0.0 0.0 0.0 
0.0 0.0 0.0 0.0 0.0 0.0 0.0 0.0 
0.0 0.0 0.0 0.0 0.0 0.0 0.0 0.0 
0.0 0.0 0.0 0.0 0.0 0.0 0.0 0.0 

0.0 0.0 0.0 0.0 0.0 0.0 0.0 0.0 
0.0 0.7428601953080833 1.2416405293627741 0.8407889624691328 0.9040413027188416 1.8305859025128666 1.8305859025128666 0.0 
0.0 0.7143166227026594 0.8903004413035607 0.8903004413035607 0.9040413027188416 1.8305859025128666 1.8305859025128666 0.0 
0.0 0.7143166227026594 1.4059673445486591 1.4059673445486591 0.0 1.3274353770736245 1.3274353770736245 0.0 
0.0 0.0 1.4059673445486591 1.4059673445486591 0.0 0.04928829849928762 0.04928829849928762 0.0 
0.0 0.0 0.0 0.0 0.0 0.0 0.0 0.0 
0.0 0.0 0.0 0.0 0.0 0.0 0.0 0.0 
0.0 0.0 0.0 0.0 0.0 0.0 0.0 0.0 

0.0 0.0 0.0 0.0 0.0 0.0 0.0 0.0 
0.0 0.0 0.0 0.0 0.0 0.0 0.0 0.0 
0.0 0.0 0.0 0.0 0.0 0.0 0.0 0.0 
0.0 0.0 0.0 0.3695841835363076 0.3695841835363076 0.0 0.0 0.0 
0.0 0.0 0.0 0.3695841835363076 0.3695841835363076 0.0 0.0 0.0 
0.0 0.0 0.0 0.0 0.0 0.0 0.0 0.0 
0.0 0.0 0.0 0.0 0.0 0.0 0.0 0.0 
0.0 0.0 0.0 0.0 0.0 0.0 0.0 0.0 

0.0 0.0 0.0 0.0 0.0 0.0 0.0 0.0 
0.0 0.0 0.49657468025956486 1.2123103441402736 0.614285876430293 0.2792219220205813 0.4447724766765444 0.0 
0.0 0.0 0.0 0.43799252579873366 0.01626837376995932 1.0172131253964378 1.0172131253964378 0.0 
0.0 0.0 0.05606210004701895 0.43799252579873366 0.01626837376995932 0.5193091668115049 0.745504958892227 0.0 
0.0 0.0 0.0 0.0 0.0 0.0 0.0 0.0 
0.0 0.0 0.0 0.0 0.0 0.0 0.0 0.0 
0.0 0.0 0.0 0.0 0.0 0.0 0.0 0.0 
0.0 0.0 0.0 0.0 0.0 0.0 0.0 0.0 

0.0 0.0 0.0 0.0 0.0 0.0 0.0 0.0 
0.0 0.9437965307345652 0.8839552720396633 0.8839552720396633 1.207377457341276 1.3322463853924118 1.6967471096748512 0.0 
0.0 0.9437965307345652 0.6256447286404704 0.6449891894980736 0.9321952810318143 1.3322463853924118 1.6967471096748512 0.0 
0.0 0.5387086460196727 0.5137041713919777 0.27363895347378475 0.27363895347378475 0.13342932762679893 0.7376884768065332 0.0 
0.0 0.5137041713919777 0.5137041713919777 0.4377628024756869 0.4377628024756869 0.3742382144925792 0.3160167151588489 0.0 
0.0 0.5249779912827481 0.5185392051936621 0.4377628024756869 0.4377628024756869 0.45809901100476536 0.43180984960046365 0.0 
0.0 0.4011365584721505 0.44647046559780645 0.4379057152797288 0.40203480449240026 0.4285147878326761 0.43180984960046365 0.0 
0.0 0.0 0.0 0.0 0.0 0.0 0.0 0.0 

0.0 0.0 0.0 0.0 0.0 0.0 0.0 0.0 
0.0 0.0 0.0 0.0 0.0 0.0 0.0 0.0 
0.0 0.0 0.0 0.0 0.0 0.0 0.6127815796133645 0.0 
0.0 0.0 0.0 0.0 0.0 0.0 0.12205741072613813 0.0 
0.0 0.0 0.0 0.0 0.0 0.0 0.0 0.0 
0.0 0.0 0.0 0.0 0.0 0.0 0.0 0.0 
0.0 0.0 0.0 0.0 0.0 0.0 0.0 0.0 
0.0 0.0 0.0 0.0 0.0 0.0 0.0 0.0 

0.0 0.0 0.0 0.0 0.0 0.0 0.0 0.0 
0.0 1.0204279043461288 1.0204279043461288 0.0 0.6440238172642783 0.6526664379207151 0.6526664379207151 0.0 
0.0 1.0204279043461288 1.0204279043461288 0.0 0.14312501706578173 0.3718492254889593 0.13807450579392114 0.0 
0.0 1.1935702628517362 1.1935702628517362 0.0 0.24943226312156858 0.24943226312156858 0.0 0.0 
0.0 0.922628201481815 0.6151216372733384 0.4553214827352431 0.5372008018698249 0.5186455055444708 0.5982962837060553 0.0 
0.0 0.562992974882422 0.5262764975247397 0.4553214827352431 0.5372008018698249 0.5260435402188572 0.5982962837060553 0.0 
0.0 0.46124799942698286 0.44646663690037885 0.46926422342760715 0.4846341600796374 0.4846341600796374 0.4588428998682799 0.0 
0.0 0.0 0.0 0.0 0.0 0.0 0.0 0.0 

0.0 0.0 0.0 0.0 0.0 0.0 0.0 0.0 
0.0 0.8941102596392585 0.13020952496952493 1.106945147096513 0.02267804565965731 0.0 0.0 0.0 
0.0 0.8941102596392585 0.6935646135422563 1.3916663541788152 0.0 0.5538123589464863 0.5538123589464863 0.0 
0.0 0.7957449590060219 1.1552681233409512 1.1180878374089382 0.0 0.9728683749374516 0.9728683749374516 0.0 
0.0 1.3743541365234013 1.3743541365234013 0.6529911279108216 0.3883407007655324 0.3447372028398086 0.3447372028398086 0.0 
0.0 0.5668737655213604 0.5668737655213604 0.6529911279108216 0.5644607940641425 0.5644607940641425 0.47846967494138976 0.0 
0.0 0.5212415774584411 0.4671135891173575 0.545549156225575 0.5644607940641425 0.5644607940641425 0.4614913377915194 0.0 
0.0 0.0 0.0 0.0 0.0 0.0 0.0 0.0 

0.0 0.0 0.0 0.0 0.0 0.0 0.0 0.0 
0.0 1.703041966412836 2.547281666169055 2.547281666169055 2.00225848445488 1.9667274668368895 1.534837476310652 0.0 
0.0 1.5088786150078926 2.547281666169055 2.547281666169055 2.625580451154855 2.869460943863534 2.869460943863534 0.0 
0.0 1.5088786150078926 2.610019480168691 2.610019480168691 2.2630351844039396 2.869460943863534 2.869460943863534 0.0 
0.0 0.5326555678666668 1.172961861291519 1.172961861291519 0.46251444972160194 0.8708649079803119 0.8708649079803119 0.0 
0.0 0.0 0.0266907678294108 0.0266907678294108 0.0 0.0 0.0 0.0 
0.0 0.0 0.0 0.0 0.0 0.0 0.0 0.0 
0.0 0.0 0.0 0.0 0.0 0.0 0.0 0.0 

0.0 0.0 0.0 0.0 0.0 0.0 0.0 0.0 
0.0 0.0 0.7813739411344173 0.7813739411344173 0.0 0.0 0.9972441559856802 0.0 
0.0 0.0 0.7813739411344173 0.7813739411344173 0.0 0.0 0.9972441559856802 0.0 
0.0 0.0 0.0 0.0 0.0 0.0 0.0 0.0 
0.0 0.0 0.0 0.0 0.0 0.0 0.0 0.0 
0.0 0.0 0.0 0.0 0.0 0.0 0.0 0.0 
0.0 0.0 0.0 0.0 0.0 0.0 0.0 0.0 
0.0 0.0 0.0 0.0 0.0 0.0 0.0 0.0 

0.0 0.0 0.0 0.0 0.0 0.0 0.0 0.0 
0.0 0.4237137120906899 0.22179705112864237 0.5726267909339273 1.1448943279123955 0.13887015450189322 0.0 0.0 
0.0 0.7913090293855893 0.22179705112864237 0.5726267909339273 0.5726267909339273 0.0 0.0 0.0 
0.0 0.5630737054206861 0.15275359194496274 0.0 0.0 0.0 0.0 0.0 
0.0 0.4992427000629157 0.454134122347169 0.33880114534986894 0.37803820673482735 0.21325627302678138 0.2770842647328382 0.0 
0.0 0.18759506137043372 0.10300001545216927 0.2718908570820646 0.2718908570820646 0.1807677149512039 0.13456798687518837 0.0 
0.0 0.18759506137043372 0.12186712818062577 0.1305511354471097 0.12442619843546271 0.15292298329648765 0.15292298329648765 0.0 
0.0 0.0 0.0 0.0 0.0 0.0 0.0 0.0 

0.0 0.0 0.0 0.0 0.0 0.0 0.0 0.0 
0.0 1.0653675155889408 0.5692024021252289 0.0030260364788821104 0.0 0.0 0.0 0.0 
0.0 0.5470926958468393 0.4901058347114552 0.24722243819937845 0.07278902023431744 0.0 0.0 0.0 
0.0 0.1327221965514515 0.5090796439203957 0.24722243819937845 0.0 0.0 0.0 0.0 
0.0 0.0 0.0 0.0 0.0 0.0 0.0 0.0 
0.0 0.0 0.0 0.0 0.0 0.0 0.0 0.0 
0.0 0.0 0.0 0.0 0.0 0.0 0.0 0.0 
0.0 0.0 0.0 0.0 0.0 0.0 0.0 0.0 

0.0 0.0 0.0 0.0 0.0 0.0 0.0 0.0 
0.0 0.0 0.0 0.0 0.0 0.0 0.0 0.0 
0.0 0.0 0.0 0.0 0.0 0.0 0.0 0.0 
0.0 0.0 0.0 0.0 0.0 0.0 0.0 0.0 
0.0 0.0 0.0 0.0 0.0 0.0 0.0 0.0 
0.0 0.0 0.0 0.0 0.0 0.0 0.0 0.0 
0.0 0.0 0.0 0.0 0.0 0.0 0.0 0.0 
0.0 0.0 0.0 0.0 0.0 0.0 0.0 0.0 

0.0 0.0 0.0 0.0 0.0 0.0 0.0 0.0 
0.0 0.09893571495724937 0.0 0.0 0.0 0.0 0.0 0.0 
0.0 0.349308861166302 0.0 0.0 0.0 0.0 0.0 0.0 
0.0 0.0 0.0 0.0 0.0 0.0 0.0 0.0 
0.0 0.0 0.0 0.0 0.0 0.0 0.0 0.0 
0.0 0.0 0.0 0.0 0.0 0.0 0.0 0.0 
0.0 0.0 0.0 0.0 0.0 0.0 0.0 0.0 
0.0 0.0 0.0 0.0 0.0 0.0 0.0 0.0 

