0.0 0.0 0.0 0.0 0.0 0.0 0.0 0.0 
0.0 3.162613220437599 3.4826242808301906 2.32583198638244 1.457223309767241 1.4075265015185427 1.2896160626788153 0.0 
0.0 2.936198303320044 2.936198303320044 1.457223309767241 1.457223309767241 1.4075265015185427 1.2896160626788153 0.0 
0.0 2.936198303320044 2.936198303320044 2.0733750955598853 2.0733750955598853 1.1542192813746415 0.9599246459604112 0.0 
0.0 2.2042386482413088 2.407185289371578 2.2206049837663056 2.2206049837663056 1.3575667084434493 1.2366759638475406 0.0 
0.0 1.8544736438317897 1.6525781812106433 1.868966466343289 1.6378758556661663 1.501132145439353 1.4686496478465183 0.0 
0.0 2.3641257151646164 1.6525781812106433 1.868966466343289 1.6378758556661663 1.4735253814316562 1.3789169781316637 0.0 
0.0 0.0 0.0 0.0 0.0 0.0 0.0 0.0 

0.0 0.0 0.0 0.0 0.0 0.0 0.0 0.0 
0.0 1.1624527064371113 0.475850470109295 0.5737319121163416 0.481662816090776 0.3815356498413926 0.46059810967114956 0.0 
0.0 1.9087733292129418 0.2559866426427181 0.0 0.0 0.02118955841414799 0.3298567564943956 0.0 
0.0 0.5337360575083648 0.0 0.0 0.0 0.0 0.47941050917874417 0.0 
0.0 0.21260844320900446 0.0 0.028584684718607464 0.028584684718607464 0.0 0.43156274761270996 0.0 
0.0 0.0 0.03834738739763636 0.17568771300543606 0.5653166372051003 0.5653166372051003 0.47158997692837057 0.0 
0.0 0.0 0.5079099902233963 0.510366201389995 0.602266001519879 0.6361082953869559 0.5113570709614426 0.0 
0.0 0.0 0.0 0.0 0.0 0.0 0.0 0.0 

0.0 0.0 0.0 0.0 0.0 0.0 0.0 0.0 
0.0 1.0277931844584882 1.9352071331617233 0.892049958197049 0.6359343057531103 0.2534859678806475 0.056435769143973996 0.0 
0.0 1.9309177826368384 1.9352071331617233 0.892049958197049 0.4237903543615705 0.4237903543615705 0.0 0.0 
0.0 1.5398126584594116 1.5398126584594116 1.1096621355269867 0.49714456054742917 0.47276315091142895 0.0 0.0 
0.0 1.3242350882564995 1.3242350882564995 1.1096621355269867 0.9939276515171135 1.0232650120022722 0.7281448306030852 0.0 
0.0 1.5676140399321217 1.5676140399321217 1.0723619221498455 1.0064076230669097 1.0232650120022722 0.7281448306030852 0.0 
0.0 1.5676140399321217 1.5676140399321217 0.7960043568589329 0.2785233419882071 0.0730022647396847 0.08084526368352134 0.0 
0.0 0.0 0.0 0.0 0.0 0.0 0.0 0.0 

0.0 0.0 0.0 0.0 0.0 0.0 0.0 0.0 
0.0 2.2974443554204833 2.6563753885954324 2.6563753885954324 0.9440587121169395 0.6811785134837955 0.5110021054030758 0.0 
0.0 2.2974443554204833 2.2974443554204833 0.41122479876182433 0.41639005230574316 0.07165192874938758 0.1897633131910511 0.0 
0.0 0.0 1.8811411857295441 1.8811411857295441 0.990475656428636 0.990475656428636 0.4902230427032203 0.0 
0.0 0.0 1.8101648746481747 1.323255417549729 0.803423453177692 0.803423453177692 0.3242461169268746 0.0 
0.0 0.8307286155948971 1.9281039298588603 1.323255417549729 0.0 0.27249553759738393 0.3655667878067945 0.0 
0.0 0.8307286155948971 0.26270918168029844 0.048590943780160684 0.208603527693493 0.27331241591330613 0.3655667878067945 0.0 
0.0 0.0 0.0 0.0 0.0 0.0 0.0 0.0 

0.0 0.0 0.0 0.0 0.0 0.0 0.0 0.0 
0.0 2.2000671057077086 2.2000671057077086 1.3972305259500113 1.9981824747509735 1.3921547129756753 1.226361042725076 0.0 
0.0 2.2000671057077086 2.203816746365472 1.2409925703926932 1.1576281936719202 0.8680960046838878 0.8314017282160558 0.0 
0.0 0.6224433869190055 1.6877068153970922 1.6877068153970922 1.0928289736295218 1.1761261373296419 0.9872688139458837 0.0 
0.0 1.5882914976679714 1.169421338649198 0.7168308087295028 0.8959357443333867 1.073533934399137 0.9872688139458837 0.0 
0.0 1.7565664771263694 1.7565664771263694 0.7168308087295028 0.8959357443333867 0.9660890604249226 1.090648207328683 0.0 
0.0 1.7565664771263694 1.7565664771263694 0.9107082174397731 0.9587369438840113 0.9840249834015958 1.090648207328683 0.0 
0.0 0.0 0.0 0.0 0.0 0.0 0.0 0.0 

0.0 0.0 0.0 0.0 0.0 0.0 0.0 0.0 
0.0 0.9054035044414875 0.5066491320873103 0.2244950518235596 0.09834682265709924 0.042655141600624696 0.0 0.0 
0.0 0.0 0.5520409838349398 0.2244950518235596 0.2741803553858665 0.2741803553858665 0.0 0.0 
0.0 0.0 0.5520409838349398 0.537744445890608 0.2741803553858665 0.2741803553858665 0.14113922328537343 0.0 
0.0 0.5070896110339487 0.44468123031330686 0.0 0.0 0.06938813039480672 0.0 0.0 
0.0 0.6283513501045498 0.48307088873563014 0.03674971684920254 0.0 0.0 0.0 0.0 
0.0 0.4887721312628978 0.4887721312628978 0.03674971684920254 0.0 0.0 0.0 0.0 
0.0 0.0 0.0 0.0 0.0 0.0 0.0 0.0 

0.0 0.0 0.0 0.0 0.0 0.0 0.0 0.0 
0.0 0.8864550709704406 0.0 0.2664854551317661 0.2664854551317661 0.6381056840726161 0.45474256434477506 0.0 
0.0 0.40975740082329754 0.0 0.0 0.0 0.3079993672594177 0.3079993672594177 0.0 
0.0 0.8918697563168219 0.0 0.4439713581828236 0.3986317009705598 0.3079993672594177 0.3079993672594177 0.0 
0.0 0.8918697563168219 0.0 0.4439713581828236 0.16934269367548127 0.2963773519310591 0.2963773519310591 0.0 
0.0 0.21838113647295482 0.6883817117832605 0.6883817117832605 0.5299998647810642 0.39858810317807614 0.2963773519310591 0.0 
0.0 0.19940448058105983 0.6883817117832605 0.6883817117832605 0.5299998647810642 0.39858810317807614 0.32555005707453066 0.0 
0.0 0.0 0.0 0.0 0.0 0.0 0.0 0.0 

0.0 0.0 0.0 0.0 0.0 0.0 0.0 0.0 
0.0 3.4851725120499673 3.4851725120499673 2.020068385433668 1.7835482429508314 1.7835482429508314 2.059412555602764 0.0 
0.0 2.608862952078893 2.263086895295677 1.6013383337677116 1.940029408616707 1.940029408616707 2.059412555602764 0.0 
0.0 0.9931449128618721 1.4532243841111148 1.4998427056449404 1.940029408616707 2.3513141814814174 2.3745657967844163 0.0 
0.0 1.2731215464770553 1.6376316742232744 1.4532243841111148 1.6090843130287371 2.3513141814814174 2.3745657967844163 0.0 
0.0 1.2559307927129284 1.962422415794521 1.9654972933533328 1.9775578580946302 1.9775578580946302 1.9670394519534162 0.0 
0.0 1.414294976337069 2.0026124654452446 2.027012899406068 2.027012899406068 1.9775578580946302 1.9343743808601161 0.0 
0.0 0.0 0.0 0.0 0.0 0.0 0.0 0.0 

0.0 0.0 0.0 0.0 0.0 0.0 0.0 0.0 
0.0 0.0 0.0 0.0 0.0 0.0 0.0 0.0 
0.0 0.2583211522499879 0.0 0.0 0.0 0.0 0.0 0.0 
0.0 0.07117457669576202 0.0 0.0 0.0 0.0 0.0 0.0 
0.0 0.0 0.0 0.0 0.0 0.0 0.0 0.0 
0.0 0.06542613148660308 0.06542613148660308 0.0 0.0 0.0 0.0 0.0 
0.0 0.0 0.0 0.0 0.0 0.0 0.0 0.0 
0.0 0.0 0.0 0.0 0.0 0.0 0.0 0.0 

0.0 0.0 0.0 0.0 0.0 0.0 0.0 0.0 
0.0 1.9708798912754473 1.4334299783827662 0.0 0.0 0.0 0.0 0.0 
0.0 1.9708798912754473 0.31069406000487215 0.0 0.0 0.0 0.0 0.0 
0.0 1.2303742759608984 0.0 0.5029515120229039 0.5029515120229039 0.0 0.06418052573461946 0.0 
0.0 0.5796463213668293 0.0 0.9843603480826242 0.9843603480826242 0.0 0.0 0.0 
0.0 0.39385407201011724 0.0 0.23066102143818182 0.21076352108715468 0.5317344600562876 0.3665661182423126 0.0 
0.0 0.0 0.0 0.48485791116798904 0.5023431410212563 0.5317344600562876 0.3665661182423126 0.0 
0.0 0.0 0.0 0.0 0.0 0.0 0.0 0.0 

0.0 0.0 0.0 0.0 0.0 0.0 0.0 0.0 
0.0 1.3587113028995972 1.0879186971087915 0.009129344683767388 0.5445803309694529 0.5645201511133114 0.6878958999397218 0.0 
0.0 0.1339755232262266 0.009129344683767388 0.009129344683767388 0.037538165971306554 0.011899633144291514 0.18251762676986427 0.0 
0.0 0.12630375137837344 0.0 0.0 0.26319253772927104 0.2832685639047624 0.2832685639047624 0.0 
0.0 0.5023183718121186 0.0 0.0 0.0 0.0 0.0 0.0 
0.0 0.5023183718121186 0.0 0.0 0.30173302368688487 0.30263514908698225 0.505770223345963 0.0 
0.0 0.0 0.0 0.22342969088429235 0.30173302368688487 0.30263514908698225 0.505770223345963 0.0 
0.0 0.0 0.0 0.0 0.0 0.0 0.0 0.0 

0.0 0.0 0.0 0.0 0.0 0.0 0.0 0.0 
0.0 4.941879634121914 4.941879634121914 2.946356074745627 0.9020082641132393 0.11569157428010463 0.3083381536710079 0.0 
0.0 3.675327507497261 2.02428845264468 0.0 0.0 0.11569157428010463 0.18211727731365188 0.0 
0.0 3.675327507497261 2.02428845264468 0.0 0.0 0.0 0.24880096612817149 0.0 
0.0 0.505774102917601 0.0 0.7830144418440302 0.7830144418440302 0.9486592100379061 0.9486592100379061 0.0 
0.0 0.0 0.0 0.23519922913685287 0.540974136108634 0.9486592100379061 0.9486592100379061 0.0 
0.0 0.0 0.31979028023470435 0.5161362779288249 0.540974136108634 0.540974136108634 0.32158490421875263 0.0 
0.0 0.0 0.0 0.0 0.0 0.0 0.0 0.0 

0.0 0.0 0.0 0.0 0.0 0.0 0.0 0.0 
0.0 2.23090725712901 2.1420576932392095 1.16412536775389 0.9831339262908663 1.0688894088722465 0.694496019456277 0.0 
0.0 1.7578881951247343 0.9798007784231798 1.16412536775389 0.7850488067764637 0.35340099848771805 0.1962723467327042 0.0 
0.0 1.485804791248682 1.5340663148243032 1.2736175511437975 1.2736175511437975 0.7143923828646894 0.7143923828646894 0.0 
0.0 1.7439985657700452 0.9583441850806644 1.0797226061909388 0.19834832797426522 0.5382253486096296 0.23258750630467057 0.0 
0.0 1.8836012766694405 1.381366837208139 1.0797226061909388 0.703455049832823 0.9454727261379108 0.9454727261379108 0.0 
0.0 1.8836012766694405 0.38757174003644973 0.46468678095679256 0.703455049832823 0.9454727261379108 0.9454727261379108 0.0 
0.0 0.0 0.0 0.0 0.0 0.0 0.0 0.0 

0.0 0.0 0.0 0.0 0.0 0.0 0.0 0.0 
0.0 1.5513564609964403 1.5622286665396057 2.2732023136255104 1.5682650703088687 0.8214525531611137 0.7067604909202871 0.0 
0.0 1.2014259748303804 1.9432878018190962 1.0885756619647429 1.0885756619647429 1.0802678852101066 0.7841593831972702 0.0 
0.0 1.3108878847658136 2.5533604778820833 2.6065560872732747 2.6065560872732747 2.3051754890179383 0.7841593831972702 0.0 
0.0 3.7729100095332875 2.6649624518034805 2.5533604778820833 2.3051754890179383 2.3051754890179383 1.5133481004739897 0.0 
0.0 3.7729100095332875 2.6649624518034805 2.1438712097443866 0.9133839850998005 1.2294047433273745 0.6847276511758931 0.0 
0.0 2.364210490723296 2.4471867178054594 0.48384013954951943 0.0 0.0 0.2715634423315831 0.0 
0.0 0.0 0.0 0.0 0.0 0.0 0.0 0.0 

0.0 0.0 0.0 0.0 0.0 0.0 0.0 0.0 
0.0 0.0 0.44226258666107443 0.0449859477696705 0.0 0.0 0.0 0.0 
0.0 1.7752957639423266 1.7752957639423266 0.0 0.0 0.0 0.0 0.0 
0.0 1.7752957639423266 1.7752957639423266 0.0 0.0 0.0 0.0 0.0 
0.0 0.0 0.24590828619842492 0.0 0.0 0.053879461244280495 0.0 0.0 
0.0 0.0 0.27317424240903104 0.27317424240903104 0.332017157707343 0.332017157707343 0.0 0.0 
0.0 0.39781606895450045 0.27317424240903104 0.27317424240903104 0.012100972394793694 0.0 0.0 0.0 
0.0 0.0 0.0 0.0 0.0 0.0 0.0 0.0 

0.0 0.0 0.0 0.0 0.0 0.0 0.0 0.0 
0.0 0.0 0.40864837921103475 0.2349487902007099 0.5144737333797453 0.5686205793483347 0.3834265647353192 0.0 
0.0 0.0 0.7769016608458028 0.7769016608458028 0.46640025604784935 0.6192829806739658 0.44405780141026713 0.0 
0.0 0.0 0.7769016608458028 0.7769016608458028 0.46640025604784935 0.6192829806739658 0.44405780141026713 0.0 
0.0 0.32542557068664035 0.32542557068664035 0.0 0.0 0.012471891608660312 0.0 0.0 
0.0 0.32542557068664035 0.32542557068664035 0.0 0.0 0.1427457104624385 0.19645006619680674 0.0 
0.0 0.0 0.025277829782728415 0.28564981657324906 0.28564981657324906 0.21057522050784303 0.19645006619680674 0.0 
0.0 0.0 0.0 0.0 0.0 0.0 0.0 0.0 

0.0 0.0 0.0 0.0 0.0 0.0 0.0 0.0 
0.0 0.0 0.0 0.0 0.0 0.0 0.0 0.0 
0.0 0.0 0.0 0.09167412079775639 0.0 0.0 0.0 0.0 
0.0 0.0 0.0 0.203347004112456 0.203347004112456 0.0 0.0 0.0 
0.0 0.02892096492742069 0.16400336841081603 0.16400336841081603 0.0 0.0 0.0 0.0 
0.0 0.02892096492742069 0.7071048737832372 0.2436134171197059 0.0 0.0 0.0 0.0 
0.0 1.4605176500186923 0.7585053796200782 0.0 0.0 0.0 0.0 0.0 
0.0 0.0 0.0 0.0 0.0 0.0 0.0 0.0 

0.0 0.0 0.0 0.0 0.0 0.0 0.0 0.0 
0.0 3.080862513069394 0.29368608679836344 1.160619590847565 1.160619590847565 0.2951793039629719 0.2951793039629719 0.0 
0.0 3.9206593235688127 0.29368608679836344 0.5400275361166439 0.5400275361166439 0.0 0.0 0.0 
0.0 3.9206593235688127 1.7676360678574403 1.250616939835045 1.250616939835045 0.0 0.0 0.0 
0.0 2.0984338005553242 1.7676360678574403 1.250616939835045 1.250616939835045 1.0393546355386496 1.0393546355386496 0.0 
0.0 0.5653186371618587 0.15145672251409223 0.9000888839819429 0.9000888839819429 1.0393546355386496 1.0393546355386496 0.0 
0.0 1.900478480882062 0.15145672251409223 0.6291697045548158 0.6291697045548158 0.20116337769911322 0.1386921630220355 0.0 
0.0 0.0 0.0 0.0 0.0 0.0 0.0 0.0 

0.0 0.0 0.0 0.0 0.0 0.0 0.0 0.0 
0.0 2.375796288636099 2.0844823428856745 0.047972181973292484 0.0 0.0 0.0 0.0 
0.0 2.375796288636099 0.12174199621639613 0.0 0.0 0.0 0.0 0.0 
0.0 1.7991245417906578 0.5973708471932073 0.0 0.0 0.0 0.0 0.0 
0.0 0.0 0.0 0.0 0.0 0.0 0.0 0.0 
0.0 0.0 0.0 0.0 0.0 0.0 0.0 0.0 
0.0 0.0 0.0 0.0 0.0 0.0 0.0 0.0 
0.0 0.0 0.0 0.0 0.0 0.0 0.0 0.0 

0.0 0.0 0.0 0.0 0.0 0.0 0.0 0.0 
0.0 2.1747101096216173 1.5427445669280542 0.4257035723273157 0.8959034314764398 0.15789180734371733 0.15789180734371733 0.0 
0.0 1.303730731782323 0.5559065218940977 0.6034560695771106 0.8959034314764398 0.07947814329165617 0.0 0.0 
0.0 1.315420199285997 2.6105380313072275 2.6105380313072275 1.0734126934909174 1.0734126934909174 0.39837845878415945 0.0 
0.0 1.315420199285997 2.6105380313072275 2.6105380313072275 1.5143040002855703 1.8084152759827217 1.0694788846408152 0.0 
0.0 3.1302722910065253 3.1302722910065253 1.8562919550419323 1.408561316579302 1.408561316579302 0.0 0.0 
0.0 3.1302722910065253 3.1302722910065253 0.6610097188501108 0.0 0.0 0.0 0.0 
0.0 0.0 0.0 0.0 0.0 0.0 0.0 0.0 

0.0 0.0 0.0 0.0 0.0 0.0 0.0 0.0 
0.0 0.0 0.09312793087080118 0.09312793087080118 0.0 0.0 0.0 0.0 
0.0 0.0 0.0 0.0 0.0 0.0 0.0 0.0 
0.0 0.0 0.0 0.0 0.0 0.0 0.0 0.0 
0.0 0.0 0.0 0.0 0.0 0.0 0.0 0.0 
0.0 0.0 0.0 0.0 0.0 0.0 0.0 0.0 
0.0 0.0 0.0 0.0 0.0 0.0 0.0 0.0 
0.0 0.0 0.0 0.0 0.0 0.0 0.0 0.0 

0.0 0.0 0.0 0.0 0.0 0.0 0.0 0.0 
0.0 1.2638838027496766 1.2638838027496766 0.6060106717660135 0.0 0.0 0.0 0.0 
0.0 1.4612055747178614 1.4288504210899955 0.0 0.0 0.0 0.0 0.0 
0.0 0.6855615960677685 0.6855615960677685 0.5449531847263704 0.0 0.10031982870413927 0.21011548240844855 0.0 
0.0 0.0 0.5449531847263704 0.5449531847263704 0.2404490080183039 0.6217953014189715 0.21011548240844855 0.0 
0.0 0.6898371799485227 0.6898371799485227 0.38402338096504735 0.2404490080183039 0.2404490080183039 0.0 0.0 
0.0 1.02980934196007 1.0290744696340142 0.0 0.0 0.0 0.0 0.0 
0.0 0.0 0.0 0.0 0.0 0.0 0.0 0.0 

0.0 0.0 0.0 0.0 0.0 0.0 0.0 0.0 
0.0 1.390091108069841 1.5521224773232687 1.5521224773232687 0.9616596321479963 0.9616596321479963 0.6046563364330342 0.0 
0.0 1.390091108069841 1.9079739316148372 1.4246017626588305 1.2136149155214204 1.2136149155214204 0.6046563364330342 0.0 
0.0 0.1113923731832721 1.9079739316148372 1.4283963890132245 1.69786217556603 1.69786217556603 0.8080105774060607 0.0 
0.0 1.654966062675563 1.9496640183664447 1.3879128759373014 1.2578942036238512 1.2578942036238512 0.7803780620407893 0.0 
0.0 1.8050299348212175 1.9496640183664447 1.1016940094564434 0.5214013527158929 0.6270107585050334 0.6270107585050334 0.0 
0.0 1.8050299348212175 1.112883209955994 0.7873791359259336 0.5214013527158929 0.6270107585050334 0.6270107585050334 0.0 
0.0 0.0 0.0 0.0 0.0 0.0 0.0 0.0 

0.0 0.0 0.0 0.0 0.0 0.0 0.0 0.0 
0.0 1.9401957525630071 1.9401957525630071 0.0 0.0 0.0 0.0 0.0 
0.0 1.9401957525630071 1.9401957525630071 0.0 0.0 0.0 0.0 0.0 
0.0 0.7870192506836442 0.7870192506836442 0.0 0.0 0.0 0.0 0.0 
0.0 0.0 0.0 0.0 0.0 0.0 0.0 0.0 
0.0 0.271838778186179 0.0 0.0 0.0 0.0 0.0 0.0 
0.0 0.271838778186179 0.0 0.0 0.0 0.0 0.0 0.0 
0.0 0.0 0.0 0.0 0.0 0.0 0.0 0.0 

0.0 0.0 0.0 0.0 0.0 0.0 0.0 0.0 
0.0 0.6277772418745694 0.2772457041895038 0.2772457041895038 0.4612187394112445 0.6737846905234457 0.4127586767282741 0.0 
0.0 0.0 0.05667746221978075 0.35237271008695464 0.4612187394112445 0.6737846905234457 0.43580340349478847 0.0 
0.0 0.0 0.0 0.36312139156309725 0.627309027027618 0.1347009622191969 0.43580340349478847 0.0 
0.0 1.066174021260189 0.7912032550241974 0.482247015044441 0.7911107402714318 0.1347009622191969 0.6753323594584819 0.0 
0.0 1.6896275159384606 1.6896275159384606 0.482247015044441 0.42542538657019985 0.6498414099167925 0.6498414099167925 0.0 
0.0 1.1799882208320849 1.1799882208320849 0.5420313145476225 0.5420313145476225 0.6498414099167925 0.6498414099167925 0.0 
0.0 0.0 0.0 0.0 0.0 0.0 0.0 0.0 

0.0 0.0 0.0 0.0 0.0 0.0 0.0 0.0 
0.0 2.2218355438963053 1.0294862989003322 0.753164226248643 0.1566482753726689 0.04384998849568658 0.013249233569350649 0.0 
0.0 3.1274377515346683 1.9806930896474668 0.753164226248643 0.3452431577308824 0.3452431577308824 0.0 0.0 
0.0 2.521921394802328 1.9806930896474668 1.393031012878207 1.393031012878207 0.3452431577308824 0.0 0.0 
0.0 1.3506992457653004 1.2478215618645145 1.5239230387520868 1.5239230387520868 0.7697903723777304 0.7697903723777304 0.0 
0.0 0.43859501287021596 0.38552157040813745 0.6318789859548077 0.7229120170727303 0.9292904879051577 0.7697903723777304 0.0 
0.0 1.2758438392567373 0.5766250070917526 0.6318789859548077 0.7118569299989016 0.7118569299989016 0.44201144367321854 0.0 
0.0 0.0 0.0 0.0 0.0 0.0 0.0 0.0 

0.0 0.0 0.0 0.0 0.0 0.0 0.0 0.0 
0.0 4.275399143617717 4.275399143617717 2.2413178711329613 1.663588118836254 0.5963970131445842 0.2797934973272082 0.0 
0.0 4.1410720592158485 4.1410720592158485 2.0691573669913064 1.9876860219604364 1.6937085321659853 0.006288429472757505 0.0 
0.0 4.1410720592158485 4.1410720592158485 2.0691573669913064 1.9876860219604364 1.744092444959515 0.8322884201215678 0.0 
0.0 3.116183936215616 3.1756696150096997 1.774954750578179 2.1417490210668797 2.1417490210668797 0.8322884201215678 0.0 
0.0 4.292656121439876 2.254280078180569 0.9925426427164554 1.3104030886814708 1.3104030886814708 0.40304264025308 0.0 
0.0 4.292656121439876 2.254280078180569 0.8298313222715209 0.0 0.0 0.0 0.0 
0.0 0.0 0.0 0.0 0.0 0.0 0.0 0.0 

0.0 0.0 0.0 0.0 0.0 0.0 0.0 0.0 
0.0 1.6118684739748945 1.6118684739748945 1.0486050220841998 0.0 0.0 0.0 0.0 
0.0 1.6118684739748945 1.6118684739748945 0.02396952280359116 0.0 0.0 0.0 0.0 
0.0 0.0 0.0 1.632798164394722 0.0 0.0 0.0 0.0 
0.0 0.0 0.7617919139549529 1.4546551286389786 0.0 0.0 0.0 0.0 
0.0 0.0 1.45059326711058 0.34297322428369276 0.0 0.0 0.0 0.0 
0.0 0.0 0.7206152001370218 0.0 0.0 0.0 0.0 0.0 
0.0 0.0 0.0 0.0 0.0 0.0 0.0 0.0 

0.0 0.0 0.0 0.0 0.0 0.0 0.0 0.0 
0.0 1.2566314429544025 0.0 0.35133505865483655 0.1822773075057808 0.13381295013133446 0.13381295013133446 0.0 
0.0 0.4881636844558847 0.0 0.35133505865483655 0.1822773075057808 0.0 0.0 0.0 
0.0 0.4079881487584315 0.0 0.4408393521693266 0.4408393521693266 0.0 0.0 0.0 
0.0 0.4303863453333217 0.0 0.4791477975415492 0.4791477975415492 0.14318293543585678 0.14318293543585678 0.0 
0.0 0.8826037550395717 0.8826037550395717 0.189451064162717 0.189451064162717 0.2072506450725011 0.18311837355095503 0.0 
0.0 0.09647326111656679 0.11607252822586919 0.11931029252184783 0.18185903854831584 0.2229049645897402 0.15893354954739392 0.0 
0.0 0.0 0.0 0.0 0.0 0.0 0.0 0.0 

0.0 0.0 0.0 0.0 0.0 0.0 0.0 0.0 
0.0 1.1471077542771095 1.1471077542771095 0.0 0.0 0.0 0.0 0.0 
0.0 0.0 0.0 0.0 0.0 0.0 0.0 0.0 
0.0 0.0 0.0 0.2368678882788688 0.2368678882788688 0.0 0.0 0.0 
0.0 0.0 0.0 0.2368678882788688 0.2368678882788688 0.0 0.0 0.0 
0.0 0.0 0.0 0.0 0.0 0.0 0.0 0.0 
0.0 0.0 0.0 0.0 0.0 0.0 0.0 0.0 
0.0 0.0 0.0 0.0 0.0 0.0 0.0 0.0 

0.0 0.0 0.0 0.0 0.0 0.0 0.0 0.0 
0.0 0.0 0.0 0.0 0.0 0.0 0.0 0.0 
0.0 0.0 0.0 0.0 0.0 0.0 0.0 0.0 
0.0 0.0 0.0 0.0 0.0 0.0 0.0 0.0 
0.0 0.0 0.026393772548122387 0.026393772548122387 0.0 0.0 0.0 0.0 
0.0 0.0 0.026393772548122387 0.026393772548122387 0.0 0.0 0.0 0.0 
0.0 0.0 0.0 0.0 0.0 0.0 0.0 0.0 
0.0 0.0 0.0 0.0 0.0 0.0 0.0 0.0 

0.0 0.0 0.0 0.0 0.0 0.0 0.0 0.0 
0.0 0.0 0.0 0.0 0.0 0.0 0.0 0.0 
0.0 0.0 0.0 0.0 0.0 0.0 0.0 0.0 
0.0 0.0 0.0 0.0 0.0 0.0 0.0 0.0 
0.0 0.0 0.0 0.0 0.0 0.0 0.0 0.0 
0.0 0.0 0.0 0.0 0.0 0.0 0.0 0.0 
0.0 0.0 0.0 0.0 0.0 0.0 0.0 0.0 
0.0 0.0 0.0 0.0 0.0 0.0 0.0 0.0 

