0.0 0.0 0.0 0.0 0.0 0.0 0.0 0.0 
0.0 2.8893403202767254 4.169801781464133 1.1463179374789436 2.450019801297981 2.450019801297981 1.6055461834403206 0.0 
0.0 2.9515482090151135 5.138458520600738 1.3772064376144546 1.8011666797646275 1.8011666797646275 0.9961394207089947 0.0 
0.0 2.9515482090151135 4.304802821458361 1.7070533882205554 1.7070533882205554 1.9490514760986077 1.9490514760986077 0.0 
0.0 2.226000785895408 2.226000785895408 1.964995769664131 1.964995769664131 1.4067796734003901 1.4067796734003901 0.0 
0.0 1.77327575344442 1.77327575344442 1.964995769664131 1.964995769664131 1.5778104960009645 0.5526182306476956 0.0 
0.0 1.7349455396616846 1.7349455396616846 1.3296248089367753 1.9835697707634585 1.5778104960009645 1.4437169115290525 0.0 
0.0 0.0 0.0 0.0 0.0 0.0 0.0 0.0 

0.0 0.0 0.0 0.0 0.0 0.0 0.0 0.0 
0.0 1.5599007516760413 0.7158772031134243 0.8944135078416031 0.9704278694532346 0.6717035506130422 1.072886444787767 0.0 
0.0 2.4254256981794318 0.13474189570318787 0.12871233588190947 0.007173417921907531 0.5371156303937062 0.9382149602844189 0.0 
0.0 1.444163119098816 0.12871233588190947 0.12871233588190947 0.0 0.652765777889223 1.128834457829481 0.0 
0.0 0.4595196138473032 0.3361152972494885 0.3361152972494885 0.0 0.652765777889223 0.652765777889223 0.0 
0.0 0.4595196138473032 0.3361152972494885 0.3922185408624564 0.21438485592946446 0.14205096570404693 0.3989759620382042 0.0 
0.0 0.228135924776778 0.40513088016523635 0.5943674164719474 0.5943674164719474 0.0 0.0 0.0 
0.0 0.0 0.0 0.0 0.0 0.0 0.0 0.0 

0.0 0.0 0.0 0.0 0.0 0.0 0.0 0.0 
0.0 0.9195076773021023 1.3884682479727155 0.8195395155772958 1.0837829012604805 1.0837829012604805 0.3424421030548164 0.0 
0.0 2.7029492393376997 2.369542849541318 0.8195395155772958 0.8195395155772958 0.6176972020100999 0.6176972020100999 0.0 
0.0 2.9185812279587253 2.369542849541318 0.37292835068353314 0.5512391775803861 0.5571360478436334 0.13371051292106456 0.0 
0.0 0.7962647760331846 0.5888437840310939 0.31158006748944267 0.7646275741060392 0.8186832906995392 0.821884947776277 0.0 
0.0 0.18779482821050428 0.11989339379369125 0.2211440640750578 0.5195619149898628 0.8186832906995392 0.8186832906995392 0.0 
0.0 0.16715391863939175 0.0945470983834257 0.037846741587826055 0.9305605794613895 1.1346558526473411 1.002681434155729 0.0 
0.0 0.0 0.0 0.0 0.0 0.0 0.0 0.0 

0.0 0.0 0.0 0.0 0.0 0.0 0.0 0.0 
0.0 2.282573993172096 1.9278732350497867 1.3226752714496015 1.2270743139300788 1.2270743139300788 0.8161039614044298 0.0 
0.0 0.7910376047273195 1.4274159016598238 0.3009959191751167 0.8412027529548589 0.20957385236045373 1.021518992116183 0.0 
0.0 0.10332791335749553 1.1980719106610003 0.42475070745200516 1.1636087899243805 1.0419947267514944 1.2741296448708936 0.0 
0.0 0.10332791335749553 0.42475070745200516 0.42475070745200516 1.1636087899243805 1.0419947267514944 0.0 0.0 
0.0 0.3161953402252022 0.3167456876729544 0.3167456876729544 0.7203518173811261 1.6710978525101319 1.2102627176817349 0.0 
0.0 0.0 0.0 0.1737517096060147 0.7203518173811261 0.8617254600148097 0.5685199597536514 0.0 
0.0 0.0 0.0 0.0 0.0 0.0 0.0 0.0 

0.0 0.0 0.0 0.0 0.0 0.0 0.0 0.0 
0.0 2.5004412795110906 2.6614485007330844 1.2552387939406027 2.3684868053789194 2.3684868053789194 1.348649099554095 0.0 
0.0 2.1400585939653434 2.6614485007330844 1.3204134016889746 1.3204134016889746 1.3628424895718372 1.0580893999716445 0.0 
0.0 1.4643900808269 1.4643900808269 1.3204134016889746 1.6219377723210757 1.6219377723210757 1.1985285303890787 0.0 
0.0 1.0434005936880284 1.058919980648286 0.7495426766192468 1.6219377723210757 1.6219377723210757 1.1294364422763856 0.0 
0.0 1.0831729088723898 0.9271022145954775 0.9930953035596366 1.3322325224095741 1.5496197200136514 1.5496197200136514 0.0 
0.0 1.0188662899103718 0.8465834289586445 0.9930953035596366 1.3322325224095741 1.4355637728659203 1.0032559067583962 0.0 
0.0 0.0 0.0 0.0 0.0 0.0 0.0 0.0 

0.0 0.0 0.0 0.0 0.0 0.0 0.0 0.0 
0.0 0.7485304716827286 0.7485304716827286 0.0 0.0 0.0 0.1770749432756173 0.0 
0.0 0.0 0.0 0.1777868579815761 0.11343414839579681 0.2667009353478888 0.9570752752342996 0.0 
0.0 0.0 0.13319758341625654 0.1777868579815761 0.22442817438153734 0.3297532516619842 0.9570752752342996 0.0 
0.0 0.0 0.0 0.0 0.22442817438153734 0.22442817438153734 0.0 0.0 
0.0 0.0 0.0 0.0 0.11487531891927323 0.9112261069159179 0.9112261069159179 0.0 
0.0 0.0 0.0 0.0 0.02638406593808637 0.0 0.0 0.0 
0.0 0.0 0.0 0.0 0.0 0.0 0.0 0.0 

0.0 0.0 0.0 0.0 0.0 0.0 0.0 0.0 
0.0 0.0 0.40698594874580146 0.4193851021113872 0.4193851021113872 0.1871690444122221 0.1871690444122221 0.0 
0.0 0.0 0.40698594874580146 0.515508233729933 0.4193851021113872 0.600769044227137 0.600769044227137 0.0 
0.0 0.0 0.17974584410932581 0.515508233729933 0.2979097532432422 0.2979097532432422 0.1486181362372328 0.0 
0.0 0.0 0.3074135830116641 0.3074135830116641 0.17518863707669208 0.5880879973940154 0.5880879973940154 0.0 
0.0 0.024514228527656015 0.40122482668653775 0.42895133982412004 0.6085825081011654 0.5880879973940154 0.5880879973940154 0.0 
0.0 0.1430693825467066 0.5339388085482055 0.5693239742164066 0.6085825081011654 0.016046832724257776 0.0 0.0 
0.0 0.0 0.0 0.0 0.0 0.0 0.0 0.0 

0.0 0.0 0.0 0.0 0.0 0.0 0.0 0.0 
0.0 4.271462808625589 3.9550979658258836 2.218270014975214 2.343856455820037 2.5569700507836983 2.8068881069843994 0.0 
0.0 3.4100588022570517 2.9950840772951883 1.8906344453555837 1.8725102661322606 2.311690371918111 2.7550754671740267 0.0 
0.0 1.4223933633924577 2.067992878246211 1.8900649604791724 1.580474195914705 2.4110657293352906 3.2281575959797384 0.0 
0.0 1.7750588995703673 2.057832949592075 2.057832949592075 1.7825228494679963 1.6188418094132235 1.881886157458004 0.0 
0.0 1.8838127604213555 2.057832949592075 2.057832949592075 1.7825228494679963 1.9028121168360277 2.2387869301384153 0.0 
0.0 2.0086266602702962 2.1163022281156105 2.086323459661263 1.7364639061735863 1.2276385867238035 2.2387869301384153 0.0 
0.0 0.0 0.0 0.0 0.0 0.0 0.0 0.0 

0.0 0.0 0.0 0.0 0.0 0.0 0.0 0.0 
0.0 0.0 0.0 0.0 0.0 0.0 0.0 0.0 
0.0 0.0 0.0 0.0 0.0 0.0 0.0 0.0 
0.0 0.0 0.0 0.0 0.0 0.0 0.0 0.0 
0.0 0.0 0.0 0.0 0.0 0.0 0.0 0.0 
0.0 0.0 0.0 0.0 0.08740528830445068 0.08740528830445068 0.0 0.0 
0.0 0.0 0.0 0.0 0.08740528830445068 0.08740528830445068 0.0 0.0 
0.0 0.0 0.0 0.0 0.0 0.0 0.0 0.0 

0.0 0.0 0.0 0.0 0.0 0.0 0.0 0.0 
0.0 1.7486391652614164 1.7486391652614164 0.1983682744805264 0.1983682744805264 0.4228115261701884 0.4228115261701884 0.0 
0.0 1.372345536762618 0.4242021794022284 0.28283346946976706 0.39352187584276677 0.5682699497878263 0.5682699497878263 0.0 
0.0 0.0 0.2425808042672845 0.5131167700054909 0.3757718529230528 0.889257572624612 0.889257572624612 0.0 
0.0 0.1299891878238909 0.05185422395667236 0.5131167700054909 0.3547431187128678 0.889257572624612 0.889257572624612 0.0 
0.0 0.1299891878238909 0.2309405645720783 0.4827973455759958 0.4419934384277471 0.12251872556305038 0.10113150327102727 0.0 
0.0 0.08404345377920347 0.25385465545857544 0.4419934384277471 0.4419934384277471 0.0 0.0 0.0 
0.0 0.0 0.0 0.0 0.0 0.0 0.0 0.0 

0.0 0.0 0.0 0.0 0.0 0.0 0.0 0.0 
0.0 0.4941009498828818 0.4694821139918204 0.4694821139918204 0.0 0.5679591537678861 0.5679591537678861 0.0 
0.0 0.0 0.0 0.18806609171173738 0.18806609171173738 0.24712810410014216 0.6832946651239464 0.0 
0.0 0.07834610017972286 0.0 0.18806609171173738 0.6883315710683214 0.6883315710683214 0.9729226892390344 0.0 
0.0 0.3439880196699714 0.0 0.0 0.5433095250696383 0.9197280685750875 1.130637996522065 0.0 
0.0 0.5727818241457089 0.1649030870255046 0.32283056349419853 0.27436379879915845 0.9696586479209447 1.130637996522065 0.0 
0.0 0.20228313762008876 0.2638550065127068 0.3229600519655171 0.22961631554105902 0.22961631554105902 0.0 0.0 
0.0 0.0 0.0 0.0 0.0 0.0 0.0 0.0 

0.0 0.0 0.0 0.0 0.0 0.0 0.0 0.0 
0.0 6.81438307644231 4.539454133069405 0.7924797315241104 1.2652739510412252 1.5648621593845033 1.762631186046822 0.0 
0.0 7.414069268700014 4.539454133069405 0.6868748900907015 0.6868748900907015 1.3501623352253533 1.3501623352253533 0.0 
0.0 5.034018054608607 2.6111495277237182 0.0 0.0 2.0521713225625313 2.0521713225625313 0.0 
0.0 1.4279134717339999 0.38932476002916855 0.15729930437996598 0.0 2.0521713225625313 2.0521713225625313 0.0 
0.0 0.8987959520132793 0.2907694986067758 0.3713665123484604 0.3248295006598162 0.8937100332757619 0.9608664682405025 0.0 
0.0 0.5038965884455826 0.3002581474667926 0.2771076935367321 0.2771076935367321 0.0 0.0 0.0 
0.0 0.0 0.0 0.0 0.0 0.0 0.0 0.0 

0.0 0.0 0.0 0.0 0.0 0.0 0.0 0.0 
0.0 1.8857333894662622 1.2195437209729485 1.217910868923627 1.005751108008936 1.005751108008936 0.9402013341453177 0.0 
0.0 1.5803855246005656 0.37670262792744624 1.009103442192274 1.005751108008936 1.2376725186718314 0.9209004309864584 0.0 
0.0 1.2841400644112066 1.2841400644112066 1.13485666403365 1.7681038465903514 1.2376725186718314 0.9215212004485205 0.0 
0.0 0.6122702633984461 0.4259247800762853 1.13485666403365 1.7681038465903514 1.2139106365166672 0.9932873729705558 0.0 
0.0 1.111466518679609 0.4259247800762853 0.6221810649945049 2.4308793338411743 2.7494799441011333 1.4425904033470274 0.0 
0.0 0.614492877653451 0.5157552244826982 0.996012538752256 2.3643049856275336 2.2916389910826496 0.0 0.0 
0.0 0.0 0.0 0.0 0.0 0.0 0.0 0.0 

0.0 0.0 0.0 0.0 0.0 0.0 0.0 0.0 
0.0 0.5532968916691725 1.3317215654478443 1.3317215654478443 0.6714408421643654 0.9596030762808203 0.5236390464415525 0.0 
0.0 0.0 1.160402449673795 1.0357852822886262 1.371385248628878 1.9950453181198393 1.9950453181198393 0.0 
0.0 1.2671926542288776 0.6319181436065895 1.824562122423703 1.824562122423703 1.9950453181198393 1.9950453181198393 0.0 
0.0 0.539357428494111 0.6687971648746223 1.6087945782532487 2.1089969757203266 2.1089969757203266 0.28043754125224973 0.0 
0.0 0.6941613268166154 0.41793131022119173 0.9692146684896302 1.5752756058795374 1.910045448299057 1.910045448299057 0.0 
0.0 0.6941613268166154 0.20556950236974272 0.9692146684896302 1.7437932620531527 1.910045448299057 1.910045448299057 0.0 
0.0 0.0 0.0 0.0 0.0 0.0 0.0 0.0 

0.0 0.0 0.0 0.0 0.0 0.0 0.0 0.0 
0.0 2.3963857030768634 2.3963857030768634 0.0 0.8897378869185297 0.8897378869185297 0.0 0.0 
0.0 3.2112610915724416 3.2112610915724416 0.0 0.3274409321095552 0.3274409321095552 0.0 0.0 
0.0 2.924464955705911 2.924464955705911 0.0 0.0 0.0 0.0 0.0 
0.0 0.7834291658599091 0.11878312906589025 0.0 0.10618881214253953 0.10618881214253953 0.0 0.0 
0.0 0.0 0.0 0.0 0.10618881214253953 0.10618881214253953 0.0 0.0 
0.0 0.025439572809732837 0.0 0.0 0.0 0.35452780647485993 0.35452780647485993 0.0 
0.0 0.0 0.0 0.0 0.0 0.0 0.0 0.0 

0.0 0.0 0.0 0.0 0.0 0.0 0.0 0.0 
0.0 0.7653387295021655 1.5869462983896656 0.1207256934745645 0.18290335410785238 0.4910211606483387 0.0 0.0 
0.0 0.0 1.4635015749313547 0.573123433129051 0.573123433129051 0.4910211606483387 0.23071723349254328 0.0 
0.0 0.0 0.15869700388678967 0.15869700388678967 0.36035689272832855 0.21720088645361788 0.0 0.0 
0.0 0.15601953364452292 0.2634459906591133 0.09901971376018176 0.07809762228373873 0.2661504614045026 0.2661504614045026 0.0 
0.0 0.4041956508350502 0.4041956508350502 0.3312069823542896 0.6276111498964713 0.37289884323486555 0.6820319120941876 0.0 
0.0 0.3998521854365194 0.3998521854365194 0.3312069823542896 0.6276111498964713 0.0 0.49850748646722065 0.0 
0.0 0.0 0.0 0.0 0.0 0.0 0.0 0.0 

0.0 0.0 0.0 0.0 0.0 0.0 0.0 0.0 
0.0 0.0 0.0 0.0 0.0 0.0 0.0 0.0 
0.0 0.0 0.0 0.0 0.0 0.0 0.0 0.0 
0.0 0.0 0.0 0.0 0.0 0.09795079437425047 0.0 0.0 
0.0 0.0 0.0 0.0 0.5298117685655026 0.5298117685655026 0.0 0.0 
0.0 0.0 0.0 0.0 0.5298117685655026 0.5298117685655026 0.0 0.0 
0.0 0.0 0.0 0.0 0.0 0.0 0.20895065436830812 0.0 
0.0 0.0 0.0 0.0 0.0 0.0 0.0 0.0 

0.0 0.0 0.0 0.0 0.0 0.0 0.0 0.0 
0.0 2.971572247197051 0.7928524696434379 1.5416163670949794 1.5416163670949794 2.0430624408459357 2.0430624408459357 0.0 
0.0 3.7118030010545073 1.229092850098415 1.1955748565537938 1.1955748565537938 2.0430624408459357 2.0430624408459357 0.0 
0.0 3.707535417255832 0.9928653235271026 1.0364497783306597 1.0364497783306597 3.2182060510488624 3.2182060510488624 0.0 
0.0 0.9937027346440896 0.7646204615146699 1.0717767090336772 1.0717767090336772 3.6124300003509706 3.6124300003509706 0.0 
0.0 0.30509673952679633 0.30509673952679633 0.7618629235940172 1.0724984562497326 0.8360650978307164 0.7725140912621901 0.0 
0.0 0.31182967201446277 0.25618038761560424 0.476996329658409 1.6790122765284718 1.6790122765284718 0.5380385635313614 0.0 
0.0 0.0 0.0 0.0 0.0 0.0 0.0 0.0 

0.0 0.0 0.0 0.0 0.0 0.0 0.0 0.0 
0.0 4.80858878471981 1.3215866090591974 0.8726416467305167 0.9019755141862255 0.9471451714085954 0.9471451714085954 0.0 
0.0 4.80858878471981 1.3215866090591974 0.0 0.0 0.17790939259674482 0.17790939259674482 0.0 
0.0 1.8122798804820612 0.6063698606877161 0.0 0.0 1.8993255349402103 1.8993255349402103 0.0 
0.0 0.0 0.0 0.0 0.0 1.8993255349402103 1.8993255349402103 0.0 
0.0 0.0 0.0 0.0 0.0 0.0 0.0 0.0 
0.0 0.0 0.0 0.0 0.0 0.0 0.0 0.0 
0.0 0.0 0.0 0.0 0.0 0.0 0.0 0.0 

0.0 0.0 0.0 0.0 0.0 0.0 0.0 0.0 
0.0 1.7410748943613523 0.5615348457331354 0.5615348457331354 0.08248435059217307 0.3533347773056831 0.3533347773056831 0.0 
0.0 1.133213632984656 0.43629098794083104 0.43629098794083104 0.39324099971592574 0.615702599449589 0.615702599449589 0.0 
0.0 0.7905516457195725 0.0 0.32090376008943483 1.5267051350224596 1.6012142447938185 0.7464632054991547 0.0 
0.0 0.7464677448733383 0.0 0.08907216217260462 1.9517652025525285 1.9517652025525285 0.48046619278587743 0.0 
0.0 0.0 0.0 0.0 0.7895097402738424 2.42580774786675 1.8032917908319368 0.0 
0.0 0.0 0.0 0.0 2.035122635688148 2.6918106319784894 1.8032917908319368 0.0 
0.0 0.0 0.0 0.0 0.0 0.0 0.0 0.0 

0.0 0.0 0.0 0.0 0.0 0.0 0.0 0.0 
0.0 0.0 0.0 0.0 0.0 0.0 0.0 0.0 
0.0 0.0 0.18402711534589516 0.0 0.0 0.0 0.0 0.0 
0.0 0.0 0.0 0.0 0.0 0.0 0.0 0.0 
0.0 0.0 0.0 0.0 0.0 0.0 0.0 0.0 
0.0 0.0 0.0 0.0 0.0 0.0 0.0 0.0 
0.0 0.0 0.0 0.0 0.0 0.0 0.0 0.0 
0.0 0.0 0.0 0.0 0.0 0.0 0.0 0.0 

0.0 0.0 0.0 0.0 0.0 0.0 0.0 0.0 
0.0 2.4882422324984943 2.4882422324984943 0.5573253201514256 0.9227893564876904 0.5727307191990815 0.2480783590730748 0.0 
0.0 2.4882422324984943 2.4882422324984943 0.0 0.0 0.0 0.0 0.0 
0.0 0.8993557589466533 0.20709999924352646 0.0 0.0 0.27678038657474147 0.47376010839260535 0.0 
0.0 0.05572253197320701 0.0 0.0 0.45982904432068805 0.45982904432068805 0.27261792722148825 0.0 
0.0 0.0 0.0 0.0 0.042486258534094976 0.8267667545323971 0.8267667545323971 0.0 
0.0 0.0 0.0 0.0 0.8232053506295756 0.8267667545323971 0.8267667545323971 0.0 
0.0 0.0 0.0 0.0 0.0 0.0 0.0 0.0 

0.0 0.0 0.0 0.0 0.0 0.0 0.0 0.0 
0.0 2.560468493159143 2.560468493159143 0.7810763926962557 0.6659111497423816 0.6659111497423816 1.1608069006132529 0.0 
0.0 1.0131033844280979 1.2426031144262868 0.7201477815679005 1.0006440709963358 0.8746434586458864 1.400996811730153 0.0 
0.0 0.10368260987155196 0.8336376978124963 0.8337895186023935 1.6902645575772441 0.8746434586458864 1.400996811730153 0.0 
0.0 0.4366188911434835 0.6917461974890442 0.8337895186023935 1.3823960440131733 1.2288221883430654 0.0 0.0 
0.0 0.6661653884584882 0.6661653884584882 0.7869135572588758 1.330284987209893 1.3077516844294366 1.3077516844294366 0.0 
0.0 0.5518454329885621 0.5518454329885621 0.7869135572588758 1.330284987209893 1.049945747631903 1.049945747631903 0.0 
0.0 0.0 0.0 0.0 0.0 0.0 0.0 0.0 

0.0 0.0 0.0 0.0 0.0 0.0 0.0 0.0 
0.0 2.434273991913687 2.434273991913687 0.0 0.0 0.0 0.0 0.0 
0.0 3.0830857434072576 2.434273991913687 0.0 0.0 0.0 0.0 0.0 
0.0 2.117374280789573 0.3896445681510471 0.0 0.0 0.0 0.0 0.0 
0.0 0.0 0.0 0.0 0.0 0.0 0.0 0.0 
0.0 0.0 0.0 0.0 0.0 0.0 0.0 0.0 
0.0 0.0 0.0 0.0 0.0 0.0 0.0 0.0 
0.0 0.0 0.0 0.0 0.0 0.0 0.0 0.0 

0.0 0.0 0.0 0.0 0.0 0.0 0.0 0.0 
0.0 0.0 0.47133403058004814 0.47133403058004814 0.16207479133159453 0.16207479133159453 0.2970773317048996 0.0 
0.0 0.0 0.76932638324118 0.9429678613555617 0.8741282079416792 1.2142518220211493 0.2970773317048996 0.0 
0.0 0.0 0.16081597899103425 0.9003839462662617 1.17514992252074 1.2142518220211493 0.6426724806046793 0.0 
0.0 0.17986875352015397 0.4886230661357328 0.9003839462662617 1.17514992252074 1.018852317102236 0.6426724806046793 0.0 
0.0 0.3953658508541451 0.6312818494266904 0.42318550676837413 0.9330918387808176 1.018852317102236 0.2566974595596824 0.0 
0.0 0.3934391336110968 0.6312818494266904 0.5084485489699961 0.8808464317147722 0.7461645358570883 0.07176602909303192 0.0 
0.0 0.0 0.0 0.0 0.0 0.0 0.0 0.0 

0.0 0.0 0.0 0.0 0.0 0.0 0.0 0.0 
0.0 3.5592932587936215 3.3886910091356834 0.18186740027906673 0.8673792794826242 0.8526351103159834 0.8640073069896462 0.0 
0.0 3.6376587270374805 3.6376587270374805 0.7866579136091143 0.885668871428042 0.885668871428042 0.7994755173626495 0.0 
0.0 2.7706927037988565 2.6406575793413136 1.2853056084210306 0.885668871428042 1.9145687130001352 1.9145687130001352 0.0 
0.0 1.319453989029428 0.42675869141762834 0.7694020331717966 0.7272950221333558 1.9145687130001352 1.9145687130001352 0.0 
0.0 0.8917783669290527 0.29297771172113285 0.7272950221333558 1.180987346049821 0.27757548218933836 0.4047415020736324 0.0 
0.0 0.8347393761246644 0.32556281149314126 0.8692254642865808 1.3389676941260575 0.04793336052826058 0.0 0.0 
0.0 0.0 0.0 0.0 0.0 0.0 0.0 0.0 

0.0 0.0 0.0 0.0 0.0 0.0 0.0 0.0 
0.0 3.9996247558935663 3.9996247558935663 1.4066086030540133 1.3586969253671888 0.6578659101010393 0.6578659101010393 0.0 
0.0 3.9996247558935663 3.9996247558935663 0.5483708522850165 0.6874923005551143 0.6874923005551143 0.6578659101010393 0.0 
0.0 3.439290132389499 1.629425921840204 0.7464356558885265 1.4084530275647578 1.4084530275647578 1.4065763411231464 0.0 
0.0 0.8553485791411545 0.26987818948625236 1.1039344008401037 1.2336475828211246 1.4065763411231464 1.4065763411231464 0.0 
0.0 0.460958457349593 0.26987818948625236 0.5768458482964561 1.4496177323047366 2.1578927648585733 1.7065167704017215 0.0 
0.0 0.0 0.0 0.0 1.4496177323047366 2.1578927648585733 1.7065167704017215 0.0 
0.0 0.0 0.0 0.0 0.0 0.0 0.0 0.0 

0.0 0.0 0.0 0.0 0.0 0.0 0.0 0.0 
0.0 1.4365033650871193 1.4365033650871193 0.07347087004357265 0.07347087004357265 0.0 0.0 0.0 
0.0 1.1776336819792004 1.1776336819792004 0.0 0.36259631888777927 0.0 0.0 0.0 
0.0 0.0 0.1073595044603584 0.1073595044603584 0.36259631888777927 0.2850090563357555 0.0 0.0 
0.0 0.0 0.1073595044603584 0.1073595044603584 0.12819159342108427 0.2850090563357555 0.0 0.0 
0.0 0.0 0.0 0.0 0.0 0.0 0.0 0.0 
0.0 0.0 0.0 0.0 0.0 0.0 0.0 0.0 
0.0 0.0 0.0 0.0 0.0 0.0 0.0 0.0 

0.0 0.0 0.0 0.0 0.0 0.0 0.0 0.0 
0.0 0.0 0.0 0.10370931800559434 0.6991610294825864 0.6991610294825864 0.0 0.0 
0.0 0.0 0.0 0.23937513863648582 0.6991610294825864 0.6991610294825864 0.08779364121490782 0.0 
0.0 0.0 0.6441624012850669 0.604552438896544 0.604552438896544 0.2833604919825374 0.08779364121490782 0.0 
0.0 0.007764199701190402 0.08880158287237158 0.604552438896544 0.604552438896544 0.019978465340465316 0.019978465340465316 0.0 
0.0 0.0 0.09279188397717815 0.18089334647578895 0.6429046625390554 0.47003773979676994 0.0 0.0 
0.0 0.0 0.09279188397717815 0.6100281146659119 0.6905845737309657 0.1550820271800495 0.0 0.0 
0.0 0.0 0.0 0.0 0.0 0.0 0.0 0.0 

0.0 0.0 0.0 0.0 0.0 0.0 0.0 0.0 
0.0 0.0 0.7508785578633685 0.0 0.0 0.0 0.0 0.0 
0.0 0.0 0.5216726035547898 0.0 0.0 0.0 0.0 0.0 
0.0 0.0 0.0 0.0 0.0 0.0 0.0 0.0 
0.0 0.0 0.0 0.0 0.0 0.0 0.0 0.0 
0.0 0.0 0.0 0.0 0.0 0.0 0.0 0.0 
0.0 0.0 0.0 0.0 0.0 0.0 0.0 0.0 
0.0 0.0 0.0 0.0 0.0 0.0 0.0 0.0 

0.0 0.0 0.0 0.0 0.0 0.0 0.0 0.0 
0.0 0.0 0.0 0.0 0.0 0.0 0.0 0.0 
0.0 0.0 0.0 0.0 0.0 0.0 0.0 0.0 
0.0 0.0 0.0 0.0 0.0 0.0 0.0 0.0 
0.0 0.0 0.0 0.0 0.0 0.0 0.0 0.0 
0.0 0.0 0.0 0.0 0.0 0.0 0.0 0.0 
0.0 0.0 0.0 0.0 0.0 0.0 0.0 0.0 
0.0 0.0 0.0 0.0 0.0 0.0 0.0 0.0 

0.0 0.0 0.0 0.0 0.0 0.0 0.0 0.0 
0.0 0.0 0.23921467318727355 0.0 0.0 0.0 0.0 0.0 
0.0 0.0 0.0 0.0 0.0 0.0 0.0 0.0 
0.0 0.0 0.0 0.0 0.0 0.0 0.0 0.0 
0.0 0.0 0.0 0.0 0.0 0.0 0.054235995882353095 0.0 
0.0 0.0 0.0 0.0 0.0 0.0 0.0 0.0 
0.0 0.0 0.0 0.0 0.0 0.0 0.0 0.0 
0.0 0.0 0.0 0.0 0.0 0.0 0.0 0.0 

