1.0107681064401894 0.886607359049522 1.2588664413191681 
1.2376742370645122 0.886607359049522 1.2158020587802187 
1.4879922381038275 1.0931713056964365 1.6770614225605203 

0.0 0.0 0.0 
0.0 0.0 0.0 
0.0 0.0 0.0 

3.042415442366828 2.3632496737402127 2.1706653407987218 
2.577361767617144 1.6624681013681177 2.1660755503789226 
1.6363076741319735 1.5000898407995076 2.1660755503789226 

0.24083364923554854 0.05030883479913845 0.05030883479913845 
0.14304245222294382 0.2699297960842695 0.05030883479913845 
0.14304245222294382 0.2699297960842695 0.04151540597622285 

0.39254200740836737 0.39254200740836737 0.20388558678612057 
0.3863830639759358 0.24551169971692083 0.06309480192566733 
0.3863830639759358 0.06309480192566733 0.06309480192566733 

0.21851538428222417 0.5165520282398708 0.6641523283440058 
0.0 0.0 0.6997496122516507 
0.024623030425066424 0.0 0.6997496122516507 

0.0 0.0 0.0 
0.0 0.0 0.0 
0.0 0.0 0.0 

1.8535937450857203 1.8535937450857203 1.7051828393287858 
1.4740674984328233 1.577229869622419 1.483191042063467 
1.5513329593290415 1.4533684353400453 1.1675929814475006 

2.0973925834757647 2.1736629202856763 2.410305556110571 
1.2539819011194466 1.3748847416219145 1.8927690670207515 
0.8156355168903009 0.8130713944846859 1.8927690670207515 

2.1242555177597287 2.1242555177597287 2.030741717968731 
2.4071134138658197 2.149241459409279 2.0640304395022477 
2.7441693548157158 2.733164869305675 2.3973044343490924 

2.1163179236322636 2.1163179236322636 1.9221981108701773 
1.3371587737210542 1.3370993199951695 1.203558520209624 
1.539720931650627 1.3909871142796513 1.4166119172481868 

2.2890438698249276 1.7093584422113266 1.4476144569197336 
2.2890438698249276 1.6652517826052435 1.3296615009461559 
2.0569425632804355 1.3974078076750374 1.3296615009461559 

4.001267827875138 3.91337711580635 3.2352359276142915 
4.001267827875138 3.91337711580635 3.2948753478684063 
3.6766679120133405 3.544659199462603 3.2948753478684063 

0.5878229733940983 0.13045995035627678 0.46318459018317343 
0.4503575500731517 0.11614281671148872 0.6036707128960132 
0.23336150956990678 0.11614281671148872 0.6036707128960132 

0.0 0.0 0.0070908578132028305 
0.0 0.0 0.10831571727806301 
0.39984907377398987 0.3039964197827656 0.3039964197827656 

0.0 0.0 0.0 
0.0 0.0 0.0 
0.0 0.0 0.0 

4.8881502685284515 4.247013993076255 4.247013993076255 
5.713383248725767 5.2250543920841634 4.247013993076255 
5.342502107555625 5.2250543920841634 4.09745829604358 

0.9952425616222261 0.9952425616222261 0.7066587539033686 
0.6927990429423607 0.7678093788027279 0.49042250582431157 
0.7226253758977328 0.7678093788027279 0.7361094692884027 

0.0 0.0 0.0 
0.0 0.0 0.0 
0.0 0.0 0.04346916832736095 

0.523532415454035 0.3079038794514959 0.1404386621354292 
0.3403632063940183 0.08319717466905166 0.0 
0.7871876319437001 0.7567137583180162 0.4868798870096367 

