0.9974581964373828 0.9306805416661822 0.9668729642510829 
0.9306805416661822 0.9306805416661822 0.7130401579906527 
0.8360771823735296 0.6586865469005563 0.918404296988867 

0.0 0.0 0.0 
0.0 0.0 0.0 
0.0 0.0 0.0 

3.1509486221978165 2.8380929929668683 3.251295363516069 
2.7540729682996563 1.4772088991814158 2.4677249548077618 
1.618193523692958 1.387609374384931 2.3887893762457013 

0.3337980068646754 0.3337980068646754 0.24813947592927751 
0.16422086877681497 0.31618115720675155 0.0 
0.0 0.31618115720675155 0.0 

0.8867745828794007 0.8867745828794007 0.5409272889233694 
0.027713733385875988 0.5074954245067428 0.0 
0.0 0.5074954245067428 0.0 

0.10339608247322508 0.0 0.0549947916538258 
0.0 0.0 0.0 
0.0 0.0 0.0 

0.0 0.0 0.0 
0.0 0.0 0.0 
0.0 0.0 0.0 

1.4896229009078572 1.9966241366315212 1.7492266570322845 
1.8888824587975546 2.346169932395111 2.346169932395111 
1.8888824587975546 2.2108294438917535 2.2108294438917535 

2.190548459562088 1.791960861610881 2.2429299513672296 
1.5161269845098373 1.601243821049856 1.6229474472693404 
0.7769065139546123 1.1086667701001625 1.6229474472693404 

2.0984853676792565 2.33477379146924 1.9954305269174875 
2.0721773597511612 2.610226916080719 2.1510288778083893 
3.166828039972852 3.166828039972852 2.9269047562789106 

2.424209345513905 2.424209345513905 2.053274680720072 
1.1990655384131685 1.2580113682576284 0.38493333735107793 
0.8257357837765682 0.7343519499361049 0.8104660510816301 

2.1330082464272455 2.2700491460715866 1.8818642220056605 
1.9552632417042166 1.926315766227535 0.6309492031437612 
1.5813347554341874 1.7251043337686243 0.6309492031437612 

3.7907948948718615 3.7907948948718615 3.6463584187276092 
3.7907948948718615 3.7907948948718615 3.050015187643788 
3.7092836613421216 3.5217400033331208 3.050015187643788 

0.00997078948141614 0.03045995512184213 1.353502540070299 
0.016824439094560495 0.0 1.4804366331420857 
0.20703728130621307 0.0 1.4804366331420857 

0.0 0.0 0.6339877675578307 
0.0 0.0 0.6339877675578307 
0.28828430349184764 0.0 0.41340655217758615 

0.0 0.0 0.0 
0.0 0.0 0.0 
0.0 0.0 0.0 

4.992154978417057 4.967325344318784 4.98417660553262 
4.992154978417057 4.398173471710898 4.8484445558209925 
5.0397116235479 4.334704737356193 3.670045768050773 

1.1032046898049175 0.7908398043720001 0.47891371258565923 
0.43093754408622265 0.7908398043720001 0.0 
1.6142095419530997 1.6142095419530997 0.7387689132338096 

0.0 0.0 0.0 
0.0 0.0 0.0 
0.0 0.0 0.0 

0.09203767086375364 0.21622891692922852 0.5728214972126966 
0.09203767086375364 0.21622891692922852 0.5728214972126966 
1.047655052970815 0.5921878186941134 0.16521752659836128 

