0.2817767804491929 0.2817767804491929 0.860695998690462 
0.23545448313005946 0.4501530562309464 1.3586837337398712 
0.5628284734955306 1.5527407485436937 1.858641365747305 

0.0 0.0 0.0 
0.0 0.0 0.0 
0.3798829704689846 0.0 0.0 

2.3100587233405268 2.1184630733913807 3.474080579001091 
3.0017762355174415 2.871159799757745 3.474080579001091 
3.0017762355174415 2.871159799757745 2.2958030784520784 

0.2688340845161308 0.4560212786050275 0.0 
0.2688340845161308 0.4560212786050275 0.036099666106438846 
0.21777445478681592 0.21777445478681592 0.0 

0.5531916880536238 0.6270849448930512 0.07866184643868412 
0.004903878718208854 0.5415258938669483 0.07866184643868412 
0.0 0.1247615514632901 0.0 

0.0 0.0 0.0 
0.0 0.0 0.0 
0.0 0.0 0.0 

0.0 0.0 0.0 
0.0 0.0 0.0 
0.0 0.0 0.0 

2.200372366529249 2.8017679130964686 2.3301233851867673 
2.200372366529249 2.112950246938106 2.112950246938106 
2.144342461280803 1.632998782298003 1.4876810428612475 

2.0684383039603667 2.0684383039603667 2.3977390612325595 
1.1618998841548023 1.2352567745443952 1.5138115376529702 
1.1618998841548023 1.2352567745443952 1.1801818490190343 

2.164703505908875 2.5692509912764248 2.0538778861767586 
2.0473159669430108 2.5692509912764248 2.0602790025753213 
3.358280203445798 3.358280203445798 2.997949380045048 

1.2234169592908861 1.181976529484872 1.0187152662316352 
0.6986133529315413 1.2809563410925118 1.0187152662316352 
0.5936114463963784 1.244121030925964 0.8249659147577365 

1.7773268757035585 2.055390337739582 1.66828667703699 
1.7773268757035585 2.0172347553387704 1.8742167079727527 
1.533172684467175 1.8131807953738373 1.073363773548454 

3.806569621787666 3.8507028076022767 3.732083580446409 
3.806569621787666 3.8507028076022767 3.74323090230311 
3.7145788135305167 3.7145788135305167 3.37203622465762 

0.23080712663444874 0.23080712663444874 1.547993644243813 
0.7575604035432165 0.1965025135886806 1.547993644243813 
0.7575604035432165 0.038810517243682424 0.6170118933497707 

0.0 0.0 0.0 
0.0 0.0 0.3348027126055584 
0.6967525939959109 0.018437687459183116 0.3348027126055584 

0.0 0.0 0.0 
0.0 0.0 0.0 
0.0 0.0 0.0 

5.59370099461826 5.206409506601495 5.137159984619926 
6.183690928164261 5.4811729057183225 5.3798632734050615 
6.183690928164261 5.4811729057183225 4.977508376687859 

0.5819826425992793 1.1141354282657738 0.1265882867207424 
0.6006585403048951 0.8902098267023631 0.4565985429522213 
1.067092164292212 1.067092164292212 0.9899270123225111 

0.0 0.0 0.0 
0.0 0.0 0.0 
0.0 0.0 0.0 

0.0 0.0 0.5234528777992076 
0.0 0.027491197518390825 0.5707215291664756 
1.3978576138734014 0.9961885200026019 0.9247580635667412 

