1.240283251458619 1.240283251458619 1.6067866095606471 
1.0388827219415948 1.2183766137022476 1.7403712540469218 
1.7529834350221694 1.8168316925652896 1.8168316925652896 

0.0 0.0 0.0 
0.0 0.0 0.0 
0.0 0.0 0.0 

2.525503765709402 2.2770370044129544 2.9656754012219935 
2.525503765709402 2.200976502486242 2.9656754012219935 
1.8799239270249228 1.804709283645687 2.170211690422679 

0.163468812468907 0.15840903514461363 0.0391327334071858 
0.15840903514461363 0.15840903514461363 0.0075390958458300406 
0.0 0.0 0.0 

0.261484655005359 0.22192605239336016 0.17967247798578181 
0.18724220543338532 0.18724220543338532 0.0 
0.0 0.0 0.0 

0.015649120426199398 0.301131238819923 0.6366644699611322 
0.0 0.0 0.3053718054860795 
0.2689764204464503 0.0 0.3053718054860795 

0.0 0.0 0.0 
0.0 0.0 0.0 
0.0 0.0 0.0 

1.8799915192875127 1.724048694442928 1.5550430977180272 
1.7254954397803894 1.7369969655533553 1.5550430977180272 
1.7254954397803894 1.7369969655533553 1.514296496159907 

1.9663064915146564 2.1144776702158934 2.2917687655547487 
1.2180173942777213 1.3508100228314763 1.787137881800407 
1.2394321607090701 1.3841217228606464 1.4700822512247254 

2.126040754637578 2.126040754637578 1.9537522383591912 
1.7810224523663079 2.075863970974712 2.075863970974712 
2.6802500148598503 2.5162067026052815 2.5162067026052815 

2.0277808478996797 2.0277808478996797 1.8323330099617037 
1.533214301052432 1.7415188297332025 1.3695565174857074 
1.5118306875393863 1.2851313355217486 1.2601833967773948 

2.166265951455284 2.166265951455284 1.7535657499307244 
2.166265951455284 2.166265951455284 1.8794165050550262 
1.6377353571205533 1.6178006854636846 1.5132498800366425 

3.558648265924908 3.6243208098999973 3.4746750347058617 
3.558648265924908 3.7142084851055785 3.687943596116322 
3.132881967099762 3.192684500999957 3.192684500999957 

0.0 0.0821853493581275 1.3628592021153578 
0.0 0.0821853493581275 1.2327763440709711 
0.0 0.0 0.7158780362783422 

0.0 0.0 0.20978870607890884 
0.02717175735100484 0.0 0.1835928113611072 
0.33688590115423506 0.0 0.3085182653875243 

0.0 0.0 0.0 
0.0 0.0 0.0 
0.0 0.0 0.0 

4.6215220952468306 4.507281965193111 4.507281965193111 
4.6215220952468306 4.507281965193111 4.507281965193111 
4.092031745980845 4.061485764828844 3.980420881735302 

0.6960700395731982 0.8127370631061702 0.6102772346698606 
0.3875676347884662 0.3875676347884662 0.3688377920031157 
0.5171622722143541 0.5884698691769722 0.5884698691769722 

0.0 0.0 0.0 
0.0 0.0 0.0 
0.001613530639129316 0.08195659995235298 0.07126743016711479 

0.1506927763164868 0.3620431341206414 0.6655456972289868 
0.10840354563929838 0.23700739632570886 0.4352769823069188 
1.0280605594720487 0.7672929979219031 0.7309933136587944 

