0.0 0.0 0.0 0.0 0.0 0.0 0.0 0.0 
0.0 1.7841973476891548 1.6547421114302392 1.6793521297101206 1.6130171011638885 1.6130171011638885 1.08432725057858 0.0 
0.0 1.9473338544947194 1.6547421114302392 2.0006453457331372 1.6364552343914112 2.507480615689576 1.365951921107401 0.0 
0.0 1.984541438569888 1.4787446738553793 1.8211402791431475 1.6865127717585175 2.6233965671916786 1.4408447291780888 0.0 
0.0 1.984541438569888 1.7849940275468223 2.1408334309228136 2.7722316613963622 1.6539475447456857 1.4438253526786857 0.0 
0.0 2.3596733577226177 1.7849940275468223 1.8740743414685326 2.138529701390437 1.6539475447456857 1.1745554937663134 0.0 
0.0 2.3596733577226177 1.9542079411956474 1.6199358002543207 1.6597430248125693 1.5853700780937197 1.3552763622536468 0.0 
0.0 0.0 0.0 0.0 0.0 0.0 0.0 0.0 

0.0 0.0 0.0 0.0 0.0 0.0 0.0 0.0 
0.0 0.2826277794904009 0.20146281406232303 0.1381557408773565 0.0 0.7881544747385514 1.0867404782551473 0.0 
0.0 0.043651677956656684 0.0 0.0 0.0 0.0 0.6677384454981732 0.0 
0.0 0.07051166301352194 0.0 0.5958326576097581 0.5769601813109737 0.38164248685044605 0.7117332287283399 0.0 
0.0 0.0 0.30873150237872493 0.5958326576097581 0.5769601813109737 0.38164248685044605 0.532134770997701 0.0 
0.0 0.0 0.47793780729756474 1.1010938335243399 1.1010938335243399 0.0 0.532134770997701 0.0 
0.0 0.0 0.5329411692812124 1.1092430608045918 0.3544526083547938 0.0 0.3307960482806432 0.0 
0.0 0.0 0.0 0.0 0.0 0.0 0.0 0.0 

0.0 0.0 0.0 0.0 0.0 0.0 0.0 0.0 
0.0 0.014790203531013048 0.0 0.0 0.0 1.7270023218357586 1.7270023218357586 0.0 
0.0 0.08151941132344839 0.0 0.0 0.2899354601055557 1.7270023218357586 1.7270023218357586 0.0 
0.0 0.07949543621520422 0.0 0.2085654066362 0.7723463505805428 1.1557564566843341 1.1557564566843341 0.0 
0.0 0.12163267623987165 0.18901013504696212 0.27640506161758827 0.8039026929857597 1.0233714964132934 0.834261391038147 0.0 
0.0 0.018545820634427668 0.0 0.7067581786131564 0.9669516595867019 0.8542547723065473 0.6195786955020434 0.0 
0.0 0.0 0.0 1.062508162485744 1.062508162485744 0.6621392198618421 0.23758508415543958 0.0 
0.0 0.0 0.0 0.0 0.0 0.0 0.0 0.0 

0.0 0.0 0.0 0.0 0.0 0.0 0.0 0.0 
0.0 0.12383237882546821 0.12383237882546821 0.0 0.0 1.0296022820116826 2.178692275579073 0.0 
0.0 0.0 0.0 0.0 0.0 1.1497956426674374 1.1497956426674374 0.0 
0.0 0.0 0.0 0.0 1.3150344797317113 0.665642709848049 0.665642709848049 0.0 
0.0 0.0 0.0 0.0 1.3150344797317113 0.5399021299615092 0.4483507826165225 0.0 
0.0 0.0 0.6312157363303383 1.0265462092156854 1.0265462092156854 0.0 0.23894957155317365 0.0 
0.0 0.0 0.6312157363303383 1.0265462092156854 1.0265462092156854 0.0 0.15372009614317178 0.0 
0.0 0.0 0.0 0.0 0.0 0.0 0.0 0.0 

0.0 0.0 0.0 0.0 0.0 0.0 0.0 0.0 
0.0 1.1913577402868378 0.9618226856652277 1.1905469052806543 1.1905469052806543 1.6255761396839972 1.3081691438922995 0.0 
0.0 0.9680637091962229 0.6122988327604915 0.46067084224787 0.0 1.6255761396839972 0.6624580755323484 0.0 
0.0 0.9782121027210143 0.7082723075020232 0.7236223291817271 1.2548537728503746 1.0363751988004501 0.9345750220309995 0.0 
0.0 1.1032008092363998 0.7082723075020232 0.7236223291817271 1.2548537728503746 1.0363751988004501 0.9158644765439599 0.0 
0.0 1.1548661113343073 0.6902837863608138 1.678337783157778 1.678337783157778 0.9417228301686636 0.7437677742831925 0.0 
0.0 0.5260772046589224 0.14768858007596897 1.678337783157778 1.678337783157778 0.4477845859529126 0.4822870834834353 0.0 
0.0 0.0 0.0 0.0 0.0 0.0 0.0 0.0 

0.0 0.0 0.0 0.0 0.0 0.0 0.0 0.0 
0.0 0.08720662924679737 0.19117969111749156 0.35848269690401924 1.2824977618166729 1.2824977618166729 0.0 0.0 
0.0 0.08172882499684195 0.1690859290060024 0.1690859290060024 0.0 0.0 0.0 0.0 
0.0 0.08172882499684195 0.08172882499684195 0.0 0.0 0.0 0.0 0.0 
0.0 0.017153495799646423 0.0 0.0 0.0 0.0 0.0 0.0 
0.0 0.6187954759352574 0.0 0.0 0.0 0.05420727560422947 0.0 0.0 
0.0 0.11939628314677743 0.0 0.0 0.0 0.0 0.0 0.0 
0.0 0.0 0.0 0.0 0.0 0.0 0.0 0.0 

0.0 0.0 0.0 0.0 0.0 0.0 0.0 0.0 
0.0 0.6970230863968905 1.5688788500994402 1.5688788500994402 2.0474229292375656 1.0527133249339318 0.0 0.0 
0.0 0.7233783394825861 1.5688788500994402 1.5688788500994402 1.1436145905476913 0.0 0.0 0.0 
0.0 0.7233783394825861 0.7233783394825861 0.6731645760228375 0.0 0.0 0.0 0.0 
0.0 0.35953136239215133 0.8324129650745944 0.8324129650745944 0.0 0.0 0.0 0.0 
0.0 1.2282432093227214 0.854712619120491 0.8324129650745944 0.0 0.13726085191076104 0.0 0.0 
0.0 0.6023181620925862 0.6023181620925862 0.434657110519797 0.4875435569054889 0.4875435569054889 0.0 0.0 
0.0 0.0 0.0 0.0 0.0 0.0 0.0 0.0 

0.0 0.0 0.0 0.0 0.0 0.0 0.0 0.0 
0.0 1.7032056915818843 1.7219381375908867 1.7219381375908867 3.11686068153756 3.364241344384595 3.286722668353121 0.0 
0.0 1.6054331837856741 1.6054331837856741 2.7655398670275217 2.7655398670275217 2.0856049717471725 2.0856049717471725 0.0 
0.0 1.4893670703283424 1.8178525654239388 2.7655398670275217 2.7655398670275217 2.1677854241600603 2.1677854241600603 0.0 
0.0 1.5093180977001062 2.1533183433170615 2.1533183433170615 1.9955248523499651 1.4454452768267383 2.1937227832481763 0.0 
0.0 2.0042743230715647 2.5125309644249465 2.5125309644249465 1.9553104097776943 1.589013437490406 2.03233294571841 0.0 
0.0 2.0042743230715647 2.6167675851439247 2.305274497528778 1.713123541564764 1.6594942667768948 2.03233294571841 0.0 
0.0 0.0 0.0 0.0 0.0 0.0 0.0 0.0 

0.0 0.0 0.0 0.0 0.0 0.0 0.0 0.0 
0.0 0.0 0.0 0.0 0.0 0.0 0.0 0.0 
0.0 0.0 0.0 0.0 0.0 0.0 0.0 0.0 
0.0 0.0 0.0 0.0 0.0 0.0 0.0 0.0 
0.0 0.0 0.0 0.0 0.0 0.0 0.0 0.0 
0.0 0.0 0.0 0.0 0.0 0.0 0.0 0.0 
0.0 0.0 0.07594889021573109 0.0 0.0 0.0 0.0 0.0 
0.0 0.0 0.0 0.0 0.0 0.0 0.0 0.0 

0.0 0.0 0.0 0.0 0.0 0.0 0.0 0.0 
0.0 0.3897915519761418 0.0 0.0 0.0 0.20933162499063876 0.20933162499063876 0.0 
0.0 0.4187812205168498 0.0 0.23935519068058447 0.8438333515028468 0.0 0.0 0.0 
0.0 0.4187812205168498 0.0 0.23935519068058447 0.8438333515028468 0.0 0.0 0.0 
0.0 0.11042732630360313 0.0 0.7529806835669016 0.5271963875461905 0.0 0.0 0.0 
0.0 0.48689416621894716 0.2012466913778656 1.278895565840142 0.6920688539390399 0.0 0.0 0.0 
0.0 0.7870252371383764 0.2012466913778656 0.7143401453651022 0.3237237311096329 0.05625117519763805 0.0 0.0 
0.0 0.0 0.0 0.0 0.0 0.0 0.0 0.0 

0.0 0.0 0.0 0.0 0.0 0.0 0.0 0.0 
0.0 0.7719146992093758 0.7205461395186881 1.414371971114451 2.142406262548274 1.5884570309853976 0.6790412922300395 0.0 
0.0 0.13329787373287447 0.3718189499573763 0.3718189499573763 0.0 0.0 0.5549672845600551 0.0 
0.0 0.27344659245436165 0.13329787373287447 0.0 0.0 0.0 0.366612477908305 0.0 
0.0 0.27344659245436165 0.0 0.14441777333677513 0.14441777333677513 0.0 0.2513973982885068 0.0 
0.0 0.5410492795347474 0.06562882147928684 0.34853948221511355 0.14441777333677513 0.0 0.3497045334751419 0.0 
0.0 0.0 0.0 0.34853948221511355 0.0 0.0 0.0 0.0 
0.0 0.0 0.0 0.0 0.0 0.0 0.0 0.0 

0.0 0.0 0.0 0.0 0.0 0.0 0.0 0.0 
0.0 0.3231199354908281 0.0 0.0 1.4944828150714486 4.640184502989732 4.640184502989732 0.0 
0.0 0.2411561078759035 0.0 0.8261455595276875 2.053299710465046 2.053299710465046 2.1365904995552985 0.0 
0.0 0.2411561078759035 0.1627110725987137 2.3707132619586373 2.3707132619586373 2.222975211221692 1.1799829200360046 0.0 
0.0 0.0 0.6086842964406168 1.6637007291331105 1.6637007291331105 0.4083721422328415 0.9941081229655377 0.0 
0.0 0.0 0.6086842964406168 1.6637007291331105 1.6637007291331105 0.4083721422328415 0.9941081229655377 0.0 
0.0 1.357334722660923 1.357334722660923 1.605829285499895 0.8241188455040505 0.3136651265543216 0.8840041974606211 0.0 
0.0 0.0 0.0 0.0 0.0 0.0 0.0 0.0 

0.0 0.0 0.0 0.0 0.0 0.0 0.0 0.0 
0.0 1.1140383710673718 1.00908178613554 1.3668040723267518 1.5859535073753528 1.7029393154894903 1.3751019725987879 0.0 
0.0 0.7954640973793762 0.6344421944453718 0.6344421944453718 0.0 0.0 0.0 0.0 
0.0 1.0738096252044143 0.5147999686141866 1.0484735453757628 1.7807301609071011 0.7872692143115693 0.7872692143115693 0.0 
0.0 1.0738096252044143 0.5019246897652201 1.0484735453757628 1.7807301609071011 0.7872692143115693 0.7872692143115693 0.0 
0.0 1.28407781184633 0.4184245186219463 1.4283124588236522 1.4283124588236522 0.5008786349662073 0.013832739858198322 0.0 
0.0 0.6513673187489744 0.4184245186219463 1.0386269547057885 0.7381995736292124 0.019978759477659702 0.0 0.0 
0.0 0.0 0.0 0.0 0.0 0.0 0.0 0.0 

0.0 0.0 0.0 0.0 0.0 0.0 0.0 0.0 
0.0 0.9006779074446576 1.0875324716036407 3.0263817697313455 3.8219814143530426 3.8219814143530426 2.231223694672316 0.0 
0.0 1.1140720870721403 1.323764404340072 3.0263817697313455 3.102549023411303 2.231223694672316 2.231223694672316 0.0 
0.0 1.5102298897066981 1.5102298897066981 1.1439283186038616 0.9438146829362973 1.2261629345112728 1.1570190212459153 0.0 
0.0 1.5102298897066981 1.760200237116784 1.3270877239641115 0.9809802878015527 1.3048989490229161 1.3048989490229161 0.0 
0.0 1.4261669374521144 1.4261669374521144 0.6026791890773924 0.9067071107469822 1.2512773393056653 1.2512773393056653 0.0 
0.0 1.4261669374521144 1.4261669374521144 0.6026791890773924 0.9067071107469822 0.9067071107469822 0.7385455520504765 0.0 
0.0 0.0 0.0 0.0 0.0 0.0 0.0 0.0 

0.0 0.0 0.0 0.0 0.0 0.0 0.0 0.0 
0.0 0.0 0.0 0.0 0.0 0.0 0.0 0.0 
0.0 0.0 0.0 0.0 0.0 0.7426216694227475 0.0 0.0 
0.0 0.0 0.0 0.0 0.0 0.7426216694227475 0.0 0.0 
0.0 0.0 0.0 0.1301105309166675 0.21082271773294017 0.0374570794954171 0.0 0.0 
0.0 0.0 0.0 0.0 0.1138061098479736 0.1138061098479736 0.0 0.0 
0.0 0.0 0.0 0.0 0.2886941890271322 0.1138061098479736 0.0 0.0 
0.0 0.0 0.0 0.0 0.0 0.0 0.0 0.0 

0.0 0.0 0.0 0.0 0.0 0.0 0.0 0.0 
0.0 0.9303908987808078 1.1712172515043382 2.014482404667169 2.014482404667169 1.2073924346445344 0.0 0.0 
0.0 0.8936008909430146 1.4688407726817663 2.014482404667169 2.014482404667169 0.0 0.0 0.0 
0.0 1.0260379468848186 1.263194720037762 1.263194720037762 0.850285473165859 0.0 0.0 0.0 
0.0 0.9487309043247565 0.9487309043247565 0.33151317260937446 0.0 0.0 0.0 0.0 
0.0 1.4640463956875036 1.4773184190200894 0.6210319617994062 0.0 0.022914068848872718 0.0 0.0 
0.0 1.0342144993770592 1.0342144993770592 0.3148842702253235 0.0 0.022914068848872718 0.0 0.0 
0.0 0.0 0.0 0.0 0.0 0.0 0.0 0.0 

0.0 0.0 0.0 0.0 0.0 0.0 0.0 0.0 
0.0 0.0 0.5213684288008829 0.5229154905738377 0.5229154905738377 0.0 0.0 0.0 
0.0 0.0 0.5213684288008829 0.5213684288008829 0.0 0.0 0.0 0.0 
0.0 0.0 0.0 0.0 0.0 0.0 0.0 0.0 
0.0 0.03297374879163992 0.15020089549728183 0.0 0.0 0.0 0.0 0.0 
0.0 0.837100727978026 0.3898252871474757 0.0 0.0 0.0 0.0 0.0 
0.0 0.0 0.0 0.0 0.0 0.0 0.0 0.0 
0.0 0.0 0.0 0.0 0.0 0.0 0.0 0.0 

0.0 0.0 0.0 0.0 0.0 0.0 0.0 0.0 
0.0 0.16399463868471148 0.09109083994704412 0.09109083994704412 0.5850255481981379 1.7232511150766867 1.7232511150766867 0.0 
0.0 0.33505303329987424 0.09109083994704412 0.09109083994704412 2.133094579463261 2.1362537653975644 2.1362537653975644 0.0 
0.0 0.23189313800140574 0.0 0.7531051300467173 2.133094579463261 1.7390732681114365 1.689031349428341 0.0 
0.0 0.31562423283503055 0.035415861403497756 1.154605636152225 1.154605636152225 1.0219549364673037 1.0219549364673037 0.0 
0.0 0.31562423283503055 0.43381069706724007 1.0213528155210092 1.0213528155210092 1.0219549364673037 1.0219549364673037 0.0 
0.0 0.0 1.4811304821763671 1.4811304821763671 0.6690732524811516 1.334613215322892 1.334613215322892 0.0 
0.0 0.0 0.0 0.0 0.0 0.0 0.0 0.0 

0.0 0.0 0.0 0.0 0.0 0.0 0.0 0.0 
0.0 0.0 0.0 0.0 1.7095105805193822 2.5272853035337604 2.5272853035337604 0.0 
0.0 0.0 0.0 0.08309809383346835 1.004630274552001 0.7310380431591375 0.7310380431591375 0.0 
0.0 0.0 0.0 0.329790959554271 0.1642274074558175 0.3040563203008142 0.3040563203008142 0.0 
0.0 0.0 0.0 0.025146150124218062 0.0 0.06895260685841084 0.06895260685841084 0.0 
0.0 0.0 0.0 0.03946963929043288 0.0 0.1515773232222737 0.1515773232222737 0.0 
0.0 0.0 0.0 0.03946963929043288 0.0 0.1515773232222737 0.1515773232222737 0.0 
0.0 0.0 0.0 0.0 0.0 0.0 0.0 0.0 

0.0 0.0 0.0 0.0 0.0 0.0 0.0 0.0 
0.0 0.0 0.0 1.3506252974376463 2.802682157421525 1.9192567567644738 0.8274635698227336 0.0 
0.0 0.0 0.8382644977333311 1.3506252974376463 1.3506252974376463 0.9505940635803257 1.1369791887833387 0.0 
0.0 0.3997840083113689 0.8382644977333311 1.0109365442467706 0.9505940635803257 0.9505940635803257 0.5167952703855603 0.0 
0.0 0.23125414177962458 1.3952556298446928 0.7170317169079836 0.7881154641914585 1.1384445856292165 1.1384445856292165 0.0 
0.0 0.6934010587214853 0.404793256749264 0.0 0.4542430163498373 0.5574326766042625 0.5574326766042625 0.0 
0.0 0.9397801965858815 0.05189443527098248 0.20298225839084616 0.4542430163498373 0.2622567393916899 0.128141113578141 0.0 
0.0 0.0 0.0 0.0 0.0 0.0 0.0 0.0 

0.0 0.0 0.0 0.0 0.0 0.0 0.0 0.0 
0.0 0.0 0.0 0.0 0.23014978287467525 0.0 0.0 0.0 
0.0 0.0 0.0 0.6071445498883947 0.6071445498883947 0.0 0.0 0.0 
0.0 0.0 0.043104550889779394 0.5679035658446018 0.13675666371351036 0.0 0.0 0.0 
0.0 0.0 0.036569254845285726 0.0 0.0 0.0 0.0 0.0 
0.0 0.0 0.036569254845285726 0.0 0.0 0.0 0.0 0.0 
0.0 0.6223311070150137 0.5486525478637428 0.0 0.0 0.0 0.0 0.0 
0.0 0.0 0.0 0.0 0.0 0.0 0.0 0.0 

0.0 0.0 0.0 0.0 0.0 0.0 0.0 0.0 
0.0 0.0 0.0 0.0 0.0 0.9614101267379066 0.9614101267379066 0.0 
0.0 0.0 0.0 0.0 0.0 0.9614101267379066 0.9614101267379066 0.0 
0.0 0.0 0.0 0.0 0.0 0.2714941367237552 0.2714941367237552 0.0 
0.0 0.0 0.0 0.0 0.2787531299566119 0.25822734741909936 0.25822734741909936 0.0 
0.0 0.0 0.0 0.3502359267428481 0.3502359267428481 0.25822734741909936 0.25822734741909936 0.0 
0.0 0.0 0.0 0.3502359267428481 0.3502359267428481 0.0 0.0 0.0 
0.0 0.0 0.0 0.0 0.0 0.0 0.0 0.0 

0.0 0.0 0.0 0.0 0.0 0.0 0.0 0.0 
0.0 0.6917077101000322 0.6917077101000322 0.5658424912299704 1.2585514281412273 2.2113064745890263 1.6645806878763596 0.0 
0.0 0.5248243468169627 0.48601923374398015 0.48601923374398015 0.4630724973832056 0.3329514636967751 0.2733127519570282 0.0 
0.0 0.9790448878145092 0.9790448878145092 0.48601923374398015 0.4630724973832056 0.0 0.6131854676512016 0.0 
0.0 0.9790448878145092 0.9790448878145092 0.24298488605243906 0.4706904362549502 0.4706904362549502 0.5370092641645718 0.0 
0.0 0.4591006245717556 0.8463854259637849 0.7722629113043177 0.40506544507091 0.5864850960521905 0.36594752120498136 0.0 
0.0 0.2094724596389291 0.8463854259637849 0.7722629113043177 0.40506544507091 0.1194497277440327 0.2671258354363049 0.0 
0.0 0.0 0.0 0.0 0.0 0.0 0.0 0.0 

0.0 0.0 0.0 0.0 0.0 0.0 0.0 0.0 
0.0 0.0 0.0 0.0 0.0 2.490594557448328 2.490594557448328 0.0 
0.0 0.0 0.0 0.0 0.0 2.250310046376512 2.250310046376512 0.0 
0.0 0.0 0.0 0.0 0.26822261725535984 1.097527917259732 1.097527917259732 0.0 
0.0 0.0 0.0 0.0 0.26822261725535984 0.0 0.0 0.0 
0.0 0.0 0.0 0.0 0.0 0.0 0.0 0.0 
0.0 0.0 0.0 0.0 0.0 0.0 0.0 0.0 
0.0 0.0 0.0 0.0 0.0 0.0 0.0 0.0 

0.0 0.0 0.0 0.0 0.0 0.0 0.0 0.0 
0.0 0.7316316051295917 0.6915951648057064 1.1304460159765746 0.45490060632003027 0.0 0.427330791739629 0.0 
0.0 0.7639106500154131 0.7639106500154131 0.7403619594482667 0.7403619594482667 0.0 0.0 0.0 
0.0 0.7667213723627834 0.7639106500154131 0.7403619594482667 0.7403619594482667 0.0 0.0 0.0 
0.0 0.7667213723627834 0.6165646542459151 0.03944843209542057 0.09899619372818617 0.0 0.0 0.0 
0.0 1.1663056344025193 1.1547739748808286 0.2673361615858347 0.18347621238349465 0.21507387942670542 0.17120488088652297 0.0 
0.0 1.1663056344025193 1.5157636503463614 0.2673361615858347 0.0 0.4426094143575127 0.4129646551531548 0.0 
0.0 0.0 0.0 0.0 0.0 0.0 0.0 0.0 

0.0 0.0 0.0 0.0 0.0 0.0 0.0 0.0 
0.0 1.0296444827510123 0.511166693126374 0.9489665122778168 0.35828468185842455 0.08830402569171145 0.8805476132891656 0.0 
0.0 0.7095538697915029 0.5336946557319999 0.9489665122778168 1.4713308200541964 1.4713308200541964 0.8805476132891656 0.0 
0.0 0.7428151032170497 0.37881148940850096 1.3573409411698003 1.4713308200541964 1.4713308200541964 0.5867062238308263 0.0 
0.0 0.8537511348571898 0.001987694534879382 2.095403767608364 2.095403767608364 0.8991816514975562 0.5092355654876277 0.0 
0.0 1.1094807401840856 0.018824517793671114 1.3833017261854674 1.3833017261854674 0.682701235144711 0.5092355654876277 0.0 
0.0 1.1495671680126522 0.0 1.3415108281989228 0.923243503702307 0.923243503702307 0.0 0.0 
0.0 0.0 0.0 0.0 0.0 0.0 0.0 0.0 

0.0 0.0 0.0 0.0 0.0 0.0 0.0 0.0 
0.0 0.3922865537489587 1.4077952812501695 2.637069791440752 3.075980834170588 3.8014322817574406 2.7501183140840593 0.0 
0.0 0.5303156877894195 1.8783878547162824 1.8783878547162824 3.169591690031708 3.8014322817574406 2.58453668159786 0.0 
0.0 1.019163453265072 1.019163453265072 0.4721543195661396 2.039536879934098 2.039536879934098 1.4650260020206993 0.0 
0.0 1.8379652285698738 1.4501059114903867 0.7540627045219912 1.2565842772611808 1.8552170877018521 0.9395069040878056 0.0 
0.0 1.8379652285698738 1.4501059114903867 1.0466386304325033 1.2565842772611808 1.6473743840996138 0.9395069040878056 0.0 
0.0 0.028475739288472274 0.0 1.0466386304325033 1.0466386304325033 0.7022142545436076 0.3255670332226095 0.0 
0.0 0.0 0.0 0.0 0.0 0.0 0.0 0.0 

0.0 0.0 0.0 0.0 0.0 0.0 0.0 0.0 
0.0 0.0 0.0 0.0 0.0 0.0 1.502726171658021 0.0 
0.0 0.0 0.0 0.0 0.0 0.07027767759839615 1.502726171658021 0.0 
0.0 0.0 0.0 0.0 0.0 0.05896556726254607 0.6291178647576472 0.0 
0.0 0.0 0.0 0.06697330447481246 0.0 0.0 0.40955292691186584 0.0 
0.0 0.0 0.07344456764458712 0.07344456764458712 0.2419121987641858 0.0 0.23060718352478057 0.0 
0.0 0.0 0.027404161128217322 0.027404161128217322 0.2080381376119097 0.0 0.23060718352478057 0.0 
0.0 0.0 0.0 0.0 0.0 0.0 0.0 0.0 

0.0 0.0 0.0 0.0 0.0 0.0 0.0 0.0 
0.0 0.3377515831166118 0.4483466747234423 0.4483466747234423 0.33077443414818336 0.03577611581522902 0.0 0.0 
0.0 0.3377515831166118 0.14880781646528063 0.27168291498904074 0.33077443414818336 0.0 0.0 0.0 
0.0 0.35140220427037705 0.20742507781260383 0.27168291498904074 0.0 0.0 0.0 0.0 
0.0 0.2374978789558927 0.161149451525677 0.21781731155269363 0.21781731155269363 0.0 0.0 0.0 
0.0 0.23068600920176968 0.2001906285182073 0.5371637101763994 0.21781731155269363 0.0 0.0 0.0 
0.0 0.45173096007646 0.29442986231475277 0.16631757396628388 0.3458393484407963 0.3458393484407963 0.23583232962978581 0.0 
0.0 0.0 0.0 0.0 0.0 0.0 0.0 0.0 

0.0 0.0 0.0 0.0 0.0 0.0 0.0 0.0 
0.0 0.0 0.3546126521592976 1.0773343805444522 1.0773343805444522 1.1956360080474817 0.09385739998463624 0.0 
0.0 0.19412346196409008 0.614775415590036 1.3015612657334756 1.0773343805444522 0.0 0.0 0.0 
0.0 0.17760796993268757 0.5295788619638708 0.5295788619638708 0.32188163696627703 0.0 0.0 0.0 
0.0 0.0 0.0 0.0 0.0 0.0 0.0 0.0 
0.0 0.9518313513965981 0.8957712858167354 0.0 0.0 0.0 0.0 0.0 
0.0 0.9518313513965981 0.8957712858167354 0.0 0.0 0.0 0.0 0.0 
0.0 0.0 0.0 0.0 0.0 0.0 0.0 0.0 

0.0 0.0 0.0 0.0 0.0 0.0 0.0 0.0 
0.0 0.0 0.0 0.0 0.0 0.0 0.0 0.0 
0.0 0.0 0.0 0.0 0.0 0.0 0.0 0.0 
0.0 0.0 0.0 0.0 0.0 0.0 0.0 0.0 
0.0 0.0 0.0 0.0 0.0 0.0 0.0 0.0 
0.0 0.0 0.0 0.0 0.0 0.0 0.0 0.0 
0.0 0.0 0.0 0.0 0.0 0.0 0.0 0.0 
0.0 0.0 0.0 0.0 0.0 0.0 0.0 0.0 

0.0 0.0 0.0 0.0 0.0 0.0 0.0 0.0 
0.0 0.0 0.0 0.3773354940197014 0.04660837249326477 0.0 0.0 0.0 
0.0 0.0 0.09156267357156783 0.3773354940197014 0.0 0.0 0.0 0.0 
0.0 0.0 0.0 0.0 0.0 0.0 0.0 0.0 
0.0 0.05930495400233815 0.0 0.0 0.0 0.0 0.0 0.0 
0.0 0.19010960195478044 0.0 0.0 0.0 0.0 0.0 0.0 
0.0 0.0 0.0 0.0 0.0 0.0 0.0 0.0 
0.0 0.0 0.0 0.0 0.0 0.0 0.0 0.0 

