0.0 0.0 0.0 0.0 0.0 0.0 0.0 0.0 
0.0 2.4447284562130216 1.7550721716905908 1.9143310218432676 1.9143310218432676 1.4760190020531252 1.4760190020531252 0.0 
0.0 2.2799348329694302 1.8801532417025968 1.9143310218432676 2.0407658885288473 1.9766499281369199 1.372078481592657 0.0 
0.0 2.3868398540269213 1.8655048572685464 1.3604347370606997 1.9766499281369199 1.9766499281369199 1.9804029292495051 0.0 
0.0 2.356644344832148 1.8321526828495287 1.6147559577871504 1.6547558508046951 1.9849892759870111 1.9849892759870111 0.0 
0.0 2.3011663451016777 1.704459620728433 1.6147559577871504 1.6147559577871504 1.9849892759870111 1.9849892759870111 0.0 
0.0 1.943595282645156 1.5612728770596183 1.5612728770596183 1.8436081616117974 1.8436081616117974 1.2325723371618265 0.0 
0.0 0.0 0.0 0.0 0.0 0.0 0.0 0.0 

0.0 0.0 0.0 0.0 0.0 0.0 0.0 0.0 
0.0 1.0849809592072144 0.5265741216426356 0.5003568137346456 0.5670615902425356 0.6651093166022414 0.6651093166022414 0.0 
0.0 1.0854879116049398 0.3374136777449061 0.14454858104732873 0.036540836841663336 0.6644665628920369 0.6644665628920369 0.0 
0.0 1.0854879116049398 0.3374136777449061 0.20974466482022025 0.9257619595710265 0.9257619595710265 0.4136834952190267 0.0 
0.0 1.08449879970234 0.16763198695071713 0.5503999820496974 0.9257619595710265 0.9257619595710265 0.6152274015884175 0.0 
0.0 1.0787609907098783 0.6179550221993382 0.7229707040054966 0.7312337320090264 0.7069997206906575 0.6152274015884175 0.0 
0.0 0.9450667544036548 0.5387644490057919 0.5092539655421776 0.5092539655421776 0.48698357478287924 0.5946092713062601 0.0 
0.0 0.0 0.0 0.0 0.0 0.0 0.0 0.0 

0.0 0.0 0.0 0.0 0.0 0.0 0.0 0.0 
0.0 0.3528058276295287 0.3556083069305123 0.4232404688035568 0.006772276228722701 0.0 0.0 0.0 
0.0 0.31620201241044993 0.3302244364612918 0.4232404688035568 0.13237276442358167 0.11364206136161796 0.3531961855747153 0.0 
0.0 0.31620201241044993 0.3081738186023625 0.3081738186023625 0.13237276442358167 0.9367821309780306 0.9367821309780306 0.0 
0.0 0.32099427082748244 0.33162838013339707 0.18609425111857825 0.6067857576882945 0.9367821309780306 0.9367821309780306 0.0 
0.0 0.2851947849575315 0.062475131498917015 0.31086107301032395 0.8172650423820772 0.8172650423820772 0.1739914812147483 0.0 
0.0 0.18832814707142284 0.019617702916966205 1.0328322085345665 1.0328322085345665 0.46721614490892527 0.0 0.0 
0.0 0.0 0.0 0.0 0.0 0.0 0.0 0.0 

0.0 0.0 0.0 0.0 0.0 0.0 0.0 0.0 
0.0 0.4774227044660767 0.4082900464592565 0.36510912309595345 1.1350503640804788 1.1350503640804788 0.3131946991732508 0.0 
0.0 0.3549926916557913 0.4082900464592565 0.12395814915492598 0.3330784321867804 1.7707479820255674 1.7707479820255674 0.0 
0.0 0.3549926916557913 0.44616150928747117 0.44616150928747117 0.0 1.7707479820255674 1.7707479820255674 0.0 
0.0 0.24258745474347432 0.20933750713021118 0.20933750713021118 0.2107774258492999 0.2107774258492999 0.2051662318490542 0.0 
0.0 0.4026397932858273 0.20267948552048004 0.5661054946877357 0.38685537847615825 0.2107774258492999 0.20141966511656056 0.0 
0.0 0.31379036574268643 0.4435144272602311 0.5661054946877357 0.2618511649895908 0.2618511649895908 0.1859090663523538 0.0 
0.0 0.0 0.0 0.0 0.0 0.0 0.0 0.0 

0.0 0.0 0.0 0.0 0.0 0.0 0.0 0.0 
0.0 1.41013533155938 1.1719790539731618 1.5915673699255322 1.5915673699255322 1.2069287899049208 1.0461770985212333 0.0 
0.0 1.2822825775887048 1.2378583026135348 0.8913704518590042 0.6358480443697042 1.631943737968454 1.631943737968454 0.0 
0.0 1.2101287349849632 1.2378583026135348 0.806154630764743 0.716062148264485 1.631943737968454 1.631943737968454 0.0 
0.0 1.2239704029313971 0.9069672179704342 0.8495069419100333 1.1462030761541524 1.1462030761541524 0.9334674158881984 0.0 
0.0 1.4402462347178826 1.0217672127740665 1.0217672127740665 1.3923030082404462 1.1462030761541524 1.0606763209246612 0.0 
0.0 1.4402462347178826 1.0217672127740665 1.0217672127740665 1.1966813056053782 1.070055932688161 1.0606763209246612 0.0 
0.0 0.0 0.0 0.0 0.0 0.0 0.0 0.0 

0.0 0.0 0.0 0.0 0.0 0.0 0.0 0.0 
0.0 0.0 0.0 0.0 0.0 0.0 0.0 0.0 
0.0 0.0 0.2326078769416815 0.0053265910624596055 0.0 0.13598048408067884 0.13598048408067884 0.0 
0.0 0.0 0.2326078769416815 0.0053265910624596055 0.0 0.0 0.0 0.0 
0.0 0.0 0.04038751958756753 0.0 0.0 0.0 0.0 0.0 
0.0 0.0 0.03397959998236608 0.03397959998236608 0.0 0.0 0.0 0.0 
0.0 0.0 0.0 0.0 0.0 0.0 0.0 0.0 
0.0 0.0 0.0 0.0 0.0 0.0 0.0 0.0 

0.0 0.0 0.0 0.0 0.0 0.0 0.0 0.0 
0.0 0.3890417995789117 0.3890417995789117 0.17707442667754036 0.2032136817985259 0.32572299852369446 0.35043939811826874 0.0 
0.0 0.3479698615692653 0.3479698615692653 0.734751945259369 0.655398114218127 0.20195271738453408 0.3013131392475637 0.0 
0.0 0.3471460373188365 0.3471460373188365 0.655398114218127 0.655398114218127 0.0 0.0 0.0 
0.0 0.37343340085367915 0.37343340085367915 0.4393169862803891 0.364345371574246 0.0 0.3312185185748007 0.0 
0.0 0.5321104213837061 0.5321104213837061 0.27400122606389377 0.0 0.5687949299754439 0.5687949299754439 0.0 
0.0 0.6238212596273531 0.6847533147269531 0.4329167235225256 0.0 0.6185459532057783 0.6038936738460449 0.0 
0.0 0.0 0.0 0.0 0.0 0.0 0.0 0.0 

0.0 0.0 0.0 0.0 0.0 0.0 0.0 0.0 
0.0 2.349441553064723 1.7877043657644967 2.0853110349031496 2.5236107215830383 2.5236107215830383 2.231549276935041 0.0 
0.0 2.0782367340640002 1.616597813415389 1.7959795800671696 2.5236107215830383 2.8848806250406884 2.639619149128307 0.0 
0.0 2.0782367340640002 1.764304706942236 1.866617720335487 2.298984597964685 2.639619149128307 2.639619149128307 0.0 
0.0 2.0763146110277884 1.8206468121725439 2.2419451922777873 2.298984597964685 2.298984597964685 2.0080862367241656 0.0 
0.0 2.0952693327356973 2.053020849042317 2.2419451922777873 2.2419451922777873 2.006584511150033 2.006584511150033 0.0 
0.0 2.0856160353401987 2.0856160353401987 1.6743011318596437 2.0745434062697163 2.0807265226250715 2.0585142402607857 0.0 
0.0 0.0 0.0 0.0 0.0 0.0 0.0 0.0 

0.0 0.0 0.0 0.0 0.0 0.0 0.0 0.0 
0.0 0.0 0.0 0.0 0.0 0.0 0.0 0.0 
0.0 0.0 0.0 0.0 0.0 0.0 0.0 0.0 
0.0 0.0 0.0 0.0 0.0 0.0 0.0 0.0 
0.0 0.0 0.0 0.0 0.0 0.0 0.0 0.0 
0.0 0.0 0.0 0.0 0.0 0.0 0.0 0.0 
0.0 0.0 0.0 0.0 0.0 0.0 0.0 0.0 
0.0 0.0 0.0 0.0 0.0 0.0 0.0 0.0 

0.0 0.0 0.0 0.0 0.0 0.0 0.0 0.0 
0.0 0.8922543313054688 0.8922543313054688 0.0906571640180835 0.6121048790423663 0.6186265726417464 0.6173202524807313 0.0 
0.0 0.8922543313054688 0.8922543313054688 0.31732484540891925 0.31732484540891925 0.7254477054249525 1.2963323834105 0.0 
0.0 0.7421595870920178 0.5593192238130597 0.38141449074072115 0.9003235242200347 0.8314668873183927 0.9655598615361554 0.0 
0.0 0.7236687744422884 0.7027431346857166 0.7381787383133533 0.7740182113131092 0.5968881531561393 0.5300191457227801 0.0 
0.0 0.7027431346857166 0.7027431346857166 0.8402055626520298 0.8402055626520298 0.32406786965271644 0.53359699 0.0 
0.0 0.22703731014361947 0.4093468119685119 0.0 0.0 0.22696380297172483 0.22696380297172483 0.0 
0.0 0.0 0.0 0.0 0.0 0.0 0.0 0.0 

0.0 0.0 0.0 0.0 0.0 0.0 0.0 0.0 
0.0 0.8331608483488657 0.3186753278567102 0.6352631323209477 0.35987487881804076 0.32635697965909 0.41208610236984067 0.0 
0.0 0.8185357227491111 0.25903071146607004 0.13518208061863649 0.08666149084624909 0.14089863684870602 0.41208610236984067 0.0 
0.0 0.8188886429483686 0.25903071146607004 0.23134517840880595 0.34218313584592447 0.34218313584592447 0.0 0.0 
0.0 0.8188886429483686 0.0 0.2274241940451051 0.34218313584592447 0.34218313584592447 0.385451828671072 0.0 
0.0 1.030960316089717 0.5315278553882624 0.49927211088567497 0.49927211088567497 0.5154263669225958 0.5598566105027207 0.0 
0.0 1.030960316089717 0.5541492146135857 0.49927211088567497 0.49927211088567497 0.5154263669225958 0.5598566105027207 0.0 
0.0 0.0 0.0 0.0 0.0 0.0 0.0 0.0 

0.0 0.0 0.0 0.0 0.0 0.0 0.0 0.0 
0.0 1.485952115112253 0.4112837980273218 0.8105749896188046 0.6674627522046638 0.45955260690881305 0.49514974432238124 0.0 
0.0 1.4843626548305473 0.20028295514377528 0.997886289023937 1.149727181714784 1.149727181714784 0.6090740800443915 0.0 
0.0 1.484985329091719 0.0 0.5301741158072402 1.766783115145477 1.766783115145477 0.7496396022590526 0.0 
0.0 1.4841232367259445 0.3318910302705913 0.9030198841533362 1.766783115145477 1.766783115145477 0.7496396022590526 0.0 
0.0 1.47254451237756 0.3318910302705913 1.5079773121614013 1.5079773121614013 1.4870463814392192 0.5246057321138989 0.0 
0.0 1.1875115337587254 0.15559718550828233 0.7154673768746072 0.7154673768746072 0.06510064145358921 0.21830822853136644 0.0 
0.0 0.0 0.0 0.0 0.0 0.0 0.0 0.0 

0.0 0.0 0.0 0.0 0.0 0.0 0.0 0.0 
0.0 1.1162079088440022 1.542757923899934 0.8746927251051505 0.744248890775437 0.6965254978134873 0.6209665565221967 0.0 
0.0 0.9599842610661873 1.542757923899934 0.22784792407790153 0.3729891769076306 0.7913571806903009 0.6561044450203358 0.0 
0.0 0.9410439854286061 0.9432978843573037 0.49987248288218855 0.8026872881614875 0.6665236910384047 0.5976906596872864 0.0 
0.0 0.7329238688883737 0.7329238688883737 0.9446720298288627 0.9446720298288627 0.5697451036185102 0.6852971319792004 0.0 
0.0 0.6585649146867127 1.7128322129965694 1.7128322129965694 0.9446720298288627 0.6642878171524715 0.6642878171524715 0.0 
0.0 0.7635605897353259 1.7128322129965694 1.7128322129965694 0.5604617540533153 0.7217247951259036 0.7217247951259036 0.0 
0.0 0.0 0.0 0.0 0.0 0.0 0.0 0.0 

0.0 0.0 0.0 0.0 0.0 0.0 0.0 0.0 
0.0 0.6323084535711146 0.6583191358018081 1.0092477638917952 0.7039223374947807 0.22064714058086737 0.0 0.0 
0.0 0.5321317843730542 1.3065105789750988 1.3065105789750988 0.939624359300871 0.939624359300871 0.3200957078124127 0.0 
0.0 0.27251482910523434 1.0051330989980478 1.0051330989980478 0.5131365137580834 0.5131365137580834 0.39173743373266995 0.0 
0.0 0.27169587534462747 1.0051330989980478 1.0051330989980478 0.39652715494865415 0.0 0.0 0.0 
0.0 0.0 1.246451181637335 1.0269717395972542 0.431788114007566 0.431788114007566 0.0 0.0 
0.0 0.19088710134429618 1.246451181637335 2.210041387869392 0.6715495268332274 0.431788114007566 0.0205617730694172 0.0 
0.0 0.0 0.0 0.0 0.0 0.0 0.0 0.0 

0.0 0.0 0.0 0.0 0.0 0.0 0.0 0.0 
0.0 0.4983039831386541 0.0 0.1183375829265961 0.1595359569438351 0.0 0.0 0.0 
0.0 0.46912188616757344 0.0 0.0 0.1595359569438351 0.06687721745946792 0.0 0.0 
0.0 0.503729364611216 0.0 0.0 0.0 0.827610088049865 0.827610088049865 0.0 
0.0 0.4871322029903525 0.0 0.0 0.0 0.827610088049865 0.827610088049865 0.0 
0.0 0.4871322029903525 0.0 0.0 0.3328887765037338 0.5272880985753673 0.21844751139866225 0.0 
0.0 0.30076088625794795 0.0 0.0 0.5075532622113436 0.3328887765037338 0.0 0.0 
0.0 0.0 0.0 0.0 0.0 0.0 0.0 0.0 

0.0 0.0 0.0 0.0 0.0 0.0 0.0 0.0 
0.0 0.5646525765175773 0.2814925772900433 0.19290223051256172 0.9985622513638625 0.9339175039429504 0.7553527420855538 0.0 
0.0 0.45794505511732714 0.29912915154301845 0.32546253012626064 0.32546253012626064 0.7553527420855538 0.7553527420855538 0.0 
0.0 0.45794505511732714 0.32857804941455765 0.48505063676535437 0.48505063676535437 0.0 0.5392945389704674 0.0 
0.0 0.28591358617626395 0.3723475550893146 0.43061509491232375 0.43061509491232375 0.15632550222858319 0.2276525108810941 0.0 
0.0 0.8607030243798935 0.8037778537960657 0.8037778537960657 0.5123015388316958 0.6712906001769884 0.6712906001769884 0.0 
0.0 0.8607030243798935 0.8037778537960657 0.8037778537960657 0.5123015388316958 0.6712906001769884 0.6712906001769884 0.0 
0.0 0.0 0.0 0.0 0.0 0.0 0.0 0.0 

0.0 0.0 0.0 0.0 0.0 0.0 0.0 0.0 
0.0 0.0 0.0 0.0 0.0 0.0 0.0 0.0 
0.0 0.0 0.0 0.0 0.0 0.0 0.0 0.0 
0.0 0.0 0.0 0.0 0.0 0.0 0.0 0.0 
0.0 0.0 0.0 0.0 0.0 0.0 0.0 0.0 
0.0 0.0 0.0 0.0 0.0 0.0 0.0 0.0 
0.0 0.0 0.0 0.0 0.0 0.0 0.0 0.0 
0.0 0.0 0.0 0.0 0.0 0.0 0.0 0.0 

0.0 0.0 0.0 0.0 0.0 0.0 0.0 0.0 
0.0 1.0119387867587468 1.0119387867587468 0.59640831582204 0.59640831582204 0.15243451590715593 0.15243451590715593 0.0 
0.0 1.021690484116221 1.021690484116221 1.1133521730372027 1.1270770975515865 1.029687509262707 0.0 0.0 
0.0 0.8014398603591371 0.7963753961377434 0.41624010093567265 1.4790887565923296 1.4790887565923296 0.31877276193645726 0.0 
0.0 0.7605411675528106 0.6799741378030287 0.46551267527098555 0.6815116301074209 0.9854883362721681 0.3957529177826603 0.0 
0.0 0.5512975774070725 0.5512975774070725 0.46551267527098555 0.46551267527098555 0.28976840259932246 0.217978873708376 0.0 
0.0 0.16781520522085747 0.7029494215164053 1.0969569281724523 0.5734684236703356 0.20391270256058006 0.0 0.0 
0.0 0.0 0.0 0.0 0.0 0.0 0.0 0.0 

0.0 0.0 0.0 0.0 0.0 0.0 0.0 0.0 
0.0 0.0 0.0 0.5659742402377096 0.3610214627911771 0.0 0.0 0.0 
0.0 0.0 0.0 0.3610214627911771 0.47186429685309267 0.47186429685309267 0.0 0.0 
0.0 0.0 0.0 0.0 0.47186429685309267 0.47186429685309267 0.0 0.0 
0.0 0.0 0.0 0.0 0.4416369530747144 0.4416369530747144 0.0 0.0 
0.0 0.0 0.0 0.19689156962858104 0.24588526113547546 0.0 0.0 0.0 
0.0 0.0 0.0 0.07677377851007033 0.07677377851007033 0.0 0.0 0.0 
0.0 0.0 0.0 0.0 0.0 0.0 0.0 0.0 

0.0 0.0 0.0 0.0 0.0 0.0 0.0 0.0 
0.0 0.0 0.8120311022116012 0.8120311022116012 0.29643406841898423 0.0 0.0 0.0 
0.0 0.0 0.9342874291501563 0.9342874291501563 0.29643406841898423 0.11562476381583436 0.0 0.0 
0.0 0.0 0.4661112306448256 0.4661112306448256 0.11562476381583436 0.11562476381583436 0.0 0.0 
0.0 0.0 0.4661112306448256 0.4661112306448256 0.0 0.0 0.0 0.0 
0.0 0.0 0.0 0.47166385676551204 0.47166385676551204 0.0 0.0 0.0 
0.0 0.0 0.04488614935091326 1.4903172398591849 1.0677891627960439 0.0 0.0 0.0 
0.0 0.0 0.0 0.0 0.0 0.0 0.0 0.0 

0.0 0.0 0.0 0.0 0.0 0.0 0.0 0.0 
0.0 0.0 0.0 0.0 0.0 0.0 0.0 0.0 
0.0 0.0 0.0 0.0 0.0 0.0 0.0 0.0 
0.0 0.0 0.0 0.0 0.0 0.0 0.0 0.0 
0.0 0.0 0.0 0.0 0.0 0.0 0.0 0.0 
0.0 0.0 0.0 0.0 0.0 0.0 0.0 0.0 
0.0 0.0 0.0 0.0 0.0 0.0 0.0 0.0 
0.0 0.0 0.0 0.0 0.0 0.0 0.0 0.0 

0.0 0.0 0.0 0.0 0.0 0.0 0.0 0.0 
0.0 0.0 0.0 0.0 0.0 0.0 0.0 0.0 
0.0 0.0 0.0 0.0 0.0 0.20459022514931446 0.20459022514931446 0.0 
0.0 0.0 0.0 0.0 0.0 0.4287473449378013 0.36438307091043326 0.0 
0.0 0.0 0.0 0.0 0.23193733143605566 0.36871178879928007 0.07562095572262205 0.0 
0.0 0.0 0.0 0.21711338011263875 0.23249267525522124 0.23193733143605566 0.0 0.0 
0.0 0.0 0.0 0.46923453153166905 0.21711338011263875 0.0 0.0 0.0 
0.0 0.0 0.0 0.0 0.0 0.0 0.0 0.0 

0.0 0.0 0.0 0.0 0.0 0.0 0.0 0.0 
0.0 0.6092492322157305 0.7298266785636289 0.8251040891341326 1.280063979487947 1.280063979487947 0.761999821613071 0.0 
0.0 0.6790682981361322 0.8649897857292654 0.8649897857292654 1.0575308525507683 1.5852833144242946 1.5852833144242946 0.0 
0.0 0.6258435132915223 0.8649897857292654 0.8649897857292654 0.47114592007041806 1.3136938161188985 1.3136938161188985 0.0 
0.0 0.6153996649132287 0.7069145971175536 0.7069145971175536 0.47114592007041806 0.41960985933557143 0.5157105310315493 0.0 
0.0 0.5475520940849137 1.217447139536083 1.217447139536083 0.31618748013881903 0.41960985933557143 0.41960985933557143 0.0 
0.0 0.4837260419258696 1.217447139536083 1.217447139536083 0.6158345514968857 0.6158345514968857 0.48465479132708444 0.0 
0.0 0.0 0.0 0.0 0.0 0.0 0.0 0.0 

0.0 0.0 0.0 0.0 0.0 0.0 0.0 0.0 
0.0 0.0 0.0 0.0 0.07813929836580447 0.07813929836580447 0.0 0.0 
0.0 0.0 0.0 0.0 0.0 0.29606217228266624 0.29606217228266624 0.0 
0.0 0.0 0.0 0.0 0.0 0.29606217228266624 0.29606217228266624 0.0 
0.0 0.0 0.0 0.0 0.3167430757279886 0.3167430757279886 0.0 0.0 
0.0 0.0 0.0 0.0 0.3167430757279886 0.3167430757279886 0.0 0.0 
0.0 0.0 0.0 0.0 0.20756882222776296 0.0 0.0 0.0 
0.0 0.0 0.0 0.0 0.0 0.0 0.0 0.0 

0.0 0.0 0.0 0.0 0.0 0.0 0.0 0.0 
0.0 0.7252783236158802 1.0772743983902557 0.22943676164535357 0.0 0.45544044425949765 0.48555027229428127 0.0 
0.0 0.7438658605949235 1.0772743983902557 0.22943676164535357 0.0 0.0 0.4450379759153074 0.0 
0.0 0.7438658605949235 0.7541506013811585 0.6753726778839757 0.4426545179065695 0.0 0.0 0.0 
0.0 0.6708475250115447 0.7558569982887247 0.5518750513799099 0.31533928712505155 0.0 0.45688062597166007 0.0 
0.0 0.4454239576442689 0.6951237456932603 0.6951237456932603 0.044837132371144645 0.2709616222330611 0.45829785 0.0 
0.0 0.5866536800496134 0.6759476387880461 0.6759476387880461 0.0 0.5734426337795752 0.5678339520979768 0.0 
0.0 0.0 0.0 0.0 0.0 0.0 0.0 0.0 

0.0 0.0 0.0 0.0 0.0 0.0 0.0 0.0 
0.0 1.3580425314379594 1.1798899881675018 1.4932338608958493 1.3172190891904891 0.5310590030365145 0.5310590030365145 0.0 
0.0 1.3415366823740649 1.1798899881675018 1.3172190891904891 1.3607865852792325 1.3607865852792325 0.49093100640258525 0.0 
0.0 1.3419185109571954 0.8525042742029565 0.5793000011504915 1.6450062083007757 1.6450062083007757 0.9228375264782689 0.0 
0.0 1.341088863886277 0.9718107727613174 0.615663450389106 1.1596848793676813 1.1596848793676813 0.9228375264782689 0.0 
0.0 1.3315443897098742 0.9718107727613174 0.8382372284715024 0.8382372284715024 0.7099457910391241 0.625099228508579 0.0 
0.0 1.2473282299777089 0.8860453049341717 0.5213450778164059 0.5679905617187205 0.4940425313526109 0.4558504690363404 0.0 
0.0 0.0 0.0 0.0 0.0 0.0 0.0 0.0 

0.0 0.0 0.0 0.0 0.0 0.0 0.0 0.0 
0.0 0.024594469578014838 0.968375539981513 1.1333544850161101 0.8710245065058072 0.2932142409636268 0.0 0.0 
0.0 0.5308378732446764 0.6833302779404856 0.8710245065058072 0.8710245065058072 0.6160239664704609 0.311487659963028 0.0 
0.0 0.32337803081833294 0.4102691547246781 0.16865818523720655 1.0578693236476286 1.40921353955735 0.3611584954232662 0.0 
0.0 0.2904046531644912 0.4102691547246781 0.1341117335329321 0.8180946020698419 0.9953810542022232 0.08194509632805891 0.0 
0.0 0.09772748433378892 0.631254393601075 1.0931549798369584 1.1678144216605053 0.3945409497469562 0.0 0.0 
0.0 0.09772748433378892 0.631254393601075 1.0931549798369584 1.1678144216605053 0.35102624731566934 0.0 0.0 
0.0 0.0 0.0 0.0 0.0 0.0 0.0 0.0 

0.0 0.0 0.0 0.0 0.0 0.0 0.0 0.0 
0.0 0.0 0.003952292818060581 0.003952292818060581 0.3487064154761484 0.3487064154761484 0.20582469653722915 0.0 
0.0 0.0 0.003952292818060581 0.003952292818060581 0.0 1.2559103954596145 1.2559103954596145 0.0 
0.0 0.0 0.15377499502055503 0.15377499502055503 0.0 1.2559103954596145 1.2559103954596145 0.0 
0.0 0.0 0.0 0.0 0.0 0.04613890235842231 0.0 0.0 
0.0 0.0 0.0 0.10116494779773709 0.12601430263532412 0.12601430263532412 0.0 0.0 
0.0 0.0 0.0 0.10116494779773709 0.0 0.0 0.0 0.0 
0.0 0.0 0.0 0.0 0.0 0.0 0.0 0.0 

0.0 0.0 0.0 0.0 0.0 0.0 0.0 0.0 
0.0 0.5375554527015554 0.5375554527015554 0.0 0.0 0.14818135601289673 0.14818135601289673 0.0 
0.0 0.5375554527015554 0.5375554527015554 0.09737681244946139 0.09737681244946139 0.0 0.10133953330702168 0.0 
0.0 0.4428072596399048 0.4428072596399048 0.11895715383053738 0.3457989802278929 0.3457989802278929 0.017685444243210443 0.0 
0.0 0.4428072596399048 0.4428072596399048 0.28934091750687885 0.28934091750687885 0.08969992662326146 0.4836774625004893 0.0 
0.0 0.35617150961903243 0.35617150961903243 0.2954088997950549 0.28804188766524697 0.3897167704786537 0.3897167704786537 0.0 
0.0 0.12205356562316572 0.7226779989929657 0.6373689527803609 0.0 0.36508582353672625 0.23551316766419758 0.0 
0.0 0.0 0.0 0.0 0.0 0.0 0.0 0.0 

0.0 0.0 0.0 0.0 0.0 0.0 0.0 0.0 
0.0 0.0 0.0 0.0 0.0 0.0 0.0 0.0 
0.0 0.0 0.0 0.0 0.0 0.0 0.0 0.0 
0.0 0.0 0.0 0.0 0.0 0.0 0.0 0.0 
0.0 0.0 0.0 0.0 0.0 0.0 0.0 0.0 
0.0 0.0 0.0 0.0 0.0 0.0 0.0 0.0 
0.0 0.0 0.0 0.0 0.0 0.0 0.0 0.0 
0.0 0.0 0.0 0.0 0.0 0.0 0.0 0.0 

0.0 0.0 0.0 0.0 0.0 0.0 0.0 0.0 
0.0 0.0 0.0 0.0 0.0 0.0 0.0 0.0 
0.0 0.0 0.0 0.0 0.0 0.0 0.0 0.0 
0.0 0.0 0.0 0.0 0.0 0.0 0.0 0.0 
0.0 0.0 0.0 0.0 0.0 0.0 0.0 0.0 
0.0 0.0 0.0 0.0 0.0 0.0 0.0 0.0 
0.0 0.0 0.0 0.0 0.0 0.0 0.0 0.0 
0.0 0.0 0.0 0.0 0.0 0.0 0.0 0.0 

0.0 0.0 0.0 0.0 0.0 0.0 0.0 0.0 
0.0 0.0 0.0 0.0 0.0 0.0 0.0 0.0 
0.0 0.0 0.0 0.0 0.0 0.0 0.0 0.0 
0.0 0.0 0.0 0.0 0.0 0.0 0.0 0.0 
0.0 0.0 0.0 0.0 0.0 0.0 0.0 0.0 
0.0 0.0 0.0 0.0 0.0 0.0 0.0 0.0 
0.0 0.0 0.0 0.0 0.0 0.0 0.0 0.0 
0.0 0.0 0.0 0.0 0.0 0.0 0.0 0.0 

