1.121778999486802 0.9648574202745409 1.6157534688450306 
0.7242905438879498 0.8050574059576111 1.1306787410378873 
1.66355738559534 1.66355738559534 2.0341555377405265 

0.0 0.0 0.0 
0.0 0.0 0.0 
0.0 0.0 0.0 

1.98113549053238 2.191222004007008 2.828492768959867 
2.620277776891139 2.620277776891139 3.0246480625570196 
2.620277776891139 2.620277776891139 3.0246480625570196 

0.22238574149530596 0.12328348629109345 0.12328348629109345 
0.2689377997990141 0.25596498716383204 0.18596695188726178 
0.2689377997990141 0.25596498716383204 0.18596695188726178 

0.6373907710039933 0.6373907710039933 0.07790297046378833 
0.6373907710039933 0.6505157746803378 0.1368221136847351 
0.4646012247884309 0.5816011981603396 0.1368221136847351 

0.0 0.0 0.209632375707897 
0.0 0.0 0.4417622707445608 
0.0 0.0 0.4417622707445608 

0.0 0.0 0.0 
0.0 0.0 0.0 
0.0 0.0 0.0 

1.903464501205872 1.903464501205872 1.4867888760843901 
1.7025903971553489 1.7025903971553489 1.5761589134829324 
1.4589282500756575 1.5553448139495898 1.3164589136085196 

1.8194174641722063 1.763612645845148 2.2968522402393137 
1.244203368062816 1.244203368062816 1.7079859184985369 
1.1716151162713857 1.1716151162713857 1.5269235166048922 

2.1823927414609074 2.1823927414609074 1.8942304548188613 
2.091044540163549 2.27911468516882 2.177358561262167 
2.9918352539329063 3.070659400999008 2.8600310536022926 

1.5668943883271313 1.5668943883271313 1.4292645932477241 
1.9898461351932604 1.9211152760773307 1.6791761451555756 
1.9898461351932604 1.9211152760773307 1.6791761451555756 

2.0797745180118192 2.0797745180118192 1.8406214383647237 
2.4097298103049534 2.3948581093687475 2.1000284625232997 
2.4097298103049534 2.3948581093687475 2.1000284625232997 

3.7615694544556946 3.7493210666983416 3.6245963322959165 
3.874324251463253 3.976440394110083 3.8699770650845453 
3.874324251463253 3.9531495943721113 3.8699770650845453 

0.14521522784525503 0.0 0.9962116869214571 
0.04388375244562576 0.08057729259346261 1.392002385853328 
0.0 0.0 1.392002385853328 

0.0 0.0 0.0 
0.0 0.0 0.009891934010556628 
0.2330922678921505 0.0 0.17019108865161667 

0.0 0.0 0.0 
0.0 0.0 0.0 
0.0 0.0 0.0 

4.518072395078558 4.745059355186744 4.745059355186744 
5.233801458733055 5.155052130694156 5.155052130694156 
5.080081858937401 5.155052130694156 5.155052130694156 

0.7921767145909264 0.7079048060107015 0.5953402542442616 
0.7756669148437628 0.7756669148437628 0.30237837664617256 
0.5783453610805389 0.7412800642545554 0.32695297135871154 

0.0 0.0 0.0 
0.0 0.0 0.0 
0.025754655382670962 0.04741602537658157 0.0 

0.0 0.0 0.44117437477464644 
0.0 0.11776001800467514 0.4312647841749574 
0.8817893465285538 0.979072196599822 0.979072196599822 

