0.0 0.0 0.0 0.0 0.0 0.0 0.0 0.0 
0.0 2.197593453844322 2.569196921900985 2.1910288931319206 2.1910288931319206 3.6603285051214676 3.6603285051214676 0.0 
0.0 2.6977830511489422 2.4668365118644533 2.1910288931319206 2.1910288931319206 2.8800751888561953 2.8800751888561953 0.0 
0.0 2.5045047211066875 1.698582508240635 1.3469605006354115 1.8147521909648803 2.1916298038483917 2.1916298038483917 0.0 
0.0 2.8906237373472683 1.471495055164374 1.471495055164374 2.564687410979752 2.0161864788655133 2.0161864788655133 0.0 
0.0 3.0411290297316813 1.471495055164374 1.471495055164374 2.564687410979752 2.0161864788655133 2.0161864788655133 0.0 
0.0 3.0411290297316813 1.2934172938995183 1.297898245415851 1.700954334172001 1.7470137027716919 1.0875298665151751 0.0 
0.0 0.0 0.0 0.0 0.0 0.0 0.0 0.0 

0.0 0.0 0.0 0.0 0.0 0.0 0.0 0.0 
0.0 0.7621126149941317 0.23247084014116537 0.22790795338848097 0.4107011020966103 1.0298987159071826 0.40169102128748857 0.0 
0.0 0.673352411745478 0.25002107281601493 0.3993355555699079 0.5727787399777737 1.3252647278847591 0.3693486660262609 0.0 
0.0 0.673352411745478 0.3553828714062608 0.7464661615861763 0.5727787399777737 1.3252647278847591 0.31966417918042184 0.0 
0.0 0.0 0.0 0.0375642534983103 0.0 0.0 0.0 0.0 
0.0 0.0 0.0 0.0 0.0 0.0 0.3607382193078131 0.0 
0.0 0.0 0.0 0.0 0.0 0.0 0.35305820463446685 0.0 
0.0 0.0 0.0 0.0 0.0 0.0 0.0 0.0 

0.0 0.0 0.0 0.0 0.0 0.0 0.0 0.0 
0.0 1.812626676305687 1.812626676305687 0.4817906018952256 0.18082194669814916 0.8410936614613206 0.8410936614613206 0.0 
0.0 1.5188279538678733 1.0502456455227607 0.16437328957697223 0.5256319813599786 0.8951693405758196 0.8951693405758196 0.0 
0.0 1.5188279538678733 0.7324641382752558 0.4497429987449584 0.5256319813599786 0.8747155520589011 0.8747155520589011 0.0 
0.0 0.3721752535195682 1.317059282265708 1.317059282265708 0.6791633648957129 0.5174744426761368 0.14199425766300636 0.0 
0.0 0.4043926491421734 0.9558700515791134 0.8911847536191835 0.364133694459209 0.0 0.14199425766300636 0.0 
0.0 0.4043926491421734 0.4359744545078675 0.4359744545078675 0.3685411855781135 0.0 0.0 0.0 
0.0 0.0 0.0 0.0 0.0 0.0 0.0 0.0 

0.0 0.0 0.0 0.0 0.0 0.0 0.0 0.0 
0.0 2.4852756396382385 2.4852756396382385 1.0589967882788947 0.7074920433013496 1.7015825208359046 2.025979546377121 0.0 
0.0 0.9716627922966864 1.0685296037327154 1.0685296037327154 0.7407467883801716 0.8531165914169095 0.8531165914169095 0.0 
0.0 1.26986943215952 2.3227014875919987 2.2870423049130157 0.7407467883801716 0.47927915993699327 1.1174076510678403 0.0 
0.0 0.0 0.6946660462856847 0.8202146735112554 0.8202146735112554 0.0 1.1174076510678403 0.0 
0.0 0.0 0.0 0.07619248981894566 0.07619248981894566 0.0 0.03188180884308972 0.0 
0.0 0.0 0.0 0.0 0.0 0.0 0.0 0.0 
0.0 0.0 0.0 0.0 0.0 0.0 0.0 0.0 

0.0 0.0 0.0 0.0 0.0 0.0 0.0 0.0 
0.0 1.9555565405412865 2.795478525900211 1.7896832189767633 1.218085857737804 1.153128019114089 1.5236612183750893 0.0 
0.0 1.2081871804587472 1.0831833902575085 1.1391826181936533 1.0168851520480802 1.4369131787004463 1.4369131787004463 0.0 
0.0 1.7760702881628647 1.9132634106891189 1.9132634106891189 1.2139294293998062 1.6580606265209965 1.6580606265209965 0.0 
0.0 1.184522980826503 1.1641804216124116 1.4964997697789524 1.2478939347283722 0.9960519274376046 1.201796435712035 0.0 
0.0 1.3594196761593333 0.193993198846362 0.7903384878183805 0.98511630062399 0.22003736435048507 0.5816475713970466 0.0 
0.0 0.5954888656286008 0.131272616378881 0.7903384878183805 0.7903384878183805 0.22003736435048507 0.3752778776830209 0.0 
0.0 0.0 0.0 0.0 0.0 0.0 0.0 0.0 

0.0 0.0 0.0 0.0 0.0 0.0 0.0 0.0 
0.0 1.2605888679922117 0.0 0.09154572072050504 0.07950470429335554 1.0166732066984323 1.0166732066984323 0.0 
0.0 0.41204614044883686 0.7471975978890524 0.013776022074628552 0.06255109972902351 0.0 0.0 0.0 
0.0 0.8176181871743351 0.7471975978890524 0.3048454567557698 0.3048454567557698 0.0 0.00784661151938193 0.0 
0.0 0.8176181871743351 0.0 0.0 0.0 0.0 0.00784661151938193 0.0 
0.0 0.8655183443190524 0.0 0.0 0.2215373359720185 0.0 0.0 0.0 
0.0 0.8053282543074396 0.0 0.0 0.0 0.0 0.0 0.0 
0.0 0.0 0.0 0.0 0.0 0.0 0.0 0.0 

0.0 0.0 0.0 0.0 0.0 0.0 0.0 0.0 
0.0 0.0 0.0 0.8053788138963438 1.0511932894155516 0.0012712285608423302 0.0 0.0 
0.0 0.0 0.16561325006276448 0.21467919288518258 0.21467919288518258 0.1118667992977535 0.0 0.0 
0.0 0.12133804695890876 0.0 0.005283959358989272 1.426521894411833 1.426521894411833 0.0 0.0 
0.0 0.059927821612796583 0.0 0.0 1.426521894411833 1.426521894411833 0.0 0.0 
0.0 1.605990922597154 1.605990922597154 0.0 0.7850735514010604 0.7850735514010604 0.5524070042712315 0.0 
0.0 0.419036194967935 0.419036194967935 0.0 0.7850735514010604 0.7850735514010604 0.5524070042712315 0.0 
0.0 0.0 0.0 0.0 0.0 0.0 0.0 0.0 

0.0 0.0 0.0 0.0 0.0 0.0 0.0 0.0 
0.0 2.761696710468676 1.6314321345287917 1.6721347430024487 2.255402117449863 3.0266413300693213 2.680342935367569 0.0 
0.0 1.9938196770158265 2.3308643744584776 2.3308643744584776 1.8244516133747408 2.4990988559428873 2.4990988559428873 0.0 
0.0 1.4364644455140672 2.536230457055848 2.726439647478273 2.417799992793608 2.1980272501989435 2.1980272501989435 0.0 
0.0 0.8656348509393732 2.536230457055848 2.536230457055848 2.161961316360169 1.3567751636205678 2.5362728155521475 0.0 
0.0 1.2901256017984517 0.8613389448426061 1.5613693091963987 1.5055651715205078 1.5161353666589412 2.144965571961757 0.0 
0.0 2.1369746065102304 2.1369746065102304 1.5613693091963987 1.7683633850750275 1.8233676680004474 2.144965571961757 0.0 
0.0 0.0 0.0 0.0 0.0 0.0 0.0 0.0 

0.0 0.0 0.0 0.0 0.0 0.0 0.0 0.0 
0.0 0.13034290084182143 0.0 0.0 0.0 0.0372350123716712 0.0372350123716712 0.0 
0.0 0.0 0.0 0.0 0.0 0.0 0.0 0.0 
0.0 0.0 0.0 0.0 0.0 0.0 0.0 0.0 
0.0 0.0 0.0 0.0 0.0 0.0 0.0 0.0 
0.0 0.0 0.0 0.0 0.0 0.0 0.0 0.0 
0.0 0.0 0.0 0.0 0.0 0.0 0.0 0.0 
0.0 0.0 0.0 0.0 0.0 0.0 0.0 0.0 

0.0 0.0 0.0 0.0 0.0 0.0 0.0 0.0 
0.0 0.7559383904725405 0.0 0.34836535155151 0.34836535155151 1.6109986610177487 1.6109986610177487 0.0 
0.0 0.2575308885649097 1.2206937599148848 1.2206937599148848 0.5616948514297967 0.510913342696434 0.5975742949806713 0.0 
0.0 0.0 1.2206937599148848 1.589545635506563 0.8829330463281596 0.510913342696434 0.3354801953586187 0.0 
0.0 0.0 0.0 0.0 0.14244678486111306 0.0 0.0 0.0 
0.0 0.15358558605365918 0.0 0.0 0.0 0.0 0.0 0.0 
0.0 0.7971821243930808 0.0 0.0 0.0 0.0 0.0 0.0 
0.0 0.0 0.0 0.0 0.0 0.0 0.0 0.0 

0.0 0.0 0.0 0.0 0.0 0.0 0.0 0.0 
0.0 1.5488530634198883 0.14498047314026635 0.14498047314026635 0.7403519446182998 1.3233931459118762 0.07933152716817155 0.0 
0.0 0.887409383241863 1.1622202420129688 0.3405000474981264 0.3405000474981264 0.6140044696608155 0.0 0.0 
0.0 0.887409383241863 1.1622202420129688 0.3405000474981264 0.3405000474981264 1.631384932315556 1.4307614819400545 0.0 
0.0 0.0 0.0 0.0 0.0 1.631384932315556 1.4307614819400545 0.0 
0.0 0.0 0.0 0.0 0.0 0.0 0.3094501824633145 0.0 
0.0 0.0 0.0 0.0 0.0 0.0 0.0 0.0 
0.0 0.0 0.0 0.0 0.0 0.0 0.0 0.0 

0.0 0.0 0.0 0.0 0.0 0.0 0.0 0.0 
0.0 2.7192579894586943 0.6281216076367967 0.6285359532339286 1.3933348573320612 3.072300444517033 1.7145444369742293 0.0 
0.0 3.507677029183534 0.6281216076367967 0.7183484269760269 1.8193203291145217 3.072300444517033 1.610943136364444 0.0 
0.0 1.1361659730330238 0.6209577165425264 0.6162299389605138 0.965750940988776 2.505064521565149 1.1813576036915128 0.0 
0.0 0.0 0.3226384364687252 0.6548000509105647 0.6548000509105647 0.8052742416181655 0.9615533403527291 0.0 
0.0 0.0 0.29833143331040896 0.29833143331040896 0.0 0.8052742416181655 0.9615533403527291 0.0 
0.0 0.6742675892205463 0.29833143331040896 0.29833143331040896 0.0 0.08193115172144291 0.5034358665310321 0.0 
0.0 0.0 0.0 0.0 0.0 0.0 0.0 0.0 

0.0 0.0 0.0 0.0 0.0 0.0 0.0 0.0 
0.0 2.949153709554032 0.7730772780193086 0.5995618372796729 1.482996198106185 1.7915901965296592 1.7915901965296592 0.0 
0.0 1.913284841005952 1.913284841005952 1.3448535819744336 1.3448535819744336 0.3706662949764945 0.5917352416658169 0.0 
0.0 2.19831385519804 2.19831385519804 1.3448535819744336 1.3448535819744336 1.3166209738914616 1.0512130040444059 0.0 
0.0 1.5585773949941868 0.0 0.0 1.3166209738914616 1.3166209738914616 1.0512130040444059 0.0 
0.0 1.1567124827958057 0.0 0.1943312494880631 0.24445140063242704 0.08326677370193158 0.08326677370193158 0.0 
0.0 1.1567124827958057 0.0 0.1943312494880631 0.0 0.0 0.0 0.0 
0.0 0.0 0.0 0.0 0.0 0.0 0.0 0.0 

0.0 0.0 0.0 0.0 0.0 0.0 0.0 0.0 
0.0 2.504835818544747 1.7066852783263766 2.0595668976137302 1.932479453995704 2.218325488630205 2.218325488630205 0.0 
0.0 1.7384001162308498 1.735048332360277 0.4200244518548789 1.457480906953817 1.42575959131428 0.17116440497760163 0.0 
0.0 3.4331308278766834 2.8012780563178756 0.609663849668004 1.9474877169763114 3.3849486131087136 3.3849486131087136 0.0 
0.0 3.2001408588634472 2.964321320784208 2.964321320784208 2.032342144849274 3.3849486131087136 3.3849486131087136 0.0 
0.0 3.8245842119122737 3.5274649743970095 2.6746816137503187 1.7692220726025705 2.10862371047965 1.536019559827891 0.0 
0.0 2.440055616324515 2.369225548282062 2.7054553745572703 2.7054553745572703 1.536019559827891 1.536019559827891 0.0 
0.0 0.0 0.0 0.0 0.0 0.0 0.0 0.0 

0.0 0.0 0.0 0.0 0.0 0.0 0.0 0.0 
0.0 0.8240408435996891 0.9997057521845663 0.4242006983419516 0.0 1.6246764357200338 1.6246764357200338 0.0 
0.0 1.1327469257469855 0.7517508723098464 0.0 0.0 1.6246764357200338 1.6246764357200338 0.0 
0.0 0.4255110638661148 0.0 0.0 0.41900301890592034 1.3336830439523712 1.3336830439523712 0.0 
0.0 0.0 0.33154616443562956 0.33154616443562956 0.8064245003552892 0.0 0.0 0.0 
0.0 0.0 0.33154616443562956 0.33154616443562956 0.8064245003552892 0.0 0.0 0.0 
0.0 0.0 0.0 0.0 0.0 0.0 0.0 0.0 
0.0 0.0 0.0 0.0 0.0 0.0 0.0 0.0 

0.0 0.0 0.0 0.0 0.0 0.0 0.0 0.0 
0.0 0.20952079164580503 0.40950003626227477 1.0232146915903446 1.354073603070295 0.9041746596958151 0.9041746596958151 0.0 
0.0 0.20952079164580503 0.6223658811113224 0.6223658811113224 0.3364851521379404 0.0 0.5967858455011843 0.0 
0.0 0.27774375314266025 0.6223658811113224 0.6223658811113224 0.3404100523052126 0.9560635894841939 1.6949392320796468 0.0 
0.0 0.2184820942880087 0.0 0.24632608512651077 0.7416750361023207 0.9560635894841939 1.5144247787187162 0.0 
0.0 1.5064802133042914 0.6570093196064221 0.5734297689102869 1.2473440024249083 1.0470301422527089 0.15335442644426434 0.0 
0.0 0.5106826196236947 0.5734297689102869 0.5734297689102869 1.2473440024249083 1.0470301422527089 0.14885755891697916 0.0 
0.0 0.0 0.0 0.0 0.0 0.0 0.0 0.0 

0.0 0.0 0.0 0.0 0.0 0.0 0.0 0.0 
0.0 1.071748854955237 1.071748854955237 0.2068274561705804 0.2068274561705804 0.0 0.6805749897636039 0.0 
0.0 0.0 0.0 0.0 0.0 0.0 0.0 0.0 
0.0 0.0 0.0 0.014097405809135988 0.18005089702004023 0.09413991609799566 0.0 0.0 
0.0 0.21460667524222032 0.0 0.014097405809135988 0.18005089702004023 0.09413991609799566 0.0 0.0 
0.0 0.21460667524222032 0.0 0.0 0.08663040266265809 0.3429991212371041 0.0 0.0 
0.0 0.0 0.0 0.0 0.0 0.0 0.0 0.0 
0.0 0.0 0.0 0.0 0.0 0.0 0.0 0.0 

0.0 0.0 0.0 0.0 0.0 0.0 0.0 0.0 
0.0 1.3137683059662046 1.3137683059662046 0.6823449194871073 1.7322036200401656 1.7322036200401656 0.5895808512497862 0.0 
0.0 2.1566201851133338 0.5357482857857669 0.3984945726367444 1.7798912680099013 1.7798912680099013 0.5895808512497862 0.0 
0.0 2.1566201851133338 0.5143057275481182 0.10534491448380881 2.136742722713633 2.136742722713633 0.0994702453559467 0.0 
0.0 0.9671656983589888 0.9671656983589888 0.8104226013333958 2.136742722713633 2.136742722713633 0.22661992155919347 0.0 
0.0 0.9671656983589888 0.9671656983589888 0.8104226013333958 0.0024236967712873425 0.22661992155919347 0.22661992155919347 0.0 
0.0 1.0854116741577668 1.0854116741577668 0.6769495787836607 0.0 0.9897384883954602 0.9897384883954602 0.0 
0.0 0.0 0.0 0.0 0.0 0.0 0.0 0.0 

0.0 0.0 0.0 0.0 0.0 0.0 0.0 0.0 
0.0 2.335102444998485 0.5021119222586137 0.0 0.8603484968415445 0.8603484968415445 0.0 0.0 
0.0 1.800150884160373 0.0 0.0 0.6963571470718654 0.6963571470718654 0.0 0.0 
0.0 0.2577661507002533 0.38658707422802985 0.9832906138360827 0.6695877666322898 0.6695877666322898 0.2995677942334955 0.0 
0.0 0.1838407563668652 0.38658707422802985 0.9832906138360827 0.2568359878331513 0.2995677942334955 0.2995677942334955 0.0 
0.0 0.0 0.1835931810665425 0.1835931810665425 0.0 0.0 0.0 0.0 
0.0 0.0 0.0 0.0 0.0 0.0 0.0 0.0 
0.0 0.0 0.0 0.0 0.0 0.0 0.0 0.0 

0.0 0.0 0.0 0.0 0.0 0.0 0.0 0.0 
0.0 2.3684721247614964 1.0798957098611461 0.8753187442841339 1.3707963668718826 1.9404922739367383 0.7018389281051715 0.0 
0.0 1.5993512897249618 1.0798957098611461 0.07103272672099636 0.8134344435936101 0.8134344435936101 0.0 0.0 
0.0 3.0345709062927972 3.0345709062927972 0.2171643847004378 0.4630764590245182 0.4630764590245182 0.0 0.0 
0.0 3.0345709062927972 3.0345709062927972 1.0526119643572254 1.3440876700648963 2.168760332909316 1.5482139610091072 0.0 
0.0 2.6433522966380405 1.604954696977865 1.0342164889019916 1.3440876700648963 1.730196315642925 1.5482139610091072 0.0 
0.0 2.6433522966380405 1.4240520079948966 2.1114949419973335 2.0141551916157616 0.7225155106154478 0.5034397131613496 0.0 
0.0 0.0 0.0 0.0 0.0 0.0 0.0 0.0 

0.0 0.0 0.0 0.0 0.0 0.0 0.0 0.0 
0.0 0.0 0.0 0.0 0.0 0.0 0.5988448786115139 0.0 
0.0 0.0 0.0 0.0 0.0 0.0 0.0 0.0 
0.0 0.0 0.0 0.0 0.0 0.0 0.0 0.0 
0.0 0.0 0.0 0.0 0.0 0.0 0.310352640346532 0.0 
0.0 0.0 0.0 0.0 0.0 0.0 0.310352640346532 0.0 
0.0 0.0 0.0 0.0 0.0 0.0 0.0 0.0 
0.0 0.0 0.0 0.0 0.0 0.0 0.0 0.0 

0.0 0.0 0.0 0.0 0.0 0.0 0.0 0.0 
0.0 1.1217287915351224 0.8187222156601484 0.3143925061697511 0.43258353091415414 0.7997776451223003 0.7997776451223003 0.0 
0.0 0.9843108963475113 0.11232644154383697 0.0 0.05110320519262932 0.5016287268394592 0.5016287268394592 0.0 
0.0 0.5129004468803352 1.0404507719873652 1.146171745561825 0.6764477242014756 0.36583686185662395 0.36583686185662395 0.0 
0.0 0.5129004468803352 1.0404507719873652 1.146171745561825 0.6764477242014756 0.0 0.03451708595430164 0.0 
0.0 0.0 0.1373360183755255 0.1373360183755255 0.0 0.0 0.03451708595430164 0.0 
0.0 0.20162301032868007 0.07999232784088883 0.151400452041835 0.0 0.0 0.0 0.0 
0.0 0.0 0.0 0.0 0.0 0.0 0.0 0.0 

0.0 0.0 0.0 0.0 0.0 0.0 0.0 0.0 
0.0 1.2623066504412388 1.2623066504412388 0.6641038623990339 0.8921620026917105 1.3213769619867954 1.3213769619867954 0.0 
0.0 1.5748989284911656 1.7637294645084873 1.5916714006454797 0.7331101344872345 0.7952255011308369 0.7952255011308369 0.0 
0.0 1.5748989284911656 1.9118257570297315 1.9118257570297315 1.1804328338407215 1.1091639032850533 1.7408873862637169 0.0 
0.0 0.42818611207426965 1.1136709038543118 1.1804328338407215 1.1804328338407215 1.1091639032850533 1.7408873862637169 0.0 
0.0 0.8405232389145865 0.7331837775906579 1.0030637397306128 1.0030637397306128 0.6511473673616892 0.5828349699953723 0.0 
0.0 0.8405232389145865 0.7331837775906579 0.937724911903769 0.937724911903769 0.5294827584156211 0.45963575545915936 0.0 
0.0 0.0 0.0 0.0 0.0 0.0 0.0 0.0 

0.0 0.0 0.0 0.0 0.0 0.0 0.0 0.0 
0.0 1.6152864458543768 0.4175502401075417 0.0 0.0 0.5619624282204254 0.5619624282204254 0.0 
0.0 0.5697298465375805 0.4366271992355691 0.4366271992355691 0.17327310410522134 0.6393749991293148 0.6393749991293148 0.0 
0.0 0.0 0.8737517537164274 0.8804868160052094 0.1439895476122235 0.49715425211154246 0.49715425211154246 0.0 
0.0 0.0 0.0 0.39264899705796585 0.39264899705796585 0.0 0.0 0.0 
0.0 0.0 0.0 0.0 0.0 0.0 0.0 0.0 
0.0 0.0 0.0 0.0 0.0 0.0 0.0 0.0 
0.0 0.0 0.0 0.0 0.0 0.0 0.0 0.0 

0.0 0.0 0.0 0.0 0.0 0.0 0.0 0.0 
0.0 0.5054713224786468 0.38765466094656115 0.9850637669494035 1.0287359610342106 0.0 1.243310988306082 0.0 
0.0 0.1497519368189067 0.6642334846786343 0.8370415466002563 1.0287359610342106 0.0 0.0 0.0 
0.0 1.2988908393283587 0.0 0.7194203044184113 0.7008616818519028 0.0 0.0 0.0 
0.0 1.2988908393283587 0.0 0.0 0.0 0.0 1.083176884537403 0.0 
0.0 1.6265759623270732 1.0168885032071242 0.8339399386041271 0.5848125187287653 0.6502974628519289 0.3533762302944721 0.0 
0.0 1.6265759623270732 1.0168885032071242 0.8339399386041271 0.7547822457377984 0.8141440307533636 0.8863097298489317 0.0 
0.0 0.0 0.0 0.0 0.0 0.0 0.0 0.0 

0.0 0.0 0.0 0.0 0.0 0.0 0.0 0.0 
0.0 2.894167789236955 0.29127584789069566 0.4582658724517673 0.4582658724517673 1.8724282430370274 1.8724282430370274 0.0 
0.0 2.894167789236955 0.3377079037016195 0.4725560709496706 0.4725560709496706 1.462229022281915 1.2129180186928732 0.0 
0.0 1.332490003584654 0.3377079037016195 0.6851187304344818 1.02941626459893 1.462229022281915 0.9529470352230656 0.0 
0.0 0.781068841480377 0.6206277304939289 0.5340166097260624 1.02941626459893 1.02941626459893 0.0 0.0 
0.0 0.9328914018861023 0.41547710415387773 0.14953341372828383 0.7267005217766155 0.0 0.0 0.0 
0.0 1.3198559569018675 0.07175515748433697 0.0 0.0 0.0 0.0 0.0 
0.0 0.0 0.0 0.0 0.0 0.0 0.0 0.0 

0.0 0.0 0.0 0.0 0.0 0.0 0.0 0.0 
0.0 3.4402817987680274 3.2915170434903454 0.959012371554334 0.9265294409938253 2.5661739285876193 2.5661739285876193 0.0 
0.0 2.1664526744054964 1.668565208706349 1.140961143477579 0.9859451915772973 1.088149610424731 1.088149610424731 0.0 
0.0 4.348629872551209 4.348629872551209 2.886316589427109 1.9558345434914648 2.0705383198447294 1.7961018591332452 0.0 
0.0 4.7500998618932 4.792735275918378 2.9450892367824864 2.094576709726795 2.2757442166135537 2.2757442166135537 0.0 
0.0 3.942442092756552 3.959911424198846 2.5665302221566773 2.1157389783160743 2.2757442166135537 2.2757442166135537 0.0 
0.0 1.3170686756739394 2.1804251034047653 2.1804251034047653 1.6015750536165232 0.6528867937054157 0.5643549430696393 0.0 
0.0 0.0 0.0 0.0 0.0 0.0 0.0 0.0 

0.0 0.0 0.0 0.0 0.0 0.0 0.0 0.0 
0.0 1.0157286340452447 1.0157286340452447 0.05607745995491456 0.0 1.3274614940022693 0.7355153336760872 0.0 
0.0 0.17126922109425366 0.933333902041837 0.933333902041837 0.0 0.9063251857810954 0.9063251857810954 0.0 
0.0 0.0 1.5061961898049587 1.5061961898049587 0.7302742559682014 0.2485020024353525 0.2485020024353525 0.0 
0.0 0.0 0.7065347480697467 1.9751700425402734 1.9751700425402734 0.0 0.0 0.0 
0.0 0.0 0.0 1.7106786537479597 1.7106786537479597 0.0 0.0 0.0 
0.0 0.0 0.0 0.0 0.0 0.0 0.0 0.0 
0.0 0.0 0.0 0.0 0.0 0.0 0.0 0.0 

0.0 0.0 0.0 0.0 0.0 0.0 0.0 0.0 
0.0 0.055215441110158414 0.19386485051659408 0.5840449155356685 0.5762114788132265 0.0 0.0 0.0 
0.0 0.22559636650607903 0.22559636650607903 0.5840449155356685 0.5762114788132265 0.0 0.0 0.0 
0.0 0.5506140687544161 0.22559636650607903 0.0 0.12568295919405423 0.0 0.0 0.0 
0.0 0.6169483838415041 0.0 0.0 0.0 0.7641584294910665 0.7641584294910665 0.0 
0.0 0.6192225716264226 0.1445691398990846 0.1445691398990846 0.11231844777841082 0.11231844777841082 0.0 0.0 
0.0 0.7912628319345447 0.0 0.0 0.13760372173900134 0.13760372173900134 0.0 0.0 
0.0 0.0 0.0 0.0 0.0 0.0 0.0 0.0 

0.0 0.0 0.0 0.0 0.0 0.0 0.0 0.0 
0.0 0.28894459937264944 0.0 0.34150497146666126 0.148003909009496 0.6683282690477291 0.6683282690477291 0.0 
0.0 0.0 0.0 0.0 0.0 0.0 0.0 0.0 
0.0 0.0 0.0 0.0 0.0 0.0 0.0 0.0 
0.0 0.04167549196803 0.0 0.0 0.0 0.0 0.0 0.0 
0.0 0.7929716250083709 0.07658137973464813 0.07658137973464813 0.05721976608695706 0.05721976608695706 0.0 0.0 
0.0 0.7929716250083709 0.0 0.0 0.0 0.31974177632003276 0.20815239744785635 0.0 
0.0 0.0 0.0 0.0 0.0 0.0 0.0 0.0 

0.0 0.0 0.0 0.0 0.0 0.0 0.0 0.0 
0.0 0.0 0.0 0.0 0.0 0.0 0.0 0.0 
0.0 0.0 0.0 0.0 0.0 0.0 0.0 0.0 
0.0 0.0 0.0 0.0 0.0 0.0 0.0 0.0 
0.0 0.0 0.0 0.0 0.0 0.0 0.0 0.0 
0.0 0.0 0.0 0.0 0.0 0.0 0.0 0.0 
0.0 0.0 0.0 0.0 0.0 0.0 0.0 0.0 
0.0 0.0 0.0 0.0 0.0 0.0 0.0 0.0 

0.0 0.0 0.0 0.0 0.0 0.0 0.0 0.0 
0.0 0.0 0.0 0.0 0.0 0.0 0.0 0.0 
0.0 0.0 0.0 0.0 0.0 0.0 0.0 0.0 
0.0 0.0 0.0 0.0 0.0 0.1622163233139553 0.0 0.0 
0.0 0.023123047287177068 0.0 0.0 0.0 0.1622163233139553 0.0 0.0 
0.0 0.7292084256450041 0.0 0.0 0.0 0.0 0.0 0.0 
0.0 0.0 0.0 0.0 0.0 0.0 0.0 0.0 
0.0 0.0 0.0 0.0 0.0 0.0 0.0 0.0 

