0.0 0.0 0.0 0.0 0.0 0.0 0.0 0.0 
0.0 4.07262643705955 1.421064729855871 2.408462495585119 2.408462495585119 1.190644227067365 0.33833752542935197 0.0 
0.0 3.5603153292678775 2.0449987479761007 1.5606462421186393 2.0819454249022797 2.9018084905543033 0.7385371984084189 0.0 
0.0 2.7112132713173005 2.149852023876849 2.149852023876849 2.0819454249022797 2.9018084905543033 0.9860363249925707 0.0 
0.0 3.1338552114648532 2.149852023876849 2.149852023876849 1.4354710923304452 1.6557624005605536 1.119594200127499 0.0 
0.0 3.1338552114648532 2.1641984103244694 2.0529870694314174 1.5678805838488905 1.6789729106811382 1.119594200127499 0.0 
0.0 1.770143127671644 1.5130865955730866 1.5678805838488905 1.8379433497037936 2.013699875904515 1.1249187993434728 0.0 
0.0 0.0 0.0 0.0 0.0 0.0 0.0 0.0 

0.0 0.0 0.0 0.0 0.0 0.0 0.0 0.0 
0.0 0.004362960736833343 0.24859221708859783 0.19362444163374468 0.226357976213636 0.12885094017720233 0.3825307796978708 0.0 
0.0 0.0 0.0 0.0 0.0 0.0 0.7733360647970609 0.0 
0.0 0.0 0.0 0.0 0.0 0.13483047813441407 0.7733360647970609 0.0 
0.0 0.3018479180156237 0.3018479180156237 0.0 0.0 0.13483047813441407 0.4346180026702405 0.0 
0.0 0.481113067052678 0.481113067052678 0.0 0.0 0.0 0.0 0.0 
0.0 0.3131243874228707 0.2741671211665129 0.31015886032841034 0.1900359114526226 0.0 0.0 0.0 
0.0 0.0 0.0 0.0 0.0 0.0 0.0 0.0 

0.0 0.0 0.0 0.0 0.0 0.0 0.0 0.0 
0.0 0.565220403674672 0.565220403674672 0.500936612508933 0.786662970682444 0.5197724346563224 0.3520599434509693 0.0 
0.0 1.2584849407882412 0.7390639136411914 0.5391010934437355 0.786662970682444 0.6906386043477668 0.741642279861892 0.0 
0.0 1.2584849407882412 0.7706484344224699 0.7706484344224699 0.15530023403712273 0.6906386043477668 0.6906386043477668 0.0 
0.0 0.6343972112298218 0.7842894065767985 0.7842894065767985 0.43939184198486025 0.3668128285789902 0.03193125372424539 0.0 
0.0 1.1384861671869648 1.1475288264631291 0.7842894065767985 0.3668128285789902 0.3668128285789902 0.22391429346577463 0.0 
0.0 1.0369210691024087 1.0369210691024087 0.4887946020203476 0.19536964433722726 0.26061739332441286 0.16017366834472366 0.0 
0.0 0.0 0.0 0.0 0.0 0.0 0.0 0.0 

0.0 0.0 0.0 0.0 0.0 0.0 0.0 0.0 
0.0 2.140729611895172 2.140729611895172 0.9987855268074635 3.5997015357337063 1.2473854518227347 1.9772806398237677 0.0 
0.0 0.0 1.5094221411541227 0.8311274811606286 0.0 0.8894598225467923 1.0401048518084228 0.0 
0.0 0.0 0.6718458529668107 0.3539402736079344 0.0 0.0 0.6453979927891627 0.0 
0.0 0.0 0.9431134302378885 0.6533764861827973 0.1060405966688033 0.0 0.6453979927891627 0.0 
0.0 0.0 0.9431134302378885 0.6533764861827973 0.0 0.0 0.16331158765105228 0.0 
0.0 0.0 0.10199095865646282 0.181114559162212 0.181114559162212 0.0 0.0 0.0 
0.0 0.0 0.0 0.0 0.0 0.0 0.0 0.0 

0.0 0.0 0.0 0.0 0.0 0.0 0.0 0.0 
0.0 1.5023192466033772 1.4812059124563737 1.6989935602735335 1.6989935602735335 1.7157752404518598 1.3095536612410683 0.0 
0.0 1.6221533913823167 1.4812059124563737 0.8849498451206945 0.3908841339679839 0.45768229173426744 0.10098852770117225 0.0 
0.0 1.9744905895252094 0.6670351599354023 0.9254261788875059 0.8039506708944636 1.3318231254799253 1.056701201391678 0.0 
0.0 1.5911153702330987 1.4188517527569409 1.3646810607594166 0.8284694357822147 1.3318231254799253 1.056701201391678 0.0 
0.0 1.193044437308797 1.3184977714388129 1.2725345663509202 0.572021783140677 0.9160901562003283 0.9160901562003283 0.0 
0.0 1.0269978607014987 1.1540892249501018 0.7183164168286754 0.6232493925418553 0.9126981527660102 0.3060005489606682 0.0 
0.0 0.0 0.0 0.0 0.0 0.0 0.0 0.0 

0.0 0.0 0.0 0.0 0.0 0.0 0.0 0.0 
0.0 1.1008637480372165 0.44667065390593136 0.44667065390593136 0.7129140376935061 0.9417552704429474 0.0 0.0 
0.0 0.0 0.44667065390593136 0.44667065390593136 0.7129140376935061 0.7129140376935061 0.0 0.0 
0.0 1.232601946464319 0.012839339359638088 0.06302531941976042 0.0 0.4564120159665659 0.0 0.0 
0.0 1.232601946464319 0.0 0.23054510057826386 0.031749642907928456 0.4564120159665659 0.0 0.0 
0.0 0.09946502540538849 0.0 0.23054510057826386 0.04281849947591117 0.23372551456869947 0.0 0.0 
0.0 0.0 0.0 0.04281849947591117 0.04281849947591117 0.23372551456869947 0.0 0.0 
0.0 0.0 0.0 0.0 0.0 0.0 0.0 0.0 

0.0 0.0 0.0 0.0 0.0 0.0 0.0 0.0 
0.0 0.6693927306038198 0.3602025226910076 0.49259453828700933 0.7790338852811711 0.2519395271871797 0.06809419765253098 0.0 
0.0 0.15157012622556015 0.0 0.3843098206565521 0.7963970975587977 0.4073265772620851 0.4170196506036252 0.0 
0.0 0.9072693809578626 0.0 0.442979741549258 0.442979741549258 0.4073265772620851 0.4170196506036252 0.0 
0.0 0.8176395640061709 0.0 0.2537121427997818 0.46954625983045645 0.46954625983045645 0.0 0.0 
0.0 0.7802324127175656 0.0 0.5418732721449049 0.5639670360904164 0.5639670360904164 0.39241600410138233 0.0 
0.0 0.8197464411969946 0.47766235099177934 0.5463571502253807 0.5639670360904164 0.5639670360904164 0.39241600410138233 0.0 
0.0 0.0 0.0 0.0 0.0 0.0 0.0 0.0 

0.0 0.0 0.0 0.0 0.0 0.0 0.0 0.0 
0.0 2.242931036904416 2.242931036904416 1.8457407404891302 1.960404935688315 2.113593758741981 2.142199066183226 0.0 
0.0 2.242931036904416 2.242931036904416 1.5058094620806148 1.4980443427438628 2.3516674358433667 2.3516674358433667 0.0 
0.0 2.1120123627366154 2.2305237398761677 1.9966529395553432 1.9318951189339164 2.3516674358433667 2.352732300421165 0.0 
0.0 2.1120123627366154 2.182969570300004 1.6642144727185237 1.9318951189339164 1.9318951189339164 2.249840002153094 0.0 
0.0 1.9562385641159825 1.9562385641159825 1.7575557543875988 1.6865647420103136 1.268612562339448 1.9395917159237286 0.0 
0.0 1.9687705084052023 1.9131240502874398 1.9131240502874398 1.591859212966442 1.5949815162624967 2.206159039653775 0.0 
0.0 0.0 0.0 0.0 0.0 0.0 0.0 0.0 

0.0 0.0 0.0 0.0 0.0 0.0 0.0 0.0 
0.0 0.6959241471617428 0.0 0.0 0.0 0.0 0.0 0.0 
0.0 0.6959241471617428 0.0 0.0 0.0 0.0 0.0 0.0 
0.0 0.03993498493398315 0.0 0.0 0.0 0.0 0.0 0.0 
0.0 0.5843296245795373 0.0 0.0 0.0 0.0 0.0 0.0 
0.0 0.0 0.0 0.0 0.0 0.0 0.0 0.0 
0.0 0.0 0.0 0.0 0.0 0.0 0.0 0.0 
0.0 0.0 0.0 0.0 0.0 0.0 0.0 0.0 

0.0 0.0 0.0 0.0 0.0 0.0 0.0 0.0 
0.0 1.0943178218190246 0.0 0.22222944277833667 0.0 0.0 0.0 0.0 
0.0 0.6775702967678341 0.0 0.0 0.0 0.0 0.0 0.0 
0.0 0.0 0.26679577734058657 0.26679577734058657 0.0 0.0 0.0 0.0 
0.0 0.0 0.26679577734058657 0.26679577734058657 0.0 0.0 0.0 0.0 
0.0 0.28695151068223895 0.0 0.0 0.0 0.0 0.0 0.0 
0.0 0.40088258042533026 0.0 0.28717177638133207 0.24869020623131352 0.24869020623131352 0.0 0.0 
0.0 0.0 0.0 0.0 0.0 0.0 0.0 0.0 

0.0 0.0 0.0 0.0 0.0 0.0 0.0 0.0 
0.0 1.84026553904251 0.4416775389370732 0.5805183673922013 0.6075428421380505 1.3235828577506614 0.9133141638232133 0.0 
0.0 0.0 0.0 0.305424900069541 0.0 0.0 0.22558517386840052 0.0 
0.0 0.0 0.0 0.0 0.0 0.2181863618129605 0.614558317434226 0.0 
0.0 0.0 0.0 0.03706638578842045 0.0 0.2181863618129605 0.614558317434226 0.0 
0.0 0.0 0.0 0.0 0.0 0.0 0.0 0.0 
0.0 0.0 0.0 0.0 0.0 0.0 0.0 0.0 
0.0 0.0 0.0 0.0 0.0 0.0 0.0 0.0 

0.0 0.0 0.0 0.0 0.0 0.0 0.0 0.0 
0.0 0.06180527505918343 0.047651256095055855 0.7823683547728786 0.0 0.0 0.0 0.0 
0.0 0.06180527505918343 0.0 0.0 0.7165808264836363 0.7165808264836363 0.39369155599656325 0.0 
0.0 1.1017638849694833 1.1017638849694833 0.24794217332351676 0.7165808264836363 0.7165808264836363 0.8242872012327856 0.0 
0.0 1.7577468135452599 1.7577468135452599 0.24794217332351676 0.0 0.0 0.44453023561492444 0.0 
0.0 1.6637576773569471 1.6637576773569471 0.1447599144302139 0.0 0.0 0.44453023561492444 0.0 
0.0 0.12250109603668746 0.12250109603668746 0.1447599144302139 0.0 0.0 0.08809518680015105 0.0 
0.0 0.0 0.0 0.0 0.0 0.0 0.0 0.0 

0.0 0.0 0.0 0.0 0.0 0.0 0.0 0.0 
0.0 3.424843486550434 1.345518758094702 2.031130414854722 1.9153018075369839 1.424419688902258 1.3791611722865698 0.0 
0.0 1.2750398553963342 0.7675519436810729 0.7675519436810729 1.119152394520377 1.119152394520377 0.7015287570297741 0.0 
0.0 1.3638717784440704 0.5206432981588485 0.9544187506590317 0.6564221241883946 1.3588480534967087 0.7015287570297741 0.0 
0.0 1.0450850034894306 1.0187357013880964 1.0428884020844786 0.5247360053893182 1.3588480534967087 0.5600448037926455 0.0 
0.0 0.8778220251520168 1.0187357013880964 0.5663032715907382 1.0881104724904493 1.0881104724904493 0.5600448037926455 0.0 
0.0 0.7487031603482383 0.4728814380752433 0.667902185994008 1.0881104724904493 1.0881104724904493 0.0 0.0 
0.0 0.0 0.0 0.0 0.0 0.0 0.0 0.0 

0.0 0.0 0.0 0.0 0.0 0.0 0.0 0.0 
0.0 3.489041577057064 2.6628187425120022 2.564951625114088 3.1762038378678246 2.8019233729554966 1.928240319892975 0.0 
0.0 3.5395667641579305 2.6628187425120022 2.58386551908505 2.421724173069706 3.01330181547468 3.01330181547468 0.0 
0.0 3.164113735596539 1.9286947212926826 1.9286947212926826 1.1421992992970227 1.2558398068266872 1.2558398068266872 0.0 
0.0 3.001425475458341 0.9165744990975224 1.6207861117780704 1.7367297427244615 2.1540565998462733 2.017260461783162 0.0 
0.0 3.001425475458341 1.2224172411373477 1.6207861117780704 1.7367297427244615 2.1540565998462733 2.1492329953890095 0.0 
0.0 0.5885209134653022 1.2224172411373477 1.1743282558881492 0.9771995809070855 2.1492329953890095 2.1492329953890095 0.0 
0.0 0.0 0.0 0.0 0.0 0.0 0.0 0.0 

0.0 0.0 0.0 0.0 0.0 0.0 0.0 0.0 
0.0 0.0 0.0 0.0 0.13241804439822824 0.0 0.0 0.0 
0.0 0.4714406559297564 0.4714406559297564 0.0 0.13241804439822824 0.0 0.0 0.0 
0.0 0.4714406559297564 0.4714406559297564 0.4385846546398659 0.0 0.0 0.0 0.0 
0.0 0.0 0.5066935572556132 0.4385846546398659 0.0 0.0 0.0 0.0 
0.0 0.0 0.568175128230851 0.568175128230851 0.0 0.0 0.0 0.0 
0.0 0.0 0.21692167261705778 0.21692167261705778 0.0 0.0 0.0 0.0 
0.0 0.0 0.0 0.0 0.0 0.0 0.0 0.0 

0.0 0.0 0.0 0.0 0.0 0.0 0.0 0.0 
0.0 1.3203913656262625 1.2930401564564125 0.4763856320121257 0.655190088870003 1.2827234155929845 0.7272150247608071 0.0 
0.0 0.0 1.1616255774034268 0.2706790750750638 0.19057464386413905 1.0001761157014117 0.051303534663710515 0.0 
0.0 0.49769364419236267 0.09883620679986584 0.2706790750750638 0.19057464386413905 0.7123788940862085 0.7123788940862085 0.0 
0.0 0.49769364419236267 0.4196429593704766 0.4196429593704766 0.1877500382211359 0.25048194286663156 0.24503994963075154 0.0 
0.0 0.04534450247244621 0.5592233656597886 0.5592233656597886 0.4527807948678388 0.4875305396483436 0.2641828665551157 0.0 
0.0 0.04534450247244621 0.5592233656597886 0.5592233656597886 0.4207215262835597 0.18143668596550522 0.18143668596550522 0.0 
0.0 0.0 0.0 0.0 0.0 0.0 0.0 0.0 

0.0 0.0 0.0 0.0 0.0 0.0 0.0 0.0 
0.0 0.24024760927085786 0.0 0.0 1.128917731008388 0.34368209698779206 0.0 0.0 
0.0 0.0 0.3862736611124154 0.3862736611124154 1.0862980066365706 0.6294243655934283 0.6294243655934283 0.0 
0.0 0.3597331177775782 0.4710589467542269 0.4710589467542269 0.0 0.6294243655934283 0.6294243655934283 0.0 
0.0 0.0 0.0 0.0 0.11315695460843983 0.0 0.0 0.0 
0.0 0.12041430518251028 0.0 0.2592922582294179 0.2592922582294179 0.07432516512621923 0.07432516512621923 0.0 
0.0 0.12041430518251028 0.0 0.016916472135386496 0.0 0.07432516512621923 0.07432516512621923 0.0 
0.0 0.0 0.0 0.0 0.0 0.0 0.0 0.0 

0.0 0.0 0.0 0.0 0.0 0.0 0.0 0.0 
0.0 2.8881367485740976 0.0 0.7360715866380578 0.9603994565984401 0.0 0.0 0.0 
0.0 2.8881367485740976 0.0 0.7360715866380578 0.9603994565984401 0.6715735641026884 0.6715735641026884 0.0 
0.0 1.4704757966655588 0.8872753621638316 0.8872753621638316 0.2690656456911212 0.6715735641026884 0.6715735641026884 0.0 
0.0 0.5835880518549923 0.5829593478898646 0.5829593478898646 0.2199563665132662 0.22434391936610065 0.0 0.0 
0.0 1.4300377876023553 0.9420695119694728 0.28192685359543646 0.24400251343264073 0.22434391936610065 0.0 0.0 
0.0 1.4762563321628002 0.9576756771643038 0.28192685359543646 0.36019611145400887 0.36019611145400887 0.2281924593094515 0.0 
0.0 0.0 0.0 0.0 0.0 0.0 0.0 0.0 

0.0 0.0 0.0 0.0 0.0 0.0 0.0 0.0 
0.0 0.6900897564296747 0.0 0.1928312038520863 0.1928312038520863 0.0 0.0 0.0 
0.0 0.6359669615921825 0.0 0.0 0.0 0.0 0.0 0.0 
0.0 0.0 0.0 0.0 0.0 0.0 0.0 0.0 
0.0 0.0 0.0 0.0 0.0 0.0 0.0 0.0 
0.0 0.0 0.0 0.0 0.0 0.0 0.0 0.0 
0.0 0.0 0.0 0.0 0.0 0.0 0.0 0.0 
0.0 0.0 0.0 0.0 0.0 0.0 0.0 0.0 

0.0 0.0 0.0 0.0 0.0 0.0 0.0 0.0 
0.0 2.7767451922782818 0.7625720047107415 2.2369582668994465 0.9818506632439783 2.0166398908115344 1.875036575277868 0.0 
0.0 4.229070920857249 2.098214397978004 2.098214397978004 2.301853645551918 2.301853645551918 1.875036575277868 0.0 
0.0 3.055937571645169 1.1913814741511335 0.9348186949724087 1.4308461243148818 1.4308461243148818 0.4078218245165881 0.0 
0.0 1.8746679321633781 1.0661913415054896 1.157556364548625 1.003971282833346 0.886212401266096 0.6624062970556983 0.0 
0.0 1.6188475621444007 0.42252011912219595 1.157556364548625 1.003971282833346 1.5058188938414123 1.5058188938414123 0.0 
0.0 0.7318567778045777 0.7318567778045777 0.0 0.7685592145206027 1.5432566972584598 1.5058188938414123 0.0 
0.0 0.0 0.0 0.0 0.0 0.0 0.0 0.0 

0.0 0.0 0.0 0.0 0.0 0.0 0.0 0.0 
0.0 0.0 0.0 0.0 0.0 0.0 0.0 0.0 
0.0 0.0 0.0 0.0 0.0 0.13331344520144944 0.13331344520144944 0.0 
0.0 0.0 0.0 0.0 0.0 0.13331344520144944 0.13331344520144944 0.0 
0.0 0.0 0.0 0.0 0.0 0.0 0.0 0.0 
0.0 0.0 0.0 0.0 0.0 0.0 0.0 0.0 
0.0 0.0 0.0 0.0 0.0 0.15490039078375714 0.15490039078375714 0.0 
0.0 0.0 0.0 0.0 0.0 0.0 0.0 0.0 

0.0 0.0 0.0 0.0 0.0 0.0 0.0 0.0 
0.0 0.9765513035239718 0.2641762633236831 0.027189088622747104 0.027189088622747104 0.10536665345675308 0.10853827523452514 0.0 
0.0 0.9765513035239718 0.7012900989349222 0.1973282193843806 0.2148150346628004 0.2148150346628004 0.10853827523452514 0.0 
0.0 0.26518035946658813 0.7012900989349222 0.1973282193843806 0.0 0.0 0.0 0.0 
0.0 0.07683844506784379 0.11186794617219736 0.04787091992680742 0.0 0.0 0.0 0.0 
0.0 0.12204966785676957 0.24700079645785195 0.24700079645785195 0.0 0.14372385577250918 0.14372385577250918 0.0 
0.0 0.24019393238728393 0.24019393238728393 0.0 0.0 0.14372385577250918 0.14372385577250918 0.0 
0.0 0.0 0.0 0.0 0.0 0.0 0.0 0.0 

0.0 0.0 0.0 0.0 0.0 0.0 0.0 0.0 
0.0 2.2305047240419817 2.2305047240419817 1.309679284041356 2.1029808331565243 1.451379615897777 1.2491053577026223 0.0 
0.0 2.2305047240419817 2.2305047240419817 1.2068189637327391 0.6742381090626463 1.451379615897777 0.8348480810256412 0.0 
0.0 0.6936242137084317 1.171815876568338 1.171815876568338 0.8668992407400986 0.8668992407400986 0.7535731335058578 0.0 
0.0 0.6936242137084317 1.0847731601015884 1.0847731601015884 0.8668992407400986 0.8668992407400986 0.8222248306010914 0.0 
0.0 0.4664284038938591 0.7866621103867508 0.8262942836727164 0.9903306268263785 0.8496597764235428 0.6222660206158122 0.0 
0.0 0.4664284038938591 0.6699253041024851 0.7548456174799827 0.9903306268263785 0.4655952813879578 0.6222660206158122 0.0 
0.0 0.0 0.0 0.0 0.0 0.0 0.0 0.0 

0.0 0.0 0.0 0.0 0.0 0.0 0.0 0.0 
0.0 0.40182513936879155 0.40182513936879155 0.0 0.0 0.0 0.0 0.0 
0.0 0.0 0.03678365297736649 0.0 0.0 0.0 0.0 0.0 
0.0 0.0 0.03678365297736649 0.0 0.0 0.0 0.0 0.0 
0.0 0.1523698256405744 0.3051580930997182 0.0 0.0 0.0 0.0 0.0 
0.0 0.0 0.0 0.0 0.0 0.0 0.0 0.0 
0.0 0.0 0.0 0.0 0.0 0.0 0.0 0.0 
0.0 0.0 0.0 0.0 0.0 0.0 0.0 0.0 

0.0 0.0 0.0 0.0 0.0 0.0 0.0 0.0 
0.0 1.3604843471746308 0.7951708143121051 1.5809214502015423 1.5809214502015423 1.072138393538787 0.43065390424575783 0.0 
0.0 0.4349074657573896 0.35284119127835334 0.8818526535144229 0.41720420935201086 1.1702060281515878 0.43065390424575783 0.0 
0.0 1.187158575855999 0.0 0.8478573422444136 0.8478573422444136 1.1702060281515878 0.24233625833978453 0.0 
0.0 1.8543331361544366 0.0 0.8478573422444136 0.8478573422444136 0.5159319573850669 0.530037293152974 0.0 
0.0 1.5111595860634854 0.10298945951534078 0.8162745707843728 1.144548769562247 1.144548769562247 0.530037293152974 0.0 
0.0 0.5407057712763742 0.10298945951534078 0.4105910760319454 1.144548769562247 1.144548769562247 0.9169447322648092 0.0 
0.0 0.0 0.0 0.0 0.0 0.0 0.0 0.0 

0.0 0.0 0.0 0.0 0.0 0.0 0.0 0.0 
0.0 2.4089423416071334 0.0 1.3285954952587442 0.4583697726479166 0.4583697726479166 0.0 0.0 
0.0 2.4089423416071334 0.3510706112867874 0.15835824601998386 1.0957069750630182 0.8163887530241862 0.5561859076008323 0.0 
0.0 0.3510706112867874 0.3510706112867874 0.46477855559861037 0.487278480799321 0.487278480799321 0.5561859076008323 0.0 
0.0 0.38776573011384396 0.8903693545858415 0.20631467415144703 0.1521218722761468 0.4358692026449614 0.0 0.0 
0.0 1.1017177388528205 0.8903693545858415 0.4336686667342441 0.6187343387418124 0.6187343387418124 0.0 0.0 
0.0 1.1017177388528205 0.7350245382643508 0.4336686667342441 0.5475019061657646 0.5475019061657646 0.0 0.0 
0.0 0.0 0.0 0.0 0.0 0.0 0.0 0.0 

0.0 0.0 0.0 0.0 0.0 0.0 0.0 0.0 
0.0 3.759299277608124 3.3828816875323993 3.1244716196998783 2.8806670869619366 2.8806670869619366 2.0525138924071396 0.0 
0.0 3.759299277608124 3.300897078325227 1.7718581810741316 2.8075153256921777 2.8075153256921777 1.7061641896027826 0.0 
0.0 3.5069000090745512 2.553734580450834 1.6871337254715708 2.2129503335079326 2.2129503335079326 0.69338021755376 0.0 
0.0 2.666036172057972 2.1144494112443977 0.9642045595849555 1.440718534732929 1.440718534732929 0.8198663835328331 0.0 
0.0 2.1144494112443977 2.1144494112443977 0.8798233759702115 1.2917903594289033 1.7384356612096434 1.5479341462935896 0.0 
0.0 1.4190346232637263 1.4428718443628963 0.8798233759702115 0.8810994018936008 1.2963480603625124 1.1285841989876062 0.0 
0.0 0.0 0.0 0.0 0.0 0.0 0.0 0.0 

0.0 0.0 0.0 0.0 0.0 0.0 0.0 0.0 
0.0 2.094245641382504 2.094245641382504 0.0 0.9808585282844957 0.9553893852666457 1.4565491961336823 0.0 
0.0 0.17312400722552776 0.17312400722552776 0.013378329770874164 0.0 0.0 1.4565491961336823 0.0 
0.0 0.0 0.2555358862411409 0.0 0.2669994309577627 0.2669994309577627 0.020269072254459397 0.0 
0.0 0.15316733285280346 0.2555358862411409 0.0 0.2669994309577627 0.2669994309577627 0.007773896703760275 0.0 
0.0 0.0 0.0 0.0 0.0 0.0 0.007773896703760275 0.0 
0.0 0.0 0.0 0.0 0.0 0.0 0.0 0.0 
0.0 0.0 0.0 0.0 0.0 0.0 0.0 0.0 

0.0 0.0 0.0 0.0 0.0 0.0 0.0 0.0 
0.0 1.7171535173151151 0.0 0.423798792794466 0.423798792794466 0.0 0.0 0.0 
0.0 1.30076288712415 0.10151950105481268 0.024580838428363762 0.3868337374165256 0.3868337374165256 0.0 0.0 
0.0 0.5867140513982425 0.10151950105481268 0.20633934180942032 0.20633934180942032 0.0 0.0 0.0 
0.0 1.2629431718083353 0.0 0.21106562973709345 0.21106562973709345 0.316036872208321 0.15498307474877115 0.0 
0.0 0.8559235307411124 0.0 0.21106562973709345 0.31979323747926147 0.5571018688858052 0.15498307474877115 0.0 
0.0 0.6606990079250292 0.0 0.49852358605655867 0.49852358605655867 0.31979323747926147 0.0 0.0 
0.0 0.0 0.0 0.0 0.0 0.0 0.0 0.0 

0.0 0.0 0.0 0.0 0.0 0.0 0.0 0.0 
0.0 0.621073936952086 0.0 0.0 0.0906984582115199 0.0 0.0 0.0 
0.0 0.0 0.0 0.0 0.0906984582115199 0.0 0.0 0.0 
0.0 0.5645750445452806 0.0 0.0 0.0 0.0 0.0 0.0 
0.0 0.5645750445452806 0.0 0.0 0.0 0.0 0.0 0.0 
0.0 0.0 0.0 0.0 0.0 0.0 0.0 0.0 
0.0 0.0 0.0 0.0 0.0 0.4475062695672976 0.4475062695672976 0.0 
0.0 0.0 0.0 0.0 0.0 0.0 0.0 0.0 

0.0 0.0 0.0 0.0 0.0 0.0 0.0 0.0 
0.0 0.0 0.0 0.0 0.03118759909587895 0.03118759909587895 0.0 0.0 
0.0 0.0 0.0 0.0 0.0 0.0 0.0 0.0 
0.0 0.0 0.0 0.0 0.0 0.0 0.0 0.0 
0.0 0.0 0.0 0.0 0.0 0.0 0.0 0.0 
0.0 0.0 0.0 0.0 0.0 0.0 0.0 0.0 
0.0 0.0 0.0 0.0 0.0 0.0 0.0 0.0 
0.0 0.0 0.0 0.0 0.0 0.0 0.0 0.0 

0.0 0.0 0.0 0.0 0.0 0.0 0.0 0.0 
0.0 0.0 0.0 0.0 0.0 0.0 0.0 0.0 
0.0 0.0 0.0 0.0 0.0 0.0 0.0 0.0 
0.0 0.0 0.0 0.0 0.0 0.0 0.0 0.0 
0.0 0.0 0.0 0.0 0.0 0.0 0.0 0.0 
0.0 0.0 0.0 0.0 0.0 0.0 0.0 0.0 
0.0 0.0 0.0 0.0 0.0 0.0 0.0 0.0 
0.0 0.0 0.0 0.0 0.0 0.0 0.0 0.0 

