1.3071637056777985 1.3071637056777985 0.7330012970931209 
0.8571346857526331 0.8875622167585515 1.190087128741292 
1.9707043926899221 1.9707043926899221 1.4223056843144972 

0.0 0.0 0.0 
0.0 0.0 0.0 
0.0 0.0 0.0 

2.719550562083314 2.3552076079612037 2.169579947558773 
2.6440037964005283 2.6440037964005283 2.367764163051326 
1.9833416807657507 2.098502332984035 2.367764163051326 

0.3085571496033949 0.29467847340096626 0.29467847340096626 
0.3085571496033949 0.26933432826341225 0.2562628911860046 
0.0 0.00792368199069321 0.0 

0.5015855389242594 0.2584328192140877 0.14038814659339693 
0.2614111095790099 0.2584328192140877 0.0 
0.0 0.0 0.0 

0.0 0.0 0.2792649465537193 
0.0 0.0 0.20019986768201675 
0.16225620991681616 0.0 0.011253858785010723 

0.0 0.0 0.0 
0.0 0.0 0.0 
0.0 0.0 0.0 

1.6854217786667904 1.7393053298564183 1.7393053298564183 
1.7625616609074706 1.8491683931276177 1.8491683931276177 
1.5316005148481848 1.798707056489403 1.798707056489403 

1.755186509079541 2.06752177744613 2.1278059001218095 
1.1019492907997932 1.7689850001448828 1.7689850001448828 
1.1427828323955265 1.2922292659632344 1.6571057487381604 

2.3175092999558453 2.1413810676984224 1.8255000996013009 
2.368379456177903 2.190126877551474 1.72039599873706 
2.9928414710456583 2.9928414710456583 2.7381708951419097 

1.5923339806387713 1.554220395925346 1.0524152152063773 
1.7403931581738332 1.448887776915677 1.0524152152063773 
1.7340289510534745 0.9500582479542785 0.9703815204316861 

2.375925189209209 2.355683185682665 1.1300996924871716 
2.208326076448085 2.134659511317893 1.1300996924871716 
1.9373433507460525 1.0846109004039644 0.8850302225429172 

4.19328893488467 4.19328893488467 3.1773311761961818 
3.9527464352146895 3.9230510208401284 3.0226792691932785 
3.5230429845766533 3.3956935142582525 2.831350208900168 

0.0 0.4055462466541713 0.7657832413809383 
0.0 0.044631714959870436 0.7743906736909344 
0.0 0.0 0.7522921017681757 

0.0 0.0 0.2712952485426397 
0.02967655534810217 0.0 0.2712952485426397 
0.30518117975969505 0.0 0.24979478190440238 

0.015956709942010955 0.0 0.0 
0.0 0.0 0.0 
0.0 0.0 0.0 

5.122832889683232 5.06227681519549 4.325012696517808 
5.546378338156224 5.23029598910254 4.322320693848879 
5.289741143085298 5.17190302593173 3.727593863937751 

1.0672947313747632 0.9079843470658565 0.9079843470658565 
0.4488948782864583 0.6580197256917849 0.28191964465978225 
0.500590503014882 0.4100671603920094 0.3746140564821289 

0.0 0.0 0.0 
0.0 0.0 0.0 
0.09048200043233497 0.0 0.0 

0.0 0.1720814112392308 0.08761178749877355 
0.2834608726557219 0.2699832521407318 0.2262392166097884 
1.1044250176678743 1.1044250176678743 0.7377598946648641 

