0.0 0.0 0.0 0.0 0.0 0.0 0.0 0.0 
0.0 2.4001252362430874 1.402070620950561 1.3688243378975014 1.438509598465439 1.3731580395187033 1.3474418233323384 0.0 
0.0 1.8655895119125159 1.0869846520303108 1.0869846520303108 1.668345761274846 1.5964548588415564 1.5964548588415564 0.0 
0.0 2.940088069142569 1.095200769559638 1.261731008848236 1.668345761274846 1.5964548588415564 1.5964548588415564 0.0 
0.0 2.940088069142569 1.8155003999514356 1.8155003999514356 1.2023023213541582 1.2414165579795076 1.2414165579795076 0.0 
0.0 1.9807607668790579 1.887230569400316 1.8155003999514356 2.1384178506366367 2.1384178506366367 1.1198277951362687 0.0 
0.0 1.9222835115241674 1.9222835115241674 1.8184058368088445 1.882236549317067 1.882236549317067 1.48199267390725 0.0 
0.0 0.0 0.0 0.0 0.0 0.0 0.0 0.0 

0.0 0.0 0.0 0.0 0.0 0.0 0.0 0.0 
0.0 1.0613604178980054 0.6245643858384984 0.6841803533489237 0.6841803533489237 0.6259016451765469 0.622009635645375 0.0 
0.0 0.5872329770474726 0.11387608006583064 0.3844068012885686 0.3844068012885686 0.3878426288902991 0.5099181649952887 0.0 
0.0 0.0 0.0 0.0 0.5111796541708694 0.5111796541708694 0.47159381196854305 0.0 
0.0 0.0 0.0 0.0 0.5111796541708694 0.5111796541708694 0.35568388450604943 0.0 
0.0 0.07073893408968095 0.0 0.0 0.0 0.026220096857644593 0.26642779271095013 0.0 
0.0 0.03446626918114455 0.0 0.0 0.0 0.2705847658524277 0.2705847658524277 0.0 
0.0 0.0 0.0 0.0 0.0 0.0 0.0 0.0 

0.0 0.0 0.0 0.0 0.0 0.0 0.0 0.0 
0.0 0.44286879776500654 0.0 0.0 0.0 0.0 0.0 0.0 
0.0 0.4760114880419325 0.0 0.15022544226579343 0.3806373771716675 0.0 0.0 0.0 
0.0 0.4760114880419325 0.5573252628521852 0.15022544226579343 0.19660295917746123 0.0 0.0697321685464333 0.0 
0.0 0.34742149144689427 0.5573252628521852 0.3747633656138608 0.3747633656138608 0.29935830158061855 0.33497345695343117 0.0 
0.0 0.3193381453832929 0.3193381453832929 0.3747633656138608 0.3747633656138608 0.3327853839728528 0.3327853839728528 0.0 
0.0 0.005417058119246459 0.0 0.0 0.0 0.1883216838558019 0.3388522346363584 0.0 
0.0 0.0 0.0 0.0 0.0 0.0 0.0 0.0 

0.0 0.0 0.0 0.0 0.0 0.0 0.0 0.0 
0.0 0.6711718358637099 0.17925065228323947 0.7071476328604546 0.7071476328604546 0.1479915966315488 0.1479915966315488 0.0 
0.0 0.0 0.08410819410072845 0.7071476328604546 0.7071476328604546 0.0 0.03886653787269073 0.0 
0.0 0.2811109341013448 0.2811109341013448 0.5245960150409599 1.4273111202739048 1.2208527460300633 0.8034184778636186 0.0 
0.0 0.5725794141466417 0.5725794141466417 0.5245960150409599 1.4273111202739048 1.2208527460300633 1.2606462925913648 0.0 
0.0 0.0 0.0 0.0 0.0 1.0806761733954842 0.8021905704228408 0.0 
0.0 0.014151792799280988 0.0 0.0 0.0 0.0 0.1521271530356784 0.0 
0.0 0.0 0.0 0.0 0.0 0.0 0.0 0.0 

0.0 0.0 0.0 0.0 0.0 0.0 0.0 0.0 
0.0 1.747991124316999 1.6574044359987474 1.1401092407392432 1.7481792286932567 1.0882682381103161 0.9844172022401263 0.0 
0.0 1.7755289230607358 1.6574044359987474 1.1401092407392432 1.7481792286932567 1.0882682381103161 0.9844172022401263 0.0 
0.0 1.7832481954695563 0.33472859365353763 0.8988639318539081 1.2667847875963902 1.2667847875963902 1.4739596544268878 0.0 
0.0 0.72412635855227 0.9324546600781899 1.010853642534759 1.2667847875963902 1.2667847875963902 1.7586747872781865 0.0 
0.0 1.131836597626461 0.7213617142223201 0.6676441862928184 0.2438485190642116 1.1407166892225509 1.1071182729643814 0.0 
0.0 1.131836597626461 0.365224514332507 0.1649008800820204 0.48571319479283986 0.48571319479283986 1.057796364778973 0.0 
0.0 0.0 0.0 0.0 0.0 0.0 0.0 0.0 

0.0 0.0 0.0 0.0 0.0 0.0 0.0 0.0 
0.0 0.038022734542009495 0.2057338792918055 0.2057338792918055 0.019356848903717062 0.0 0.0 0.0 
0.0 0.7071747697070659 0.5059849076769789 0.2057338792918055 0.0 0.0 0.0 0.0 
0.0 0.7071747697070659 0.31326101281642094 0.4530682259884273 0.433212406124743 0.2659303012055179 0.0 0.0 
0.0 0.0 0.31326101281642094 0.4530682259884273 0.433212406124743 0.2659303012055179 0.2932789049786748 0.0 
0.0 0.15948898054215044 0.3049443156776239 0.27210736622559895 0.0 0.0 0.2932789049786748 0.0 
0.0 0.0 0.0 0.0 0.0 0.0 0.0 0.0 
0.0 0.0 0.0 0.0 0.0 0.0 0.0 0.0 

0.0 0.0 0.0 0.0 0.0 0.0 0.0 0.0 
0.0 0.32538195494484556 0.9637511756594268 0.8930202040930629 0.5191364252361979 0.6669461268969707 0.6260010673992211 0.0 
0.0 0.4353629259856876 0.9637511756594268 0.8930202040930629 0.7292577200948023 0.7292577200948023 0.6260010673992211 0.0 
0.0 0.026332840825631712 0.1900722975288977 0.3501109736241289 0.2662800884406771 0.39673726174936524 0.26256920114917887 0.0 
0.0 0.0 0.5131457538421711 0.5131457538421711 0.4375038170938871 0.10810677170353036 0.10810677170353036 0.0 
0.0 0.5666754516331105 0.8179211810435532 0.9509094685258319 0.9509094685258319 0.5532116513819018 0.5532116513819018 0.0 
0.0 0.4331123655531367 0.29062646190099983 0.3197146426849097 0.3197146426849097 0.5532116513819018 0.5532116513819018 0.0 
0.0 0.0 0.0 0.0 0.0 0.0 0.0 0.0 

0.0 0.0 0.0 0.0 0.0 0.0 0.0 0.0 
0.0 2.4709144031659487 2.042382137366907 2.3598102784120893 2.3598102784120893 1.9845038675367703 1.990376393515708 0.0 
0.0 1.344524184478579 1.5461830471915734 2.002369788393607 2.002369788393607 1.9512694748774313 2.1496924046465273 0.0 
0.0 2.4316487554657575 1.7634209085445425 1.5461830471915734 2.1027781395958987 2.1027781395958987 2.1496924046465273 0.0 
0.0 2.6809549500324312 2.2723118811446197 1.5422952645179402 2.1027781395958987 2.1027781395958987 1.8974898314412962 0.0 
0.0 1.58204878044689 1.5828422502537507 1.79118853543955 1.843895931234416 1.843895931234416 1.9338456896025231 0.0 
0.0 1.58204878044689 1.5828422502537507 1.8830766263200176 1.8830766263200176 1.878162007048549 1.9338456896025231 0.0 
0.0 0.0 0.0 0.0 0.0 0.0 0.0 0.0 

0.0 0.0 0.0 0.0 0.0 0.0 0.0 0.0 
0.0 0.0 0.0 0.0 0.0 0.0 0.0 0.0 
0.0 0.0 0.0 0.0 0.0 0.0 0.0 0.0 
0.0 0.0 0.0 0.013094634658427383 0.013094634658427383 0.0 0.0 0.0 
0.0 0.0 0.0 0.013094634658427383 0.013094634658427383 0.0 0.0 0.0 
0.0 0.0 0.0 0.0 0.0 0.0 0.0 0.0 
0.0 0.0 0.0 0.0 0.0 0.0 0.0 0.0 
0.0 0.0 0.0 0.0 0.0 0.0 0.0 0.0 

0.0 0.0 0.0 0.0 0.0 0.0 0.0 0.0 
0.0 0.9892358145715383 0.5801972680250136 0.5708864023357867 0.8348513040129012 0.5126159128570053 0.5147553403493359 0.0 
0.0 0.0 0.0 0.0 0.2435816949591049 0.47139840721019005 0.47139840721019005 0.0 
0.0 0.0 0.0 0.0 0.07796225629048764 0.5785225378370668 0.5785225378370668 0.0 
0.0 0.2505948724119822 0.24123779430309464 0.0 0.07796225629048764 0.5785225378370668 0.5785225378370668 0.0 
0.0 0.42520686961809684 0.18089763638573267 0.0 0.0 0.0 0.0 0.0 
0.0 0.564055564542552 0.564055564542552 0.21136528960606912 0.16597427427590233 0.43551589746914526 0.43551589746914526 0.0 
0.0 0.0 0.0 0.0 0.0 0.0 0.0 0.0 

0.0 0.0 0.0 0.0 0.0 0.0 0.0 0.0 
0.0 1.245574662580938 0.9009960755187127 0.8823759590181527 0.8823759590181527 0.6729336197589819 0.573422519161786 0.0 
0.0 1.245574662580938 1.403099386960384 0.8823759590181527 0.8823759590181527 0.6729336197589819 0.573422519161786 0.0 
0.0 0.8773077655758661 0.0 1.4128342871626534 1.458479675671645 0.7365191228688093 1.1099424109335074 0.0 
0.0 0.0 0.0 1.4128342871626534 1.458479675671645 0.6743487431546548 1.1099424109335074 0.0 
0.0 0.46347771601313914 0.3075749592815645 0.0 0.0 0.0 0.2697395953270705 0.0 
0.0 0.3214148488602801 0.0 0.0 0.0 0.0 0.2697395953270705 0.0 
0.0 0.0 0.0 0.0 0.0 0.0 0.0 0.0 

0.0 0.0 0.0 0.0 0.0 0.0 0.0 0.0 
0.0 1.7163213747045163 0.5085281664843067 0.5542066277703417 0.5542066277703417 0.45767707571810384 0.4343545508683779 0.0 
0.0 1.1117273564240353 0.0 0.19885842640869006 0.6590905414338142 0.8945714104458424 0.8945714104458424 0.0 
0.0 0.0 0.0 0.7349014139917915 0.7349014139917915 0.8945714104458424 0.8945714104458424 0.0 
0.0 0.4300661767694332 0.0 0.0 0.0 0.36653336309050955 0.36653336309050955 0.0 
0.0 0.5032096400605074 0.0 0.0 0.0 0.5066261501775456 0.5076518054265768 0.0 
0.0 0.80459174223413 0.9132002132800363 0.9455387967822166 0.8155620381121291 0.5587059072587609 0.5284719126567691 0.0 
0.0 0.0 0.0 0.0 0.0 0.0 0.0 0.0 

0.0 0.0 0.0 0.0 0.0 0.0 0.0 0.0 
0.0 1.3502013095564274 0.8955569050276555 0.9645156151369128 0.6679254929587546 0.6220144436326894 0.595650176721699 0.0 
0.0 1.9533228045628686 1.20225284907486 1.0454445411209674 0.6679254929587546 0.4920557248984746 0.49187028803834276 0.0 
0.0 1.7791415848235876 1.106945885436031 2.652046614377426 2.652046614377426 1.4942007251451501 1.4942007251451501 0.0 
0.0 0.36921115768165547 1.8102195646163386 2.652046614377426 2.652046614377426 1.5139947878761162 1.5139947878761162 0.0 
0.0 0.8988869283507543 0.5295157652452296 0.0 0.4320762382803669 0.6838280846211475 0.5372009949690448 0.0 
0.0 0.8988869283507543 0.2577629379172168 0.0 0.0 0.5372009949690448 0.5372009949690448 0.0 
0.0 0.0 0.0 0.0 0.0 0.0 0.0 0.0 

0.0 0.0 0.0 0.0 0.0 0.0 0.0 0.0 
0.0 0.0 1.1705343729943845 1.1705343729943845 0.14799768553659232 0.14799768553659232 0.02262482461141716 0.0 
0.0 2.5143382270127117 2.5143382270127117 1.4639477195692971 1.1288754582464586 0.5659184957174731 0.02262482461141716 0.0 
0.0 2.941795632134722 2.5143382270127117 1.4639477195692971 1.1220187023292814 1.0911548524460066 0.4860803516709503 0.0 
0.0 1.9546341286684141 1.6301817037010842 2.0683330686921373 2.6039331739282536 2.6039331739282536 0.9704468927558572 0.0 
0.0 0.82893594893101 1.522095249337223 2.033393235154163 1.524927487660293 1.7995868049755905 1.6319251878845098 0.0 
0.0 0.82893594893101 1.2193855645577538 1.3568651493286685 1.0391717512847003 0.8308777014892401 0.7522047071124154 0.0 
0.0 0.0 0.0 0.0 0.0 0.0 0.0 0.0 

0.0 0.0 0.0 0.0 0.0 0.0 0.0 0.0 
0.0 0.6769685882836041 0.0 0.0 0.0 0.0 0.0 0.0 
0.0 0.2963399363259534 0.0 0.0 0.3705319773460483 0.0 0.0 0.0 
0.0 0.0 0.0 0.0 0.3705319773460483 0.0 0.0 0.0 
0.0 0.37945480779890806 0.37945480779890806 0.0 0.14434671984002725 0.14434671984002725 0.0 0.0 
0.0 0.37945480779890806 0.37945480779890806 0.0 0.14434671984002725 0.14434671984002725 0.0 0.0 
0.0 0.0 0.0 0.0 0.0 0.0 0.0 0.0 
0.0 0.0 0.0 0.0 0.0 0.0 0.0 0.0 

0.0 0.0 0.0 0.0 0.0 0.0 0.0 0.0 
0.0 1.1278591937533622 1.1867090641312894 0.8869643337114684 0.894452622021071 0.6849139885103828 0.6442571322327043 0.0 
0.0 1.2814635519443967 1.2777865142680267 0.9230591793188931 0.894452622021071 0.6849139885103828 0.6442571322327043 0.0 
0.0 1.2814635519443967 0.9278563008820535 0.8177984095688547 0.9616121621282472 0.9502797539686076 0.46561543830399343 0.0 
0.0 0.24719652814600976 0.4787283961132708 0.8177984095688547 0.672443923487836 1.313365267856993 0.2804269750294303 0.0 
0.0 0.3725875043220599 0.43453744154042884 0.9339497417449016 0.9339497417449016 0.3417930313499802 0.0 0.0 
0.0 0.3725875043220599 0.43453744154042884 0.5697316277908041 0.5697316277908041 0.2951702360119832 0.0 0.0 
0.0 0.0 0.0 0.0 0.0 0.0 0.0 0.0 

0.0 0.0 0.0 0.0 0.0 0.0 0.0 0.0 
0.0 0.07475990480373262 0.022511344264782296 0.0 0.0 0.0 0.0 0.0 
0.0 0.07475990480373262 0.022511344264782296 0.0 0.0 0.0 0.0 0.0 
0.0 0.10079542943559422 0.0 0.0 0.0 0.0 0.0 0.0 
0.0 0.33632715621753945 0.43945567768040056 0.29880829361540734 0.2497145464667472 0.2497145464667472 0.0 0.0 
0.0 0.33632715621753945 0.43945567768040056 0.29880829361540734 0.2497145464667472 0.4100318081922054 0.0 0.0 
0.0 0.0 0.0 0.0 0.0 0.0 0.0 0.0 
0.0 0.0 0.0 0.0 0.0 0.0 0.0 0.0 

0.0 0.0 0.0 0.0 0.0 0.0 0.0 0.0 
0.0 0.37738857638638884 0.12176697815360302 0.10893498600925147 0.02734718467471 0.03092144974827442 0.018328885822174255 0.0 
0.0 0.0 0.0 0.6356424057710501 0.0 0.0 0.0 0.0 
0.0 0.0 0.0 0.6406007467334872 0.16179195085803713 0.27120738018216534 0.27120738018216534 0.0 
0.0 0.9858140113472765 0.45087356901451436 0.3224916709298077 0.7471704283588517 0.3164143219934559 0.27120738018216534 0.0 
0.0 0.9858140113472765 0.45087356901451436 0.3224916709298077 0.7471704283588517 1.3119524329977017 1.3119524329977017 0.0 
0.0 0.013476725694793317 0.013476725694793317 0.0 0.24431109319933234 1.4439196374918604 1.4439196374918604 0.0 
0.0 0.0 0.0 0.0 0.0 0.0 0.0 0.0 

0.0 0.0 0.0 0.0 0.0 0.0 0.0 0.0 
0.0 0.0 0.0 0.02570193185815936 0.0 0.0 0.0 0.0 
0.0 0.0 0.0 0.02570193185815936 0.0 0.0 0.0 0.0 
0.0 0.0 0.0 0.0 0.0 0.0 0.0 0.0 
0.0 0.0 0.0 0.0 0.0 0.0 0.0 0.0 
0.0 0.0 0.0 0.0 0.0 0.0 0.0 0.0 
0.0 0.0 0.0 0.0 0.0 0.0 0.0 0.0 
0.0 0.0 0.0 0.0 0.0 0.0 0.0 0.0 

0.0 0.0 0.0 0.0 0.0 0.0 0.0 0.0 
0.0 0.0 0.0 0.0 0.0 0.0 0.0 0.0 
0.0 1.1674084826416173 1.248507641589764 1.0341755315495165 1.0341755315495165 0.0 0.0 0.0 
0.0 2.1969610413530636 1.7458165377853785 1.0341755315495165 1.0341755315495165 0.1718054673681407 0.0 0.0 
0.0 2.1969610413530636 0.6398719360278411 1.757577851755174 1.526213921014068 0.8653451656248349 1.042426125410339 0.0 
0.0 0.27877414847182297 0.923684439298915 1.757577851755174 1.4454460567020324 1.0311657927578484 1.042426125410339 0.0 
0.0 0.27877414847182297 0.923684439298915 0.923684439298915 0.20394714970330546 0.669954112919065 0.20936230907090952 0.0 
0.0 0.0 0.0 0.0 0.0 0.0 0.0 0.0 

0.0 0.0 0.0 0.0 0.0 0.0 0.0 0.0 
0.0 0.0 0.0 0.0 0.0 0.0 0.0 0.0 
0.0 0.0 0.0 0.0 0.22626115356984391 0.0 0.0 0.0 
0.0 0.0 0.0 0.0 0.22626115356984391 0.0 0.0 0.0 
0.0 0.0 0.0 0.0 0.0 0.0 0.0 0.0 
0.0 0.0 0.0 0.0 0.0 0.0 0.0 0.0 
0.0 0.0 0.0 0.0 0.0 0.0 0.0 0.0 
0.0 0.0 0.0 0.0 0.0 0.0 0.0 0.0 

0.0 0.0 0.0 0.0 0.0 0.0 0.0 0.0 
0.0 0.01693689202662631 0.0 0.0 0.0 0.0 0.0 0.0 
0.0 0.0 0.0 0.011371442359670407 0.0757825859855271 0.0 0.0 0.0 
0.0 0.27329293130302185 0.0 0.011371442359670407 0.0 0.0 0.0 0.0 
0.0 0.27329293130302185 0.025871315979718233 0.12784007052340202 0.2665919728811632 0.16066604067204499 0.5372474737202959 0.0 
0.0 0.0 0.0 0.12784007052340202 0.12784007052340202 0.16066604067204499 0.5372474737202959 0.0 
0.0 0.0 0.0 0.0 0.0 0.0 0.0 0.0 
0.0 0.0 0.0 0.0 0.0 0.0 0.0 0.0 

0.0 0.0 0.0 0.0 0.0 0.0 0.0 0.0 
0.0 0.7612991215418257 0.5366007333996468 1.2117071380711326 1.2117071380711326 0.3863790261170591 0.43685199384079443 0.0 
0.0 1.1667748691153046 1.43184641191843 1.2117071380711326 1.2117071380711326 0.6120050724167821 0.43685199384079443 0.0 
0.0 1.1844583349090774 1.084953667975287 1.5030303825844467 1.3865253205738968 1.352012647171835 1.02366799856277 0.0 
0.0 1.3707304380106342 1.3707304380106342 1.5030303825844467 1.3865253205738968 1.796467188495843 1.02366799856277 0.0 
0.0 0.1532799372878615 0.5099451390236613 0.4754382350432945 0.6915218388510768 1.0886906689906528 0.7939722351841304 0.0 
0.0 0.4022806249617429 0.3868883606024156 0.4754382350432945 0.4754382350432945 0.5851501760949923 0.18030091621636968 0.0 
0.0 0.0 0.0 0.0 0.0 0.0 0.0 0.0 

0.0 0.0 0.0 0.0 0.0 0.0 0.0 0.0 
0.0 0.08927539637194255 0.0 0.0 0.0 0.0 0.0 0.0 
0.0 0.0 0.0 0.0 0.0 0.0 0.0 0.0 
0.0 0.0 0.0 0.0 0.0 0.0 0.0 0.0 
0.0 0.0 0.0 0.0 0.0 0.0 0.0 0.0 
0.0 0.0 0.0 0.0 0.0 0.0 0.0 0.0 
0.0 0.0 0.0 0.0 0.0 0.0 0.0 0.0 
0.0 0.0 0.0 0.0 0.0 0.0 0.0 0.0 

0.0 0.0 0.0 0.0 0.0 0.0 0.0 0.0 
0.0 0.6882695749802217 0.68625729159429 0.68625729159429 0.45858358010211037 0.4609388628404955 0.46203566411039343 0.0 
0.0 1.2192211703132312 1.3525214222912396 0.22875749741694268 0.6666863590799406 0.6666863590799406 0.77218620071125 0.0 
0.0 1.2192211703132312 1.3525214222912396 0.7014793495321656 0.6666863590799406 0.9906669303286019 0.9906669303286019 0.0 
0.0 0.7049371150414734 1.389145006912015 1.389145006912015 0.4112524258418963 0.9906669303286019 0.9906669303286019 0.0 
0.0 0.7053102317638589 0.9351120528648782 1.024729490879459 1.0111593511872141 0.6999597494792736 1.0273583282351724 0.0 
0.0 0.7053102317638589 0.9351120528648782 1.024729490879459 1.0111593511872141 0.6999597494792736 1.0273583282351724 0.0 
0.0 0.0 0.0 0.0 0.0 0.0 0.0 0.0 

0.0 0.0 0.0 0.0 0.0 0.0 0.0 0.0 
0.0 1.4856823125029768 0.6222937709459976 0.6548466686184102 0.6548466686184102 0.4900733599084725 0.48003221896655995 0.0 
0.0 0.9576258434574534 0.5552891399643585 0.5552891399643585 0.3381237035007918 0.37369593449083904 0.37369593449083904 0.0 
0.0 0.8157891106118013 0.09584587106162121 0.0 0.04658497859195773 0.39993801757500325 0.39993801757500325 0.0 
0.0 1.2876806280134374 0.8516040429281958 0.20302204403077653 0.3655146029174693 0.4697247759379221 0.4697247759379221 0.0 
0.0 0.9377624943637188 0.8516040429281958 0.20302204403077653 0.3655146029174693 0.5517123609256464 0.5517123609256464 0.0 
0.0 0.5273814288755508 0.5273814288755508 0.06565095336052729 0.0 0.8640467040311568 0.8640467040311568 0.0 
0.0 0.0 0.0 0.0 0.0 0.0 0.0 0.0 

0.0 0.0 0.0 0.0 0.0 0.0 0.0 0.0 
0.0 0.5834345193984971 0.8890767635883774 0.7248749096869294 0.7248749096869294 0.0 0.0 0.0 
0.0 2.3555935869306435 0.9886874162971724 1.0756146220906024 1.0756146220906024 0.0 0.0 0.0 
0.0 2.3555935869306435 2.1307840677835332 1.0981560995254234 0.9516750471169273 0.13445698463997652 0.0 0.0 
0.0 1.7144114822121232 2.493542528855328 2.531911425016879 2.531911425016879 1.229504082985035 1.229504082985035 0.0 
0.0 1.1252324259414077 2.493542528855328 2.531911425016879 2.531911425016879 1.3201123181706769 1.229504082985035 0.0 
0.0 0.0 0.0889936285483795 0.0889936285483795 0.26398683527205485 0.4458951220973854 0.4458951220973854 0.0 
0.0 0.0 0.0 0.0 0.0 0.0 0.0 0.0 

0.0 0.0 0.0 0.0 0.0 0.0 0.0 0.0 
0.0 0.0 0.0 0.4608402779264093 0.4608402779264093 0.0 0.0 0.0 
0.0 0.0 0.0 0.7615416822438095 0.7615416822438095 0.0 0.0 0.0 
0.0 0.5900150619789494 0.5900150619789494 0.0 0.0 0.744060684881161 0.0 0.0 
0.0 0.5900150619789494 0.5900150619789494 0.0 0.0 0.744060684881161 0.0 0.0 
0.0 0.0 0.0 0.0 0.0 0.0 0.0 0.0 
0.0 0.0 0.0 0.0 0.0 0.0 0.0 0.0 
0.0 0.0 0.0 0.0 0.0 0.0 0.0 0.0 

0.0 0.0 0.0 0.0 0.0 0.0 0.0 0.0 
0.0 0.12084976557224422 0.1899158969637004 0.1899158969637004 0.12287144249912405 0.12594640537256196 0.11625944607299304 0.0 
0.0 0.09653633066579465 0.09653633066579465 0.0 0.22440764688092826 0.22440764688092826 0.21847704479422786 0.0 
0.0 0.09653633066579465 0.09653633066579465 0.05667866756498411 0.36292070574054647 0.22440764688092826 0.21134190839865052 0.0 
0.0 0.515919155048428 0.4993925651170782 0.4993925651170782 0.05667866756498411 0.21134190839865052 0.21134190839865052 0.0 
0.0 0.45772184680902334 0.45772184680902334 0.1640934892679868 0.38884009027561195 0.38884009027561195 0.35666807611728046 0.0 
0.0 0.45772184680902334 0.45772184680902334 0.28187815352813034 0.1340524060247045 0.35666807611728046 0.35666807611728046 0.0 
0.0 0.0 0.0 0.0 0.0 0.0 0.0 0.0 

0.0 0.0 0.0 0.0 0.0 0.0 0.0 0.0 
0.0 0.0 0.0 0.0 0.0 0.0 0.0 0.0 
0.0 0.0 0.0 0.0 0.0 0.0 0.0 0.0 
0.0 0.0 0.0 0.0 0.0 0.0 0.0 0.0 
0.0 0.0 0.0 0.0 0.0 0.0 0.0 0.0 
0.0 0.0 0.25196405035525743 0.25196405035525743 0.0 0.0 0.0 0.0 
0.0 0.0 0.25196405035525743 0.25196405035525743 0.0 0.0 0.0 0.0 
0.0 0.0 0.0 0.0 0.0 0.0 0.0 0.0 

0.0 0.0 0.0 0.0 0.0 0.0 0.0 0.0 
0.0 0.0 0.0 0.0 0.0 0.0 0.0 0.0 
0.0 0.0 0.0 0.0 0.0 0.0 0.0 0.0 
0.0 0.0 0.0 0.0 0.0 0.0 0.0 0.0 
0.0 0.0 0.0 0.0 0.0 0.0 0.0 0.0 
0.0 0.0 0.0 0.0 0.0 0.0 0.0 0.0 
0.0 0.0 0.0 0.0 0.0 0.0 0.0 0.0 
0.0 0.0 0.0 0.0 0.0 0.0 0.0 0.0 

0.0 0.0 0.0 0.0 0.0 0.0 0.0 0.0 
0.0 0.07370461044137572 0.0 0.0 0.0 0.0 0.0 0.0 
0.0 0.07370461044137572 0.0 0.0 0.0 0.0 0.0 0.0 
0.0 0.08979751962135046 0.0 0.0 0.0 0.0 0.0 0.0 
0.0 0.0 0.0 0.0 0.0 0.0 0.0 0.0 
0.0 0.0 0.0 0.0 0.0 0.0 0.0 0.0 
0.0 0.0 0.0 0.0 0.0 0.0 0.0 0.0 
0.0 0.0 0.0 0.0 0.0 0.0 0.0 0.0 

