0.0 0.0 0.0 0.0 0.0 0.0 0.0 0.0 
0.0 2.1070010501323893 2.2742300464778626 1.297433941577083 2.1942986806809603 2.1942986806809603 2.031783323688641 0.0 
0.0 2.7902379800062826 1.515317540974801 1.5499036506462849 1.3529829134315603 1.3529829134315603 1.1593005099527771 0.0 
0.0 2.7902379800062826 1.6174893440649702 1.6174893440649702 1.6101060988437264 1.6147915290097947 1.0281118095516597 0.0 
0.0 2.0771064091170124 1.5733169137010932 1.4715984375970124 1.4034141872444288 1.6147915290097947 1.1560440425202614 0.0 
0.0 2.108691734363957 1.3765042260828109 1.1515154509435641 1.4311597524359945 1.45938563906939 1.3614239260186718 0.0 
0.0 2.1384841081510926 1.8062994901181395 1.5344716612565683 1.3499626149616621 1.297298306051399 1.2072499008869575 0.0 
0.0 0.0 0.0 0.0 0.0 0.0 0.0 0.0 

0.0 0.0 0.0 0.0 0.0 0.0 0.0 0.0 
0.0 0.16810551019457504 0.20111359616231733 0.42670698740704494 0.42670698740704494 1.1412546761622608 1.1412546761622608 0.0 
0.0 0.011036218149722422 0.011036218149722422 0.0 0.0 1.1412546761622608 1.281181210104069 0.0 
0.0 0.06973650281911076 0.0 0.27706249517917786 0.27706249517917786 0.8592808867221613 1.281181210104069 0.0 
0.0 0.20922002766938805 0.06573502033563483 0.3423411002092267 0.5158620284276485 0.9230465487109785 1.105297146423825 0.0 
0.0 0.04363630577989783 0.06573502033563483 0.42187067756691693 0.5158620284276485 1.069505482377424 1.1387749952806785 0.0 
0.0 0.0 0.0 0.3595869749591831 0.4584812348208527 1.069505482377424 1.069505482377424 0.0 
0.0 0.0 0.0 0.0 0.0 0.0 0.0 0.0 

0.0 0.0 0.0 0.0 0.0 0.0 0.0 0.0 
0.0 0.5597275594487586 0.7025595341991793 1.1231661355361806 0.4772695908419367 0.006723374935260616 0.16536866880163292 0.0 
0.0 0.5597275594487586 0.7025595341991793 1.1231661355361806 0.6809689170683253 0.0022805968642411467 0.2436122640888178 0.0 
0.0 0.12475497816739593 0.10050000687910433 0.6809689170683253 0.6809689170683253 0.0 0.013867383016986356 0.0 
0.0 0.0 0.0 0.0 0.0 0.24577071498879555 0.2886428602099341 0.0 
0.0 0.018354152264872692 0.0 0.0 0.0068406249444863355 0.24577071498879555 0.2886428602099341 0.0 
0.0 0.13153202709986542 0.12764497784995416 0.0 0.0 0.3136156196987503 0.3136156196987503 0.0 
0.0 0.0 0.0 0.0 0.0 0.0 0.0 0.0 

0.0 0.0 0.0 0.0 0.0 0.0 0.0 0.0 
0.0 1.3244417000206925 1.4924476466566656 1.5192977248946407 0.5269192261812845 0.0 0.784841763318199 0.0 
0.0 1.3244417000206925 1.1187718958164627 0.0900996457595431 0.029671707129272556 0.0 0.3068459464289787 0.0 
0.0 0.0 0.0 0.0900996457595431 0.0 0.0 0.0 0.0 
0.0 0.0 0.2864949871639507 0.2878585511902432 0.22219187943874077 0.23374698594403134 0.30234563394103436 0.0 
0.0 0.0 0.2864949871639507 0.3088106324576502 0.22219187943874077 0.23374698594403134 0.5423035267709309 0.0 
0.0 0.0 0.0 0.0 0.0 0.1786084307173929 0.24548036176838095 0.0 
0.0 0.0 0.0 0.0 0.0 0.0 0.0 0.0 

0.0 0.0 0.0 0.0 0.0 0.0 0.0 0.0 
0.0 1.5090468065646094 1.016667025227394 1.1172929230974884 1.2566980339783278 0.8635743899284596 1.145580889471403 0.0 
0.0 1.0780777524967822 0.9784405982992824 0.9784405982992824 0.6496156234489657 0.7094264717113771 1.145580889471403 0.0 
0.0 0.7074259551608274 0.9784405982992824 0.9784405982992824 0.9091807450690833 0.7094264717113771 0.8126371723200745 0.0 
0.0 1.2464066780115193 0.932059876700318 1.0025778358657182 0.9091807450690833 0.998568397912678 1.0514438902567522 0.0 
0.0 1.2464066780115193 1.0558608669759357 1.0025778358657182 1.1077231089591129 1.0528519603890438 1.1877987860193207 0.0 
0.0 0.7877369828972335 0.7707542213764305 0.8569724935824632 1.1077231089591129 1.0528519603890438 1.1497680529535523 0.0 
0.0 0.0 0.0 0.0 0.0 0.0 0.0 0.0 

0.0 0.0 0.0 0.0 0.0 0.0 0.0 0.0 
0.0 0.6178069635170796 0.20208837096462084 0.14945826690022873 0.43252783203213563 0.29359148733320595 0.0 0.0 
0.0 0.6178069635170796 0.0 0.0 0.0 0.0 0.0 0.0 
0.0 0.0 0.0 0.0 0.0 0.0 0.0 0.0 
0.0 0.13895862191056263 0.0 0.0 0.0 0.0 0.0 0.0 
0.0 0.2097746484845341 0.0 0.0 0.0 0.0 0.0 0.0 
0.0 0.0 0.0 0.0 0.0 0.0 0.0 0.0 
0.0 0.0 0.0 0.0 0.0 0.0 0.0 0.0 

0.0 0.0 0.0 0.0 0.0 0.0 0.0 0.0 
0.0 0.7610281246325334 0.7610281246325334 0.0 0.6569149597796508 1.315044679075778 0.6134411159160866 0.0 
0.0 0.5334186629636871 0.560604949454172 0.24412858512698182 0.7865959374475339 0.6537228525760068 0.48785585480954574 0.0 
0.0 0.5674705921996419 0.5674705921996419 0.6146647071957925 0.7865959374475339 0.6537228525760068 0.48785585480954574 0.0 
0.0 0.5178777169084425 0.30506118172477503 0.4894915000202796 0.3743467651944258 0.36530945925039776 0.1286142648448367 0.0 
0.0 0.598236557908042 0.598236557908042 0.609691541243778 0.5960876128961796 0.5508604428276176 0.20940953202117124 0.0 
0.0 0.8606057112421074 0.8606057112421074 0.7174277406692859 0.6523503653069234 0.5791792965978901 0.39472919482656776 0.0 
0.0 0.0 0.0 0.0 0.0 0.0 0.0 0.0 

0.0 0.0 0.0 0.0 0.0 0.0 0.0 0.0 
0.0 2.0788959747149374 1.7536056484866038 2.332541120242575 2.343832077236629 2.701835080161934 2.889749700603749 0.0 
0.0 2.2267935662382086 2.2267935662382086 1.6368699203992114 1.8829032129608752 2.100342102874184 2.100342102874184 0.0 
0.0 1.778404620363763 1.9404720224190433 1.9594870320332674 1.8308986418495072 1.9323274128850132 2.152942985995544 0.0 
0.0 1.778404620363763 2.043705834540661 2.103947899865276 2.0070680238750382 1.9835076911563407 2.152942985995544 0.0 
0.0 1.5229482007302562 2.043705834540661 2.029770457352826 2.036212408394531 2.0413545899316987 2.191046556113338 0.0 
0.0 1.5228339186380488 2.3940133106835306 2.3940133106835306 2.1096479474040533 2.074008041329477 2.01862865390112 0.0 
0.0 0.0 0.0 0.0 0.0 0.0 0.0 0.0 

0.0 0.0 0.0 0.0 0.0 0.0 0.0 0.0 
0.0 0.08758486653957728 0.06113373062414941 0.0 0.0 0.0 0.0 0.0 
0.0 0.5300315884774526 0.06542712440609334 0.06542712440609334 0.0 0.0 0.0 0.0 
0.0 0.0 0.06542712440609334 0.06542712440609334 0.0 0.0 0.0 0.0 
0.0 0.0 0.0 0.0 0.0 0.0 0.0 0.0 
0.0 0.0 0.0 0.0 0.0 0.0 0.0 0.0 
0.0 0.0 0.0 0.0 0.0 0.0 0.0 0.0 
0.0 0.0 0.0 0.0 0.0 0.0 0.0 0.0 

0.0 0.0 0.0 0.0 0.0 0.0 0.0 0.0 
0.0 0.0 0.2653184710420986 0.12704174620901945 0.12704174620901945 0.9786642609894594 0.9786642609894594 0.0 
0.0 0.45775307584404945 0.2653184710420986 0.0 0.0 0.782848959308977 0.782848959308977 0.0 
0.0 0.6306489439288298 0.0 0.2593877645025925 0.4431521586301255 0.6703492229191299 0.6703492229191299 0.0 
0.0 0.6306489439288298 0.044207385513735264 0.3864835367794047 0.4431521586301255 1.0757504242254294 1.0757504242254294 0.0 
0.0 0.24202284678797079 0.044207385513735264 0.37479740736841105 0.4273484322216829 1.1278637381737846 1.1278637381737846 0.0 
0.0 0.6999637982673053 0.0 0.2009355027510259 0.2009355027510259 0.791444857597108 0.791444857597108 0.0 
0.0 0.0 0.0 0.0 0.0 0.0 0.0 0.0 

0.0 0.0 0.0 0.0 0.0 0.0 0.0 0.0 
0.0 0.9244566978411567 1.1784347993203774 1.1784347993203774 0.7630378715990902 1.0228303569905959 1.0023297869631618 0.0 
0.0 0.41792899177323123 0.41792899177323123 0.10996660509195867 0.2713993085608391 0.21310806004816127 1.083412688278772 0.0 
0.0 0.23816196095012193 0.10996660509195867 0.21908258470087297 0.25642675903035517 0.21310806004816127 1.083412688278772 0.0 
0.0 0.7480119042501819 0.14971905372243619 0.34972280457466637 0.34972280457466637 0.2331628016336714 0.9226015646882653 0.0 
0.0 0.7480119042501819 0.14971905372243619 0.30210121893133896 0.4414092965488016 0.4414092965488016 0.9226015646882653 0.0 
0.0 0.0 0.0 0.49033717909735075 0.49033717909735075 0.4414092965488016 0.5999772977968274 0.0 
0.0 0.0 0.0 0.0 0.0 0.0 0.0 0.0 

0.0 0.0 0.0 0.0 0.0 0.0 0.0 0.0 
0.0 1.134994314297769 1.134994314297769 0.39245862289524497 1.0070260021233401 3.152149169803323 3.3588084067473294 0.0 
0.0 0.0 0.3317298930752701 0.3317298930752701 0.008036959916220651 1.6829316807924426 2.2124374630343873 0.0 
0.0 0.43411996145812515 0.0 0.5381536814726624 0.5381536814726624 1.7212371764588366 2.0615927808139505 0.0 
0.0 0.43411996145812515 0.22997279597987547 0.3634770418505915 0.4315803381660345 1.7212371764588366 2.0516008921421838 0.0 
0.0 0.08674554306068502 0.08674554306068502 0.16524994414117605 0.4934539944292613 1.3593761098143045 1.640386393489934 0.0 
0.0 0.014941355364596898 0.014941355364596898 0.0011562379202420536 0.0011562379202420536 1.2916048008029763 1.5659464530400065 0.0 
0.0 0.0 0.0 0.0 0.0 0.0 0.0 0.0 

0.0 0.0 0.0 0.0 0.0 0.0 0.0 0.0 
0.0 2.0907361333340573 2.4650031272792674 2.3251547784941082 0.8980355045109478 1.2674555863901167 1.2674555863901167 0.0 
0.0 2.0907361333340573 0.6812566449805643 0.8980355045109478 0.8980355045109478 0.266405862572748 0.2611127235907648 0.0 
0.0 0.2711548783156384 0.5057669022987161 0.48434764322313595 0.4474619231855651 0.4280168164058253 0.21679740836160055 0.0 
0.0 1.2572759748892832 0.6071089604452458 0.5410924832520246 0.5410924832520246 0.8533547608545822 0.8533547608545822 0.0 
0.0 1.4478933360205115 0.6071089604452458 0.39336421053264187 0.5253540207149109 0.9056501863098867 0.9056501863098867 0.0 
0.0 0.6283127528804391 0.0 0.6508244545040966 0.6508244545040966 0.571153000309829 0.3651664093282347 0.0 
0.0 0.0 0.0 0.0 0.0 0.0 0.0 0.0 

0.0 0.0 0.0 0.0 0.0 0.0 0.0 0.0 
0.0 1.8802559038882882 2.752799504608044 2.752799504608044 1.041799164185291 1.1643690135303022 1.1643690135303022 0.0 
0.0 2.834554275618407 2.752799504608044 2.752799504608044 2.3314479204777756 0.5705276396453319 0.2613028183868394 0.0 
0.0 1.6492237869464201 1.51804890103776 1.5550020414102548 1.5550020414102548 0.3806967408105954 0.346774176236633 0.0 
0.0 0.49440355694729426 0.7383766468171763 0.7383766468171763 0.2145641168918752 0.346774176236633 0.346774176236633 0.0 
0.0 1.4118608754237907 1.0504149507336886 1.0504149507336886 0.2145641168918752 0.3095382678186306 0.3095382678186306 0.0 
0.0 1.4118608754237907 1.0504149507336886 1.0504149507336886 0.21309881419810484 0.07396255527908394 0.0 0.0 
0.0 0.0 0.0 0.0 0.0 0.0 0.0 0.0 

0.0 0.0 0.0 0.0 0.0 0.0 0.0 0.0 
0.0 0.16079897021293274 0.0 0.0 0.0 0.0 0.0 0.0 
0.0 0.1411090213725546 0.0 0.0 0.05428032435769732 0.0 0.0 0.0 
0.0 0.1411090213725546 0.0 0.0 0.05428032435769732 0.0 0.0 0.0 
0.0 0.0 0.0 0.0 0.0 0.0 0.0 0.0 
0.0 0.0 0.0 0.0 0.0 0.0 0.0 0.0 
0.0 0.0 0.020769454774687435 0.0 0.0 0.0 0.0 0.0 
0.0 0.0 0.0 0.0 0.0 0.0 0.0 0.0 

0.0 0.0 0.0 0.0 0.0 0.0 0.0 0.0 
0.0 1.7754667454857822 1.6268772501192093 0.5100323312710094 1.088944999094991 1.1997650564336846 0.0 0.0 
0.0 0.834252749408161 0.4099536059322561 0.23271518777155104 0.6974122444736901 0.6840458441874944 0.0 0.0 
0.0 0.4662796335169739 0.4662796335169739 0.4607411340118883 0.6261622379983256 0.6693218317324773 0.0 0.0 
0.0 0.41703072618918324 0.8468739652085889 0.8468739652085889 0.5334929885036679 0.5334929885036679 0.0 0.0 
0.0 0.4363530280957983 0.9766009271018623 0.9766009271018623 0.660146637541479 0.5611973712933761 0.0 0.0 
0.0 0.3980382695003026 0.9766009271018623 0.9766009271018623 0.660146637541479 0.5611973712933761 0.0 0.0 
0.0 0.0 0.0 0.0 0.0 0.0 0.0 0.0 

0.0 0.0 0.0 0.0 0.0 0.0 0.0 0.0 
0.0 0.0 0.0 0.04903635732191225 0.0 0.0 0.0 0.0 
0.0 0.38230882666837385 0.28594097378927325 0.0 0.16115908345784377 0.0 0.0 0.0 
0.0 0.28594097378927325 0.28594097378927325 0.10445029338211793 0.16115908345784377 0.0 0.0 0.0 
0.0 0.0 0.0 0.10445029338211793 0.0 0.0 0.0 0.0 
0.0 0.0 0.0 0.2770261974457717 0.027679845523668478 0.0 0.0 0.0 
0.0 0.0 0.0 0.2770261974457717 0.027679845523668478 0.0 0.0 0.0 
0.0 0.0 0.0 0.0 0.0 0.0 0.0 0.0 

0.0 0.0 0.0 0.0 0.0 0.0 0.0 0.0 
0.0 0.9384258595421315 0.6743802487287124 0.41930916776006866 0.0 2.0672803936601545 2.0672803936601545 0.0 
0.0 0.9384258595421315 1.0504415789872277 0.9972146375742365 0.01692093118726698 2.132292020805522 2.132292020805522 0.0 
0.0 0.7624185975062127 0.3919691652522264 0.13737478609496828 0.01692093118726698 1.722202013893582 1.722202013893582 0.0 
0.0 0.4291936575890529 0.014190348809747864 0.014190348809747864 0.05612463565402976 1.3729867276857275 1.3729867276857275 0.0 
0.0 0.46771114249724033 0.0 0.017105595906319226 0.12473495857584792 1.7087361062765742 1.7087361062765742 0.0 
0.0 0.46835877785277835 0.4007592653117436 0.115725985145295 0.03218585842794143 2.2138343111194883 2.2138343111194883 0.0 
0.0 0.0 0.0 0.0 0.0 0.0 0.0 0.0 

0.0 0.0 0.0 0.0 0.0 0.0 0.0 0.0 
0.0 0.0 0.0 0.0 0.0 1.1400425289922669 1.1400425289922669 0.0 
0.0 0.0 0.0 0.0 0.0 1.0088707404229391 1.0088707404229391 0.0 
0.0 0.0 0.0 0.0 0.0 0.9599308911737171 0.9599308911737171 0.0 
0.0 0.0 0.0 0.0 0.0 0.37219873907933243 0.37219873907933243 0.0 
0.0 0.03532922053557052 0.03532922053557052 0.0 0.0 0.5931238615296992 0.5931238615296992 0.0 
0.0 0.0 0.0 0.0 0.0 0.5931238615296992 0.5931238615296992 0.0 
0.0 0.0 0.0 0.0 0.0 0.0 0.0 0.0 

0.0 0.0 0.0 0.0 0.0 0.0 0.0 0.0 
0.0 0.6251699639700196 1.7715351643736603 1.7715351643736603 0.3588815999193558 0.5785449974890234 0.5785449974890234 0.0 
0.0 1.170198152664874 1.7715351643736603 1.7715351643736603 1.1585140938076723 0.0 0.0 0.0 
0.0 0.904828989796854 0.557630380808685 1.7398880192773933 1.1585140938076723 0.0 0.0 0.0 
0.0 0.0 0.014717542479025026 0.014717542479025026 0.0 0.0 0.0 0.0 
0.0 0.45971639076247794 0.0 0.0 0.0 0.0 0.0 0.0 
0.0 0.5285621973790839 0.5285621973790839 0.0 0.0 0.0 0.0 0.0 
0.0 0.0 0.0 0.0 0.0 0.0 0.0 0.0 

0.0 0.0 0.0 0.0 0.0 0.0 0.0 0.0 
0.0 0.0 0.0 0.0 0.48816850687304136 0.5562338296607604 0.0 0.0 
0.0 0.0 0.0 0.0 0.0 0.0 0.0 0.0 
0.0 0.0 0.0 0.0 0.0 0.0 0.0 0.0 
0.0 0.0 0.0 0.0 0.0 0.0 0.0 0.0 
0.0 0.0 0.0 0.0 0.0 0.0 0.0 0.0 
0.0 0.0 0.0 0.0 0.0 0.0 0.0 0.0 
0.0 0.0 0.0 0.0 0.0 0.0 0.0 0.0 

0.0 0.0 0.0 0.0 0.0 0.0 0.0 0.0 
0.0 0.0 0.5399403559382632 0.2727201459174199 0.18923019277383793 0.0 0.1967441718085965 0.0 
0.0 0.0 0.5399403559382632 0.2727201459174199 0.1154439464879433 0.0 0.1967441718085965 0.0 
0.0 0.0 0.0 0.12542631708618435 0.1154439464879433 0.0 0.0 0.0 
0.0 0.0 0.0 0.0 0.0 0.0 0.0 0.0 
0.0 0.0 0.0 0.0 0.0 0.0 0.03968011724411474 0.0 
0.0 0.0 0.0 0.0 0.0 0.0 0.03968011724411474 0.0 
0.0 0.0 0.0 0.0 0.0 0.0 0.0 0.0 

0.0 0.0 0.0 0.0 0.0 0.0 0.0 0.0 
0.0 1.4794826450845562 1.2455351802273387 1.2455351802273387 0.6961159545238327 0.6961159545238327 1.1429415603606126 0.0 
0.0 1.4794826450845562 1.0345152096562555 0.8547113756071867 0.6188912531052029 0.39936519839200724 0.0 0.0 
0.0 0.6819378577875633 0.6813986939017607 0.9730047178543185 0.6188912531052029 0.3923315300096339 0.0 0.0 
0.0 0.4852588062304474 0.9445537635940398 0.9445537635940398 0.5662512060332389 0.5662512060332389 0.25177177601628375 0.0 
0.0 0.4852588062304474 0.9445537635940398 0.9445537635940398 0.5333022839963104 0.5294338569202621 0.30104453785446583 0.0 
0.0 0.037422874173737325 0.6677861473928409 0.6677861473928409 0.49303555114736347 0.5142214183074706 0.12019313387046777 0.0 
0.0 0.0 0.0 0.0 0.0 0.0 0.0 0.0 

0.0 0.0 0.0 0.0 0.0 0.0 0.0 0.0 
0.0 0.0 0.0 0.0 0.0 0.33462420503862617 0.33462420503862617 0.0 
0.0 0.0 0.0 0.0 0.0 0.33462420503862617 0.33462420503862617 0.0 
0.0 0.0 0.0 0.0 0.0 0.0 0.0 0.0 
0.0 0.0 0.0 0.0 0.0 0.0 0.0 0.0 
0.0 0.0 0.0 0.0 0.0 0.0 0.0 0.0 
0.0 0.0 0.0 0.0 0.0 0.0 0.0 0.0 
0.0 0.0 0.0 0.0 0.0 0.0 0.0 0.0 

0.0 0.0 0.0 0.0 0.0 0.0 0.0 0.0 
0.0 1.0078760300077496 1.2573879621528306 0.9475927731913683 0.09585690071654579 0.4438903809462745 1.6134313720891393 0.0 
0.0 1.115609823854021 0.38708240641105923 0.3675329153081015 0.5532099561938546 0.46976994910979586 0.12547556916001884 0.0 
0.0 0.8773618223336785 0.38708240641105923 0.6823045012171292 0.6651204004865654 0.7131065466729642 0.6356047090755818 0.0 
0.0 0.981210609403947 0.4072732723204802 0.6823045012171292 0.6650647372017112 0.6177404574306458 0.6356047090755818 0.0 
0.0 1.1244078765200187 0.0 0.45614184215680564 0.6650647372017112 0.5863764331838158 0.5342681693726075 0.0 
0.0 0.5554402685856685 0.8485534605427331 0.8485534605427331 0.6000680779150804 0.5315199850219171 0.16401046916971632 0.0 
0.0 0.0 0.0 0.0 0.0 0.0 0.0 0.0 

0.0 0.0 0.0 0.0 0.0 0.0 0.0 0.0 
0.0 0.8608535132068147 0.9394593174044396 0.030304580144652066 0.4829852907997442 0.6589667271558579 1.509498694133945 0.0 
0.0 1.4401810908399382 1.1594111629973232 1.1594111629973232 0.21882275209071075 0.6589667271558579 1.7881634801532147 0.0 
0.0 1.1837101313809069 0.39812730455776324 0.47496400228758373 0.5184978494134916 0.4407026564281945 1.7552282870999543 0.0 
0.0 0.8577279264118766 0.8577279264118766 0.540855014572131 0.540855014572131 0.7087639410939529 1.281497058477138 0.0 
0.0 1.0603317334047884 0.8577279264118766 0.540855014572131 0.540855014572131 1.0283011641177884 1.464839462613424 0.0 
0.0 1.0719478182581272 0.1436243166792738 0.21017903534950386 0.3902469463177487 1.0283011641177884 1.464839462613424 0.0 
0.0 0.0 0.0 0.0 0.0 0.0 0.0 0.0 

0.0 0.0 0.0 0.0 0.0 0.0 0.0 0.0 
0.0 1.9912921826324896 1.9912921826324896 1.855110284601779 1.855110284601779 0.8050799881193721 0.8050799881193721 0.0 
0.0 1.6486636783721644 1.8777985462381157 1.8777985462381157 0.4068875574954256 0.3442153314587771 0.6184019466032653 0.0 
0.0 1.1102151320921472 1.2294865203185918 1.2294865203185918 0.3714525169328505 0.15087941473204644 0.5290859802993495 0.0 
0.0 0.7040285906151791 0.849246171184783 0.27556109978994353 0.0 0.0 0.13550810053252121 0.0 
0.0 1.2410922438887542 1.2410922438887542 0.47970840644454804 0.20082951087672796 0.3494815021275695 0.45071961671286526 0.0 
0.0 1.2410922438887542 1.2410922438887542 0.20082951087672796 0.20082951087672796 0.3494815021275695 0.45071961671286526 0.0 
0.0 0.0 0.0 0.0 0.0 0.0 0.0 0.0 

0.0 0.0 0.0 0.0 0.0 0.0 0.0 0.0 
0.0 0.7932552739415341 0.7932552739415341 0.6009604103893722 0.6009604103893722 0.0 0.32522177296896704 0.0 
0.0 0.7932552739415341 0.7932552739415341 0.0 0.27015431378975474 0.0 0.32522177296896704 0.0 
0.0 0.0 0.0 0.0 0.0 0.0 0.34855059872841726 0.0 
0.0 0.0 0.0 0.1360039621060233 0.0 0.0 0.34855059872841726 0.0 
0.0 0.0 0.0 0.0 0.0 0.0 0.23766389972045082 0.0 
0.0 0.0 0.0 0.0 0.0 0.0 0.03586564571574635 0.0 
0.0 0.0 0.0 0.0 0.0 0.0 0.0 0.0 

0.0 0.0 0.0 0.0 0.0 0.0 0.0 0.0 
0.0 0.5276025434165387 0.48346366317197054 0.0 0.22235272684281215 0.37314582909562366 0.37314582909562366 0.0 
0.0 1.2482919605524108 0.033994068080384646 0.033994068080384646 0.22235272684281215 0.2235043509859707 0.013530688335228273 0.0 
0.0 0.5811818624768985 0.2997518908174199 0.033994068080384646 0.13196033748954367 0.26893044283281625 0.0 0.0 
0.0 0.22240310962353987 0.0 0.007900714896784528 0.1464031866161706 0.26893044283281625 0.0 0.0 
0.0 0.4063917745446498 0.0 0.18863245294508857 0.18863245294508857 0.14870108067387852 0.05279807263498914 0.0 
0.0 0.3630161784127166 0.4514431012919153 0.4221704609026031 0.21279377028270424 0.21279377028270424 0.0 0.0 
0.0 0.0 0.0 0.0 0.0 0.0 0.0 0.0 

0.0 0.0 0.0 0.0 0.0 0.0 0.0 0.0 
0.0 0.46835554589611406 0.46835554589611406 0.0 0.7467082456021459 0.8235879939991112 0.8235879939991112 0.0 
0.0 0.0 0.0 0.10858846643333797 0.10858846643333797 0.0 0.0 0.0 
0.0 0.0 0.0 0.10858846643333797 0.10858846643333797 0.0 0.0 0.0 
0.0 0.0 0.0 0.0 0.0 0.0 0.0 0.0 
0.0 0.0 0.0 0.0 0.0 0.0 0.0 0.0 
0.0 0.0 0.028516208208794164 0.0 0.0 0.0 0.0 0.0 
0.0 0.0 0.0 0.0 0.0 0.0 0.0 0.0 

0.0 0.0 0.0 0.0 0.0 0.0 0.0 0.0 
0.0 0.0 0.0 0.0 0.0 0.0 0.0 0.0 
0.0 0.0 0.0 0.0 0.0 0.0 0.0 0.0 
0.0 0.0 0.0 0.0 0.0 0.0 0.0 0.0 
0.0 0.0 0.0 0.0 0.0 0.0 0.0 0.0 
0.0 0.0 0.0 0.0 0.0 0.0 0.0 0.0 
0.0 0.0 0.0 0.0 0.0 0.0 0.0 0.0 
0.0 0.0 0.0 0.0 0.0 0.0 0.0 0.0 

0.0 0.0 0.0 0.0 0.0 0.0 0.0 0.0 
0.0 0.52988183860906 0.0 0.0 0.0 0.0 0.0 0.0 
0.0 0.05661818529385443 0.0 0.0 0.0 0.0 0.0 0.0 
0.0 0.0 0.0 0.0 0.0 0.0 0.0 0.0 
0.0 0.0 0.0 0.0 0.0 0.0 0.0 0.0 
0.0 0.0 0.0 0.0 0.0 0.0 0.0 0.0 
0.0 0.0 0.0 0.0 0.0 0.0 0.0 0.0 
0.0 0.0 0.0 0.0 0.0 0.0 0.0 0.0 

