0.6541008663982715 1.1393779002987428 1.540231351788756 
0.5448930109855757 0.751334278455342 1.5152470486563325 
1.0127183303778113 0.966369791491209 0.7792629811010716 

0.0 0.0 0.0 
0.0 0.0 0.0 
0.0 0.0 0.0 

1.9179220815099853 1.9179220815099853 2.282279491284108 
2.9939248716410742 1.8785578544764543 2.4117933387273487 
2.976401287048977 1.8785578544764543 1.8705571259033629 

0.11760449667270155 0.0148623023047607 0.0 
0.4846903550377723 0.10642554670370441 0.29366036779191246 
0.2479068549456241 0.10642554670370441 0.10642554670370441 

0.12165195594819828 0.0 0.0 
0.5053515256481702 0.3502513769614194 0.0 
0.0 0.0 0.0 

0.0 0.0 0.28406982713727263 
0.0 0.0 0.15338395254557569 
0.0 0.0 0.0 

0.0 0.0 0.0 
0.0 0.0 0.0 
0.0 0.0 0.0 

2.319045381071804 2.06344551220334 1.5821404821705094 
2.5834729838306005 1.8588019247784846 1.8588019247784846 
2.3007551391466468 1.8588019247784846 1.8588019247784846 

2.0756737882216045 2.0756737882216045 2.1659017296210297 
1.073236329517061 1.400660147986396 1.913884359704009 
0.5877049057422444 1.400660147986396 1.2542867842420682 

2.4067974774307443 2.4067974774307443 1.7227233766455936 
2.4067974774307443 2.4067974774307443 1.7227233766455936 
3.8320458786230303 3.197027276710067 2.738030248277191 

1.3101007609934814 1.5833192605688449 1.5760891676023971 
0.830208494313846 1.0387493026884116 0.7342434903037152 
0.7648235612122964 0.7648235612122964 0.801963627451297 

1.517053314004453 1.3994738071613178 1.3248777702660244 
2.263891459239278 2.1023302662642296 1.3248777702660244 
1.492108654547857 1.492108654547857 1.1851020402027053 

3.464564938870345 3.1679015192875806 3.098659658104974 
3.8815237230033395 3.850286922551418 3.1755407053902642 
3.7237358587147646 3.7237358587147646 3.1755407053902642 

0.0 0.25484730600514166 0.7654290763319498 
0.09846038116119055 0.17058528659711886 0.5651871176692198 
0.17827744372616863 0.17827744372616863 0.31561879049279606 

0.0 0.0 0.26266852624380965 
0.03506087168913263 0.0 0.05865005481753832 
0.9850994844957996 0.19556554212116792 0.42292690678027367 

0.0 0.0 0.0 
0.0 0.0 0.0 
0.0 0.0 0.0 

3.8555912999864863 3.7670895968136877 3.549007611091691 
6.451483133268875 4.996862034452317 4.521929049507806 
6.451483133268875 5.5358978354253905 4.265790154151646 

0.586629000419339 0.6263354433603622 0.6090987712463287 
0.20004532277683945 0.8129237513947876 0.27010067733562915 
0.5099874036486802 1.0435881774166282 1.0213096265632955 

0.0 0.0 0.0 
0.0 0.0 0.0 
0.0 0.0 0.0 

0.28332453019292514 0.36314080178200847 0.6064139194076722 
0.0 0.0 0.0 
1.5310163486423336 1.1815401476667002 0.8699237849334697 

