0.6329983804584748 1.1386276316180322 1.6481683245087944 
0.9441277385029532 0.7232020161532686 1.2460585270374522 
1.654231637462658 1.3294040104655842 1.0960476992380905 

0.0 0.0 0.0 
0.0 0.0 0.0 
0.0 0.0 0.0 

1.86101623753755 1.9615260211350312 2.342743342045789 
1.9774671262409471 1.9774671262409471 2.3293879498255268 
1.9774671262409471 1.9774671262409471 2.1545295119810226 

0.17795028496373444 0.02984393373108285 0.0 
0.03189985052145679 0.0 0.0 
0.0024529410460558676 0.0 0.0 

0.0 0.0 0.0 
0.03331508962322297 0.0 0.0 
0.03331508962322297 0.0 0.0 

0.0 0.0 0.1413311631330228 
0.0 0.0 0.09954458739461754 
0.2338217088945735 0.0 0.0 

0.0 0.0 0.0 
0.0 0.0 0.0 
0.0 0.0 0.0 

2.379441792124656 2.119353920933823 1.9102862645274312 
2.379441792124656 2.0922458776152926 1.9319099726691253 
2.061421895902358 1.9319099726691253 1.9319099726691253 

1.8520195131846813 1.9166688765632334 1.9179789147098918 
0.9697888892097342 1.3489119002587389 1.6119668241889316 
1.1616533818851889 1.2808849203435486 1.4738875014432868 

1.600883182682111 1.8551369495757084 1.8551369495757084 
1.8975355362372648 1.758148027624522 1.5827714035639735 
2.829102334951514 2.7286736392162974 2.6368853630463542 

1.2976327345833432 1.4148271645228199 1.4148271645228199 
1.3421361371933824 1.1659977524480725 1.1457413604963478 
1.4581361990905781 1.1112440376656076 0.9265576805135967 

1.336694881399043 1.3865059887985252 1.3865059887985252 
1.5833902363384282 1.2393325148236078 1.1610572862800224 
1.5833902363384282 1.2393325148236078 1.0980285315900946 

3.0712165913653773 2.925092578402283 2.925092578402283 
3.1891510560328715 3.0515054061374838 2.872638590369109 
3.17785830834012 3.0515054061374838 2.872638590369109 

0.0 0.0 0.9315337089924401 
0.0 0.0 0.9315337089924401 
0.0 0.0 0.7280086000299056 

0.0 0.0 0.2568184416653557 
0.07130309820391927 0.0 0.18615213058666066 
0.3360335163906993 0.0 0.36158411768924037 

0.0 0.0 0.0 
0.0 0.0 0.0 
0.0 0.0 0.0 

4.277729499078311 3.969465393887356 3.8545960459859336 
4.277729499078311 4.04153138941414 3.648044219592908 
3.923390877640459 3.923390877640459 3.5765124557330967 

0.4927557558294069 0.6442524086691385 0.6442524086691385 
0.1125908541597558 0.2805607552397078 0.13222335154685635 
0.4388306947550598 0.6386579060607346 0.6226931973862377 

0.0 0.0 0.0 
0.0 0.0 0.0 
0.0 0.0 0.0 

0.0 0.3577376813223668 0.7402263478759642 
0.10279622845522284 0.004449041541453359 0.057457036076731305 
0.8439575727912896 0.9884963619182535 0.9884963619182535 

