1.0831342162725612 1.0568787355441263 1.3805367263468258 
1.0831342162725612 1.0568787355441263 1.4630628645941846 
1.7532535188848253 1.9004587387334726 2.025876021553659 

0.0 0.0 0.0 
0.0 0.0 0.0 
0.0 0.0 0.0 

2.354173237481683 2.102879707414491 2.4047203679451794 
2.3898877368782063 2.579978629686931 2.7929097633499085 
2.3898877368782063 2.018617226624969 2.458971081078667 

0.14832859407220095 0.12257083058155795 0.05641782347152925 
0.12457338413755388 0.12257083058155795 0.09376033352341537 
0.0586955907368466 0.0 0.0 

0.3374889697842387 0.3374889697842387 0.08024319256068879 
0.3374889697842387 0.3374889697842387 0.08024319256068879 
0.03244131807492315 0.0 0.0 

0.0 0.0 0.5133934219527893 
0.0 0.0 0.5133934219527893 
0.0 0.0 0.09633001900689096 

0.0 0.0 0.0 
0.0 0.0 0.0 
0.0 0.0 0.0 

1.9880574492132315 1.856583648125651 1.814049175959584 
1.8118573152727362 1.8118573152727362 1.7630382480905133 
1.778579674650619 1.6738933476506999 1.4604367145165462 

2.0086909997823175 1.8903459278319643 1.9778554008553029 
1.9634138674557082 1.4051255259120066 1.9457479794555368 
1.9634138674557082 1.4087084658484326 1.6058883569876112 

2.211510746624601 2.111696283315619 1.8343321370577772 
2.004570377193032 1.905993120891859 1.8133297560371697 
2.7341257993578125 2.6144762858059263 2.6144762858059263 

1.5572522028270592 1.5572522028270592 1.4870612244495707 
1.7290436140834287 1.7290436140834287 1.5057322149486112 
1.4489724408251836 1.4489724408251836 1.3342422796239977 

2.061094776419224 2.061094776419224 1.6508476841372597 
2.0830966442302286 2.061094776419224 1.7668460199315474 
1.6001181236500273 1.4217715062486074 1.1884040013918475 

3.3303912964603013 3.3303912964603013 2.999511299487791 
3.340854593524353 3.3303912964603013 3.2147335939028823 
3.2891602651447416 3.0626461432838754 2.964650268105587 

0.0 0.014930427843208171 1.0680155849155257 
0.0 0.014930427843208171 1.118667633007198 
0.0 0.0 0.7972678945414854 

0.11020395129827477 0.0 0.24307210206584307 
0.06585503342707923 0.0 0.1652875177839977 
0.43591550508884297 0.011559199882410689 0.25136807755975377 

0.0 0.0 0.0 
0.0 0.0 0.0 
0.0 0.0 0.0 

4.1610437376700045 3.834405779265235 3.619107006643387 
4.42908868051059 4.35576225537601 4.35576225537601 
4.026255118673818 4.35576225537601 4.35576225537601 

0.7968775627849632 0.582957437973242 0.582957437973242 
0.4158713632970807 0.4158713632970807 0.1821944993467385 
0.5832844662493698 0.450893683675284 0.35490186799520934 

0.0 0.0 0.0 
0.0 0.0 0.0 
0.05289280767971674 0.06014562648533889 0.06014562648533889 

0.3162771306839821 0.11557238954299576 0.2956084263534142 
0.2997348088956744 0.4328527351495625 0.7288232849522602 
1.0539161672915345 0.9544126377004967 0.9471443671132357 

