0.0 0.0 0.0 0.0 0.0 0.0 0.0 0.0 
0.0 2.8806387899418517 1.5234951799532663 1.6457671168893633 1.6457671168893633 2.667074922193372 1.3702313714892331 0.0 
0.0 2.6479219813737624 2.298539470074002 2.298539470074002 1.3616623052879466 2.2075820558049326 1.3266521237258633 0.0 
0.0 1.6482511279504575 2.2752724064409886 2.2752724064409886 1.3616623052879466 2.7280079288261914 2.7280079288261914 0.0 
0.0 2.963413415864177 2.963413415864177 1.8852331074733661 1.8852331074733661 2.800928698756168 2.800928698756168 0.0 
0.0 3.2782742579744726 3.2782742579744726 1.734857071682768 1.734857071682768 1.9150736762342957 1.9150736762342957 0.0 
0.0 3.304479395602417 3.304479395602417 2.0155594628257045 2.0155594628257045 1.0482123859152535 1.3497123350045113 0.0 
0.0 0.0 0.0 0.0 0.0 0.0 0.0 0.0 

0.0 0.0 0.0 0.0 0.0 0.0 0.0 0.0 
0.0 0.9768852392997065 0.17907563619367003 0.8004669573639713 1.447078006734002 0.9224585146763306 0.615418673110668 0.0 
0.0 0.6907412621689745 0.12187493071738947 0.0 0.2197782864195534 0.5427290246607 0.615418673110668 0.0 
0.0 1.0369292840329392 0.23221089162678005 0.0 0.0 0.0 0.3794774187942325 0.0 
0.0 1.8572193981729597 0.0 0.138378419928136 0.0 0.0 0.0 0.0 
0.0 1.9977933611596417 0.0263162361668631 0.138378419928136 0.0 0.8422760382778728 0.9510262713480001 0.0 
0.0 1.6671946868706615 0.3799896106166545 0.3799896106166545 0.0 0.874842710411624 0.9510262713480001 0.0 
0.0 0.0 0.0 0.0 0.0 0.0 0.0 0.0 

0.0 0.0 0.0 0.0 0.0 0.0 0.0 0.0 
0.0 0.8144706030101146 0.3490330768723793 0.7642337788808209 1.3948161752411563 1.3948161752411563 0.0 0.0 
0.0 0.8144706030101146 0.7258250729029803 0.7642337788808209 1.3948161752411563 1.3948161752411563 0.0 0.0 
0.0 0.7785051178390808 0.7258250729029803 0.719794090132894 0.8298939736224517 0.7558756002211517 0.23216992439246809 0.0 
0.0 0.8117089612224881 0.8117089612224881 0.6856366895792334 0.8298939736224517 0.6465124936044873 0.0 0.0 
0.0 1.10397859330051 1.10397859330051 0.7341435297604446 0.7341435297604446 0.051938428062764344 0.08753920311139494 0.0 
0.0 0.986895473439307 0.7748021201823789 0.5744369962317863 0.3727037631460356 0.5086396563939641 0.5086396563939641 0.0 
0.0 0.0 0.0 0.0 0.0 0.0 0.0 0.0 

0.0 0.0 0.0 0.0 0.0 0.0 0.0 0.0 
0.0 1.5600728591717914 0.6877380515454388 1.1805714937736367 2.148757951800577 2.148757951800577 0.21140771400938582 0.0 
0.0 0.32394791942555057 0.0 0.0 0.394489043439627 1.2840112859472113 0.655559978280439 0.0 
0.0 1.2617643330873585 0.04552067473222021 0.26081071211222817 0.26081071211222817 0.740261576225569 0.655559978280439 0.0 
0.0 1.2617643330873585 0.6718223795379118 0.0 0.0 0.0 0.0 0.0 
0.0 1.1388789625817441 0.8515047559629868 0.0 0.0 0.0 0.0 0.0 
0.0 0.8515047559629868 0.8515047559629868 0.3310940443360483 0.0 0.0 0.0 0.0 
0.0 0.0 0.0 0.0 0.0 0.0 0.0 0.0 

0.0 0.0 0.0 0.0 0.0 0.0 0.0 0.0 
0.0 2.009860215394978 1.4221540964308625 1.440932947105538 2.5153441254326485 2.5153441254326485 0.981656444428668 0.0 
0.0 1.1915831910745511 0.6436395215676312 0.4336868317232517 1.324356379123084 1.7443651321962241 1.7443651321962241 0.0 
0.0 1.5544020845891984 1.2811804452160833 1.2906822639577125 1.2906822639577125 1.7443651321962241 1.7443651321962241 0.0 
0.0 1.6451572617115529 1.5738749212667287 0.7761807593630161 1.2693395330663702 0.6680596940541579 0.6656649400641996 0.0 
0.0 1.8410586785315721 1.8410586785315721 1.1790066814445614 1.3761390285732165 0.6680596940541579 1.1478865329518129 0.0 
0.0 1.8172742323571094 1.8172742323571094 0.835349463663767 0.7702832565384288 0.5641237059643364 1.1570111623666919 0.0 
0.0 0.0 0.0 0.0 0.0 0.0 0.0 0.0 

0.0 0.0 0.0 0.0 0.0 0.0 0.0 0.0 
0.0 0.6406018685099379 0.6406018685099379 0.0 0.0 0.0 0.0 0.0 
0.0 0.0 0.0 0.0 0.06700297639968206 0.6396257706170769 0.0 0.0 
0.0 0.3049028495821817 0.02262911798648394 0.0 0.0 0.0 0.0692532739019418 0.0 
0.0 0.18139358093410776 0.07450402030779806 0.0 0.0 0.0 0.0 0.0 
0.0 0.010079749277850693 0.010079749277850693 0.3929203328740487 0.3929203328740487 0.0 0.0 0.0 
0.0 0.0 0.0 0.3929203328740487 0.3929203328740487 0.0 0.0 0.0 
0.0 0.0 0.0 0.0 0.0 0.0 0.0 0.0 

0.0 0.0 0.0 0.0 0.0 0.0 0.0 0.0 
0.0 0.5008045354731723 0.5008045354731723 0.0 0.0 0.28221063161294785 0.32879300647483534 0.0 
0.0 0.0 0.0 0.4006212370099503 0.0 0.26031772941035386 0.32879300647483534 0.0 
0.0 0.3694294683422004 0.3694294683422004 0.21935422492514883 0.0 0.0 0.2559594789089179 0.0 
0.0 0.0 0.39459942573142454 0.25546814738129764 0.2356978229958937 0.2356978229958937 0.1114836142545922 0.0 
0.0 0.0 0.25546814738129764 0.25546814738129764 0.7661885232692571 0.7661885232692571 0.1114836142545922 0.0 
0.0 0.26511469223447015 0.5928323780884265 0.5928323780884265 0.7661885232692571 0.7661885232692571 0.0 0.0 
0.0 0.0 0.0 0.0 0.0 0.0 0.0 0.0 

0.0 0.0 0.0 0.0 0.0 0.0 0.0 0.0 
0.0 2.128357357691699 1.7084177355519445 2.6436168695736924 3.4116359347232685 2.8100974486114403 1.9951619489888175 0.0 
0.0 1.7084177355519445 1.7084177355519445 1.2245727774192046 1.6991674657051645 2.392552439662728 2.392552439662728 0.0 
0.0 2.811818201874469 1.4921881262359076 1.4646964863656413 1.6201016810956665 2.120729046114471 2.6540461087036773 0.0 
0.0 2.9128153066115625 1.8639442048192283 1.7697526355194033 1.6281460128842227 1.6281460128842227 2.6540461087036773 0.0 
0.0 2.6128814997662393 1.913394005577087 1.7697526355194033 1.7828455611575529 2.3582506463930333 2.3582506463930333 0.0 
0.0 1.664507380216523 1.664507380216523 1.58592093623961 1.9118039376727414 2.005708680018616 2.0414745191712664 0.0 
0.0 0.0 0.0 0.0 0.0 0.0 0.0 0.0 

0.0 0.0 0.0 0.0 0.0 0.0 0.0 0.0 
0.0 0.0 0.0 0.0 0.0 0.0 0.0 0.0 
0.0 0.0 0.0 0.0 0.0 0.0 0.0 0.0 
0.0 0.0 0.2832189027686406 0.2832189027686406 0.0 0.0 0.0 0.0 
0.0 0.0 0.2832189027686406 0.2832189027686406 0.0 0.0 0.0 0.0 
0.0 0.0 0.0 0.0 0.0 0.0 0.0 0.0 
0.0 0.0 0.0 0.0 0.0 0.0 0.0 0.0 
0.0 0.0 0.0 0.0 0.0 0.0 0.0 0.0 

0.0 0.0 0.0 0.0 0.0 0.0 0.0 0.0 
0.0 0.360025577842688 0.6442312301245852 1.3690096090304589 1.3690096090304589 1.3968882835689929 0.5612851853761956 0.0 
0.0 0.2924768479772063 0.02701303177497566 0.02701303177497566 0.0 0.889176828196317 0.889176828196317 0.0 
0.0 1.0267257712562814 0.8308574968496603 0.38005492307896993 0.0 0.0 0.0 0.0 
0.0 1.0267257712562814 1.02261571556904 0.07681247955933287 0.0 0.93902967227453 0.93902967227453 0.0 
0.0 0.9604282372325186 0.9604282372325186 0.22425116811151213 0.0 1.2266917203075671 1.2266917203075671 0.0 
0.0 0.07347147825104572 0.22425116811151213 0.22425116811151213 0.0 0.4643200377235213 0.4643200377235213 0.0 
0.0 0.0 0.0 0.0 0.0 0.0 0.0 0.0 

0.0 0.0 0.0 0.0 0.0 0.0 0.0 0.0 
0.0 0.9100719187913163 0.9100719187913163 0.937145688567414 0.28802607789781215 0.453662511765382 0.453662511765382 0.0 
0.0 0.6197200821100859 0.0 0.0 0.38569759245244833 0.38569759245244833 1.078349109764204 0.0 
0.0 0.45929080287277263 0.14482129091241155 0.0 0.0 0.0 1.1625105053185811 0.0 
0.0 0.43265462619685935 0.14482129091241155 0.10202041299176942 0.3474337508838785 0.3474337508838785 0.0 0.0 
0.0 0.42419344754492283 0.049931777922026424 0.8619510229097337 0.3474337508838785 0.3474337508838785 0.2868314990877555 0.0 
0.0 0.871257360637753 0.049931777922026424 0.8619510229097337 0.14143876478728745 0.0 0.7122671240842521 0.0 
0.0 0.0 0.0 0.0 0.0 0.0 0.0 0.0 

0.0 0.0 0.0 0.0 0.0 0.0 0.0 0.0 
0.0 1.3000089710277436 0.5317203737597148 1.0741448345090794 2.9715414196941685 2.3775742757610567 0.49940801745978197 0.0 
0.0 1.1043788614044994 1.1043788614044994 0.5841601490409485 1.7934319211721528 1.1451872447506655 0.4908981350729436 0.0 
0.0 1.1623636016592862 0.7632755454334726 0.2893216910095396 0.7936051603632381 0.7936051603632381 0.0 0.0 
0.0 3.8071100902768253 0.1279399091711077 0.9520966331120962 0.7936051603632381 1.2024873599302557 1.621709978083782 0.0 
0.0 4.030179538314202 0.6008330120176931 0.9665592079040755 0.542062752373276 2.513979028248498 2.583095355765462 0.0 
0.0 3.6737039571548467 0.6008330120176931 0.6008330120176931 0.0 2.513979028248498 2.583095355765462 0.0 
0.0 0.0 0.0 0.0 0.0 0.0 0.0 0.0 

0.0 0.0 0.0 0.0 0.0 0.0 0.0 0.0 
0.0 1.4544125617843033 1.4906063375981793 1.2235286459485548 1.174597871650235 0.6200791819071519 0.6200791819071519 0.0 
0.0 1.0239884700558588 0.5561459898781902 0.6657672919117477 1.7369688340442875 1.7369688340442875 0.5947592424620494 0.0 
0.0 1.3627461660063962 1.1350573012887142 1.1350573012887142 0.8601815588047447 0.8601815588047447 0.3933880112367144 0.0 
0.0 1.2663569405002237 1.318237733571522 0.2237552346227254 0.6642751767504165 0.22749410909884837 0.22749410909884837 0.0 
0.0 0.885365328936129 0.9786131903049243 1.5472405405569523 0.7470879380175073 0.03523769204551547 0.0 0.0 
0.0 0.8039114630288873 0.9786131903049243 1.5472405405569523 0.43041403374126286 0.0 0.19503263425443548 0.0 
0.0 0.0 0.0 0.0 0.0 0.0 0.0 0.0 

0.0 0.0 0.0 0.0 0.0 0.0 0.0 0.0 
0.0 1.220946930028443 2.00422051186985 2.314067997430713 1.2218792854328746 0.3602301330215419 0.0 0.0 
0.0 0.9014937624576573 2.00422051186985 2.314067997430713 2.3806369972012553 1.3987511121481895 1.3987511121481895 0.0 
0.0 0.3814718802291936 1.5677564608269614 1.9272326806633253 1.9331360598188376 2.666027640075088 2.666027640075088 0.0 
0.0 0.7458234595812718 1.5864727665280534 1.9272326806633253 1.9272326806633253 2.5601706615548894 2.5601706615548894 0.0 
0.0 0.7380565518286457 1.5864727665280534 1.5864727665280534 1.8250934013019804 1.6569376937760043 0.2623357289708391 0.0 
0.0 0.7380565518286457 1.306224558118322 1.683767581451375 1.8218415032116022 1.6569376937760043 0.0 0.0 
0.0 0.0 0.0 0.0 0.0 0.0 0.0 0.0 

0.0 0.0 0.0 0.0 0.0 0.0 0.0 0.0 
0.0 0.468532420789955 0.0 0.0 1.029978181276034 1.2737893523319348 0.0 0.0 
0.0 0.12572809971622198 0.5300613962539521 0.28148532004928106 0.5640787392095616 0.799912614963135 0.0 0.0 
0.0 0.0 0.43384545902286165 0.2581336070745366 0.0 0.6667762193676816 0.4152511150945749 0.0 
0.0 1.1432903230913025 1.1432903230913025 0.3449597298461331 0.3449597298461331 0.6667762193676816 0.4152511150945749 0.0 
0.0 1.4733031635413265 1.4733031635413265 0.2600068541852531 0.2600068541852531 0.0 0.0 0.0 
0.0 1.4514375127282102 1.4338488994426548 0.2600068541852531 0.2600068541852531 0.0 0.24007744174678816 0.0 
0.0 0.0 0.0 0.0 0.0 0.0 0.0 0.0 

0.0 0.0 0.0 0.0 0.0 0.0 0.0 0.0 
0.0 0.6256377914963207 0.3637400925088368 0.6032884308371383 0.0 0.9182647788647882 0.22846141763566466 0.0 
0.0 0.0 0.09621965961673035 0.09621965961673035 0.0 1.5552235046417857 1.5552235046417857 0.0 
0.0 0.3842277544435549 0.5050134383561368 0.0 0.0 1.5552235046417857 1.5552235046417857 0.0 
0.0 0.6867921314290806 0.6867921314290806 0.0 0.5810655816491708 0.5810655816491708 0.35243566640384494 0.0 
0.0 0.8442571730258113 0.8442571730258113 0.0 1.0891114107923394 0.8732176085230023 0.0 0.0 
0.0 0.8442571730258113 0.8442571730258113 0.0 1.0891114107923394 0.8732176085230023 0.0 0.0 
0.0 0.0 0.0 0.0 0.0 0.0 0.0 0.0 

0.0 0.0 0.0 0.0 0.0 0.0 0.0 0.0 
0.0 0.06705178630524017 0.0 0.0 0.0 0.0 0.0 0.0 
0.0 0.0 0.0 0.0 0.0 0.41823684552733764 0.41823684552733764 0.0 
0.0 0.0 0.0 0.0 0.0 0.41823684552733764 0.41823684552733764 0.0 
0.0 0.0 0.0 0.0 0.0 0.0 0.0 0.0 
0.0 0.0 0.0 0.0 0.0 0.0 0.0 0.0 
0.0 0.0 0.21466521457361398 0.0 0.0 0.0 0.0 0.0 
0.0 0.0 0.0 0.0 0.0 0.0 0.0 0.0 

0.0 0.0 0.0 0.0 0.0 0.0 0.0 0.0 
0.0 0.8143288768804511 0.8449342507150588 1.3625742794188507 1.3625742794188507 0.3270459965147579 0.0 0.0 
0.0 1.5165375640210979 1.2925192832712227 1.2925192832712227 0.885115556170212 0.0 0.0 0.0 
0.0 1.5165375640210979 1.075966020366751 1.075966020366751 0.9555500376656737 0.9555500376656737 0.10662199186677222 0.0 
0.0 0.8762251004764567 1.0420004042363533 1.0420004042363533 0.9555500376656737 2.1963240077501918 2.1963240077501918 0.0 
0.0 2.4704442212022757 0.9073059362064173 0.8957210842517709 0.6523274828387502 2.1963240077501918 2.1963240077501918 0.0 
0.0 3.1876435372987895 0.9461716284689948 0.9461716284689948 0.13325585276397034 1.886120000524076 1.886120000524076 0.0 
0.0 0.0 0.0 0.0 0.0 0.0 0.0 0.0 

0.0 0.0 0.0 0.0 0.0 0.0 0.0 0.0 
0.0 0.08242459469601879 0.11174679893090099 1.3160305973155222 2.2020498146587633 0.015904749462748845 0.0 0.0 
0.0 0.08242459469601879 0.08242459469601879 0.06657144852703255 0.7694851346601493 0.7694851346601493 0.0 0.0 
0.0 0.25536900174730026 0.06657144852703255 0.06657144852703255 0.7694851346601493 0.7694851346601493 0.5189887419962625 0.0 
0.0 1.522577862538731 0.0 0.0 0.0 1.4143538806733944 1.4143538806733944 0.0 
0.0 1.6536463501065726 0.16508922309771357 0.0 0.0 1.3029258368357768 1.3029258368357768 0.0 
0.0 1.4127331916276447 0.3298654555249017 0.0 0.0 1.3029258368357768 1.3029258368357768 0.0 
0.0 0.0 0.0 0.0 0.0 0.0 0.0 0.0 

0.0 0.0 0.0 0.0 0.0 0.0 0.0 0.0 
0.0 1.3362647745087706 1.3362647745087706 0.7895436627816512 0.3905704178054047 0.0 0.0 0.0 
0.0 1.2510658336508629 1.2510658336508629 0.7895436627816512 0.788452168612486 0.4235458071855037 0.0 0.0 
0.0 0.07657220352763916 0.07657220352763916 1.716653120322348 1.716653120322348 1.5151633690954525 0.2718991887563895 0.0 
0.0 0.23331648387970885 0.8842708187566849 1.6054752582914278 1.6054752582914278 1.1785027909028576 0.6352812524373411 0.0 
0.0 0.0063476667771899115 0.8842708187566849 0.8842708187566849 0.9506643298343966 0.9506643298343966 0.13277773872721746 0.0 
0.0 0.0 0.29282305156171257 1.6954628724529432 1.544179784617696 0.5597933807969057 0.0 0.0 
0.0 0.0 0.0 0.0 0.0 0.0 0.0 0.0 

0.0 0.0 0.0 0.0 0.0 0.0 0.0 0.0 
0.0 0.0 0.0 0.0 0.0 0.0 0.0 0.0 
0.0 0.0 0.0 0.0 0.0 0.0 0.0 0.0 
0.0 0.0 0.0 0.0 0.0 0.0 0.0 0.0 
0.0 0.0 0.0 0.0 0.0 0.0 0.0 0.0 
0.0 0.0 0.0 0.0 0.0 0.0 0.0 0.0 
0.0 0.0 0.0 0.0 0.12972210862563416 0.12972210862563416 0.0 0.0 
0.0 0.0 0.0 0.0 0.0 0.0 0.0 0.0 

0.0 0.0 0.0 0.0 0.0 0.0 0.0 0.0 
0.0 0.39319979407194244 0.30922325976880455 0.6866442457400321 1.1621476093961254 1.1621476093961254 0.0 0.0 
0.0 0.39319979407194244 0.30922325976880455 0.06589717827236699 0.5308302853826837 0.5308302853826837 0.0 0.0 
0.0 0.5035121720060902 0.0 0.49924128075861085 0.5308302853826837 0.5308302853826837 0.0 0.0 
0.0 1.0308091820012297 0.5796185333072734 0.49924128075861085 0.49924128075861085 0.025776591927191984 0.05467598030626005 0.0 
0.0 1.0308091820012297 0.5796185333072734 0.0 0.04517555262101593 0.025776591927191984 0.2633044106309828 0.0 
0.0 0.4807485618685391 0.4807485618685391 0.05345732629800659 0.04517555262101593 0.0 0.0 0.0 
0.0 0.0 0.0 0.0 0.0 0.0 0.0 0.0 

0.0 0.0 0.0 0.0 0.0 0.0 0.0 0.0 
0.0 1.093814209377905 0.958611518570248 1.2514352772934338 1.6220650914665524 1.6220650914665524 0.42486334930021474 0.0 
0.0 0.3797810149985995 0.3797810149985995 0.1712953044578796 0.6148005539727275 1.6695818241957694 1.2615760943305871 0.0 
0.0 1.3803248208687002 0.8203257305701414 0.7778089133866644 0.7778089133866644 1.563959478944804 1.2615760943305871 0.0 
0.0 1.3803248208687002 1.067267619070985 0.7778089133866644 0.7778089133866644 0.4287667934329837 0.7912149779269428 0.0 
0.0 1.212407762556528 1.212407762556528 0.26702105800553555 0.7839757845381617 0.7839757845381617 0.0 0.0 
0.0 1.212407762556528 1.212407762556528 0.2317840957319358 0.5671408182933607 0.5671408182933607 0.0 0.0 
0.0 0.0 0.0 0.0 0.0 0.0 0.0 0.0 

0.0 0.0 0.0 0.0 0.0 0.0 0.0 0.0 
0.0 0.0 0.0 0.11283064215377323 0.8355913388258245 0.8355913388258245 0.0 0.0 
0.0 0.0 0.0 0.0014884079254158522 0.6735918487974473 0.27784324680486727 0.27784324680486727 0.0 
0.0 0.27821224266439915 0.0 0.0 0.0 0.0 0.0 0.0 
0.0 0.9411585435753468 0.12770471278408604 0.0 0.0 0.0 0.0 0.0 
0.0 0.9411585435753468 0.43486597861784676 0.0 0.0 0.23908652617568826 0.23908652617568826 0.0 
0.0 0.43486597861784676 0.43486597861784676 0.0 0.0 0.18794796954748305 0.18794796954748305 0.0 
0.0 0.0 0.0 0.0 0.0 0.0 0.0 0.0 

0.0 0.0 0.0 0.0 0.0 0.0 0.0 0.0 
0.0 0.8601321365856684 0.8601321365856684 0.08112428570490715 0.0 0.4877862713594156 0.4877862713594156 0.0 
0.0 0.6146333139318105 0.0 0.29004850906997137 0.04270531679609252 0.4316011303391998 0.4401336053656983 0.0 
0.0 0.721456309633107 0.5016187047220696 0.36562371776794045 0.04270531679609252 0.0 0.4183850585854524 0.0 
0.0 0.21756983230188495 0.7141059709121231 0.0 0.0 0.0 1.04373698598906 0.0 
0.0 0.0 0.5054755544581626 0.5284049110667568 0.0 0.0 0.4739353964724457 0.0 
0.0 0.0 0.298478221044865 0.5284049110667568 0.7292463424294829 0.711919652441625 0.0 0.0 
0.0 0.0 0.0 0.0 0.0 0.0 0.0 0.0 

0.0 0.0 0.0 0.0 0.0 0.0 0.0 0.0 
0.0 1.6315654561393114 1.0209889357912678 1.21066930683924 1.21066930683924 1.1225102478084665 0.48953646143957275 0.0 
0.0 1.4369408962894994 1.3422886510099876 1.1359082472252313 0.5213188687307386 0.6431679397206475 0.47695888484363097 0.0 
0.0 1.1175989217235993 1.2830829168488647 1.2830829168488647 1.1601880737554482 1.1601880737554482 0.0 0.0 
0.0 2.583184925899047 1.1521294421672863 1.1521294421672863 0.8111164469243558 1.4624043890036158 1.4624043890036158 0.0 
0.0 3.064604049889994 0.8714404747629085 1.0862389664458982 0.9881196131091853 1.2895858134831997 1.2895858134831997 0.0 
0.0 3.064604049889994 0.7404920391585401 1.2661662362702146 0.9881196131091853 0.8501496860518656 1.2446310091241235 0.0 
0.0 0.0 0.0 0.0 0.0 0.0 0.0 0.0 

0.0 0.0 0.0 0.0 0.0 0.0 0.0 0.0 
0.0 1.5179141762080162 2.268695323041853 2.242025266042356 2.242025266042356 1.01757917144932 0.0 0.0 
0.0 1.3457289420919738 1.9253478757451905 2.242025266042356 2.9063837181310843 1.7878004379194734 0.8318829082262821 0.0 
0.0 0.7412054883772013 1.9509880540789444 2.295321086642649 2.9063837181310843 2.4253639744784588 1.1783775505091474 0.0 
0.0 1.4396907052782608 1.9509880540789444 2.295321086642649 2.0657070039563994 1.9757627146767 1.6107188877422929 0.0 
0.0 1.4396907052782608 0.9029967778673017 2.0716564493853955 2.0716564493853955 1.3378251900862106 1.3378251900862106 0.0 
0.0 1.2805088136187401 0.8357025475807909 2.0716564493853955 2.0716564493853955 0.5395301450604186 0.4186294210750919 0.0 
0.0 0.0 0.0 0.0 0.0 0.0 0.0 0.0 

0.0 0.0 0.0 0.0 0.0 0.0 0.0 0.0 
0.0 0.5536146404077108 0.5536146404077108 0.10197962048749568 1.4016065179129633 1.4016065179129633 0.0 0.0 
0.0 0.0 0.0 0.0 0.0508892605035236 0.8286128754001356 0.8286128754001356 0.0 
0.0 0.41553618105146967 0.0 0.0 0.0 0.21418421371498125 0.21418421371498125 0.0 
0.0 0.7929686932461766 0.0 0.0 0.0 0.0 0.0 0.0 
0.0 0.7929686932461766 0.0 0.0 0.0 0.0 0.016825882048882412 0.0 
0.0 0.0 0.0 0.0 0.0 0.0 0.016825882048882412 0.0 
0.0 0.0 0.0 0.0 0.0 0.0 0.0 0.0 

0.0 0.0 0.0 0.0 0.0 0.0 0.0 0.0 
0.0 0.0 0.0 0.0 0.0 0.07465472760312374 0.09726818873983442 0.0 
0.0 0.0 0.0 0.17054159021956417 0.0 0.027189673188814364 0.08912688585850503 0.0 
0.0 0.27074763426465154 1.0633128197254305 1.0633128197254305 0.0 0.1274578870188544 0.1274578870188544 0.0 
0.0 0.0 0.24175856416590225 0.24175856416590225 0.0 0.5856152936026134 0.5856152936026134 0.0 
0.0 0.0 0.17577133496284011 0.004698155790817865 0.0 0.36242633276079145 0.36242633276079145 0.0 
0.0 0.0 0.39272950511470067 0.02888330446846711 0.0 0.0 0.0 0.0 
0.0 0.0 0.0 0.0 0.0 0.0 0.0 0.0 

0.0 0.0 0.0 0.0 0.0 0.0 0.0 0.0 
0.0 0.0 0.0 0.0 0.0 0.0 0.0 0.0 
0.0 0.0 0.20689015136259747 0.20689015136259747 0.0 0.0 0.0 0.0 
0.0 0.0 0.0 0.0 0.0 0.37307521310843095 0.37307521310843095 0.0 
0.0 0.0 0.0 0.0 0.0 0.37307521310843095 0.37307521310843095 0.0 
0.0 0.0 0.0 0.0 0.0 0.0 0.0 0.0 
0.0 0.0 0.0 0.011955547920473597 0.31551701115852765 0.0 0.0 0.0 
0.0 0.0 0.0 0.0 0.0 0.0 0.0 0.0 

0.0 0.0 0.0 0.0 0.0 0.0 0.0 0.0 
0.0 0.0 0.0 0.0 0.0 0.0 0.0 0.0 
0.0 0.0 0.0 0.0 0.0 0.0 0.0 0.0 
0.0 0.0 0.0 0.0 0.0 0.0 0.0 0.0 
0.0 0.0 0.0 0.0 0.0 0.0 0.0 0.0 
0.0 0.0 0.0 0.0 0.0 0.0 0.0 0.0 
0.0 0.0 0.0 0.0 0.0 0.0 0.0 0.0 
0.0 0.0 0.0 0.0 0.0 0.0 0.0 0.0 

0.0 0.0 0.0 0.0 0.0 0.0 0.0 0.0 
0.0 0.0 0.0 0.0 0.0 0.0 0.0 0.0 
0.0 0.0 0.0 0.0 0.0 0.0 0.0 0.0 
0.0 0.0 0.0 0.0 0.0 0.0 0.0 0.0 
0.0 0.0 0.0 0.0 0.0 0.0 0.0 0.0 
0.0 0.0 0.0 0.0 0.0 0.0 0.0 0.0 
0.0 0.0 0.0 0.0 0.0 0.0 0.0 0.0 
0.0 0.0 0.0 0.0 0.0 0.0 0.0 0.0 

