1.20517593497224 0.978911944944626 0.570564000707075 
1.20517593497224 1.2679750062246267 1.4723510279925842 
1.6923664316159557 1.7271952371388215 1.8691260978809496 

0.0 0.0 0.0 
0.0 0.0 0.0 
0.0 0.0 0.0 

2.3526703182397064 2.2729877270182315 1.9551613869233615 
2.4289983982811285 2.3996794928740908 2.513926485587071 
2.2084988397082927 2.3161739560280257 2.513926485587071 

0.19254708931028786 0.3393392286408558 0.3393392286408558 
0.137985463440197 0.3393392286408558 0.3393392286408558 
0.08992044793831949 0.08992044793831949 0.0 

0.37201153896496153 0.37201153896496153 0.0 
0.22390686579712388 0.22390686579712388 0.0 
0.11734962061471375 0.0 0.0 

0.0 0.09311657275164362 0.5410232187382379 
0.0 0.0 0.5410232187382379 
0.1286185165643337 0.0 0.36780042191666296 

0.0 0.0 0.0 
0.0 0.0 0.0 
0.0 0.0 0.0 

1.8839804742351292 1.7280457222418868 1.7280457222418868 
1.5049252825048056 1.6093489466223325 1.6093489466223325 
1.4155364224585976 1.3849723499513982 1.3849723499513982 

1.9815974222735868 1.99424331931348 2.18536852724891 
1.2664402795676468 1.6021681648585417 1.840598374958199 
1.3502689179844671 1.6021681648585417 1.840598374958199 

2.4611068672098577 2.158727712547205 1.873739274369284 
2.4611068672098577 2.158727712547205 1.9871290113151137 
2.721813429611621 2.7196392153794875 2.6791598072781806 

1.8261835659350831 1.745779929851144 1.1265536843130266 
1.8689327042768993 1.745779929851144 1.4935352180604105 
1.7981530915218316 1.6835311798145054 1.4935352180604105 

2.1843199910515643 2.1529985258584627 1.0894367885587992 
2.34250021501348 2.34250021501348 1.4606479723793455 
2.03031448298304 1.7931813236818306 1.4606479723793455 

3.896374596732875 3.896374596732875 3.086700202539965 
3.896374596732875 3.896374596732875 3.3452079736465774 
3.5963595482025137 3.5963595482025137 3.3452079736465774 

0.0 0.6038079527812136 0.6676064467797387 
0.0 0.08928484501300288 1.002669061745358 
0.0 0.0 0.9981832393649449 

0.07095032665176354 0.0 0.33788208100950257 
0.07095032665176354 0.0 0.33788208100950257 
0.25370461564155994 0.0 0.24996369587792236 

0.0 0.0 0.0 
0.0 0.0 0.0 
0.0 0.0 0.0 

4.999855110271234 5.202105623913099 4.590999685360372 
4.999855110271234 5.202105623913099 4.590999685360372 
4.417960692431378 4.548058551108841 4.153863531433131 

0.7398915015412586 0.7771451160212622 0.7771451160212622 
0.5141991462003294 0.4542967945833259 0.42610053566453904 
0.5283020928576844 0.4749069840015312 0.4594374119930055 

0.0 0.0 0.0 
0.0 0.0 0.0 
0.03590391157799115 0.0 0.0 

0.01577166875625302 0.24541196057447967 0.19220329152217286 
0.3140427101957507 0.3140427101957507 0.45102190945634535 
0.8473483811643384 0.9045421257510858 0.9045421257510858 

