0.734957997917254 0.5629590403741759 1.2987280918556232 
0.5851344992394637 0.5629590403741759 1.2987280918556232 
1.2879177618663924 1.6703484455976572 1.6703484455976572 

0.0 0.0 0.0 
0.0 0.0 0.0 
0.0 0.0 0.0 

2.039057079419066 2.1604936490961646 2.7762787413291603 
1.802344911882968 2.1436942918979747 2.7762787413291603 
1.802344911882968 1.8760654722174965 2.1923789109303584 

0.12640830471300277 0.0558889424212177 0.030238438965049824 
0.20557871075773188 0.20557871075773188 0.09667139342672745 
0.20557871075773188 0.20557871075773188 0.0 

0.19401129240335355 0.40908040081085906 0.16487681699489373 
0.13986379454026873 0.13986379454026873 0.0 
0.13986379454026873 0.13986379454026873 0.0 

0.0 0.22326604221482885 0.6393714384197168 
0.0 0.0 0.3629779289667747 
0.0 0.0 0.3629779289667747 

0.0 0.0 0.0 
0.0 0.0 0.0 
0.0 0.0 0.0 

2.05043322266286 2.05043322266286 1.701520920939796 
1.9262198886514468 1.9262198886514468 1.6972258630394141 
1.9262198886514468 1.9262198886514468 1.4127967738119014 

1.5903427250271247 2.2855907007956833 2.624199118663876 
1.0284285498933277 1.1542507418514445 1.9069701924560598 
1.0284285498933277 1.2524424114980541 1.3171587755958825 

2.315931460393445 2.315931460393445 1.821423963567459 
2.3351695681018234 2.402777818385561 2.050563861275906 
3.1157455274902124 2.999844835986994 2.7927099588395485 

1.6141985352091834 1.6784804855971314 1.5382038582595194 
1.185436265597408 1.000777337189302 0.8798656953695547 
1.2569265935764662 1.2569265935764662 1.0401198994092564 

1.9306738185591859 1.6820971868883574 1.325060256688556 
1.9440462548776214 1.698714946428642 1.1570192580636132 
1.8983288257168751 1.698714946428642 1.0232351263119632 

3.884610495134481 3.884610495134481 3.191595765686211 
3.9042539584054397 3.884610495134481 3.230235971560315 
3.6389267634460687 3.5398841822152685 3.033929797180834 

0.0 0.12358703219898942 0.9073659615508552 
0.17778959529425992 0.0 0.782709486852342 
0.17778959529425992 0.0 0.7367487023909147 

0.0 0.0 0.05754929122479913 
0.0 0.0 0.385108484318811 
0.5174762963727689 0.22753938910249324 0.385108484318811 

0.0 0.0 0.0 
0.0 0.0 0.0 
0.0 0.0 0.0 

4.671122338528603 4.644511214417577 4.644511214417577 
5.1636199291688785 5.2515810022383835 4.644511214417577 
5.1636199291688785 5.2515810022383835 4.571269179832638 

0.5897334164040392 0.6450359598826791 0.38687406396357743 
0.7131445042146614 0.4584846750587657 0.4584846750587657 
1.0112763093096422 0.6665161806406188 0.49169046250033105 

0.0 0.0 0.0 
0.0 0.0 0.0 
0.0 0.0 0.0 

0.0 0.0 0.46839651718692743 
0.0 0.07351107696277694 0.4309497773273899 
1.373460328367104 1.017232592487499 1.017232592487499 

