0.0 0.0 0.0 0.0 0.0 0.0 0.0 0.0 
0.0 2.0529203396973834 2.0529203396973834 1.5647925544839685 1.5928136615775368 1.5928136615775368 1.5422775271343343 0.0 
0.0 1.7791059246634344 1.7791059246634344 1.3686737940256417 1.3689544845017514 1.3428008073910624 1.2747286712727643 0.0 
0.0 2.2990705774672526 1.730243027910194 1.2906114212604438 2.0274560887365918 2.0274560887365918 0.48973716849270854 0.0 
0.0 2.479772166258468 1.4317462199606634 1.6648044362799108 1.5191599782493537 1.5191599782493537 1.4830909196295334 0.0 
0.0 3.834560894355425 2.6724299258171986 2.696388473481943 1.4821050666778146 1.6745689891301545 1.6745689891301545 0.0 
0.0 3.6171486942794937 2.0327239323413084 2.696388473481943 1.9702044425233267 1.6745689891301545 1.6745689891301545 0.0 
0.0 0.0 0.0 0.0 0.0 0.0 0.0 0.0 

0.0 0.0 0.0 0.0 0.0 0.0 0.0 0.0 
0.0 1.0720809352100134 0.7033827439510643 0.7024293886898494 0.7085295961545646 0.6978590163265755 0.6914768049489867 0.0 
0.0 0.5237591621240815 0.5412317047404377 0.6035283384718125 0.5954451565316116 0.5232871373939477 0.5639170179108384 0.0 
0.0 0.5237591621240815 0.20233287141025405 0.43794803716233677 0.43794803716233677 0.0 0.31912771898662146 0.0 
0.0 0.0 0.0 0.0 0.03197599279843011 0.0 0.0 0.0 
0.0 1.4963562271309254 0.3960424602387522 0.0 0.0 0.41879128803322757 0.5904587743418608 0.0 
0.0 1.4963562271309254 0.5349210712745078 0.060734924019572534 0.26379800674033693 0.6054624818583652 0.6134098087732938 0.0 
0.0 0.0 0.0 0.0 0.0 0.0 0.0 0.0 

0.0 0.0 0.0 0.0 0.0 0.0 0.0 0.0 
0.0 0.8434157175220928 0.49619567565671346 0.08608900218046511 0.08905255443888825 0.08905255443888825 0.06823922565877157 0.0 
0.0 1.036422312173899 0.7184372664513528 0.034969177088042376 0.09461181072658925 0.15426871658282937 0.19110785802529195 0.0 
0.0 1.2601721696789885 0.751280077178567 0.28324320136329084 0.42605593924179325 0.5992282219602567 0.5513912108865017 0.0 
0.0 1.346896524929004 0.9847585384867563 0.3413104256469547 0.7556938891860822 0.6443174423319835 0.6443174423319835 0.0 
0.0 1.1543330004701604 0.8594733960613603 0.5052878456306068 1.1354904239488346 1.1650992008936136 0.9071975482074776 0.0 
0.0 1.1543330004701604 0.24069614531680966 0.35176653449639306 1.1354904239488346 1.1650992008936136 0.380207887785603 0.0 
0.0 0.0 0.0 0.0 0.0 0.0 0.0 0.0 

0.0 0.0 0.0 0.0 0.0 0.0 0.0 0.0 
0.0 2.309234778747539 1.2580362835063295 0.43348393190074114 0.46284605640141013 0.46284605640141013 0.4009313167775523 0.0 
0.0 1.785858224497256 1.785858224497256 0.8081708238277892 0.21986014504132817 1.5949367184000756 1.5949367184000756 0.0 
0.0 1.785858224497256 1.785858224497256 1.1179720698318834 0.56483028621488 1.5949367184000756 1.5949367184000756 0.0 
0.0 0.0 1.1179720698318834 1.1179720698318834 1.5089872684165333 1.5089872684165333 0.894526952392916 0.0 
0.0 0.8341440765155704 0.0 0.0 1.5089872684165333 1.5089872684165333 0.09044588922727081 0.0 
0.0 0.8341440765155704 0.03819423278224213 0.0 0.0 0.11238691049018805 0.11238691049018805 0.0 
0.0 0.0 0.0 0.0 0.0 0.0 0.0 0.0 

0.0 0.0 0.0 0.0 0.0 0.0 0.0 0.0 
0.0 2.209353003610125 1.6728370130972903 1.0825694254208449 1.0825694254208449 1.082322078106126 1.1063853993451969 0.0 
0.0 1.65509878159912 1.65509878159912 1.2759933862324613 1.197760413304118 1.5806857560337633 1.5806857560337633 0.0 
0.0 1.6071533214793945 1.6071533214793945 1.3540568609790176 1.1335524838612192 1.4342373149762084 1.4342373149762084 0.0 
0.0 1.5873242289051077 0.9366283689850253 1.5050837867240625 1.634577083932068 1.194352067999835 1.032137528763194 0.0 
0.0 1.680568525642636 0.677348051564706 0.6975541653025303 0.8311314297756529 1.194352067999835 1.032137528763194 0.0 
0.0 1.680568525642636 0.8445165644314332 0.6366931558361111 0.6009845985253168 0.9230419169894832 0.9230419169894832 0.0 
0.0 0.0 0.0 0.0 0.0 0.0 0.0 0.0 

0.0 0.0 0.0 0.0 0.0 0.0 0.0 0.0 
0.0 0.0065185618158524194 0.0065185618158524194 0.0 0.0 0.0 0.0 0.0 
0.0 0.3392069883888036 0.3392069883888036 0.0 0.20069748445465488 0.27150635657921296 0.27150635657921296 0.0 
0.0 0.0 0.2792018691983231 0.2792018691983231 0.3205858321476462 0.2809460433603108 0.27150635657921296 0.0 
0.0 1.1837599914204209 0.2792018691983231 0.2792018691983231 0.3205858321476462 0.2809460433603108 0.10491107765886422 0.0 
0.0 0.0 0.0 0.0 0.0 0.0 0.0 0.0 
0.0 0.0 0.0 0.0 0.0 0.0 0.0 0.0 
0.0 0.0 0.0 0.0 0.0 0.0 0.0 0.0 

0.0 0.0 0.0 0.0 0.0 0.0 0.0 0.0 
0.0 0.0 0.4009647375217965 0.4009647375217965 0.3611143631428157 0.3682802716235838 0.3800525065646828 0.0 
0.0 0.0 0.4009647375217965 0.4009647375217965 0.675185129822564 0.675185129822564 0.32005196015086046 0.0 
0.0 0.0 0.0 0.40426765468088405 0.675185129822564 0.675185129822564 0.2880950521221597 0.0 
0.0 0.3760357356695017 0.3760357356695017 0.0 0.0 0.2880950521221597 0.2880950521221597 0.0 
0.0 0.5565695203899118 0.5671560997176511 0.26442938735315086 0.2853744912128609 0.2853744912128609 0.2628673610736317 0.0 
0.0 0.5533274899956271 0.5671560997176511 0.26442938735315086 0.41034210110525804 0.4721324128437379 0.3383805002309715 0.0 
0.0 0.0 0.0 0.0 0.0 0.0 0.0 0.0 

0.0 0.0 0.0 0.0 0.0 0.0 0.0 0.0 
0.0 2.969495210572785 2.5190390153400175 2.0299368123424952 2.022430455169935 1.9958016312972335 2.010966587052773 0.0 
0.0 2.6949397790270866 2.6949397790270866 2.067205956488553 1.9586154064289183 1.9380749328816689 2.010966587052773 0.0 
0.0 2.29515121131111 2.471759735506196 2.345729395926782 1.969541165125853 1.6146653582842883 1.9852374239047588 0.0 
0.0 1.5637586093009346 2.345729395926782 2.345729395926782 1.969541165125853 2.266558760853545 1.8739747201450747 0.0 
0.0 2.303789596591932 1.8305199164282178 1.5367914783698438 1.845500454253664 2.266558760853545 2.0506826725890543 0.0 
0.0 2.26754592597085 1.9606700810809803 2.1286808170938754 2.2996967733297007 2.0019827603873495 1.996794367511862 0.0 
0.0 0.0 0.0 0.0 0.0 0.0 0.0 0.0 

0.0 0.0 0.0 0.0 0.0 0.0 0.0 0.0 
0.0 0.0 0.0 0.0 0.0 0.0 0.0 0.0 
0.0 0.0 0.0 0.0 0.0 0.0 0.0 0.0 
0.0 0.0 0.0 0.0 0.0 0.0 0.0 0.0 
0.0 0.0 0.0 0.0 0.0 0.0 0.0 0.0 
0.0 0.0 0.0 0.0 0.0 0.0 0.0 0.0 
0.0 0.0 0.0 0.0 0.0 0.0 0.0 0.0 
0.0 0.0 0.0 0.0 0.0 0.0 0.0 0.0 

0.0 0.0 0.0 0.0 0.0 0.0 0.0 0.0 
0.0 1.0396409929844443 1.0396409929844443 0.5863268355738207 0.5863268355738207 0.5189598524123686 0.5161684471091061 0.0 
0.0 0.008519382316002841 0.977419174444571 0.5863268355738207 0.5863268355738207 0.5189598524123686 0.5161684471091061 0.0 
0.0 0.008519382316002841 0.43427203201843734 0.9238377515487851 0.42417041247259085 0.2862435902502289 0.0 0.0 
0.0 0.5336541273355653 0.0 0.9238377515487851 0.40942200184524785 0.5905201277181565 0.5905201277181565 0.0 
0.0 0.6462431398188989 0.5621094894471225 0.3424887537041753 0.0 0.5905201277181565 0.5905201277181565 0.0 
0.0 0.5356484836329839 0.748253916530638 0.748253916530638 0.22023736354320123 0.4816225782091612 0.5100387316440081 0.0 
0.0 0.0 0.0 0.0 0.0 0.0 0.0 0.0 

0.0 0.0 0.0 0.0 0.0 0.0 0.0 0.0 
0.0 1.0446508600263738 0.431496551042341 0.4342234994867249 0.44714332919990263 0.6130871282788698 0.6130871282788698 0.0 
0.0 0.0 0.6379833042502911 0.6379833042502911 0.6159745930346514 1.408844044257793 1.408844044257793 0.0 
0.0 0.37252944427584933 0.0 0.6159745930346514 0.6159745930346514 0.5205044656915462 0.7371570153604536 0.0 
0.0 0.37252944427584933 0.0 0.10679865468229588 0.5058498168574412 0.0 0.0 0.0 
0.0 1.272661816758411 0.15819781155545937 0.0 0.0 0.0 0.36729149710607006 0.0 
0.0 1.272661816758411 0.2426215221158254 0.1154096289287383 0.0 0.31519234097076426 0.36729149710607006 0.0 
0.0 0.0 0.0 0.0 0.0 0.0 0.0 0.0 

0.0 0.0 0.0 0.0 0.0 0.0 0.0 0.0 
0.0 2.220096702885524 0.5902098525441393 0.51387895315314 0.5290819801474784 0.5290819801474784 0.4780172041134694 0.0 
0.0 2.392506024651646 0.644620457604439 0.51387895315314 0.5290819801474784 0.5290819801474784 0.4780172041134694 0.0 
0.0 2.074691366053656 1.3406336912626289 0.5106261158277475 0.5106261158277475 0.0 0.0 0.0 
0.0 1.5853314983656421 0.0 0.5106261158277475 0.5106261158277475 0.0 0.0 0.0 
0.0 3.283063002429947 2.2267904044428546 0.9339237541581692 0.7045462436268353 0.7045462436268353 0.540142493842413 0.0 
0.0 3.283063002429947 0.931309744466657 0.8524846268151955 0.8524846268151955 0.7045462436268353 0.4663781652089971 0.0 
0.0 0.0 0.0 0.0 0.0 0.0 0.0 0.0 

0.0 0.0 0.0 0.0 0.0 0.0 0.0 0.0 
0.0 1.9847964059312841 0.598120216958894 0.646804484724084 0.8081959795234656 0.8140378460020933 0.6175607328860329 0.0 
0.0 1.4577331556318718 0.7169657457778895 0.8451780684597585 1.8122746631060382 2.1763574430394304 0.9605151493150946 0.0 
0.0 1.8489102275106974 0.6205249462237787 1.5768173843600455 1.8122746631060382 2.1763574430394304 0.7486273513874884 0.0 
0.0 1.8489102275106974 0.35700556944006784 1.85035498927654 1.85035498927654 0.6175661718143677 0.6160711644185508 0.0 
0.0 0.46871732045137493 0.44213339942651186 0.15994395432925101 0.2933602659829978 0.7472913810993779 0.7472913810993779 0.0 
0.0 0.5593117604122441 0.5593117604122441 0.15994395432925101 0.4370686591792912 0.7472913810993779 0.7472913810993779 0.0 
0.0 0.0 0.0 0.0 0.0 0.0 0.0 0.0 

0.0 0.0 0.0 0.0 0.0 0.0 0.0 0.0 
0.0 0.664589746867648 0.20931683798826275 0.15942291338855646 0.13794604258193244 0.17819095945815686 0.11366694650165438 0.0 
0.0 0.9657648894285124 1.5547694754687902 0.5990329419686725 1.2001776682893788 1.5818821146256086 1.5818821146256086 0.0 
0.0 1.9217846910593224 1.5547694754687902 1.1995866515595517 1.2001776682893788 2.946466422788211 2.946466422788211 0.0 
0.0 2.421264564174426 2.002549217660359 1.7832243288496012 2.381662330104424 2.250845153903889 2.250845153903889 0.0 
0.0 2.002549217660359 2.002549217660359 2.0449267345404456 2.381662330104424 1.79218517521561 0.8833178078090909 0.0 
0.0 0.39171205559260336 0.04029413371230646 0.8009558654919106 1.0108428744106026 0.9823103132159384 0.0 0.0 
0.0 0.0 0.0 0.0 0.0 0.0 0.0 0.0 

0.0 0.0 0.0 0.0 0.0 0.0 0.0 0.0 
0.0 0.6641232785710132 0.6627373628600451 0.0 0.0 0.0 0.0 0.0 
0.0 0.6627373628600451 0.6627373628600451 0.0 0.0 0.0 0.0 0.0 
0.0 0.10164856112726234 0.5459942156452021 0.0 0.0 0.0 0.0 0.0 
0.0 0.20676027467401478 0.5140572925026081 0.5140572925026081 0.0 0.11617687191064299 0.11617687191064299 0.0 
0.0 1.944094197367325 0.6177764212479445 0.6177764212479445 0.0 0.6767581354211611 0.6767581354211611 0.0 
0.0 1.944094197367325 0.0 0.11307668855929176 0.0 0.6453431234669965 0.6453431234669965 0.0 
0.0 0.0 0.0 0.0 0.0 0.0 0.0 0.0 

0.0 0.0 0.0 0.0 0.0 0.0 0.0 0.0 
0.0 0.6530397808518714 0.6530397808518714 0.3873910293871967 0.24798532455519612 0.3638441801460266 0.3638441801460266 0.0 
0.0 0.6530397808518714 0.8592340790191672 0.7117920724758545 0.49209750481062314 0.9293998170660902 0.8133099019554142 0.0 
0.0 0.0 0.8592340790191672 0.7678425755471666 0.2971521602205933 0.5021189674852086 0.5842605875086033 0.0 
0.0 0.6490652491452776 0.5420129212005858 0.8910256134915248 0.2251622919052306 0.15906197503090497 0.10210092947015367 0.0 
0.0 0.6490652491452776 0.25709477707549006 0.0 0.0 0.0 0.20737284051337007 0.0 
0.0 0.6120916581160657 0.25709477707549006 0.04857011593233373 0.04857011593233373 0.20525590713440164 0.22091056083615784 0.0 
0.0 0.0 0.0 0.0 0.0 0.0 0.0 0.0 

0.0 0.0 0.0 0.0 0.0 0.0 0.0 0.0 
0.0 0.0 0.0 0.0 0.0 0.0 0.0 0.0 
0.0 0.0 0.0 0.0 0.0 0.0 0.0 0.0 
0.0 0.0 0.0 0.0 0.0 0.355110861326646 0.355110861326646 0.0 
0.0 0.28683935866270127 0.19565876041332386 0.3574319789951931 0.3574319789951931 0.355110861326646 0.355110861326646 0.0 
0.0 0.28683935866270127 0.0 0.3574319789951931 0.3574319789951931 0.0 0.3483391306215207 0.0 
0.0 0.0 0.0 0.0 0.0 0.0 0.0 0.0 
0.0 0.0 0.0 0.0 0.0 0.0 0.0 0.0 

0.0 0.0 0.0 0.0 0.0 0.0 0.0 0.0 
0.0 0.6910317669554001 0.3574360280507486 0.3574360280507486 0.35445411298876206 0.35445411298876206 0.32102024811718843 0.0 
0.0 2.29522006483787 0.0 0.1028591056748622 0.6783235963944985 0.6783235963944985 0.0 0.0 
0.0 2.3001506129772613 0.0 0.09419072624305612 0.6783235963944985 0.6783235963944985 0.11856751389842055 0.0 
0.0 2.084665792592982 1.3701937944819755 0.8323214242560009 0.4143823976323774 0.22001269772934504 0.15564311132567385 0.0 
0.0 1.4967342068137037 1.7488046817050675 1.0488208298051451 1.5592505638565062 1.5592505638565062 0.20505697733308695 0.0 
0.0 0.7419286419894567 0.9262705388704113 0.9262705388704113 1.5592505638565062 1.5592505638565062 0.20505697733308695 0.0 
0.0 0.0 0.0 0.0 0.0 0.0 0.0 0.0 

0.0 0.0 0.0 0.0 0.0 0.0 0.0 0.0 
0.0 1.1381822375798039 0.0 0.0 0.0 0.0 0.0 0.0 
0.0 1.1381822375798039 0.0 0.0 0.0 0.0 0.0 0.0 
0.0 0.8313050532236397 0.5068852046840722 0.0 0.0 0.0 0.0 0.0 
0.0 0.41275513485722626 0.6804567091889923 0.17548180936182228 0.002531221979949313 0.002531221979949313 0.0 0.0 
0.0 0.0 0.22401703218258945 0.17548180936182228 0.002531221979949313 0.002531221979949313 0.0 0.0 
0.0 0.29578822640028857 0.0 0.0 0.0 0.0 0.0 0.0 
0.0 0.0 0.0 0.0 0.0 0.0 0.0 0.0 

0.0 0.0 0.0 0.0 0.0 0.0 0.0 0.0 
0.0 1.3177178227590878 0.0 0.0 0.0 0.0 0.0 0.0 
0.0 0.743246530142965 0.19751762961529987 0.0 0.0 1.0413409728650722 1.0413409728650722 0.0 
0.0 1.1995100047480762 1.1995100047480762 0.0 0.7433104745196154 1.8391922842449813 1.8391922842449813 0.0 
0.0 2.2671187161527144 2.2671187161527144 0.47352906019523244 1.3803740398206408 1.4768647440550895 1.1679519833379932 0.0 
0.0 2.2671187161527144 2.2671187161527144 1.5276293883297916 1.9600637647973045 1.3766206907881435 0.3634029156876893 0.0 
0.0 0.0 0.0 1.3171845334222185 1.3171845334222185 0.24202523056473393 0.0 0.0 
0.0 0.0 0.0 0.0 0.0 0.0 0.0 0.0 

0.0 0.0 0.0 0.0 0.0 0.0 0.0 0.0 
0.0 0.0 0.0 0.0 0.0 0.0 0.0 0.0 
0.0 0.0 0.0 0.0 0.0 0.0 0.0 0.0 
0.0 0.0 0.0 0.0 0.0 0.0 0.0 0.0 
0.0 0.0 0.0 0.0 0.0 0.0 0.0 0.0 
0.0 0.011656251077150433 0.0 0.0 0.0 0.0 0.0 0.0 
0.0 0.011656251077150433 0.0 0.0 0.0 0.0 0.0 0.0 
0.0 0.0 0.0 0.0 0.0 0.0 0.0 0.0 

0.0 0.0 0.0 0.0 0.0 0.0 0.0 0.0 
0.0 0.9603303630748519 0.5262209387036423 0.0 0.0 0.0 0.0 0.0 
0.0 0.7772658621258737 0.6069126022595597 0.0 0.0 0.0 0.0 0.0 
0.0 0.6779348651242487 0.6069126022595597 0.33743390241144267 0.0 0.10893021244891338 0.0 0.0 
0.0 0.9460798425866593 0.471604815683145 0.33743390241144267 0.3455567628984093 0.5311405423138126 0.5311405423138126 0.0 
0.0 0.9460798425866593 0.16176612793088385 0.15232481223819633 0.3455567628984093 0.5311405423138126 0.5311405423138126 0.0 
0.0 0.6290217183759932 0.0 0.0 0.0 0.0 0.0 0.0 
0.0 0.0 0.0 0.0 0.0 0.0 0.0 0.0 

0.0 0.0 0.0 0.0 0.0 0.0 0.0 0.0 
0.0 1.615056778315347 1.2403029555310243 0.5088657134644367 0.5130915381504989 0.5130915381504989 0.45952896257075376 0.0 
0.0 1.9331347077088408 1.9331347077088408 0.9586304055382355 1.028127232164705 1.1548778741055892 1.1548778741055892 0.0 
0.0 1.196441019801501 1.8984157121611343 1.8984157121611343 1.239953134762767 1.4019678860622586 1.4019678860622586 0.0 
0.0 0.49735103363456407 1.8984157121611343 1.8984157121611343 1.4846370805127136 1.4846370805127136 1.4019678860622586 0.0 
0.0 0.8840604881409404 0.19676851036290227 0.3847801778093628 1.4846370805127136 1.4846370805127136 0.6143171093353242 0.0 
0.0 0.8840604881409404 0.42009299412211143 0.30070267409853535 0.48130509334730964 0.4995496242915092 0.4995496242915092 0.0 
0.0 0.0 0.0 0.0 0.0 0.0 0.0 0.0 

0.0 0.0 0.0 0.0 0.0 0.0 0.0 0.0 
0.0 0.8838376623272817 0.5363003562451744 0.0 0.0 0.0 0.0 0.0 
0.0 0.693073297664268 0.5031923423068666 0.0 0.0 0.0 0.0 0.0 
0.0 0.35454579536109304 0.40350362422361624 0.25604896126567556 0.0 0.0 0.0 0.0 
0.0 0.571916431726366 0.40350362422361624 0.25604896126567556 0.0 0.0 0.0 0.0 
0.0 0.7046537732559017 0.0 0.0 0.0 0.0 0.0 0.0 
0.0 0.7046537732559017 0.0 0.0 0.0 0.0 0.0 0.0 
0.0 0.0 0.0 0.0 0.0 0.0 0.0 0.0 

0.0 0.0 0.0 0.0 0.0 0.0 0.0 0.0 
0.0 0.44853893195784067 0.46338564356921336 0.4908923266107945 0.6170071943386811 0.6170071943386811 0.4992860068582241 0.0 
0.0 0.0 0.2612743740934992 0.5290689454006484 0.9254213290051458 1.2138116391189984 0.6999939422581241 0.0 
0.0 0.7081401216129455 0.08829307669787428 0.6763710161407263 0.9994443804594199 1.2138116391189984 0.6999939422581241 0.0 
0.0 0.9249708109861461 0.0 0.6763710161407263 0.6763710161407263 0.6789943352614175 0.6789943352614175 0.0 
0.0 0.36440265525987436 0.3186966256667348 0.36118004474663357 0.40023469583172294 0.28623547835470015 0.4081336025857187 0.0 
0.0 0.36440265525987436 0.48299469150573837 0.7304784282430621 0.7304784282430621 0.4363381781254822 0.4537753604657618 0.0 
0.0 0.0 0.0 0.0 0.0 0.0 0.0 0.0 

0.0 0.0 0.0 0.0 0.0 0.0 0.0 0.0 
0.0 1.8442380866339214 0.5856492484551693 0.5856492484551693 0.6004397643477906 0.5941704694786923 0.5761864667457507 0.0 
0.0 2.6776874817932823 0.4472043592410321 0.4981709764806938 0.8817871102107183 0.8817871102107183 0.4884737974814585 0.0 
0.0 2.6776874817932823 0.9515595857664573 0.2590900886449413 0.8817871102107183 0.8817871102107183 0.0 0.0 
0.0 2.5929699044657624 0.9515595857664573 0.0 0.436538662320338 0.436538662320338 0.0 0.0 
0.0 2.8143260791310034 1.68058579839699 1.68058579839699 0.0 1.1381621052115012 1.1381621052115012 0.0 
0.0 2.7233269221667014 1.68058579839699 1.68058579839699 0.47382445585784716 1.1381621052115012 1.1381621052115012 0.0 
0.0 0.0 0.0 0.0 0.0 0.0 0.0 0.0 

0.0 0.0 0.0 0.0 0.0 0.0 0.0 0.0 
0.0 2.081206650856969 0.6201196916398384 0.0 0.0 0.0 0.0 0.0 
0.0 1.9991659022005166 1.4137021554524591 0.0 0.33935565905293164 0.47187609075397563 0.31645536841733035 0.0 
0.0 3.7064631204603766 2.9248542485999844 1.2547064334913742 1.5561458309428757 2.0235745068606827 1.269476109558147 0.0 
0.0 3.7064631204603766 2.9248542485999844 2.7941035314912632 2.7941035314912632 2.406595498744172 1.891046943410325 0.0 
0.0 2.5247379207208933 1.7904122634975692 2.7941035314912632 2.7941035314912632 1.6355061186072415 0.7119191426675873 0.0 
0.0 0.9732093246111952 0.6436152274397214 0.6436152274397214 0.9928261408854531 0.9928261408854531 0.0 0.0 
0.0 0.0 0.0 0.0 0.0 0.0 0.0 0.0 

0.0 0.0 0.0 0.0 0.0 0.0 0.0 0.0 
0.0 2.0520580169207965 0.8368836227499921 0.0 0.0 0.0 0.0 0.0 
0.0 1.8119351608481746 1.8119351608481746 0.2552490015821907 0.0 0.5076538655977199 0.5076538655977199 0.0 
0.0 0.15914652184806619 0.798942075951665 0.798942075951665 0.0 0.5076538655977199 0.5076538655977199 0.0 
0.0 0.0 0.798942075951665 0.798942075951665 0.0 0.6875361555316949 0.0 0.0 
0.0 0.1085061059221557 0.0 0.0 0.0 0.6875361555316949 0.0 0.0 
0.0 0.1085061059221557 0.0 0.0 0.0 0.0 0.0 0.0 
0.0 0.0 0.0 0.0 0.0 0.0 0.0 0.0 

0.0 0.0 0.0 0.0 0.0 0.0 0.0 0.0 
0.0 0.0 0.13889203668776093 0.13889203668776093 0.1784769373751593 0.14732777737182712 0.13074457766745629 0.0 
0.0 0.0 0.029009166559901572 0.14180719105822917 0.4663995832158943 0.4663995832158943 0.011703285886549467 0.0 
0.0 0.0 0.0 0.0602062441226914 0.5796989951780247 0.5796989951780247 0.0 0.0 
0.0 0.12603190360344751 0.0 0.01726449864049608 0.01726449864049608 0.0 0.0 0.0 
0.0 0.031402086438501495 0.47689911041980204 0.8056886145136912 0.36047785247205805 0.6548241074991696 0.6548241074991696 0.0 
0.0 0.1144464567954813 0.47689911041980204 0.8056886145136912 0.36047785247205805 0.6548241074991696 0.6548241074991696 0.0 
0.0 0.0 0.0 0.0 0.0 0.0 0.0 0.0 

0.0 0.0 0.0 0.0 0.0 0.0 0.0 0.0 
0.0 0.0 0.0 0.0 0.0 0.0 0.0 0.0 
0.0 0.0 0.0 0.0 0.0 0.0 0.0 0.0 
0.0 0.0 0.0 0.0 0.0 0.0 0.0 0.0 
0.0 0.08429884620967446 0.0 0.0 0.0 0.0 0.0 0.0 
0.0 0.2680613725341817 0.0 0.0 0.0 0.0 0.0 0.0 
0.0 0.0 0.0 0.0 0.0 0.0 0.0 0.0 
0.0 0.0 0.0 0.0 0.0 0.0 0.0 0.0 

0.0 0.0 0.0 0.0 0.0 0.0 0.0 0.0 
0.0 0.0 0.0 0.0 0.0 0.0 0.0 0.0 
0.0 0.0 0.0 0.0 0.0 0.0 0.0 0.0 
0.0 0.0 0.0 0.0 0.0 0.0 0.0 0.0 
0.0 0.0 0.0 0.0 0.0 0.0 0.0 0.0 
0.0 0.0 0.0 0.0 0.0 0.0 0.0 0.0 
0.0 0.0 0.0 0.0 0.0 0.0 0.0 0.0 
0.0 0.0 0.0 0.0 0.0 0.0 0.0 0.0 

0.0 0.0 0.0 0.0 0.0 0.0 0.0 0.0 
0.0 0.0 0.0 0.0 0.0 0.0 0.0 0.0 
0.0 0.0 0.0 0.0 0.0 0.0 0.0 0.0 
0.0 0.0 0.0 0.0 0.0 0.0 0.0 0.0 
0.0 0.0 0.0 0.0 0.0 0.0 0.0 0.0 
0.0 0.0 0.0 0.0 0.0 0.0 0.0 0.0 
0.0 0.30454262350048406 0.0 0.0 0.0 0.0 0.0 0.0 
0.0 0.0 0.0 0.0 0.0 0.0 0.0 0.0 

