0.4975625751319382 0.8514379501304579 1.4367190824940914 
1.2860606765641438 1.2860606765641438 1.0134448553395214 
1.2835026057487455 0.9806934154884054 1.708571870190276 

0.0 0.0 0.0 
0.0 0.0 0.0 
0.0 0.0 0.0 

2.81723492738465 2.6641449650980245 2.5078811554757294 
2.6905872994234312 2.218102431360183 2.5078811554757294 
1.8419040465064174 1.6450976822564274 2.1852351245988038 

0.32791549838446843 0.13175738926574918 0.19014971423821156 
0.0 0.3594942695314403 0.20699208884520778 
0.0 0.3594942695314403 0.0 

0.4813491272502014 0.4936580930647307 0.1562137693844892 
0.18455344155480763 0.0 0.0 
0.0 0.0 0.0 

0.0 0.1984035412894348 0.5575423157540044 
0.0 0.0 0.3824928290414432 
0.0 0.0 0.3824928290414432 

0.0 0.0 0.0 
0.0 0.0 0.0 
0.0 0.0 0.0 

1.6768952406381874 1.453298094556823 1.2768593497046852 
1.472181328058884 1.8112552831147883 1.6294664188795391 
1.3588336842193798 1.8112552831147883 1.6294664188795391 

1.9189676085536507 2.3043752795893475 2.8290452104732022 
1.0340917818968487 1.2695576231012187 2.0389834214982296 
0.774763550987354 1.2695576231012187 1.5467245888750758 

2.359814524146578 2.359814524146578 1.6428008262348839 
2.359814524146578 2.4059170491653936 1.8270394031239037 
3.041521124033117 2.835034321954869 2.488771473885221 

1.7958332966011086 1.7958332966011086 1.4652620156747793 
1.312549228866894 1.142160643209889 0.8530328842547167 
1.2660988232104176 0.8972684352354494 1.1637124691459377 

2.069375666699664 1.8182468393392892 1.1642660073355133 
2.3154753500896508 1.7609826086899294 1.3312497499312328 
2.0854985056626467 1.4617197243380127 1.1666985276695014 

3.826205665234307 3.826205665234307 3.204365742130317 
4.08983026723529 3.7611539778625294 3.1541947523390594 
3.872078716139474 3.523253816899457 3.1541947523390594 

0.31319604820872793 0.6476374674987941 0.6476374674987941 
0.0 0.08660657397888123 0.7754372904244207 
0.13563523531529897 0.0 0.7174691174886093 

0.0 0.0 0.0 
0.0 0.0 0.21656360023790822 
0.2254820613590211 0.13941481497926475 0.2647800336199789 

0.0 0.0 0.0 
0.0 0.0 0.0 
0.0 0.0 0.0 

5.805355953586764 5.197705927524418 5.035244158979614 
5.805355953586764 5.197705927524418 5.04466022232992 
5.2308585709020985 4.447792010911007 4.134428818425573 

0.6487284650909791 0.8669720100759188 0.5070180636438633 
0.2600636163415608 0.8669720100759188 0.2580135391595705 
1.0038692441713843 1.0150458536005693 0.6411110165378858 

0.0 0.0 0.0 
0.0 0.0 0.0 
0.0 0.0 0.0 

0.0 0.0 0.09541712363919025 
0.0 0.0 0.4317733923622785 
1.0300429620979519 0.8126797793465891 0.6434536718430659 

