0.0 0.0 0.0 0.0 0.0 0.0 0.0 0.0 
0.0 1.9171345725148206 1.564997975789376 1.7326677832529191 1.440282702871832 1.7020055057763412 1.7020055057763412 0.0 
0.0 2.1979596517196613 1.7693514696747277 1.2075446169881419 1.6237643191717162 1.6237643191717162 1.4604668272264145 0.0 
0.0 2.1979596517196613 1.7693514696747277 1.7770813898890265 1.1911475334748036 1.4604668272264145 1.4604668272264145 0.0 
0.0 2.0832353498041796 1.6319818485899775 1.8267239652578366 1.6375010684726878 1.2149114999149073 1.2506260763261074 0.0 
0.0 2.150233464429908 1.4551269250348282 1.554538043743514 1.6375010684726878 1.4267056980491246 1.4267056980491246 0.0 
0.0 2.150233464429908 1.7073068568080532 1.522170469513017 1.3380726355032087 1.4267056980491246 1.4267056980491246 0.0 
0.0 0.0 0.0 0.0 0.0 0.0 0.0 0.0 

0.0 0.0 0.0 0.0 0.0 0.0 0.0 0.0 
0.0 0.01098151439254022 0.02610565384431146 0.5343568498985979 0.5343568498985979 0.8703776022162567 1.0246269622211626 0.0 
0.0 0.0 0.0 0.0 0.20812967868899165 1.0437931083419991 1.0730841011074186 0.0 
0.0 0.0 0.0 0.0 0.20812967868899165 1.0359324769435119 1.0359324769435119 0.0 
0.0 0.01825249560962089 0.1945237385706403 0.0 0.0 1.0359324769435119 1.0359324769435119 0.0 
0.0 0.10713094261314209 0.1945237385706403 0.020430025393072218 0.020430025393072218 0.4088331888443797 0.6192642609311665 0.0 
0.0 0.10713094261314209 0.15773024238727382 0.15773024238727382 0.08425941149516103 0.5754297289608906 0.6192642609311665 0.0 
0.0 0.0 0.0 0.0 0.0 0.0 0.0 0.0 

0.0 0.0 0.0 0.0 0.0 0.0 0.0 0.0 
0.0 0.13515287744584836 0.0 0.23283879874872357 0.28083463429871564 0.13495831444138923 0.11533003790298946 0.0 
0.0 0.005713087487055568 0.0 0.5809255455327071 0.5809255455327071 0.23590584662017103 0.04592154037376159 0.0 
0.0 0.13981163488355192 0.4477609154511183 0.5774536158515026 0.21006940754266712 0.39133664078145225 0.39133664078145225 0.0 
0.0 0.37245151090163015 0.4477609154511183 0.4477609154511183 0.5009964721989318 0.5855208558009288 0.5855208558009288 0.0 
0.0 0.37245151090163015 0.4508300394310041 0.7013757758250453 0.7722781946025709 0.7722781946025709 0.6612155020047339 0.0 
0.0 0.37123909107158815 0.498589583045999 0.7013757758250453 0.7722781946025709 0.7722781946025709 0.5639335912267004 0.0 
0.0 0.0 0.0 0.0 0.0 0.0 0.0 0.0 

0.0 0.0 0.0 0.0 0.0 0.0 0.0 0.0 
0.0 0.0 0.007318707557786686 0.5598621855328316 0.9659345878299959 0.4116738883979496 0.7926207098009884 0.0 
0.0 0.0 0.007318707557786686 0.5859822193883095 0.3271371951280428 0.3271371951280428 0.02667195305669566 0.0 
0.0 0.18867596328800415 0.0 0.24205692278874524 0.47795461317308346 0.4615667216751479 0.02667195305669566 0.0 
0.0 0.18867596328800415 0.41637883702161266 0.41637883702161266 0.6541126602833375 0.6541126602833375 0.23497808895353073 0.0 
0.0 0.0018393917963435563 0.927508869974286 0.5668214071887865 0.6725743037970299 0.01125968313417127 0.23497808895353073 0.0 
0.0 0.0018393917963435563 0.927508869974286 0.5668214071887865 0.6725743037970299 0.0 0.0 0.0 
0.0 0.0 0.0 0.0 0.0 0.0 0.0 0.0 

0.0 0.0 0.0 0.0 0.0 0.0 0.0 0.0 
0.0 1.1992993853336527 0.6939975396250919 0.8511826378914429 1.141654021280671 1.0845614780599029 1.2993766512248017 0.0 
0.0 1.0609321635689688 0.6939975396250919 1.015479156532555 0.9630073905198088 0.9630073905198088 1.2450552026845174 0.0 
0.0 1.0784131311260006 0.5920956964083609 1.015479156532555 0.7923404544433631 0.7561986580380207 1.2450552026845174 0.0 
0.0 1.2854576713844363 0.8937041802895457 0.8937041802895457 0.7718544282013357 1.04906984589336 1.3219893121633057 0.0 
0.0 1.0960412114341636 0.8937041802895457 0.9220181307634147 1.148860956652919 0.7886274100848432 1.1673948188757646 0.0 
0.0 0.9424571123936706 0.849164902529498 0.8117844481499481 0.8593372371271644 0.7548514017672031 0.8843692886741354 0.0 
0.0 0.0 0.0 0.0 0.0 0.0 0.0 0.0 

0.0 0.0 0.0 0.0 0.0 0.0 0.0 0.0 
0.0 0.6175322062093891 0.24821084994399834 0.16972702443525262 0.0 0.0 0.0 0.0 
0.0 0.1379498981789229 0.0 0.0 0.0 0.0 0.0 0.0 
0.0 0.1846726739820454 0.0 0.0 0.0 0.0 0.0 0.0 
0.0 0.2509821246740142 0.0 0.0 0.0 0.0 0.0 0.0 
0.0 0.2509821246740142 0.0 0.0 0.0 0.0 0.0 0.0 
0.0 0.04884169216994095 0.0 0.0 0.0 0.0 0.0 0.0 
0.0 0.0 0.0 0.0 0.0 0.0 0.0 0.0 

0.0 0.0 0.0 0.0 0.0 0.0 0.0 0.0 
0.0 1.1114748711191844 1.1132704147604935 1.0096560619597073 0.0010800708310293936 0.4861099344486384 0.2531326622032915 0.0 
0.0 0.9496444137600379 0.7966123224680381 0.0 0.6871354277929131 0.23550668139209843 0.21557654643264207 0.0 
0.0 0.26829803187269013 0.15983220303082502 0.0 0.6871354277929131 0.23869659433324106 0.0 0.0 
0.0 0.23532726876986626 0.23532726876986626 0.0 0.23869659433324106 0.23869659433324106 0.0 0.0 
0.0 0.22120913040102724 0.2344049983298815 0.031591656283374445 0.0 0.09661231334382736 0.0 0.0 
0.0 0.22120913040102724 0.3950114016051257 0.3950114016051257 0.3125330666694488 0.49488979440984626 0.17281425677231935 0.0 
0.0 0.0 0.0 0.0 0.0 0.0 0.0 0.0 

0.0 0.0 0.0 0.0 0.0 0.0 0.0 0.0 
0.0 1.937335843179099 1.937335843179099 1.966276172276567 2.216016383607565 2.1829089683802487 2.3603324882334022 0.0 
0.0 1.7067773399400583 1.8900118657467937 1.8900118657467937 1.9789979467982837 2.4867528871241396 2.4420907478748966 0.0 
0.0 1.7067773399400583 1.7067773399400583 1.7541570573832108 1.8657249170782746 2.3234215197719523 2.3234215197719523 0.0 
0.0 1.6278398898345303 1.6204656643139126 1.8632215878878493 2.0465068869409113 2.17359998711139 2.154651494115471 0.0 
0.0 1.9704616596452282 1.8445493500632777 1.8632215878878493 1.8632215878878493 1.7330286387894096 2.1097581475159526 0.0 
0.0 2.034406579615212 2.034406579615212 1.6796715976018606 1.7096560128098988 1.699831529622111 2.0524526707973703 0.0 
0.0 0.0 0.0 0.0 0.0 0.0 0.0 0.0 

0.0 0.0 0.0 0.0 0.0 0.0 0.0 0.0 
0.0 0.0 0.0 0.0 0.0 0.0 0.0 0.0 
0.0 0.016324296513657303 0.0 0.0 0.0 0.0 0.0 0.0 
0.0 0.0 0.0 0.0 0.0 0.0 0.0 0.0 
0.0 0.0 0.0 0.0 0.0 0.0 0.0 0.0 
0.0 0.0 0.0 0.0 0.0 0.0 0.0 0.0 
0.0 0.0 0.0 0.0 0.0 0.0 0.0 0.0 
0.0 0.0 0.0 0.0 0.0 0.0 0.0 0.0 

0.0 0.0 0.0 0.0 0.0 0.0 0.0 0.0 
0.0 0.18503685457940833 0.0 0.03218104689595559 0.19612099611620532 0.8912189473238507 0.8912189473238507 0.0 
0.0 0.43542403660595774 0.0 0.03218104689595559 0.11221986921840033 1.351332960802465 1.351332960802465 0.0 
0.0 0.5691216013773029 0.07155833551668828 0.0 0.11221986921840033 0.8966297771827175 0.8966297771827175 0.0 
0.0 0.3504797806662363 0.07155833551668828 0.25343112755311764 0.25343112755311764 0.5650084355510981 0.5650084355510981 0.0 
0.0 0.2794582914650698 0.20299447155506273 0.25343112755311764 0.25343112755311764 0.0 0.0 0.0 
0.0 0.522542961533549 0.20299447155506273 0.20299447155506273 0.0 0.104665706819055 0.104665706819055 0.0 
0.0 0.0 0.0 0.0 0.0 0.0 0.0 0.0 

0.0 0.0 0.0 0.0 0.0 0.0 0.0 0.0 
0.0 1.2992986871166408 0.99481313665062 0.99481313665062 0.8456754054811512 0.49110689664626306 0.6799835325009643 0.0 
0.0 0.0 0.0 0.0 0.0 0.3416809404067878 0.6799835325009643 0.0 
0.0 0.30898837324899675 0.0 0.0 0.2210933711370831 0.39302019583572123 0.4113960233775376 0.0 
0.0 0.30898837324899675 0.0 0.0 0.2210933711370831 0.39302019583572123 0.3016594565244025 0.0 
0.0 0.055216856344384044 0.0 0.0 0.0 0.0 0.25739710999205423 0.0 
0.0 0.055216856344384044 0.0 0.0 0.0 0.0 0.4219171825479098 0.0 
0.0 0.0 0.0 0.0 0.0 0.0 0.0 0.0 

0.0 0.0 0.0 0.0 0.0 0.0 0.0 0.0 
0.0 0.2920927176110518 0.7019392116111695 0.9121967340581968 0.9121967340581968 1.4014375507962407 1.5954621394522859 0.0 
0.0 0.19332035183883872 0.0473078368564081 0.29775408538676706 0.35744912627095476 2.173154608946949 2.173154608946949 0.0 
0.0 0.2758864782821207 0.43334149824549695 0.3698516452310828 0.35950045717673956 2.2350339671589476 2.2350339671589476 0.0 
0.0 0.021799679773189695 0.667949670621239 0.40039465164292104 0.25866698042392444 1.846497495280134 1.846497495280134 0.0 
0.0 0.021799679773189695 0.12279702689326727 0.25866698042392444 0.35279023559644357 1.7540840002367801 1.7540840002367801 0.0 
0.0 0.4210982712135867 0.34232587072083187 0.0 0.0 1.1905001508044617 1.1905001508044617 0.0 
0.0 0.0 0.0 0.0 0.0 0.0 0.0 0.0 

0.0 0.0 0.0 0.0 0.0 0.0 0.0 0.0 
0.0 1.369778307591757 1.01100859550718 1.3044698986670877 1.1553125313939663 0.8821041704682967 0.8821041704682967 0.0 
0.0 0.598060561767901 0.7961194345888603 0.7961194345888603 0.6588509464274311 0.6588509464274311 0.5172867441581288 0.0 
0.0 1.4935526796149772 0.36142344623326395 0.7710170332462207 0.89053910876141 0.9020767511406738 0.5004557726138799 0.0 
0.0 1.4935526796149772 0.6680362203296917 0.7710170332462207 0.89053910876141 0.9020767511406738 0.5004557726138799 0.0 
0.0 0.8077568292602038 0.7863832398943676 1.0895178721776864 0.6859226932610655 0.3231642578732826 0.3231642578732826 0.0 
0.0 0.6331637102272112 0.6014236987709475 0.5387091185348011 0.6859226932610655 0.23887878849608307 0.2294959856366477 0.0 
0.0 0.0 0.0 0.0 0.0 0.0 0.0 0.0 

0.0 0.0 0.0 0.0 0.0 0.0 0.0 0.0 
0.0 1.560153182985667 1.4286479352101444 1.1338769122543333 0.8004224966515638 0.5629286376456066 0.0 0.0 
0.0 1.560153182985667 1.6577962113199483 1.7006127652115124 1.7006127652115124 0.5629286376456066 0.0 0.0 
0.0 1.0285549866536132 0.9675833801981482 1.7527973615121841 1.7006127652115124 0.9429997422091886 0.0 0.0 
0.0 1.7389548990424744 1.3665587329212632 1.8200365461082348 1.8200365461082348 1.154393135575202 0.0 0.0 
0.0 1.319313958776251 1.319313958776251 1.2323620962269697 1.2323620962269697 1.154393135575202 0.11338256525148468 0.0 
0.0 0.765433805905624 0.6970502112536433 1.2323620962269697 1.2323620962269697 0.8701412839226512 0.0 0.0 
0.0 0.0 0.0 0.0 0.0 0.0 0.0 0.0 

0.0 0.0 0.0 0.0 0.0 0.0 0.0 0.0 
0.0 0.0 0.0 0.0 0.0 0.0 0.0 0.0 
0.0 0.0 0.0 0.0 0.0 0.0 0.0 0.0 
0.0 0.0 0.0 0.1846950160699089 0.0 0.0 0.24909541176178043 0.0 
0.0 0.0 0.0 0.0 0.0 0.0 0.2099246949220152 0.0 
0.0 0.0 0.0 0.0 0.0 0.0 0.31978210655693895 0.0 
0.0 0.0 0.0 0.0 0.0 0.0 0.1578296240357192 0.0 
0.0 0.0 0.0 0.0 0.0 0.0 0.0 0.0 

0.0 0.0 0.0 0.0 0.0 0.0 0.0 0.0 
0.0 1.367890431332004 1.191216554078979 1.1679544443844334 0.6428172813991494 0.6428172813991494 0.0 0.0 
0.0 1.367890431332004 0.9411330426340369 0.7359826003352768 0.7359826003352768 0.3111397941319827 0.0 0.0 
0.0 0.7991883175803498 0.7359678863585882 0.7359826003352768 0.7359826003352768 0.16926820819401417 0.0 0.0 
0.0 0.2755778254862787 0.2755778254862787 0.46586440816453445 0.5132432317060671 0.16926820819401417 0.0 0.0 
0.0 0.5568714434999621 0.5568714434999621 0.0 0.0 0.0 0.0 0.0 
0.0 0.10210815970952906 0.0 0.0 0.0 0.0 0.0 0.0 
0.0 0.0 0.0 0.0 0.0 0.0 0.0 0.0 

0.0 0.0 0.0 0.0 0.0 0.0 0.0 0.0 
0.0 0.397094473282958 0.0 0.0 0.0 0.0 0.0 0.0 
0.0 0.4848545337766432 0.0 0.022788526128617294 0.022788526128617294 0.0 0.0 0.0 
0.0 0.0 0.0 0.022788526128617294 0.022788526128617294 0.0 0.0 0.0 
0.0 0.0 0.0 0.0 0.0 0.0 0.0 0.0 
0.0 0.15448352610905935 0.0 0.0 0.0 0.0 0.0 0.0 
0.0 0.0 0.0 0.054874999806769666 0.054874999806769666 0.0 0.0 0.0 
0.0 0.0 0.0 0.0 0.0 0.0 0.0 0.0 

0.0 0.0 0.0 0.0 0.0 0.0 0.0 0.0 
0.0 0.0 0.0 0.0 0.0 1.4347862765602715 1.4347862765602715 0.0 
0.0 0.0 0.8422251709989271 0.0 0.0 1.0078786293693751 1.0078786293693751 0.0 
0.0 0.6822759012674748 0.8422251709989271 0.6288707673173892 0.18971511727734677 0.7083770486184175 0.7083770486184175 0.0 
0.0 0.6822759012674748 0.5929353637393981 0.5929353637393981 0.6214520923010906 0.6214520923010906 0.375445687176953 0.0 
0.0 0.658584038046969 0.4477012820524737 0.6648318210638248 0.6214520923010906 0.975744705953602 0.975744705953602 0.0 
0.0 0.5949242893510485 0.7529069662903514 0.955801299272249 0.955801299272249 1.0812254912599653 1.0812254912599653 0.0 
0.0 0.0 0.0 0.0 0.0 0.0 0.0 0.0 

0.0 0.0 0.0 0.0 0.0 0.0 0.0 0.0 
0.0 0.0 0.0 0.0 0.0 0.33927068803817995 0.33927068803817995 0.0 
0.0 0.0 0.0 0.0 0.0 0.8413402708637058 0.8413402708637058 0.0 
0.0 0.0 0.0 0.0 0.0 0.8413402708637058 0.8413402708637058 0.0 
0.0 0.0 0.0 0.0 0.0 0.42247132036289087 0.42247132036289087 0.0 
0.0 0.0 0.0 0.0 0.0 0.3592264937019816 0.3592264937019816 0.0 
0.0 0.0 0.0 0.0 0.0 0.07276526937303661 0.07276526937303661 0.0 
0.0 0.0 0.0 0.0 0.0 0.0 0.0 0.0 

0.0 0.0 0.0 0.0 0.0 0.0 0.0 0.0 
0.0 0.4695058524143041 0.16875397770661832 0.37737340751949333 0.37737340751949333 0.0 0.0 0.0 
0.0 0.5183116162726573 0.20023056036815823 0.2949762973081669 0.2949762973081669 0.0 0.0 0.0 
0.0 0.5683236739039665 0.5683236739039665 0.1595625981370511 0.08172243012631702 0.08172243012631702 0.0 0.0 
0.0 1.0999111768646295 0.5683236739039665 0.7514057190896589 0.7956742630996418 0.7956742630996418 0.0 0.0 
0.0 0.944887711465085 0.2627491952319321 0.7514057190896589 0.7956742630996418 0.7956742630996418 0.0 0.0 
0.0 0.48573399901083203 0.21656363490709202 0.6303645313760806 0.638635349562281 0.6365642273893114 0.0 0.0 
0.0 0.0 0.0 0.0 0.0 0.0 0.0 0.0 

0.0 0.0 0.0 0.0 0.0 0.0 0.0 0.0 
0.0 0.0 0.0 0.0 0.0 0.0 0.0 0.0 
0.0 0.0 0.0 0.0 0.0 0.0 0.0 0.0 
0.0 0.0 0.0 0.0 0.0 0.0 0.0 0.0 
0.0 0.0 0.0 0.0 0.0 0.0 0.0 0.0 
0.0 0.0 0.0 0.0 0.0 0.0 0.0 0.0 
0.0 0.0 0.0 0.0 0.0 0.0 0.0 0.0 
0.0 0.0 0.0 0.0 0.0 0.0 0.0 0.0 

0.0 0.0 0.0 0.0 0.0 0.0 0.0 0.0 
0.0 0.0 0.0 0.0 0.0 0.0 0.07213840083560805 0.0 
0.0 0.0 0.0 0.07776537696152183 0.0 0.1708387302933997 0.1708387302933997 0.0 
0.0 0.0 0.0 0.07776537696152183 0.0 0.1708387302933997 0.1708387302933997 0.0 
0.0 0.0 0.0 0.0 0.0 0.2581232767275359 0.2581232767275359 0.0 
0.0 0.0 0.0 0.0 0.0 0.10890878629691207 0.10890878629691207 0.0 
0.0 0.0 0.0 0.04779788408897918 0.05198446153497047 0.0 0.0 0.0 
0.0 0.0 0.0 0.0 0.0 0.0 0.0 0.0 

0.0 0.0 0.0 0.0 0.0 0.0 0.0 0.0 
0.0 0.7701681987079356 0.7835592688234063 0.7835592688234063 1.1326478431777853 0.7374564705585137 0.5243846580561408 0.0 
0.0 0.7701681987079356 0.7835592688234063 0.9800664794699486 0.8545481214298271 0.5112210072223572 0.16711680614789437 0.0 
0.0 0.7659491975086573 0.4569826184072683 1.1248538081810444 1.1323721219123055 0.2581181091854087 0.1646269013739318 0.0 
0.0 1.0118726671056884 0.6882027452459117 0.7756626475226466 1.1323721219123055 0.6070923869983551 0.2836263007909025 0.0 
0.0 1.0118726671056884 0.9157906037970845 0.8056572247264593 0.7756626475226466 0.0 0.22819850695993008 0.0 
0.0 0.9157906037970845 0.9157906037970845 0.5875740653079268 0.6309101240960169 0.23605594656210577 0.17102295862901273 0.0 
0.0 0.0 0.0 0.0 0.0 0.0 0.0 0.0 

0.0 0.0 0.0 0.0 0.0 0.0 0.0 0.0 
0.0 0.0 0.0 0.0 0.0 0.0 0.0 0.0 
0.0 0.0 0.0 0.0 0.0 0.3120542365879293 0.3120542365879293 0.0 
0.0 0.0 0.0 0.0 0.0 0.3120542365879293 0.3120542365879293 0.0 
0.0 0.0 0.0 0.0 0.0 0.25005139271768484 0.25005139271768484 0.0 
0.0 0.0 0.0 0.0 0.0 0.2244060276752129 0.2244060276752129 0.0 
0.0 0.0 0.0 0.0 0.0 0.0 0.0 0.0 
0.0 0.0 0.0 0.0 0.0 0.0 0.0 0.0 

0.0 0.0 0.0 0.0 0.0 0.0 0.0 0.0 
0.0 1.044119331369966 0.7806853167906942 0.7806853167906942 0.4140382775378082 0.34368345299731823 0.32653290935982854 0.0 
0.0 1.1330396682271153 0.8858745518127117 0.029235609414956704 0.4573738309187816 0.21444605368234249 0.2595318171939573 0.0 
0.0 1.1039436924307786 0.8858745518127117 0.817217437095151 0.817217437095151 0.0 0.0 0.0 
0.0 1.1039436924307786 0.41743398746894744 0.9056298999999011 1.2255611776072175 0.0 0.0 0.0 
0.0 0.7222199503179026 0.5670248209080238 0.5670248209080238 0.49335327419586816 0.0 0.0 0.0 
0.0 0.7556792845168226 0.7556792845168226 0.4563275069553019 0.28734310113107275 0.1579677760271057 0.3422092461919583 0.0 
0.0 0.0 0.0 0.0 0.0 0.0 0.0 0.0 

0.0 0.0 0.0 0.0 0.0 0.0 0.0 0.0 
0.0 0.5858338817535429 0.0 0.0 0.0 0.8465546158632016 1.1038585859654004 0.0 
0.0 0.6722501298233754 0.11193169716574616 0.11193169716574616 0.18118157062111603 1.0964673753162775 1.1993479564600347 0.0 
0.0 0.9529858996212948 0.8859430442136921 0.8859430442136921 0.18118157062111603 1.208073504265246 1.3966325929277021 0.0 
0.0 0.6249696030283575 0.8859430442136921 0.8859430442136921 0.22384792526412883 1.1086773839120359 1.1965808965628337 0.0 
0.0 0.6442211514822177 0.367355413027619 0.367355413027619 0.22384792526412883 0.957199754568927 1.0662510783138388 0.0 
0.0 0.7836675713332872 0.7131748325794711 0.7131748325794711 0.2061324855816122 0.957199754568927 1.0662510783138388 0.0 
0.0 0.0 0.0 0.0 0.0 0.0 0.0 0.0 

0.0 0.0 0.0 0.0 0.0 0.0 0.0 0.0 
0.0 0.862416218328792 0.9610326250976378 1.4642632350979936 0.7753167163233533 0.1408521482916028 0.1408521482916028 0.0 
0.0 0.862416218328792 1.6569251968880676 1.6569251968880676 0.9186170273510614 0.14529366779037012 0.14529366779037012 0.0 
0.0 0.5250848436729295 1.6569251968880676 1.6569251968880676 0.826548529195442 0.5561222897601746 0.5561222897601746 0.0 
0.0 0.6097029441200517 1.1467247156411948 1.1467247156411948 1.1366044408944262 1.095621891413944 0.6069029887315305 0.0 
0.0 0.8681596420776106 0.8681596420776106 1.1366044408944262 1.1366044408944262 1.095621891413944 0.5773775645139179 0.0 
0.0 0.15210224879924764 0.667703839254036 0.7459044411865904 0.7459044411865904 0.3767791336440911 0.08199549101386001 0.0 
0.0 0.0 0.0 0.0 0.0 0.0 0.0 0.0 

0.0 0.0 0.0 0.0 0.0 0.0 0.0 0.0 
0.0 0.0 0.0 0.0 0.14901789907218305 0.00638273958385948 0.0 0.0 
0.0 0.0 0.0 0.0 0.0 0.0 0.0 0.0 
0.0 0.0 0.0 0.0 0.0 0.06323085000167483 0.06323085000167483 0.0 
0.0 0.0 0.0 0.0 0.0 0.06323085000167483 0.06323085000167483 0.0 
0.0 0.0 0.0 0.0 0.0 0.0 0.01623237769163899 0.0 
0.0 0.0 0.0 0.0 0.0 0.0 0.0 0.0 
0.0 0.0 0.0 0.0 0.0 0.0 0.0 0.0 

0.0 0.0 0.0 0.0 0.0 0.0 0.0 0.0 
0.0 0.5854227578495415 0.21064219614918692 0.2255105465058454 0.0 0.18700758295986747 0.18700758295986747 0.0 
0.0 0.5854227578495415 0.2516279595985655 0.15974619093148193 0.09071427275200158 0.09071427275200158 0.0 0.0 
0.0 0.46240200136012327 0.2516279595985655 0.5388056239157769 0.5388056239157769 0.0 0.0 0.0 
0.0 0.41637906566675387 0.0 0.5388056239157769 0.5388056239157769 0.0 0.0 0.0 
0.0 0.564485296393989 0.02944741561854531 0.02944741561854531 0.0 0.0 0.0 0.0 
0.0 0.22507069884811753 0.07716093523132207 0.0748836364952104 0.055819128441028244 0.0 0.0 0.0 
0.0 0.0 0.0 0.0 0.0 0.0 0.0 0.0 

0.0 0.0 0.0 0.0 0.0 0.0 0.0 0.0 
0.0 0.2632604227966133 0.3971572799852776 0.23618517587948284 0.0 0.0 0.0 0.0 
0.0 0.2562957557654352 0.1267472273863714 0.0 0.0 0.0 0.0 0.0 
0.0 0.15665006487595134 0.1267472273863714 0.0 0.0 0.0 0.0 0.0 
0.0 0.0 0.0 0.0 0.0 0.0 0.0 0.0 
0.0 0.0 0.0 0.0 0.0 0.0 0.0 0.0 
0.0 0.0 0.0 0.0 0.0 0.0 0.0 0.0 
0.0 0.0 0.0 0.0 0.0 0.0 0.0 0.0 

0.0 0.0 0.0 0.0 0.0 0.0 0.0 0.0 
0.0 0.0 0.0 0.0 0.0 0.0 0.0 0.0 
0.0 0.0 0.0 0.0 0.0 0.0 0.0 0.0 
0.0 0.0 0.0 0.0 0.0 0.0 0.0 0.0 
0.0 0.0 0.0 0.0 0.0 0.0 0.0 0.0 
0.0 0.0 0.0 0.0 0.0 0.0 0.0 0.0 
0.0 0.0 0.0 0.0 0.0 0.0 0.0 0.0 
0.0 0.0 0.0 0.0 0.0 0.0 0.0 0.0 

0.0 0.0 0.0 0.0 0.0 0.0 0.0 0.0 
0.0 0.006255948774932948 0.0 0.0 0.0 0.0 0.0 0.0 
0.0 0.0 0.0 0.0 0.0 0.0 0.0 0.0 
0.0 0.0 0.0 0.0 0.0 0.0 0.0 0.0 
0.0 0.0 0.0 0.0 0.0 0.0 0.0 0.0 
0.0 0.0 0.0 0.0 0.0 0.0 0.0 0.0 
0.0 0.0 0.0 0.0 0.0 0.0 0.0 0.0 
0.0 0.0 0.0 0.0 0.0 0.0 0.0 0.0 

