0.0 0.0 0.0 0.0 0.0 0.0 0.0 0.0 
0.0 2.443794290804251 2.2378258302616034 2.7576966267984093 1.5118160816258965 1.9499749080710644 1.746551177500738 0.0 
0.0 1.6302246831863456 2.0936668491464268 2.0936668491464268 1.6124683561171091 1.7062565422457507 1.7062565422457507 0.0 
0.0 1.6302246831863456 2.4244724989030404 2.4244724989030404 2.8564412296355783 2.7265166415967044 1.637216918465079 0.0 
0.0 2.197614430627382 2.3400795602935833 2.3400795602935833 3.21377169164932 3.21377169164932 1.7339206862485874 0.0 
0.0 2.4031842104402807 2.3400795602935833 2.3400795602935833 2.5596450295251096 2.5596450295251096 2.4310325972637874 0.0 
0.0 2.4031842104402807 1.628789378980189 1.7157997508427525 1.7157997508427525 2.2989530060963164 1.4605930899424346 0.0 
0.0 0.0 0.0 0.0 0.0 0.0 0.0 0.0 

0.0 0.0 0.0 0.0 0.0 0.0 0.0 0.0 
0.0 1.5299213580749775 1.5299213580749775 0.3324343181938221 0.2525426899336166 1.0124746273647707 1.0124746273647707 0.0 
0.0 1.5299213580749775 1.5299213580749775 0.0 0.7398432642209536 1.1288352396762 1.1288352396762 0.0 
0.0 0.8341643871564385 0.619857242111081 0.9621436148528313 0.9621436148528313 1.4321931589384118 1.4321931589384118 0.0 
0.0 0.33996852290882207 0.0 1.313116463771076 1.313116463771076 1.111823611078446 1.111823611078446 0.0 
0.0 0.0 0.3639370155622981 0.2905585531160062 0.020860768048135025 0.020860768048135025 0.9170407718668385 0.0 
0.0 0.43734282152314696 0.6079624971185765 0.5846775699623791 0.0 0.0 0.6441212559942116 0.0 
0.0 0.0 0.0 0.0 0.0 0.0 0.0 0.0 

0.0 0.0 0.0 0.0 0.0 0.0 0.0 0.0 
0.0 0.3449405146737942 1.1501107196200526 0.9079825280587743 0.05901819008828604 0.03725008186296828 0.10201653750848505 0.0 
0.0 0.45638720050976683 1.7441900139739235 1.0353029221317256 0.9413396552833055 0.9413396552833055 0.2653540581833211 0.0 
0.0 0.5257029153123565 1.134050338743063 0.854977979730008 1.549380331308764 1.549380331308764 0.42540962457011816 0.0 
0.0 0.46170530053716896 0.47024604454310026 1.4871167936825687 2.0167129761451514 1.2656959583615754 0.7135713357753054 0.0 
0.0 0.4292983528668507 0.47024604454310026 1.6776629192086492 1.724695944297387 0.8883794691298755 0.5869325112902097 0.0 
0.0 0.07893511614754561 0.050466664314256844 0.35905865332438813 0.7561604556615813 0.9242424875575813 0.9242424875575813 0.0 
0.0 0.0 0.0 0.0 0.0 0.0 0.0 0.0 

0.0 0.0 0.0 0.0 0.0 0.0 0.0 0.0 
0.0 0.26592329293816663 1.4451095291412195 1.4451095291412195 0.46817524243484027 0.38488163117422086 0.6149751596730044 0.0 
0.0 0.0 0.0 3.4239032286608 3.4239032286608 1.181872792975249 0.3445338008401267 0.0 
0.0 0.0 0.0 1.1724944068347687 2.211677878032598 2.211677878032598 0.47444909947625286 0.0 
0.0 0.0 0.0 0.0 1.386599351871669 1.386599351871669 0.3958869999005732 0.0 
0.0 0.0 0.26274255998602813 0.26274255998602813 0.0 0.04650201980945015 0.04650201980945015 0.0 
0.0 0.048098474258902735 0.26274255998602813 0.26274255998602813 0.07750833145404727 0.04650201980945015 0.04650201980945015 0.0 
0.0 0.0 0.0 0.0 0.0 0.0 0.0 0.0 

0.0 0.0 0.0 0.0 0.0 0.0 0.0 0.0 
0.0 1.0061672284094514 2.050855677670681 2.050855677670681 1.2583145780288616 0.9160143595436464 1.2746719995412956 0.0 
0.0 1.0065077663348203 2.186089390166742 1.2915765385235956 1.6514383809038538 1.6173348656426463 1.3287689881110807 0.0 
0.0 1.136843601926564 1.1805805461261116 0.5766479487850766 2.2456425489819365 2.2456425489819365 1.5044597551020522 0.0 
0.0 1.136843601926564 1.1805805461261116 0.5766479487850766 2.2456425489819365 2.2456425489819365 1.4195539335824252 0.0 
0.0 0.96435001571944 0.8556148265395856 0.8556148265395856 0.8294699448605376 1.3619570992414538 0.7588826274905898 0.0 
0.0 0.8682535071183611 0.9764412411100168 0.9764412411100168 0.9382950535730391 1.2168457982559948 0.7588826274905898 0.0 
0.0 0.0 0.0 0.0 0.0 0.0 0.0 0.0 

0.0 0.0 0.0 0.0 0.0 0.0 0.0 0.0 
0.0 0.7120441547426772 0.283840998801016 0.8150703387820345 0.04501809473114185 0.061200952215593525 0.0 0.0 
0.0 0.0 0.0 0.8150703387820345 0.4756176130258905 0.0 0.0 0.0 
0.0 0.0 0.19912798977203439 0.0 0.0 0.0 0.0 0.0 
0.0 0.26350315192361623 0.1859154736306908 0.0 0.0 0.0 0.0 0.0 
0.0 0.043409410599765774 0.0 0.0 0.0 0.0 0.0 0.0 
0.0 0.0 0.0 0.0 0.0 0.0 0.0 0.0 
0.0 0.0 0.0 0.0 0.0 0.0 0.0 0.0 

0.0 0.0 0.0 0.0 0.0 0.0 0.0 0.0 
0.0 1.202765306958148 0.0 0.5786122205203981 0.5786122205203981 0.5032063927584467 0.0429705951323171 0.0 
0.0 0.546016263603917 0.0 0.0 0.0 0.0 0.0 0.0 
0.0 0.6444633116521261 0.0 0.0 0.0 0.0 0.0 0.0 
0.0 1.001569866757093 0.24239810097584205 0.8453731186121561 0.0 0.0 0.0 0.0 
0.0 0.6588132046449138 0.3138201455641879 1.0076300886828664 0.7812146600835038 0.0 0.0 0.0 
0.0 0.2003728350454142 0.3438847926380342 0.27365611937333595 0.977297996352074 0.0 0.0 0.0 
0.0 0.0 0.0 0.0 0.0 0.0 0.0 0.0 

0.0 0.0 0.0 0.0 0.0 0.0 0.0 0.0 
0.0 2.8374409594158334 3.290420189771804 2.793838172471922 2.2585585690129526 2.511967146115522 2.569830491663104 0.0 
0.0 2.012200660829957 1.9650895583580303 3.2225030430291213 3.2225030430291213 2.500590510298728 2.4745611273870263 0.0 
0.0 1.8189587316025833 1.1240242333381338 2.880951626665576 3.1692410146055234 2.5714287907718014 2.3894642983187047 0.0 
0.0 1.352557582686896 1.3401829083586654 1.8895837723251605 2.5714287907718014 2.5714287907718014 2.184895604214289 0.0 
0.0 2.3830385660807174 2.3830385660807174 1.972002244692926 1.9061834005266267 2.176109178511784 2.6029165957412044 0.0 
0.0 2.3830385660807174 2.3830385660807174 1.9568986520617526 1.0827609301241552 1.5375698604875587 2.3365939272542833 0.0 
0.0 0.0 0.0 0.0 0.0 0.0 0.0 0.0 

0.0 0.0 0.0 0.0 0.0 0.0 0.0 0.0 
0.0 0.0 0.0 0.0 0.0 0.0 0.0 0.0 
0.0 0.0 0.0 0.0 0.0 0.0 0.0 0.0 
0.0 0.0 0.0 0.0 0.0 0.0 0.0 0.0 
0.0 0.0 0.0 0.0 0.0 0.0 0.0 0.0 
0.0 0.0 0.0 0.0 0.0 0.0 0.0 0.0 
0.0 0.0 0.0 0.0 0.0 0.0 0.0 0.0 
0.0 0.0 0.0 0.0 0.0 0.0 0.0 0.0 

0.0 0.0 0.0 0.0 0.0 0.0 0.0 0.0 
0.0 1.173109954227701 1.1471014247398323 0.3337718040833317 0.0 0.9498788276585471 0.9498788276585471 0.0 
0.0 1.173109954227701 0.7488344758545955 0.5449331412017706 1.4792401286108299 0.9498788276585471 0.9498788276585471 0.0 
0.0 1.0779136783639762 0.0 0.02508684741005196 0.3966897927138366 0.6165436945083135 0.6165436945083135 0.0 
0.0 0.44348337253320513 0.0 0.3364503092900979 0.0 0.12872126872612955 0.12872126872612955 0.0 
0.0 0.7911697516875236 0.5701106994079215 0.8939527248081347 0.12552907168082 0.15944249896211019 0.15944249896211019 0.0 
0.0 0.7911697516875236 0.5701106994079215 0.8939527248081347 0.30613440981669326 0.0 0.0 0.0 
0.0 0.0 0.0 0.0 0.0 0.0 0.0 0.0 

0.0 0.0 0.0 0.0 0.0 0.0 0.0 0.0 
0.0 1.134708849135135 0.2992952408205263 0.8839916885442263 0.8872456032273199 0.7590180372422319 0.46820575658011365 0.0 
0.0 0.73495772303574 0.73495772303574 0.8683579338785002 0.24107489344132513 0.5053826455633175 0.48476847714794363 0.0 
0.0 0.7732140782283619 0.7732140782283619 0.0 0.0 0.5053826455633175 0.48476847714794363 0.0 
0.0 0.7732140782283619 0.7732140782283619 0.0 0.0 0.11214655525184089 0.8165917035862207 0.0 
0.0 0.474113522134052 0.03321599393529784 0.03321599393529784 0.0 0.0 0.5909069269655662 0.0 
0.0 0.14367438313039477 0.25973232435432286 0.03321599393529784 0.0 0.0 0.4114760493186391 0.0 
0.0 0.0 0.0 0.0 0.0 0.0 0.0 0.0 

0.0 0.0 0.0 0.0 0.0 0.0 0.0 0.0 
0.0 4.016724519824956 4.4907347303958165 2.7865184129869363 1.3757826983767971 2.5095678244078488 2.5095678244078488 0.0 
0.0 3.0343207865610005 3.0343207865610005 1.2858445069329232 1.9853858891095952 2.5676040455513007 2.5676040455513007 0.0 
0.0 2.1460397705647347 2.1460397705647347 4.672424176468237 4.672424176468237 2.5676040455513007 2.5676040455513007 0.0 
0.0 0.41229544139562 0.41229544139562 4.9469525719642 4.9469525719642 2.4112316731616787 2.4112316731616787 0.0 
0.0 1.0034933856329857 1.0034933856329857 2.8616209203436473 2.8616209203436473 1.9354380964158344 1.7659472988372724 0.0 
0.0 1.0034933856329857 1.0034933856329857 0.4273402160482571 1.706824256372826 1.706824256372826 1.7659472988372724 0.0 
0.0 0.0 0.0 0.0 0.0 0.0 0.0 0.0 

0.0 0.0 0.0 0.0 0.0 0.0 0.0 0.0 
0.0 1.396699850588542 1.396699850588542 1.1634469497470392 1.1634469497470392 0.713469343831086 0.6186819908532164 0.0 
0.0 1.3368495979466413 1.6768203532988784 1.9344034991617973 1.8766874933941415 0.6860321152294865 0.5162886279543796 0.0 
0.0 2.0568502021515647 0.8997034024254745 0.0 0.8481552924178148 0.6860321152294865 0.4805403952440822 0.0 
0.0 2.0568502021515647 0.8997034024254745 0.0 0.32022229336421204 0.2658654535635237 0.2696342573322523 0.0 
0.0 1.9481773054078362 0.8381842739878562 0.8381842739878562 0.6545941384024527 0.2320615642956241 0.2320615642956241 0.0 
0.0 0.546978931756789 0.8381842739878562 0.8381842739878562 0.5152529516963409 0.0 0.0 0.0 
0.0 0.0 0.0 0.0 0.0 0.0 0.0 0.0 

0.0 0.0 0.0 0.0 0.0 0.0 0.0 0.0 
0.0 1.0012648226845444 0.5107094112886672 1.8389032570531951 1.8389032570531951 0.5659796578777174 0.0 0.0 
0.0 0.5011166663565175 3.754071642012356 3.754071642012356 1.8389032570531951 0.6591336347071798 0.0 0.0 
0.0 1.0006182474401368 3.754071642012356 3.754071642012356 0.6591336347071798 1.1727361604919297 0.0 0.0 
0.0 2.2622509997216014 3.4506872187305064 3.4506872187305064 0.7394078645392154 1.1727361604919297 0.9185774154584797 0.0 
0.0 2.2622509997216014 2.2622509997216014 1.1766139295178317 1.8387126496824504 1.1503081370201969 1.1503081370201969 0.0 
0.0 0.3585289616071927 0.2045973151867773 0.6286640570014898 1.4999705016069378 1.6135566053295658 1.6135566053295658 0.0 
0.0 0.0 0.0 0.0 0.0 0.0 0.0 0.0 

0.0 0.0 0.0 0.0 0.0 0.0 0.0 0.0 
0.0 0.0 1.1988465168997005 1.1988465168997005 0.0 0.0 0.0 0.0 
0.0 0.0 1.1988465168997005 1.1988465168997005 0.0 0.0 0.30009761581021327 0.0 
0.0 0.0 0.8688768344985212 0.3728383785069387 1.4828037895302495 1.3803204325971428 0.3371292601510111 0.0 
0.0 0.0 0.5388409670187163 0.5388409670187163 1.9408828079707534 1.9408828079707534 0.3371292601510111 0.0 
0.0 0.09539336737951963 0.5388409670187163 0.5388409670187163 1.4334365456861933 1.4334365456861933 0.0 0.0 
0.0 0.09539336737951963 0.0 0.0 0.0 0.6698030490335899 0.0 0.0 
0.0 0.0 0.0 0.0 0.0 0.0 0.0 0.0 

0.0 0.0 0.0 0.0 0.0 0.0 0.0 0.0 
0.0 0.6542190339608013 0.0 1.3619919124553284 1.3619919124553284 0.43177671796194683 0.21695820960634085 0.0 
0.0 0.2536359673665009 0.0 1.3619919124553284 1.3619919124553284 0.6117400214073413 0.0 0.0 
0.0 0.2805325132313557 1.0485570019812214 1.0485570019812214 0.6117400214073413 0.6117400214073413 0.0 0.0 
0.0 0.2805325132313557 1.0485570019812214 1.0485570019812214 0.0 0.09671419556950288 0.0 0.0 
0.0 0.48020825665866357 0.48020825665866357 0.20929940722159257 0.0 0.22632255286611913 0.22632255286611913 0.0 
0.0 0.3241244837406618 0.3241244837406618 0.05689420128940327 0.05689420128940327 0.0 0.0 0.0 
0.0 0.0 0.0 0.0 0.0 0.0 0.0 0.0 

0.0 0.0 0.0 0.0 0.0 0.0 0.0 0.0 
0.0 0.0 0.0 0.0 0.0 0.0 0.0 0.0 
0.0 0.0 0.0 0.0 0.0 0.0 0.0 0.0 
0.0 0.12460243902140722 0.0 0.0 0.0 0.0 0.0 0.0 
0.0 0.19746864493541194 0.38273752758179747 0.38273752758179747 0.0 0.0 0.0 0.0 
0.0 0.01882075265452041 0.38273752758179747 0.38273752758179747 0.0 0.0 0.0 0.0 
0.0 0.01882075265452041 0.01882075265452041 0.0 0.0 0.0 0.0 0.0 
0.0 0.0 0.0 0.0 0.0 0.0 0.0 0.0 

0.0 0.0 0.0 0.0 0.0 0.0 0.0 0.0 
0.0 1.6844947179155092 1.6844947179155092 0.0 0.0 0.5451624635790282 0.5451624635790282 0.0 
0.0 2.7939084258013724 1.7802865400574446 1.7802865400574446 0.4740712181437326 0.5451624635790282 0.5451624635790282 0.0 
0.0 2.7939084258013724 2.0231985367014027 2.0231985367014027 1.2010892170138896 0.4740712181437326 0.239220965254377 0.0 
0.0 2.0725572501247487 0.37112976911722734 4.197169184749327 3.1527269412663146 1.017438934774329 1.017438934774329 0.0 
0.0 1.0617287028452844 0.37112976911722734 4.197169184749327 3.1527269412663146 1.017438934774329 1.017438934774329 0.0 
0.0 0.6642668998683445 0.4468178779990965 0.7849826441349969 1.775540429188938 1.848944245556252 1.848944245556252 0.0 
0.0 0.0 0.0 0.0 0.0 0.0 0.0 0.0 

0.0 0.0 0.0 0.0 0.0 0.0 0.0 0.0 
0.0 1.483735463123797 1.960715212028629 0.3441752399414039 0.0 0.4670670173178216 0.4670670173178216 0.0 
0.0 0.8359827492771864 0.8359827492771864 1.5403002667250285 1.5403002667250285 0.7887335922027688 0.7887335922027688 0.0 
0.0 0.7458024213389347 0.7066732098953679 3.2231541422876866 3.2231541422876866 0.7887335922027688 0.7887335922027688 0.0 
0.0 0.7066732098953679 0.7066732098953679 3.2231541422876866 3.2231541422876866 1.7610404806261113 0.4816430307402193 0.0 
0.0 0.0 0.0 0.5718761041457966 1.9270512044618557 1.9270512044618557 1.4565724067226933 0.0 
0.0 0.0 0.0 0.0 0.8251101393393157 1.4565724067226933 1.4565724067226933 0.0 
0.0 0.0 0.0 0.0 0.0 0.0 0.0 0.0 

0.0 0.0 0.0 0.0 0.0 0.0 0.0 0.0 
0.0 0.4561742217580553 0.0 0.31989844289784497 0.5125400381333269 0.2089906923339474 0.0 0.0 
0.0 0.3819523619149799 1.3481049564166905 2.5399099660701605 1.7632441170928268 0.0 0.0 0.0 
0.0 1.016275132898087 1.3481049564166905 2.5399099660701605 1.7632441170928268 0.11154742497621169 0.0 0.0 
0.0 1.9269546920995853 1.9269546920995853 1.7570471183305787 0.4940725278235769 0.0 0.0 0.0 
0.0 2.309225992369808 1.9269546920995853 0.6207030027231818 0.7392455732254438 0.0 0.0 0.0 
0.0 0.8068513621256543 0.0 0.5589762825291059 0.8238291697169654 0.556138556769429 0.16394358816691476 0.0 
0.0 0.0 0.0 0.0 0.0 0.0 0.0 0.0 

0.0 0.0 0.0 0.0 0.0 0.0 0.0 0.0 
0.0 0.8476096601164483 0.0 0.0 0.05629281047759007 0.23436100967727552 0.0 0.0 
0.0 0.0 0.0 0.0 0.0 0.0 0.0 0.0 
0.0 0.0 0.0 0.0 0.0 0.0 0.0 0.0 
0.0 0.0 0.5268735006225033 0.5268735006225033 0.0 0.0 0.0 0.0 
0.0 0.40331463031368 0.5268735006225033 0.5268735006225033 0.0 0.0 0.0 0.0 
0.0 0.0 0.0 0.0 0.0 0.0 0.0 0.0 
0.0 0.0 0.0 0.0 0.0 0.0 0.0 0.0 

0.0 0.0 0.0 0.0 0.0 0.0 0.0 0.0 
0.0 0.13132684634614003 0.7987463926611049 0.7987463926611049 0.0 0.10511554800106765 0.10511554800106765 0.0 
0.0 0.1481825137399217 0.7383645859261362 1.5882213333288855 1.8504930483195978 0.5396318638759473 0.11318073205701042 0.0 
0.0 0.1481825137399217 0.7383645859261362 1.5882213333288855 1.8504930483195978 1.3917823498518804 0.17995187627976897 0.0 
0.0 0.2701967097066946 0.2701967097066946 0.8032199596641931 1.9357868872538178 1.9357868872538178 0.3585689637264023 0.0 
0.0 0.27421574061343434 0.0 0.0 0.7869997390626344 0.7869997390626344 0.623120628179605 0.0 
0.0 0.0 0.0 0.0052940837247954925 0.0052940837247954925 0.054843873619382595 0.054843873619382595 0.0 
0.0 0.0 0.0 0.0 0.0 0.0 0.0 0.0 

0.0 0.0 0.0 0.0 0.0 0.0 0.0 0.0 
0.0 0.5114436634808843 1.5048842137641607 1.5048842137641607 1.1107316734173966 0.6555240277437923 0.7955460274759466 0.0 
0.0 0.27580954833685417 0.0 2.54732413408419 2.54732413408419 1.1840545350745013 0.38421221433303115 0.0 
0.0 0.6245874489098868 1.5669141134989337 0.5146293888042052 1.5819674419147036 1.3378018824378135 0.38421221433303115 0.0 
0.0 0.6245874489098868 1.5669141134989337 0.8440051623436245 1.3378018824378135 1.3378018824378135 0.21738759122461276 0.0 
0.0 0.5593762110939671 0.8440051623436245 0.8440051623436245 0.0 0.642052537821189 0.34194918396293 0.0 
0.0 0.5593762110939671 0.5593762110939671 0.5101512706918014 0.19617935299321523 0.09898649719322448 0.3372525299583984 0.0 
0.0 0.0 0.0 0.0 0.0 0.0 0.0 0.0 

0.0 0.0 0.0 0.0 0.0 0.0 0.0 0.0 
0.0 0.18406439069067337 1.2449397231334054 0.46857739306487134 0.0 0.11718545630313479 0.11718545630313479 0.0 
0.0 0.0 0.39782639512277906 1.4847964682315349 1.8409178206105048 1.6579231497352338 0.33429594920149786 0.0 
0.0 0.0 0.0 1.481241835843336 1.8409178206105048 1.684894816031441 0.27740501991283184 0.0 
0.0 0.0 0.0 0.33840374646063165 1.7954632814785878 1.1729186495606567 0.7371285749043761 0.0 
0.0 0.0 0.0 0.0 0.10949349050661328 0.7455108941228306 0.7455108941228306 0.0 
0.0 0.0 0.0 0.0 0.0 0.7455108941228306 0.7455108941228306 0.0 
0.0 0.0 0.0 0.0 0.0 0.0 0.0 0.0 

0.0 0.0 0.0 0.0 0.0 0.0 0.0 0.0 
0.0 0.8352364519402189 0.0 0.8762718440444114 0.8762718440444114 0.17025789077366565 0.6007184260382183 0.0 
0.0 0.6439492733658602 0.0 0.0 0.0 0.0 0.0 0.0 
0.0 1.0642157276827893 0.0 0.0 0.0 0.0 0.0 0.0 
0.0 1.2318073786213994 0.0 0.0 0.0 0.0 0.0 0.0 
0.0 0.6780398520888765 0.8068573875440096 0.6870513573216432 0.370594548670084 0.0 0.0 0.0 
0.0 0.6062595293658509 0.6062595293658509 0.370594548670084 0.370594548670084 0.0 0.24435835207587359 0.0 
0.0 0.0 0.0 0.0 0.0 0.0 0.0 0.0 

0.0 0.0 0.0 0.0 0.0 0.0 0.0 0.0 
0.0 2.40570264449824 2.40570264449824 1.373868414605336 0.0 1.0363329447139196 1.1063919202368457 0.0 
0.0 2.4323048556889364 2.4323048556889364 1.373868414605336 0.0 1.5622854527485603 1.5622854527485603 0.0 
0.0 2.4323048556889364 2.4323048556889364 3.2158590454945233 3.2158590454945233 1.5622854527485603 1.5622854527485603 0.0 
0.0 1.619135742440621 1.348989683497501 3.2158590454945233 3.2158590454945233 1.3724663009846483 1.3985514727461692 0.0 
0.0 1.7470716771987271 0.403667811132047 1.9550831526366919 1.9550831526366919 1.356782884017178 0.7406170599486149 0.0 
0.0 1.0798928534648133 0.6832341448183015 1.3139818444078366 1.2133229357969122 1.2133229357969122 0.1598986967168842 0.0 
0.0 0.0 0.0 0.0 0.0 0.0 0.0 0.0 

0.0 0.0 0.0 0.0 0.0 0.0 0.0 0.0 
0.0 1.8466794015943597 2.668901832599344 2.4661174680561215 2.4661174680561215 0.351349777567496 0.1421336632506755 0.0 
0.0 2.3546733764602887 2.9736232895464987 2.965604953435844 3.2195231650528906 1.817063624665272 0.11411105820779885 0.0 
0.0 2.9931730701638033 3.958505335910676 4.0919194318812835 4.3077003324456475 2.0858533372286727 1.2984360545537528 0.0 
0.0 2.731142749370786 2.731142749370786 3.916919880111819 4.3077003324456475 2.5673926792440005 1.2984360545537528 0.0 
0.0 2.297883462542991 2.297883462542991 3.163686686132225 3.163686686132225 2.5673926792440005 1.0098678113473498 0.0 
0.0 0.5173598696805969 0.0 1.1410987261147163 1.872833592833453 1.872833592833453 0.9007039684199598 0.0 
0.0 0.0 0.0 0.0 0.0 0.0 0.0 0.0 

0.0 0.0 0.0 0.0 0.0 0.0 0.0 0.0 
0.0 0.0 0.4219696627826374 0.4219696627826374 0.4551835330221731 0.4551835330221731 0.0 0.0 
0.0 0.0 0.0 0.8688997021296789 0.8994554500333296 0.8994554500333296 0.2135642672650724 0.0 
0.0 0.0 0.0 0.0 0.5119825416561224 0.8190456948574506 0.2135642672650724 0.0 
0.0 0.0 0.0 0.0 0.0 0.7536959723881748 0.08082125582283067 0.0 
0.0 0.0 0.0 0.0 0.0 0.0 0.42721902158086544 0.0 
0.0 0.0 0.0 0.0 0.0 0.0 0.42721902158086544 0.0 
0.0 0.0 0.0 0.0 0.0 0.0 0.0 0.0 

0.0 0.0 0.0 0.0 0.0 0.0 0.0 0.0 
0.0 0.6302048539514826 0.18719813926876447 0.0 0.0 0.0 0.0 0.0 
0.0 0.25971114013931784 0.0 0.0 0.0 0.0 0.0 0.0 
0.0 0.5105588188564875 0.0 0.0 0.0 0.0 0.0 0.0 
0.0 0.5105588188564875 0.2365337702778866 0.2365337702778866 0.0 0.0 0.0 0.0 
0.0 0.253311175606745 0.27406085817167736 0.40392061672911816 0.0 0.0 0.0 0.0 
0.0 0.18333757748705315 0.15101971994410096 0.40392061672911816 0.0 0.0 0.0 0.0 
0.0 0.0 0.0 0.0 0.0 0.0 0.0 0.0 

0.0 0.0 0.0 0.0 0.0 0.0 0.0 0.0 
0.0 0.9050392422692898 0.2369120144888492 0.6377463390069001 0.009235854930930605 0.3108311957691389 0.2115228631885452 0.0 
0.0 0.0 0.0 0.0 0.0 0.0 0.0 0.0 
0.0 0.0 0.08914655751853379 0.08914655751853379 0.0 0.0 0.0 0.0 
0.0 0.0 0.0 0.0 0.0 0.0 0.0 0.0 
0.0 0.0 0.0 0.0 0.0 0.0 0.0 0.0 
0.0 0.0 0.0 0.0 0.0 0.0 0.0 0.0 
0.0 0.0 0.0 0.0 0.0 0.0 0.0 0.0 

0.0 0.0 0.0 0.0 0.0 0.0 0.0 0.0 
0.0 0.0 0.0 0.0 0.0 0.0 0.0 0.0 
0.0 0.0 0.0 0.0 0.0 0.0 0.0 0.0 
0.0 0.0 0.0 0.0 0.0 0.0 0.0 0.0 
0.0 0.0 0.0 0.0 0.0 0.0 0.0 0.0 
0.0 0.0 0.0 0.0 0.0 0.0 0.0 0.0 
0.0 0.0 0.0 0.0 0.0 0.0 0.0 0.0 
0.0 0.0 0.0 0.0 0.0 0.0 0.0 0.0 

0.0 0.0 0.0 0.0 0.0 0.0 0.0 0.0 
0.0 0.22776021599040722 0.0 0.0 0.0 0.0 0.0 0.0 
0.0 0.0 0.0 0.0 0.0 0.0 0.0 0.0 
0.0 0.0 0.0 0.0 0.0 0.0 0.0 0.0 
0.0 0.0 0.0 0.0 0.0 0.0 0.0 0.0 
0.0 0.0 0.0 0.0 0.0 0.0 0.0 0.0 
0.0 0.0 0.0 0.0 0.0 0.0 0.0 0.0 
0.0 0.0 0.0 0.0 0.0 0.0 0.0 0.0 

