1.166192256720366 1.0513633823262396 1.1708465151439325 
1.166192256720366 1.0513633823262396 1.0644228031507983 
1.6691800573938023 1.7070325565515094 1.7900723998136698 

0.0 0.0 0.0 
0.0 0.0 0.0 
0.0 0.0 0.0 

2.3959722433196555 1.8070852694646298 2.22484174808812 
3.090941545707799 2.04992081221147 2.1198963747559456 
2.9182974530403785 2.04992081221147 2.1140144487720254 

0.17848466551550846 0.08080339065762791 0.06942498472166993 
0.2782716257094889 0.25396433645158084 0.25396433645158084 
0.2782716257094889 0.25396433645158084 0.25396433645158084 

0.0 0.0 0.0 
0.5194717120986931 0.5752500023574961 0.19862845266067367 
0.27249510201768135 0.27249510201768135 0.19072251880194413 

0.09335642296696016 0.07336248124853637 0.4882760023203149 
0.0 0.0 0.4286420635341863 
0.08777586247029212 0.0 0.4286420635341863 

0.0 0.0 0.0 
0.0 0.0 0.0 
0.0 0.0 0.0 

1.995399439307798 1.9360616124575885 1.6830587717181749 
1.9927283957623183 1.9927283957623183 1.8036974866135773 
1.314608744372642 1.4888649539023515 1.4582950598455233 

2.260114790551132 1.9091711898833548 2.020921720679868 
2.260114790551132 1.5825461115906938 1.6035192299767351 
0.9737517276386933 1.2966376187306756 1.326477473352387 

2.0468890362500827 2.0468890362500827 1.9057154706722765 
2.323536598544419 2.1302839254284027 2.0152261372450324 
2.9791513104401686 2.9791513104401686 2.7309301258724896 

1.6094027925807233 1.7165005371741728 1.7165005371741728 
1.376981553008503 1.5659773610952636 1.2291125683756166 
1.462869112753659 1.5659773610952636 1.2291125683756166 

1.3560793313937394 1.317775373376739 0.9774404400713359 
2.2391744907983613 2.114524878193951 1.6806981250843724 
1.8282750604086375 1.6789186236771172 1.562561833800637 

3.534436997762181 3.137350267497057 3.137350267497057 
3.9435986008433863 3.5055739717225545 3.2551500443849184 
3.6250376020001966 3.4840336281603617 3.2203814461467357 

0.25016786126940865 0.0 0.9546165769621457 
0.5219631985794337 0.16275730735766059 1.1952223550567915 
0.42447274279505487 0.0 0.8956795228786928 

0.0 0.0 0.32576226972339345 
0.0 0.0 0.26838942536284777 
0.47836063747158203 0.08831816855271907 0.2817219559029333 

0.04150376183362632 0.0 0.0 
0.12206608708587283 0.12206608708587283 0.0 
0.0 0.0 0.0 

3.557919467872908 3.4477287362711904 3.4477287362711904 
6.116732533296293 4.439237235556825 4.16967143304731 
6.116732533296293 4.560724969917056 4.16967143304731 

0.6350133815212717 0.5750355682307028 0.5699596251659723 
1.0083454827810667 1.0083454827810667 0.8095987067356658 
1.0083454827810667 1.0083454827810667 0.8095987067356658 

0.0 0.0 0.0 
0.0 0.0 0.0 
0.0018897758172674306 0.0018897758172674306 0.0 

0.25875561245917245 0.23777230667243487 0.6254168578226292 
0.26652736183895787 0.29354322337285665 0.4004200105892288 
1.1188382997505306 0.798874510568956 0.7865353234764969 

