0.9724566461379753 0.6043390343629393 0.4821557929947925 
0.9543870431162871 0.6777628307630368 0.21858456985375752 
1.120757321283286 1.4604853272752936 1.4604853272752936 

0.0 0.0 0.0 
0.0 0.0 0.0 
0.0 0.0 0.0 

2.0159800830051933 2.494627803464095 2.7594965239880787 
1.9392060864369847 1.8639581952621405 2.1415980813459163 
1.9392060864369847 1.8639581952621405 1.6129741113093847 

0.25346853987746587 0.1870834890012758 0.24611695461235158 
0.12110566324245514 0.0 0.0 
0.12110566324245514 0.0 0.0 

0.341704751499754 0.1617439427559505 0.0 
0.3056828327421265 0.3056828327421265 0.0 
0.3056828327421265 0.3056828327421265 0.0 

0.0 0.0 0.0 
0.0 0.17258976595950984 0.17258976595950984 
0.0 0.17258976595950984 0.17258976595950984 

0.0 0.0 0.0 
0.0 0.0 0.0 
0.0 0.0 0.0 

1.838902468805924 2.1375712036552925 2.1375712036552925 
2.0643640788962108 2.4115179357570167 2.4115179357570167 
2.0643640788962108 2.0643640788962108 1.7710636014070218 

1.5423223517689917 1.8437133654987778 2.148615931677359 
1.1306942196585053 1.4910694916296374 1.4910694916296374 
0.8295857667676432 1.4910694916296374 1.4910694916296374 

2.12832737075958 2.459929099046545 2.0159145920774773 
2.068590505476851 2.459929099046545 2.0159145920774773 
2.944671319468573 2.944671319468573 2.637292124480126 

2.124840663206149 1.4547734880484766 0.4513413453987819 
1.5331332455070765 1.1560907100940392 0.0 
1.1560907100940392 1.1560907100940392 0.8177193323659502 

2.4372536025859737 1.8956770391414928 0.9692729581778595 
1.836194190381654 1.8527406905220025 0.5934286658375196 
1.836194190381654 1.8527406905220025 0.15423298364579613 

3.7022775200084803 3.5728710111314186 3.037907945705109 
3.6273738829435147 3.4845943257048373 2.7033328656921682 
3.6273738829435147 3.4845943257048373 2.6471681431466187 

0.33785688496434074 0.33785688496434074 0.9119166535723265 
0.3062916885170831 0.21556598434937532 0.9119166535723265 
0.3062916885170831 0.21556598434937532 0.37073656737567107 

0.0 0.0 0.19266265068742272 
0.0 0.0 0.4715324220861165 
0.2403693817129875 0.28553570769374687 0.4586267682378406 

0.0 0.0 0.0 
0.0 0.0 0.0 
0.0 0.0 0.0 

4.9632108349220205 4.9632108349220205 4.7993988605259466 
4.3619594128021095 4.3619594128021095 4.518512465071427 
4.546581835043872 4.247844154209824 3.5650314628057234 

0.9757107484841557 1.034509570498155 0.0 
0.6999336883025211 0.3861801454897636 0.3160802458593613 
1.0579560656940492 1.0579560656940492 0.6323764372669035 

0.0 0.0 0.0 
0.0 0.0 0.0 
0.0 0.0 0.0 

0.2528214379824807 0.2528214379824807 0.0 
0.2528214379824807 0.2528214379824807 0.0 
0.8490339601264196 1.0386791560972661 1.0386791560972661 

