0.9450825845173659 0.42154100068964884 1.1911964415709029 
1.0868201389966565 1.176442791236959 1.8295655209798083 
1.4872415110243025 1.6408938909669641 1.8295655209798083 

0.0 0.0 0.0 
0.0 0.0 0.0 
0.0 0.0 0.0 

2.3514174876296314 2.0242734582346906 3.49621382274656 
2.3349319145803067 1.8883256991530555 3.365393784653439 
2.3349319145803067 1.8883256991530555 2.1385365193976345 

0.2895613504835573 0.2628919268505036 0.0005716601164268281 
0.2895613504835573 0.2628919268505036 0.0005716601164268281 
0.15748845218637386 0.0 0.0 

0.43823381865193944 0.19151118206153125 0.1412910589428281 
0.37035244957582614 0.330345252452688 0.1412910589428281 
0.37035244957582614 0.330345252452688 0.0 

0.0 0.0 0.24260197390528498 
0.0 0.0 0.05836789930377154 
0.0 0.0 0.2075075576752334 

0.0 0.0 0.0 
0.0 0.0 0.0 
0.0 0.0 0.0 

1.5967991437810651 2.1516035728308 1.5925034289279225 
1.5865149796147464 1.970516468652583 1.5658962318627752 
1.5865149796147464 1.6224136682133992 1.1438713385318544 

1.5369501605123854 1.477483500805723 2.4145121850419646 
1.4692251771145133 1.1916204963059818 1.7636485463085116 
1.4692251771145133 1.1916204963059818 1.7636485463085116 

2.7341444139880435 2.4871059950403085 2.419518816123312 
2.34792028217672 2.494074228959317 2.2550857328054885 
2.8640058177319485 2.750338307961792 2.2302439487215637 

1.5715705037695473 1.7083985322426876 1.4273646190790903 
1.7436989287937614 1.841474591386802 1.4273646190790903 
1.7436989287937614 1.5275865888407774 1.1972769780662558 

2.0772523156244405 2.3054322231261564 2.3054322231261564 
2.2052248886210357 2.3079656468696403 2.3054322231261564 
2.2052248886210357 2.3079656468696403 1.5848526077102723 

3.8477110427031374 4.047970969805175 4.047970969805175 
3.806134232800478 4.047970969805175 4.047970969805175 
3.6408366066910918 3.6726728559813395 3.325524278763321 

0.3031342604273442 0.20892690083806548 1.6232356571838076 
0.0 0.0 1.5305740555509988 
0.0 0.0 0.41564017172541384 

0.0 0.0 0.0 
0.06799886972936975 0.0 0.1199784249465171 
0.36126916416525084 0.08354622579036364 0.16829480547959022 

0.0 0.0 0.0 
0.0 0.0 0.0 
0.0 0.0 0.0 

6.355473323318304 5.53191384355795 5.53191384355795 
5.450032693694409 5.53191384355795 5.53191384355795 
4.184058445991836 4.184058445991836 4.073390932595547 

0.9988061611526354 0.8232631324261724 0.28141101516426065 
0.5716711945972974 0.8232631324261724 0.09197448139752948 
0.9417436378189876 0.7507416474357513 0.6886203989858637 

0.0 0.0 0.0 
0.0 0.0 0.0 
0.0 0.0 0.0 

0.0 0.0 0.3516284304830629 
0.011954354425555813 0.1372216800476137 0.5074046800958828 
0.8606134561515164 1.078221697244844 1.0255149493266418 

