1.1528974364404077 1.2516012696731715 1.7188460376574255 
1.1528974364404077 1.2516012696731715 1.4098361428917872 
1.207984553795673 0.8711551677781092 1.355130002270578 

0.0 0.0 0.0 
0.0 0.0 0.0 
0.0 0.0 0.0 

3.013945097932474 2.2255371209324015 2.2258422478954256 
3.013945097932474 2.7700193069405237 2.231725037712049 
2.6681034737058873 2.6681034737058873 2.231725037712049 

0.3045837473703356 0.0566506839448058 0.0877407816320879 
0.3045837473703356 0.24151404240289157 0.0877407816320879 
0.13981010812659397 0.24151404240289157 0.07644480468823772 

0.5195411054072478 0.5195411054072478 0.0 
0.5195411054072478 0.6402869264933986 0.0 
0.4433356012735564 0.3566316756058293 0.0 

0.23861930347599228 0.23861930347599228 0.3837581161720298 
0.23861930347599228 0.23861930347599228 0.37205319342935095 
0.0 0.0 0.36914082558472866 

0.0 0.0 0.0 
0.0 0.0 0.0 
0.0 0.0 0.0 

1.919753048247579 1.919753048247579 1.3358866885572946 
1.7317263806727907 1.6348387787074536 1.3360471733462358 
1.7317263806727907 1.1827139261548947 1.0679817247433148 

2.5043617779191956 2.0670711836390696 2.218292915003354 
2.0670711836390696 2.0670711836390696 2.1735685395803976 
0.7525868366682041 1.5785032276262054 2.1735685395803976 

2.124199986723554 2.124199986723554 1.8583845106156058 
2.185657211233317 1.937341969452669 1.8008300575829048 
3.2390679557393924 3.2390679557393924 2.5690952290562237 

1.7718963409909696 1.920495942810878 1.6232384470152406 
1.8212386813625554 1.920495942810878 1.398688504202764 
1.8212386813625554 1.1114781117769998 1.242836049908611 

2.187379955237563 2.206117349065532 1.639558557078305 
2.453277054466788 2.206117349065532 1.655818947195763 
2.453277054466788 1.8136857718690178 1.4290479172881072 

3.780968337430784 3.4847190024608485 3.3223727833160854 
4.097834448914285 4.097834448914285 3.5084569484943913 
4.097834448914285 4.097834448914285 3.5084569484943913 

0.1578546707774923 0.11663382534890844 0.7068245356892483 
0.25534875093727516 0.25534875093727516 0.7068245356892483 
0.25534875093727516 0.25534875093727516 0.4936870846248533 

0.0 0.0 0.13607359639314529 
0.0 0.0 0.055981167720457574 
0.2737907866203882 0.002677850177704749 0.1314565909039171 

0.17759732407287238 0.17759732407287238 0.0 
0.17759732407287238 0.17759732407287238 0.0 
0.0 0.0 0.0 

4.420104067215139 3.9188202204325613 3.9188202204325613 
5.796644239720789 5.506328345601002 3.9188202204325613 
5.796644239720789 5.57716865028775 4.354964981865085 

0.8844400809393602 0.7956908519526932 0.6094378399570168 
0.6345786182553393 0.6345786182553393 0.26979930223677273 
0.667669135479903 0.9659483666262232 0.9659483666262232 

0.0 0.0 0.0 
0.0 0.0 0.0 
0.11132933466817113 0.0 0.0 

0.0 0.26992493308415944 0.44640735624893 
0.0 0.0 0.0 
1.166872596405209 1.166872596405209 0.5777435491762266 

