0.0 0.0 0.0 0.0 0.0 0.0 0.0 0.0 
0.0 1.6516923894496673 1.6516923894496673 2.1979226108845586 2.500673045993559 3.136235687501819 1.6958742363687078 0.0 
0.0 1.7734044041000452 1.5506722551196275 1.9968899570698657 1.8912238372295773 2.920626651303726 0.6186112878848617 0.0 
0.0 1.8954171182761839 1.9005302824470056 1.9968899570698657 1.7610228899309812 1.7610228899309812 0.6186112878848617 0.0 
0.0 2.473125894086437 1.9005302824470056 1.970168325419142 1.970168325419142 1.7610228899309812 1.1740030472192744 0.0 
0.0 1.8592698949280853 1.3401634602234112 2.165403601874923 2.165403601874923 1.7307968247000365 1.7307968247000365 0.0 
0.0 1.8592698949280853 1.5596160082630592 2.0251285744305116 2.0251285744305116 1.7307968247000365 1.7307968247000365 0.0 
0.0 0.0 0.0 0.0 0.0 0.0 0.0 0.0 

0.0 0.0 0.0 0.0 0.0 0.0 0.0 0.0 
0.0 0.5890248661316293 0.5890248661316293 0.9129523884343042 1.7283893496112017 0.9174553647991481 1.4052916126001151 0.0 
0.0 0.9182361625167813 0.5890248661316293 0.3160802999108662 1.2735867524661293 0.9174553647991481 1.0244721987852645 0.0 
0.0 0.9182361625167813 0.0 0.1342707956088378 0.1342707956088378 0.0 0.13297478719497025 0.0 
0.0 0.33650355908340157 0.2707922597092555 0.16741937159365922 0.0 0.01122269427200168 0.11204683063007931 0.0 
0.0 0.33650355908340157 0.2707922597092555 0.41176811100294974 0.17892300198092018 0.17892300198092018 0.09602616407650216 0.0 
0.0 0.19099546728640932 0.0 0.2532900152377491 0.18360551019761634 0.2840541752956892 0.009173592310353286 0.0 
0.0 0.0 0.0 0.0 0.0 0.0 0.0 0.0 

0.0 0.0 0.0 0.0 0.0 0.0 0.0 0.0 
0.0 0.0 0.0 0.0 0.9745469639825745 0.9745469639825745 0.1820282579376557 0.0 
0.0 0.012301447889009595 0.21959881312910529 0.49882479839910093 1.4333789464021651 1.4333789464021651 0.4861928695416812 0.0 
0.0 0.813639945876037 0.5633326403716523 0.8131049554031939 1.478312386546796 1.3293770232145201 0.804361756655398 0.0 
0.0 0.813639945876037 0.43883751732263176 0.7697633274370879 0.982348870572387 0.804361756655398 0.804361756655398 0.0 
0.0 0.5238668610320144 0.33891294962668683 0.5510009916765677 1.1808812606398607 0.7420560522391222 0.515626701238426 0.0 
0.0 0.44591191577191264 0.0 0.4142086983493934 0.8266821052688147 0.5893438477296133 0.5893438477296133 0.0 
0.0 0.0 0.0 0.0 0.0 0.0 0.0 0.0 

0.0 0.0 0.0 0.0 0.0 0.0 0.0 0.0 
0.0 0.08654939412492223 0.14846216494718248 0.14846216494718248 1.640765323963708 1.640765323963708 1.0466207900249949 0.0 
0.0 0.0 0.46817510514958943 0.6515984054141284 1.0479389893834952 1.0479389893834952 0.027694184371782317 0.0 
0.0 0.0 0.07456525385397239 0.7096707469825272 0.14751614386140505 1.1141865557563257 0.36067058772842014 0.0 
0.0 1.1788974518697424 0.0 1.2459293598084578 1.2459293598084578 0.6190455959822618 0.6190455959822618 0.0 
0.0 1.1788974518697424 0.2717202392773439 1.2459293598084578 1.2459293598084578 0.6190455959822618 1.282041608634744 0.0 
0.0 0.0 0.2717202392773439 0.47906233444684265 0.47906233444684265 0.0 1.1250100964179717 0.0 
0.0 0.0 0.0 0.0 0.0 0.0 0.0 0.0 

0.0 0.0 0.0 0.0 0.0 0.0 0.0 0.0 
0.0 0.9584175759492461 1.5006314307987034 1.5006314307987034 2.5748247824652064 2.5748247824652064 1.1015115959683643 0.0 
0.0 1.2824315048254868 1.5006314307987034 1.5006314307987034 1.6399124598595314 1.6399124598595314 1.0931983133390182 0.0 
0.0 1.3137474667877334 1.2824315048254868 0.9947759275558109 1.0810015456907254 1.2066698199853918 1.0953232626452734 0.0 
0.0 1.7639163148423471 0.7985761192502596 1.4374491021887517 1.4503845583603026 0.9908501757938909 1.2597423061604769 0.0 
0.0 1.7639163148423471 0.9423251300204453 1.4374491021887517 1.4503845583603026 0.9056873661598063 1.5464844339719053 0.0 
0.0 1.0863153578465985 0.6589434762052168 0.8477150886133068 0.8477150886133068 0.9056873661598063 1.1885978902642744 0.0 
0.0 0.0 0.0 0.0 0.0 0.0 0.0 0.0 

0.0 0.0 0.0 0.0 0.0 0.0 0.0 0.0 
0.0 0.0 0.22445683724806847 0.22445683724806847 0.0 0.0 0.1073233696748992 0.0 
0.0 0.0 0.0 0.0 0.0 0.041093557326446095 0.0 0.0 
0.0 0.0 0.0 0.048843197001468545 0.014726112497688564 0.20454473278767038 0.0 0.0 
0.0 0.05808846694940786 0.0 0.1718039398165855 0.25965139691100125 0.37429330509599507 0.0 0.0 
0.0 0.15782576069648271 0.0 0.3980572866124438 0.3980572866124438 0.0 0.0 0.0 
0.0 0.15782576069648271 0.0 0.3980572866124438 0.3980572866124438 0.0 0.0 0.0 
0.0 0.0 0.0 0.0 0.0 0.0 0.0 0.0 

0.0 0.0 0.0 0.0 0.0 0.0 0.0 0.0 
0.0 0.45050639664907965 0.45050639664907965 0.5225796147193666 0.1949065642780976 0.5615984181108324 0.5615984181108324 0.0 
0.0 0.38137746995095123 0.0 0.1949065642780976 0.1949065642780976 0.6824285186634652 0.6824285186634652 0.0 
0.0 0.0 0.0 0.0 0.0 0.08168641713492099 0.1925786765688408 0.0 
0.0 0.0 0.0 0.0 0.0 0.08168641713492099 0.1925786765688408 0.0 
0.0 0.6160094760646626 0.43548026117807126 0.21631575270210962 0.8356916408398103 0.8356916408398103 0.0 0.0 
0.0 0.6160094760646626 0.5561389737588746 0.5031643030672982 0.8356916408398103 0.8356916408398103 0.0 0.0 
0.0 0.0 0.0 0.0 0.0 0.0 0.0 0.0 

0.0 0.0 0.0 0.0 0.0 0.0 0.0 0.0 
0.0 2.1380928143126123 2.3769368792897123 2.6218628193680313 3.362887866591396 2.850264682199842 3.0067924066486 0.0 
0.0 2.3370782877204097 2.0814552270050948 1.7423233770317774 1.7058276308918614 1.6093987388897333 1.8477697031535274 0.0 
0.0 2.1235352332093735 2.216210298661598 2.216210298661598 1.7058276308918614 1.5033468303716069 1.9162631531988852 0.0 
0.0 1.8386813365619594 2.162441121331358 1.8600203342946844 1.6367644808257842 1.8032820860651786 2.341121944735102 0.0 
0.0 1.8386813365619594 1.7018812002291872 1.7851631311465341 1.5033070279064995 2.1673694987121004 2.341121944735102 0.0 
0.0 1.540748722857888 1.829742235742222 1.9460440248139752 1.674782129351582 1.674782129351582 1.8465774703532059 0.0 
0.0 0.0 0.0 0.0 0.0 0.0 0.0 0.0 

0.0 0.0 0.0 0.0 0.0 0.0 0.0 0.0 
0.0 0.0 0.0 0.0 0.0 0.0 0.0 0.0 
0.0 0.0 0.0 0.0 0.0 0.0 0.0 0.0 
0.0 0.0 0.0 0.0 0.0 0.0 0.0 0.0 
0.0 0.0 0.0 0.0 0.0 0.0 0.0 0.0 
0.0 0.0 0.0 0.0 0.0 0.0 0.0 0.0 
0.0 0.0 0.0 0.0 0.0 0.0 0.0 0.0 
0.0 0.0 0.0 0.0 0.0 0.0 0.0 0.0 

0.0 0.0 0.0 0.0 0.0 0.0 0.0 0.0 
0.0 0.8916917090553416 0.8916917090553416 1.0666855521755918 1.1045825420294275 1.0061315879023587 1.0061315879023587 0.0 
0.0 1.2872282158292905 0.8916917090553416 0.5809973287477177 0.5809973287477177 0.2601622050162732 0.2601622050162732 0.0 
0.0 1.141798813747969 0.0 0.1319839898425902 0.1319839898425902 0.2601622050162732 0.2601622050162732 0.0 
0.0 0.7750676257318222 0.23967162411786055 0.09836843700208359 0.0 0.10619747269175353 0.1859383572757126 0.0 
0.0 0.7750676257318222 0.23967162411786055 0.09836843700208359 0.0 0.10619747269175353 0.1859383572757126 0.0 
0.0 0.24600354341636277 0.0 0.0 0.1274181138615193 0.0 0.0 0.0 
0.0 0.0 0.0 0.0 0.0 0.0 0.0 0.0 

0.0 0.0 0.0 0.0 0.0 0.0 0.0 0.0 
0.0 0.48328573993045076 0.5565600913614205 0.535913542167294 1.3033685096750223 0.4043567097454036 1.5521023945308707 0.0 
0.0 0.48328573993045076 0.27422388794589153 0.0 1.3033685096750223 0.4043567097454036 1.5521023945308707 0.0 
0.0 0.7178914509233827 0.0 0.0 0.0 0.2624137337063199 0.2624137337063199 0.0 
0.0 0.6833705523682957 0.0 0.0 0.5020904361713939 0.10183919174051957 0.0 0.0 
0.0 0.6833705523682957 0.4873646055567936 0.4969098022785119 0.0 0.0 0.0 0.0 
0.0 0.4873646055567936 0.4873646055567936 0.4969098022785119 0.0 0.0 0.0 0.0 
0.0 0.0 0.0 0.0 0.0 0.0 0.0 0.0 

0.0 0.0 0.0 0.0 0.0 0.0 0.0 0.0 
0.0 0.7177712636415944 0.7177712636415944 2.060512414026165 4.269523634683162 2.2637224098839743 2.582908303447036 0.0 
0.0 1.5741470914226903 1.016554316083545 1.1591679579986636 2.64519071040687 1.6673144125244794 1.9997769576291584 0.0 
0.0 1.5741470914226903 1.016554316083545 0.3474773549295809 0.3284335764440679 0.24945082591007126 0.4599596676319724 0.0 
0.0 1.4971685547204951 1.141614588249814 1.141614588249814 0.0 0.4771680847098709 0.5215049673737633 0.0 
0.0 0.5276915520813384 0.873370850254305 0.8193064513520902 0.2807453922292621 0.9809502969169615 0.5215049673737633 0.0 
0.0 0.06114039495593693 0.0 0.0 0.2807453922292621 0.8954583451987466 0.26149076166205504 0.0 
0.0 0.0 0.0 0.0 0.0 0.0 0.0 0.0 

0.0 0.0 0.0 0.0 0.0 0.0 0.0 0.0 
0.0 1.3872689787168015 1.3872689787168015 0.899593741613537 0.899593741613537 1.023414965927577 1.023414965927577 0.0 
0.0 1.3872689787168015 1.3872689787168015 1.5140729297585374 1.5140729297585374 1.0034223020456667 0.7852697642040195 0.0 
0.0 1.2816706689328676 0.7640273462823247 0.7640273462823247 1.4545044943580225 2.0007670981877816 0.7852697642040195 0.0 
0.0 1.6059941997461564 0.27799919553330255 2.1870546145714003 2.1870546145714003 0.8040212787895118 0.21240178584965616 0.0 
0.0 1.6059941997461564 0.5371952398718289 2.1870546145714003 2.1870546145714003 0.1770483799383545 0.4741331944314505 0.0 
0.0 0.8653904078087511 0.5371952398718289 0.5371952398718289 0.2945004275899562 0.1770483799383545 0.34511887490225585 0.0 
0.0 0.0 0.0 0.0 0.0 0.0 0.0 0.0 

0.0 0.0 0.0 0.0 0.0 0.0 0.0 0.0 
0.0 0.48267626030919597 0.6299525526269831 1.6454456962419004 1.6454456962419004 0.9802286465181566 0.3867058247458618 0.0 
0.0 0.0 1.0328528699503063 2.420303821589769 2.420303821589769 1.9703625944709453 1.0584392094452104 0.0 
0.0 1.451045637008474 2.4078573682429965 1.330901605586424 1.9703625944709453 1.9703625944709453 1.7288010077975884 0.0 
0.0 1.451045637008474 1.0747159406005873 1.330901605586424 1.8808684858444074 1.8808684858444074 1.7288010077975884 0.0 
0.0 0.9156465946942811 1.2910391568442572 1.2910391568442572 1.8808684858444074 1.8808684858444074 0.7003221518765681 0.0 
0.0 1.075515238007036 1.2910391568442572 1.2910391568442572 1.2156528009485066 0.5369809192959674 0.9335318251995021 0.0 
0.0 0.0 0.0 0.0 0.0 0.0 0.0 0.0 

0.0 0.0 0.0 0.0 0.0 0.0 0.0 0.0 
0.0 0.0 0.0 0.0 1.2097113998509978 1.5182041263244468 0.0 0.0 
0.0 0.0 0.0 0.0 0.7650422316215941 1.4231776112750159 0.0 0.0 
0.0 0.17504868665524578 0.0898203000548207 0.0 0.3414747263982425 0.3414747263982425 0.0 0.0 
0.0 0.3501768682526165 0.0898203000548207 0.5487592036112453 0.0 0.0 0.0 0.0 
0.0 0.0 0.0 0.10223358858982715 0.0 0.19391165774926047 0.19391165774926047 0.0 
0.0 0.0 0.0 0.0 0.0 0.19391165774926047 0.19391165774926047 0.0 
0.0 0.0 0.0 0.0 0.0 0.0 0.0 0.0 

0.0 0.0 0.0 0.0 0.0 0.0 0.0 0.0 
0.0 0.3821722117666115 0.69895207897549 1.284074463227457 0.0 1.0738115933062293 0.0 0.0 
0.0 0.2036474540589589 0.69895207897549 1.284074463227457 0.0 0.4689198992112423 0.33300391219172176 0.0 
0.0 0.0 0.0 0.0 0.0 0.33300391219172176 0.33300391219172176 0.0 
0.0 0.0 0.0 0.13141754956760449 0.13141754956760449 0.3281659106114456 0.8811802039414396 0.0 
0.0 0.19869743421011093 0.6443667961422186 0.6443667961422186 0.0 0.3281659106114456 0.8811802039414396 0.0 
0.0 0.4035842150515474 0.6443667961422186 0.6443667961422186 0.20734366474461347 0.19468448672678798 0.22819699500309845 0.0 
0.0 0.0 0.0 0.0 0.0 0.0 0.0 0.0 

0.0 0.0 0.0 0.0 0.0 0.0 0.0 0.0 
0.0 0.0 0.0 0.0 0.0 0.0 0.0 0.0 
0.0 0.0 0.0 0.0 0.0 0.0 0.0 0.0 
0.0 0.0 0.0 0.0 0.0 0.25016094842798253 0.25016094842798253 0.0 
0.0 0.0 0.0 0.0 0.0 0.25016094842798253 0.25016094842798253 0.0 
0.0 0.0 0.0 0.7313318600677609 0.7313318600677609 0.0 0.0 0.0 
0.0 0.0 0.0 0.0 0.3566289999453828 0.0 0.0 0.0 
0.0 0.0 0.0 0.0 0.0 0.0 0.0 0.0 

0.0 0.0 0.0 0.0 0.0 0.0 0.0 0.0 
0.0 0.08007390487224011 0.08007390487224011 2.0497622940769773 2.0497622940769773 2.521559024126676 2.521559024126676 0.0 
0.0 0.3429866901128067 0.1472689644071828 1.81621500086914 1.81621500086914 2.521559024126676 2.521559024126676 0.0 
0.0 1.5320669671780243 0.8024457350354113 1.4556097678253637 1.4556097678253637 1.01886938821704 0.0 0.0 
0.0 1.5320669671780243 0.8024457350354113 1.559227830907685 1.1984801691462668 0.012884086992796029 0.0 0.0 
0.0 0.380406504882103 0.2869005584398185 1.559227830907685 1.1151053547677894 0.9108011231698996 0.0 0.0 
0.0 0.380406504882103 0.15881272142355862 0.37618881537089677 0.9108011231698996 0.9471055230498818 0.39042122062758483 0.0 
0.0 0.0 0.0 0.0 0.0 0.0 0.0 0.0 

0.0 0.0 0.0 0.0 0.0 0.0 0.0 0.0 
0.0 0.2259412640967582 0.25482824528737147 1.2588993148608887 2.5105661328276514 1.4181823678692214 1.4181823678692214 0.0 
0.0 0.9830234874760997 0.80457714719313 0.5142809574661826 0.5142809574661826 1.2008919454184857 1.2008919454184857 0.0 
0.0 1.1017935310560059 0.30241117968809017 0.0 0.0 0.0 0.0 0.0 
0.0 0.0 0.016412201179823303 0.0 0.0 0.0 0.0 0.0 
0.0 0.0 0.0 0.0 0.0 0.0 0.0 0.0 
0.0 0.0 0.0 0.0 0.0 0.0 0.0 0.0 
0.0 0.0 0.0 0.0 0.0 0.0 0.0 0.0 

0.0 0.0 0.0 0.0 0.0 0.0 0.0 0.0 
0.0 0.0 0.0 0.0 0.0 0.21203888932297638 0.21203888932297638 0.0 
0.0 0.0 0.0 0.7910953939673814 1.3657043307151377 0.7482266212274262 0.6069887179947631 0.0 
0.0 0.24848789862423606 0.6527101740136787 0.6579530271742218 1.3657043307151377 1.4779506395247368 1.4779506395247368 0.0 
0.0 0.24848789862423606 0.6527101740136787 0.6527101740136787 2.413351135441245 2.1431611547603278 1.4779506395247368 0.0 
0.0 0.3586118082826231 0.0 0.7370645153426703 2.4353684383141285 2.1431611547603278 0.0 0.0 
0.0 0.30523076953878847 0.21945886266729742 0.7204731563707523 0.8263223343194313 0.0 0.05151283547524551 0.0 
0.0 0.0 0.0 0.0 0.0 0.0 0.0 0.0 

0.0 0.0 0.0 0.0 0.0 0.0 0.0 0.0 
0.0 0.0 0.0 0.0 0.0 0.0 0.0 0.0 
0.0 0.0 0.0 0.0 0.0 0.0 0.0 0.0 
0.0 0.0 0.0 0.0 0.0 0.0 0.0 0.0 
0.0 0.0 0.0 0.0 0.0 0.0 0.0 0.0 
0.0 0.0 0.0 0.0 0.0 0.0 0.0 0.0 
0.0 0.0 0.0 0.0 0.0 0.0 0.0 0.0 
0.0 0.0 0.0 0.0 0.0 0.0 0.0 0.0 

0.0 0.0 0.0 0.0 0.0 0.0 0.0 0.0 
0.0 0.0 0.07710544161625058 0.1751022489789778 1.1593821055405207 1.1593821055405207 0.4122591769553914 0.0 
0.0 0.1773403568705122 0.3238304094261571 0.14847094601754435 0.7254754940243435 0.07978401959641061 0.0 0.0 
0.0 0.1773403568705122 0.3820716060759701 0.38634116392639983 0.7254754940243435 0.4537645687039404 0.4537645687039404 0.0 
0.0 0.0 0.3820716060759701 0.3820716060759701 0.5939895476682668 0.5939895476682668 0.4537645687039404 0.0 
0.0 0.10907542043697369 0.0 0.4419123597194512 0.5939895476682668 0.5939895476682668 0.09152433897406599 0.0 
0.0 0.0 0.0 0.0 0.08385453421886999 0.0 0.0 0.0 
0.0 0.0 0.0 0.0 0.0 0.0 0.0 0.0 

0.0 0.0 0.0 0.0 0.0 0.0 0.0 0.0 
0.0 0.4296735662759636 0.9410173329915603 0.9862986434008518 1.3968811443556732 1.3968811443556732 0.9718781194508475 0.0 
0.0 0.2855790232366318 1.0398315633404491 1.0398315633404491 1.0099738926842179 1.2231445472573743 0.08154180054812665 0.0 
0.0 0.0 0.652297504758539 0.840853605479263 1.0099738926842179 1.2643624503423332 0.531733095204804 0.0 
0.0 0.6867160068971355 0.0 1.4747585955790008 1.4747585955790008 1.2147419299724111 1.2147419299724111 0.0 
0.0 0.6867160068971355 1.2130034492368131 1.2130034492368131 1.103218926887944 1.2147419299724111 1.2147419299724111 0.0 
0.0 0.2936120449181514 1.2130034492368131 1.2130034492368131 0.684587923629512 0.25278193144998606 0.9290807700760849 0.0 
0.0 0.0 0.0 0.0 0.0 0.0 0.0 0.0 

0.0 0.0 0.0 0.0 0.0 0.0 0.0 0.0 
0.0 0.0 0.0 0.0 0.7333030490285815 0.7333030490285815 0.0 0.0 
0.0 0.0 0.0 0.0 0.2664989782472975 0.006839418594361116 0.0 0.0 
0.0 0.0 0.0 0.0 0.0 0.0 0.0 0.0 
0.0 0.0 0.0 0.0 0.0 0.0 0.0 0.0 
0.0 0.0 0.0 0.0 0.0 0.0 0.0 0.0 
0.0 0.0 0.0 0.0 0.0 0.0 0.0 0.0 
0.0 0.0 0.0 0.0 0.0 0.0 0.0 0.0 

0.0 0.0 0.0 0.0 0.0 0.0 0.0 0.0 
0.0 0.5480271119364629 0.5090337698029699 0.1916641340984656 0.0 0.0 0.4085033640538395 0.0 
0.0 0.3980779941166329 0.0 0.0 0.03901417431662496 0.0 0.6173701486583533 0.0 
0.0 0.0 0.0 0.0 0.48542354510344343 0.4914900732988664 0.6173701486583533 0.0 
0.0 1.0794508501214186 0.0 1.0029505030589123 1.0029505030589123 0.1215434361949908 0.528299591734252 0.0 
0.0 1.0794508501214186 0.0 1.0029505030589123 1.0029505030589123 0.0 0.3273414952223628 0.0 
0.0 0.6396717197314905 0.7961891314590722 0.7640802650155945 0.487074786385264 0.28822337016084454 0.16184804937940195 0.0 
0.0 0.0 0.0 0.0 0.0 0.0 0.0 0.0 

0.0 0.0 0.0 0.0 0.0 0.0 0.0 0.0 
0.0 1.2682966159988611 1.2682966159988611 1.1139003197386326 2.8422391088390566 2.2405215722637015 1.7931942684069733 0.0 
0.0 1.9610365386586681 1.3616415572752014 0.4984329634530149 0.9963302819648168 0.9963302819648168 1.2699956180372638 0.0 
0.0 2.2327632545894778 1.2792314816247925 0.4984329634530149 1.0429804060532548 1.0429804060532548 0.0 0.0 
0.0 2.2327632545894778 0.5499903591803498 1.3264750637895297 0.4521517129963231 0.4521517129963231 0.0 0.0 
0.0 0.9383894797855956 0.9383894797855956 1.3503885350866762 0.685281424897673 0.928441949964549 0.2728262641702029 0.0 
0.0 1.0594434885694741 0.42733027061922413 0.0 0.5595391907584079 0.8624091307201407 0.37191979475503806 0.0 
0.0 0.0 0.0 0.0 0.0 0.0 0.0 0.0 

0.0 0.0 0.0 0.0 0.0 0.0 0.0 0.0 
0.0 0.5037434955371995 1.2239166477096637 1.0024865679545547 1.967819363023354 1.753862527278262 0.8709423386511833 0.0 
0.0 2.2517081466165596 1.9419945650081558 2.698330608952143 2.698330608952143 1.215873253818015 0.6347307745964809 0.0 
0.0 2.2517081466165596 1.9419945650081558 2.698330608952143 2.698330608952143 2.023938446543777 0.8684307182557169 0.0 
0.0 0.7820772874264655 1.3406982995530714 1.3406982995530714 1.67095768548433 2.023938446543777 0.8880881453264765 0.0 
0.0 0.8585584250093907 0.8585584250093907 1.8045463580506935 1.8045463580506935 1.7298319793366261 0.8359547212302154 0.0 
0.0 0.6643363658084618 0.5670842662595272 1.6369611158589348 1.6369611158589348 1.084719062101987 0.5848695650107678 0.0 
0.0 0.0 0.0 0.0 0.0 0.0 0.0 0.0 

0.0 0.0 0.0 0.0 0.0 0.0 0.0 0.0 
0.0 0.0 0.0 0.0 1.5212902223375973 1.5212902223375973 0.22537280977248875 0.0 
0.0 0.0 0.0 0.0 1.752780428956974 1.752780428956974 0.0 0.0 
0.0 0.0 0.0 0.0 0.0 0.0 0.0 0.0 
0.0 0.026351744018634812 0.0016791505084282343 0.0016791505084282343 0.0 0.0 0.1244499513851985 0.0 
0.0 0.026351744018634812 0.0016791505084282343 0.0016791505084282343 0.0 0.0 0.24642317236555616 0.0 
0.0 0.0 0.0 0.30297959589582557 0.30297959589582557 0.0 0.14533594480878997 0.0 
0.0 0.0 0.0 0.0 0.0 0.0 0.0 0.0 

0.0 0.0 0.0 0.0 0.0 0.0 0.0 0.0 
0.0 0.26594197479513926 0.20489775111103764 0.0 0.0 0.0 0.0 0.0 
0.0 0.29473566856793726 0.18774527266078733 0.4779683237164324 0.4779683237164324 0.0 0.0 0.0 
0.0 0.0709646069016748 0.19491357370147278 0.0 0.4375493266165499 0.5249147767552664 0.0 0.0 
0.0 0.5411225612098691 0.30914222458237495 0.4475231960742533 0.4475231960742533 0.4375493266165499 0.0 0.0 
0.0 0.0 0.0 0.7099616737531491 0.4475231960742533 0.0 0.0 0.0 
0.0 0.29361606308088173 0.526130949251474 0.45053665728465603 0.20251251817295468 0.20251251817295468 0.16172905159199702 0.0 
0.0 0.0 0.0 0.0 0.0 0.0 0.0 0.0 

0.0 0.0 0.0 0.0 0.0 0.0 0.0 0.0 
0.0 0.0 0.0 0.0 0.0 0.0 0.0 0.0 
0.0 0.0 0.0 0.0 0.0 0.0 0.0 0.0 
0.0 0.0 0.0 0.0 0.0 0.0 0.0 0.0 
0.0 0.0 0.0 0.0 0.0 0.0 0.0 0.0 
0.0 0.0 0.0 0.0 0.0 0.0 0.0 0.0 
0.0 0.0 0.0 0.0 0.0 0.0 0.0 0.0 
0.0 0.0 0.0 0.0 0.0 0.0 0.0 0.0 

0.0 0.0 0.0 0.0 0.0 0.0 0.0 0.0 
0.0 0.0 0.0 0.0 0.0 0.0 0.0 0.0 
0.0 0.0 0.0 0.0 0.0 0.0 0.0 0.0 
0.0 0.0 0.0 0.0 0.0 0.0 0.0 0.0 
0.0 0.0 0.0 0.0 0.0 0.0 0.0 0.0 
0.0 0.0 0.0 0.0 0.0 0.0 0.0 0.0 
0.0 0.0 0.0 0.0 0.0 0.0 0.0 0.0 
0.0 0.0 0.0 0.0 0.0 0.0 0.0 0.0 

0.0 0.0 0.0 0.0 0.0 0.0 0.0 0.0 
0.0 0.0 0.0 0.0 0.0 0.0 0.0 0.0 
0.0 0.0 0.0 0.0 0.0 0.0 0.0 0.0 
0.0 0.01569363909286535 0.0 0.0 0.0 0.0 0.0 0.0 
0.0 0.01569363909286535 0.0 0.0 0.0 0.0 0.0 0.0 
0.0 0.0 0.0 0.0 0.0 0.0 0.0 0.0 
0.0 0.0 0.0 0.0 0.0 0.0 0.0 0.0 
0.0 0.0 0.0 0.0 0.0 0.0 0.0 0.0 

