1.0753753630041356 1.2569796478080095 1.7405630617465482 
1.7473449092662894 1.8566814766923725 2.3003241946800643 
1.7473449092662894 1.8566814766923725 2.3003241946800643 

0.0 0.0 0.0 
0.0 0.0 0.0 
0.0 0.0 0.0 

2.134460035237274 2.3605008799675256 2.8340346327222727 
2.5386092717762074 2.3605008799675256 2.8340346327222727 
2.5386092717762074 2.1227970839590062 2.4348043375799566 

0.1540431468928514 0.01558895573940914 0.0 
0.12268674681169597 0.09608338797225544 0.09608338797225544 
0.12268674681169597 0.09608338797225544 0.09608338797225544 

0.2959854489686014 0.2959854489686014 0.16933358390175676 
0.4753487661616838 0.26429356718712727 0.26429356718712727 
0.4753487661616838 0.26429356718712727 0.26429356718712727 

0.0 0.0 0.2928590767292803 
0.09776429371493262 0.1137687542177281 0.6466669102487967 
0.10486645087449259 0.1137687542177281 0.6466669102487967 

0.0 0.0 0.0 
0.0 0.0 0.0 
0.0 0.0 0.0 

1.9845647203389842 1.89889218551818 1.7003638942025336 
1.757798880821269 1.7361692255254215 1.6153911074362541 
1.3616531176235491 1.2946071276463602 1.1754431112491077 

1.9770678887343858 1.8806713554642729 1.9074171832950464 
2.0191835257185584 1.3677853882887168 1.8904773913664574 
1.9308441989854084 1.4912194236636358 1.87183722423032 

2.1205165921398423 1.9878303891487819 1.9878303891487819 
2.326531396292846 2.5187193858486325 2.376036519183919 
2.6971249371709263 2.333111937956244 2.3303218660785787 

1.7115119446547893 1.64354264900817 1.6239721984960747 
1.9601829160007862 2.0254527565144484 2.0010219612002995 
1.9601829160007862 2.0254527565144484 2.0010219612002995 

2.010435535177107 1.8826001558161174 1.8826001558161174 
2.285041216825635 2.3698942639275353 2.302245236455952 
2.285041216825635 2.3698942639275353 2.302245236455952 

3.3309683017020792 3.52403938775138 3.52403938775138 
3.708328555492342 3.7810613404855884 3.7810613404855884 
3.708328555492342 3.7810613404855884 3.7810613404855884 

0.0 0.0 1.247359049710269 
0.0 0.0 1.247359049710269 
0.0 0.0 0.8621490596028202 

0.0471560444330207 0.0 0.2690972861136035 
0.06922911479183627 0.0 0.08324693110557772 
0.3175937817088519 0.0 0.22061329934312135 

0.0 0.0 0.0 
0.0690202183942622 0.03332619551744666 0.01897157149760502 
0.0690202183942622 0.03332619551744666 0.01897157149760502 

4.293045450619274 4.128657663307818 4.086837909925057 
4.293045450619274 4.417354310849584 4.38596456825448 
4.0833902739912 3.861815588689903 3.88871611091267 

0.6941514040301527 0.7030397190462654 0.7030397190462654 
0.8611273595156744 0.5515630069887092 0.366539081141121 
0.9137389200182003 0.7334995335939434 0.71337423760539 

0.0 0.0 0.0 
0.0 0.0 0.0 
0.07979094124349621 0.025311003118502887 0.0 

0.06176319631362959 0.5354257594273486 0.8129131157849357 
0.3448127210935925 0.3595063197640011 0.5179864304852799 
0.6518383747233811 0.6306066419172695 0.6306066419172695 

