0.0 0.0 0.0 0.0 0.0 0.0 0.0 0.0 
0.0 1.9406149077372123 1.677616681009549 2.080723357039995 2.080723357039995 1.7801711941415443 1.0610174806996078 0.0 
0.0 2.0368286414893233 1.5919228429697183 2.080723357039995 2.080723357039995 1.7801711941415443 1.6112896494604623 0.0 
0.0 1.6590264583578895 1.5919228429697183 1.5919228429697183 1.485789029901315 1.6112896494604623 1.6112896494604623 0.0 
0.0 2.251960148886149 1.2402053484641313 1.2788728259158983 1.3692637706948136 1.501306042449857 1.501306042449857 0.0 
0.0 2.251960148886149 1.6256786319613092 1.2203042092254333 1.3352536782655375 1.3352536782655375 1.238437422647421 0.0 
0.0 2.025494813444318 1.7846711609969212 1.6904190294361425 1.447946677795354 1.4312478480319906 1.2520139070153609 0.0 
0.0 0.0 0.0 0.0 0.0 0.0 0.0 0.0 

0.0 0.0 0.0 0.0 0.0 0.0 0.0 0.0 
0.0 0.30899320820862103 0.3487561848845336 0.2953438077019819 0.07470321924280321 0.018498795147040836 0.3066902357406325 0.0 
0.0 0.20397999766821195 0.3328412220858355 0.27219090279947666 0.0 0.0 0.0 0.0 
0.0 0.5050171206295545 0.4906633541491968 0.30389519388236086 0.09013842872903312 0.24084687592131604 0.14289036355002416 0.0 
0.0 0.6833937726868694 0.4906633541491968 0.27120334010711716 0.09754464504313487 0.2382712480922937 0.08718243026240637 0.0 
0.0 0.4073104455773451 0.049869883621806554 0.049869883621806554 0.09754464504313487 0.09754464504313487 0.42141479607809873 0.0 
0.0 0.0 0.0 0.0 0.0154051669357941 0.1689072207113017 0.42141479607809873 0.0 
0.0 0.0 0.0 0.0 0.0 0.0 0.0 0.0 

0.0 0.0 0.0 0.0 0.0 0.0 0.0 0.0 
0.0 0.12917747103097418 0.3091222237873393 0.4836534591637318 0.4836534591637318 0.34333540600962176 0.11037078153423635 0.0 
0.0 0.2501502440109043 0.4088302700203749 0.4836534591637318 0.4836534591637318 0.06640001493275118 0.26444108201961136 0.0 
0.0 0.5732673370709855 0.1490128991901173 0.1393299971563601 0.07625097753648175 0.30174664577082977 0.4159506222243126 0.0 
0.0 0.6080952263587132 0.2609916983062037 0.3146660224679614 0.3146660224679614 0.1849243496744742 0.30434230249117267 0.0 
0.0 0.5065296728650597 0.2609916983062037 0.3146660224679614 0.3146660224679614 0.023692325960050407 0.26456492497008954 0.0 
0.0 0.39199025782815755 0.018783855842835533 0.018783855842835533 0.0009927866919027736 0.0 0.0 0.0 
0.0 0.0 0.0 0.0 0.0 0.0 0.0 0.0 

0.0 0.0 0.0 0.0 0.0 0.0 0.0 0.0 
0.0 0.5740922615699355 0.6405162337106745 0.6344416257913849 1.1786728496780081 1.1375861168629737 1.1375861168629737 0.0 
0.0 0.5740922615699355 0.6405162337106745 0.5339012965166496 0.0 0.0 0.5300302826251263 0.0 
0.0 0.6410815382535355 0.6410815382535355 0.2612980287928582 0.35049548440691625 0.35049548440691625 0.619024967062617 0.0 
0.0 0.6410815382535355 0.6410815382535355 0.35818032648509357 0.35818032648509357 0.41247327845165754 0.6624453869363305 0.0 
0.0 0.09093551669515448 0.48374808948021325 0.24008940988856717 0.24008940988856717 0.0 0.11992422487671801 0.0 
0.0 0.0 0.0 0.0 0.0 0.0 0.0 0.0 
0.0 0.0 0.0 0.0 0.0 0.0 0.0 0.0 

0.0 0.0 0.0 0.0 0.0 0.0 0.0 0.0 
0.0 1.2520420236767875 1.1035513158309695 1.1184171645430756 1.5392707140378155 1.3677536419467664 1.1869131782814781 0.0 
0.0 1.0599037047285318 1.1035513158309695 1.1035513158309695 0.6979963830823009 0.5582103669084075 1.0572936720541446 0.0 
0.0 1.3351024769213586 1.190418366842549 1.0061895498350713 0.8756020909730176 0.8960870085748056 1.1425612299139214 0.0 
0.0 1.3351024769213586 1.194069431655795 1.218305668767175 1.218305668767175 1.0169026364950005 1.0887694726130317 0.0 
0.0 1.4540883011652144 1.0096791497908726 1.0546983787448716 0.8549908426801033 0.9019375511035442 0.6992447902423597 0.0 
0.0 1.4540883011652144 0.3635297172857176 0.536991793056422 0.536991793056422 0.5503683426708827 0.715308736827615 0.0 
0.0 0.0 0.0 0.0 0.0 0.0 0.0 0.0 

0.0 0.0 0.0 0.0 0.0 0.0 0.0 0.0 
0.0 0.14915739612676515 0.1210140126064606 0.21239955551650927 0.34487643147419694 0.34487643147419694 0.11730239943091214 0.0 
0.0 0.12813916909820258 0.0 0.07375380039573962 0.07375380039573962 0.0 0.0 0.0 
0.0 0.12813916909820258 0.0 0.0 0.0 0.021995972546131344 0.06950826565067209 0.0 
0.0 0.0 0.0 0.1291160445526171 0.1291160445526171 0.021995972546131344 0.021995972546131344 0.0 
0.0 0.1112784176292137 0.06741797749167387 0.1291160445526171 0.1291160445526171 0.0 0.0 0.0 
0.0 0.0 0.0 0.0 0.0 0.0 0.0 0.0 
0.0 0.0 0.0 0.0 0.0 0.0 0.0 0.0 

0.0 0.0 0.0 0.0 0.0 0.0 0.0 0.0 
0.0 0.4815743084470679 0.6477228581005494 0.5376444471583623 0.7560392909733165 0.7560392909733165 0.5790871972922151 0.0 
0.0 0.29372863694560464 0.39383172176279113 0.5467196482947362 0.7560392909733165 0.7560392909733165 0.5790871972922151 0.0 
0.0 0.29372863694560464 0.39383172176279113 0.5467196482947362 0.5467196482947362 0.38713628055358074 0.14466127811842844 0.0 
0.0 0.1270797768169918 0.2767755396719331 0.30525178655995344 0.6181603400873931 0.41310808800988513 0.21346649487709302 0.0 
0.0 0.2622302367193124 0.746762559228088 0.5036225597859056 0.6181603400873931 0.4092001367916852 0.40065955553166044 0.0 
0.0 0.24131575859583088 0.547938562994374 0.5036225597859056 0.3790483928596323 0.43136333236586344 0.39206998719556946 0.0 
0.0 0.0 0.0 0.0 0.0 0.0 0.0 0.0 

0.0 0.0 0.0 0.0 0.0 0.0 0.0 0.0 
0.0 1.9567118005398425 1.9598458349711996 1.9598458349711996 1.5666520114018747 1.679679495662909 2.0239909232740207 0.0 
0.0 2.0676822113561073 2.0676822113561073 1.7989455571591753 1.643732333232172 1.8205817148769952 1.892813587589531 0.0 
0.0 2.0676822113561073 2.0676822113561073 1.7130092919950126 1.898248789379159 1.898248789379159 1.8710173213288748 0.0 
0.0 1.952553653730161 1.697528339157288 1.630662342982306 1.8394228129056405 1.8394228129056405 1.8401118178732132 0.0 
0.0 1.647633846977383 1.647633846977383 1.6574120530650496 1.6574120530650496 1.8922847466416859 2.0308763867812982 0.0 
0.0 1.865908094813731 2.1194161051839315 1.841839690184316 2.0077104308496105 1.8922847466416859 2.0308763867812982 0.0 
0.0 0.0 0.0 0.0 0.0 0.0 0.0 0.0 

0.0 0.0 0.0 0.0 0.0 0.0 0.0 0.0 
0.0 0.0 0.0 0.0 0.0 0.0 0.0 0.0 
0.0 0.0 0.0 0.0 0.0 0.0 0.0 0.0 
0.0 0.0 0.0 0.0 0.0 0.0 0.0 0.0 
0.0 0.0 0.0 0.0 0.0 0.0 0.0 0.0 
0.0 0.0 0.0 0.0 0.0 0.0 0.0 0.0 
0.0 0.0 0.0 0.0 0.0 0.0 0.0 0.0 
0.0 0.0 0.0 0.0 0.0 0.0 0.0 0.0 

0.0 0.0 0.0 0.0 0.0 0.0 0.0 0.0 
0.0 0.22050026061732075 0.4571589590173742 0.4571589590173742 0.0 0.0 0.0 0.0 
0.0 0.3567207975768258 0.2563925082467494 0.3324735898358114 0.2091902996853509 0.13985263027845157 0.13985263027845157 0.0 
0.0 0.6477010935959544 0.5002039702068592 0.5002039702068592 0.32487887600078225 0.3351947243910202 0.14698039423535927 0.0 
0.0 0.2836894131985521 0.4680530075295035 0.4680530075295035 0.18272423876628616 0.14698039423535927 0.14698039423535927 0.0 
0.0 0.0 0.0 0.0 0.0 0.0 0.0 0.0 
0.0 0.1526400911789699 0.1526400911789699 0.0 0.17966484269813207 0.25202852871851966 0.23219427303691623 0.0 
0.0 0.0 0.0 0.0 0.0 0.0 0.0 0.0 

0.0 0.0 0.0 0.0 0.0 0.0 0.0 0.0 
0.0 1.019320284096678 0.6536489727112221 0.6807477449662559 1.1614239167217395 0.9093146084035247 0.9093146084035247 0.0 
0.0 0.28929665241891006 0.0 0.05349357062220112 0.35640087998972503 0.0 0.0 0.0 
0.0 0.422012369326985 0.5506870321377693 0.5506870321377693 0.35640087998972503 0.0 0.015647551827162265 0.0 
0.0 0.5109558693765586 0.43628878929001574 0.2405857231519986 0.2963321130564829 0.44440369890282416 0.015647551827162265 0.0 
0.0 0.7992314192024856 0.2405857231519986 0.2405857231519986 0.2963321130564829 0.2963321130564829 0.21663888470036857 0.0 
0.0 0.7992314192024856 0.0 0.0 0.0 0.0 0.21663888470036857 0.0 
0.0 0.0 0.0 0.0 0.0 0.0 0.0 0.0 

0.0 0.0 0.0 0.0 0.0 0.0 0.0 0.0 
0.0 0.0790084659772991 0.7467526034651004 0.7303557813400373 0.0 0.0 0.0 0.0 
0.0 0.19323161812032855 0.2038090637587074 0.2038090637587074 0.09237665866856284 0.47699953653570204 0.05002613332176289 0.0 
0.0 1.191704784575686 0.778119261882288 0.274962990958589 0.18796313460120737 0.47699953653570204 0.05002613332176289 0.0 
0.0 1.191704784575686 0.15305738134507998 0.003851057532988103 0.18796313460120737 0.18796313460120737 0.0 0.0 
0.0 0.9244010328244223 0.0 0.0 0.0 0.02050218429423159 0.21831734666508357 0.0 
0.0 0.25195697423499247 0.25195697423499247 0.0 0.05479978264166094 0.3435377276252238 0.3435377276252238 0.0 
0.0 0.0 0.0 0.0 0.0 0.0 0.0 0.0 

0.0 0.0 0.0 0.0 0.0 0.0 0.0 0.0 
0.0 1.4811310753314841 1.2605230422131917 2.2650056758636157 2.2650056758636157 1.094546615360215 1.0227414801904413 0.0 
0.0 0.8113420310303604 0.626207174084832 0.7784065725860002 0.7784065725860002 0.37272430529992195 0.37272430529992195 0.0 
0.0 1.0986116277069364 1.0986116277069364 0.9973458524274436 0.7784065725860002 0.7438126430346214 0.7438126430346214 0.0 
0.0 1.0986116277069364 1.0986116277069364 1.1181253424889621 0.8502218082089609 0.9199248284363887 0.7438126430346214 0.0 
0.0 1.0786382974990991 0.646608163468246 0.646608163468246 0.6498010622431134 0.6498010622431134 0.17940903193888585 0.0 
0.0 1.0786382974990991 0.0 0.12339494861960135 0.12339494861960135 0.2998311990794189 0.17940903193888585 0.0 
0.0 0.0 0.0 0.0 0.0 0.0 0.0 0.0 

0.0 0.0 0.0 0.0 0.0 0.0 0.0 0.0 
0.0 1.1491202781236338 0.926601023169919 1.3855628786243899 2.63639963101889 2.2606945262721947 2.2606945262721947 0.0 
0.0 1.1491202781236338 0.7895987296205587 0.47102014535114706 1.395904880316568 1.5433440250631363 1.1383039614394868 0.0 
0.0 0.5724458255703033 0.5480353082525029 0.6922579283212179 0.5609521122957033 0.5579447869664599 0.5534191633525736 0.0 
0.0 0.7625008065758675 1.1437813354116222 1.4332064621071172 1.4332064621071172 0.5579447869664599 0.5977111191482211 0.0 
0.0 1.1116985378116095 1.5839014148906818 1.4332064621071172 1.4332064621071172 0.5223007740993186 0.5977111191482211 0.0 
0.0 1.0650276105778842 0.970963572049659 1.3881684594503514 0.5375413385126094 0.4946979971192043 0.1150193038078985 0.0 
0.0 0.0 0.0 0.0 0.0 0.0 0.0 0.0 

0.0 0.0 0.0 0.0 0.0 0.0 0.0 0.0 
0.0 0.0 0.0 0.0 0.0 0.0 0.0 0.0 
0.0 0.0 0.0 0.0 0.0 0.0 0.0 0.0 
0.0 0.3366181088241452 0.0 0.0 0.0 0.0 0.0 0.0 
0.0 0.806306664579516 0.0 0.0 0.0 0.0 0.0 0.0 
0.0 0.806306664579516 0.0 0.0 0.0 0.0 0.0 0.0 
0.0 0.3149436578152484 0.0 0.0 0.0 0.0 0.0 0.0 
0.0 0.0 0.0 0.0 0.0 0.0 0.0 0.0 

0.0 0.0 0.0 0.0 0.0 0.0 0.0 0.0 
0.0 0.6665296694562035 0.6074130231852204 0.5566053603751833 0.6673673259118394 0.8439494602971941 0.7001438079521196 0.0 
0.0 0.30673470893782645 0.2839823451110406 0.35265168094284655 0.5648724465812568 0.5648724465812568 0.33328342998734717 0.0 
0.0 0.4847387377410999 0.3140574731740943 0.36445973361920564 0.5648724465812568 0.5648724465812568 0.21525882970899074 0.0 
0.0 0.4847387377410999 0.4968635684549459 0.17269241533897067 0.42883984909969325 0.42883984909969325 0.21525882970899074 0.0 
0.0 0.52019263959828 0.4968635684549459 0.37433543261569646 0.3848155950851186 0.35635600171298853 0.28214189189400773 0.0 
0.0 0.25255784453670693 0.28070646677690597 0.37433543261569646 0.30576973792270806 0.30576973792270806 0.28214189189400773 0.0 
0.0 0.0 0.0 0.0 0.0 0.0 0.0 0.0 

0.0 0.0 0.0 0.0 0.0 0.0 0.0 0.0 
0.0 0.0 0.0 0.0 0.4052966144615877 0.35964405876072786 0.35964405876072786 0.0 
0.0 0.0 0.0 0.0 0.4052966144615877 0.35964405876072786 0.35964405876072786 0.0 
0.0 0.0 0.0 0.0 0.0 0.0 0.0 0.0 
0.0 0.2069121739182137 0.0 0.0 0.0 0.0 0.0 0.0 
0.0 0.2069121739182137 0.23099849629813587 0.0 0.0 0.0 0.0 0.0 
0.0 0.0 0.23099849629813587 0.0 0.0 0.0 0.0 0.0 
0.0 0.0 0.0 0.0 0.0 0.0 0.0 0.0 

0.0 0.0 0.0 0.0 0.0 0.0 0.0 0.0 
0.0 0.38040627427991086 0.053615336736504655 0.45852089068505336 0.6045046993920868 0.3482489184549933 0.3482489184549933 0.0 
0.0 0.38040627427991086 0.5302665531431975 0.5302665531431975 0.6045046993920868 0.5106119267788084 0.5106119267788084 0.0 
0.0 0.20725064040965857 0.5302665531431975 0.5302665531431975 0.02701197114111344 0.7378115977434268 0.7378115977434268 0.0 
0.0 0.6432941093573661 0.09031848687993949 0.15760446801579625 0.02701197114111344 0.46406845928652946 0.3551153018362634 0.0 
0.0 0.6432941093573661 0.26883786898697143 0.0 0.0 0.0 0.0 0.0 
0.0 0.0 0.31249060322616506 0.34215478012123124 0.08594456191680591 0.08594456191680591 0.08593420625023385 0.0 
0.0 0.0 0.0 0.0 0.0 0.0 0.0 0.0 

0.0 0.0 0.0 0.0 0.0 0.0 0.0 0.0 
0.0 0.0 0.0 0.0 0.0 0.0 0.0 0.0 
0.0 0.0 0.0 0.0 0.0 0.0 0.0 0.0 
0.0 0.0 0.0 0.0 0.0 0.0 0.0 0.0 
0.0 0.0 0.0 0.0 0.0 0.0 0.0 0.0 
0.0 0.0 0.0 0.0 0.0 0.0 0.0 0.0 
0.0 0.0 0.0 0.0 0.0 0.0 0.0 0.0 
0.0 0.0 0.0 0.0 0.0 0.0 0.0 0.0 

0.0 0.0 0.0 0.0 0.0 0.0 0.0 0.0 
0.0 0.29737358842559225 0.17258649343817797 1.152388124945032 1.957628669467167 1.2008629766624312 0.8914094048106914 0.0 
0.0 0.22061073896896932 0.0 1.152388124945032 1.152388124945032 0.6813774989480372 0.3384677473789668 0.0 
0.0 0.05161348149167218 0.0 0.023530933486888256 0.06267857991135413 0.06267857991135413 0.4206796077866212 0.0 
0.0 0.0 0.09506318840250617 0.4448311992241892 0.4448311992241892 0.04984035343510344 0.18764636306813623 0.0 
0.0 0.29890894666934964 0.28099919299734244 0.4855728824141418 0.4448311992241892 0.04984035343510344 0.09729373594214755 0.0 
0.0 0.6950516520591956 0.18280383178093132 0.2905863705079763 0.0 0.0 0.0 0.0 
0.0 0.0 0.0 0.0 0.0 0.0 0.0 0.0 

0.0 0.0 0.0 0.0 0.0 0.0 0.0 0.0 
0.0 0.0 0.0 0.0 0.0 0.0 0.0 0.0 
0.0 0.0 0.0 0.0 0.0 0.0 0.0 0.0 
0.0 0.0 0.0 0.0 0.0 0.0 0.0 0.0 
0.0 0.0 0.0 0.0 0.0 0.0 0.0 0.0 
0.0 0.0 0.0 0.0 0.0 0.0 0.0 0.0 
0.0 0.0 0.0 0.0 0.0 0.0 0.0 0.0 
0.0 0.0 0.0 0.0 0.0 0.0 0.0 0.0 

0.0 0.0 0.0 0.0 0.0 0.0 0.0 0.0 
0.0 0.0 0.0 0.15116311066829607 0.15116311066829607 0.0 0.0 0.0 
0.0 0.11631222310238606 0.0 0.15116311066829607 0.15116311066829607 0.0 0.0 0.0 
0.0 0.11631222310238606 0.0 0.0 0.0 0.0 0.0 0.0 
0.0 0.0 0.0 0.0 0.0 0.0 0.0 0.0 
0.0 0.0 0.0 0.0 0.0 0.0 0.0 0.0 
0.0 0.0 0.0 0.0 0.0 0.0 0.0 0.0 
0.0 0.0 0.0 0.0 0.0 0.0 0.0 0.0 

0.0 0.0 0.0 0.0 0.0 0.0 0.0 0.0 
0.0 0.9796454075056238 0.9796454075056238 1.302189433122122 1.302189433122122 1.2522571621861218 1.2522571621861218 0.0 
0.0 0.9796454075056238 0.9796454075056238 0.6322874820879638 0.6332203000994449 0.8924103778547281 0.8924103778547281 0.0 
0.0 1.0091852715901097 0.6855645892193801 0.7384240370699787 0.6941356768348184 0.6924590409628201 0.7938537629807098 0.0 
0.0 1.0091852715901097 1.0246126502888246 0.7384240370699787 0.7972863250341754 0.7624922088104772 0.7938537629807098 0.0 
0.0 0.7356462811516731 1.1258191599468952 0.6933609749063925 0.7972863250341754 0.49635846564296626 0.5817479199208482 0.0 
0.0 0.42359904322223274 0.5474026359594791 0.6933609749063925 0.5287666456539635 0.43068062568701043 0.42781442729048835 0.0 
0.0 0.0 0.0 0.0 0.0 0.0 0.0 0.0 

0.0 0.0 0.0 0.0 0.0 0.0 0.0 0.0 
0.0 0.0 0.0 0.0 0.0 0.0 0.0 0.0 
0.0 0.0 0.0 0.0 0.0 0.0 0.0 0.0 
0.0 0.0 0.0 0.0 0.0 0.0 0.0 0.0 
0.0 0.0 0.0 0.0 0.0 0.0 0.0 0.0 
0.0 0.0 0.0 0.0 0.0 0.0 0.0 0.0 
0.0 0.0 0.0 0.0 0.0 0.0 0.0 0.0 
0.0 0.0 0.0 0.0 0.0 0.0 0.0 0.0 

0.0 0.0 0.0 0.0 0.0 0.0 0.0 0.0 
0.0 0.9806156780134001 0.8467323011373831 1.3795542027802612 1.3795542027802612 0.6769623086234329 0.5747088631584492 0.0 
0.0 0.8041612055206762 0.6241835737547863 0.6241835737547863 0.6769623086234329 0.8757007873639925 1.0816698953396686 0.0 
0.0 0.887516695164124 0.839229392500329 0.7701410169638263 0.7058042564395339 0.7747538237721036 0.8831662098999133 0.0 
0.0 0.887516695164124 0.6259839977313855 0.8179236758145341 0.6862060219123512 0.6862060219123512 0.4245852388115146 0.0 
0.0 0.7892712113819421 0.679168110202457 0.5351971391936396 0.5351971391936396 0.6258371530349216 0.2611240313914919 0.0 
0.0 0.7892712113819421 0.7379868744976097 0.5783759178811805 0.5929465290647586 0.6258371530349216 0.6664998342569505 0.0 
0.0 0.0 0.0 0.0 0.0 0.0 0.0 0.0 

0.0 0.0 0.0 0.0 0.0 0.0 0.0 0.0 
0.0 0.6169112675709364 0.12690630332126854 0.6986041110825237 0.24221770118844907 0.17480900851460077 0.0 0.0 
0.0 0.8062229726302519 0.7031356985787618 0.7031356985787618 0.7526999800104426 0.3536953695914232 0.0 0.0 
0.0 0.8190190954728486 0.7031356985787618 0.7031356985787618 0.3958159356908886 0.40961379097514533 0.40961379097514533 0.0 
0.0 1.5653809185034562 0.3303207493206525 0.3303207493206525 0.3713932842730237 0.43520371425217513 0.40961379097514533 0.0 
0.0 1.5653809185034562 0.11656037246691023 0.11656037246691023 0.07486131314904772 0.07486131314904772 0.09442858597651596 0.0 
0.0 0.7328043813774302 0.0 0.11188800053582994 0.07394008672954004 0.3278841920838452 0.19077263625267257 0.0 
0.0 0.0 0.0 0.0 0.0 0.0 0.0 0.0 

0.0 0.0 0.0 0.0 0.0 0.0 0.0 0.0 
0.0 0.22150377263596432 0.23342231169150615 1.0635837376658244 1.4530250033636292 1.4530250033636292 1.0280370739405755 0.0 
0.0 0.41827746013981604 0.24711568811684004 1.0515454863397549 1.4530250033636292 1.4530250033636292 1.0280370739405755 0.0 
0.0 0.286707206153575 0.0 0.15750353590176558 0.21465975479433014 0.4705396636286725 0.4705396636286725 0.0 
0.0 0.6609390167420502 0.7523823550668727 0.7392217259093478 0.29585067023088873 0.4238549867301989 0.4238549867301989 0.0 
0.0 1.095147398554888 0.7902063130065906 0.7689935007891062 0.5940025527873458 0.3451365918288629 0.3451365918288629 0.0 
0.0 0.3776299039631547 0.6349423911267091 0.4596564793791993 0.0488078561211874 0.03745704388859053 0.0 0.0 
0.0 0.0 0.0 0.0 0.0 0.0 0.0 0.0 

0.0 0.0 0.0 0.0 0.0 0.0 0.0 0.0 
0.0 0.0 0.0 0.0 0.0 0.0 0.25389953678651167 0.0 
0.0 0.0 0.0 0.0 0.0 0.0 0.0 0.0 
0.0 0.03509493837701162 0.00931725695714522 0.0 0.0 0.0 0.0 0.0 
0.0 0.03509493837701162 0.0 0.0 0.0 0.0 0.0 0.0 
0.0 0.0 0.0 0.0 0.0 0.0 0.0 0.0 
0.0 0.0 0.0 0.0 0.0 0.0 0.0 0.0 
0.0 0.0 0.0 0.0 0.0 0.0 0.0 0.0 

0.0 0.0 0.0 0.0 0.0 0.0 0.0 0.0 
0.0 0.36134115421578034 0.22537012954828017 0.3061343240988103 0.3061343240988103 0.07731406838309665 0.0 0.0 
0.0 0.36134115421578034 0.07464871127579956 0.0790652525442187 0.2136375836447132 0.31409200638010154 0.31409200638010154 0.0 
0.0 0.060497812824632735 0.10319414878233635 0.10319414878233635 0.19285490532468252 0.31409200638010154 0.31409200638010154 0.0 
0.0 0.05397856085759795 0.09606432232779942 0.1794204935461086 0.0999381544577849 0.0999381544577849 0.0690013759159099 0.0 
0.0 0.26319043961529237 0.26319043961529237 0.0 0.0999381544577849 0.0999381544577849 0.0 0.0 
0.0 0.2871953853511684 0.26319043961529237 0.23780263415048555 0.08177843018193842 0.1167056579030874 0.06479429783126292 0.0 
0.0 0.0 0.0 0.0 0.0 0.0 0.0 0.0 

0.0 0.0 0.0 0.0 0.0 0.0 0.0 0.0 
0.0 0.0 0.0 0.0 0.03834404819996595 0.0 0.0 0.0 
0.0 0.0 0.0 0.0 0.03834404819996595 0.0 0.0 0.0 
0.0 0.0 0.0 0.0 0.0 0.0 0.0 0.0 
0.0 0.0 0.0 0.0 0.0 0.0 0.0 0.0 
0.0 0.0 0.0 0.0 0.0 0.0 0.0 0.0 
0.0 0.0 0.0 0.0 0.0 0.0 0.0 0.0 
0.0 0.0 0.0 0.0 0.0 0.0 0.0 0.0 

0.0 0.0 0.0 0.0 0.0 0.0 0.0 0.0 
0.0 0.0 0.0 0.0 0.0 0.0 0.0 0.0 
0.0 0.0 0.0 0.0 0.0 0.0 0.0 0.0 
0.0 0.0 0.0 0.0 0.0 0.0 0.0 0.0 
0.0 0.0 0.0 0.0 0.0 0.0 0.0 0.0 
0.0 0.0 0.0 0.0 0.0 0.0 0.0 0.0 
0.0 0.0 0.0 0.0 0.0 0.0 0.0 0.0 
0.0 0.0 0.0 0.0 0.0 0.0 0.0 0.0 

0.0 0.0 0.0 0.0 0.0 0.0 0.0 0.0 
0.0 0.0 0.0 0.0 0.0 0.0 0.0 0.0 
0.0 0.0 0.0 0.0 0.0 0.0 0.0 0.0 
0.0 0.0 0.0 0.0 0.0 0.0 0.0 0.0 
0.0 0.0 0.0 0.0 0.0 0.0 0.0 0.0 
0.0 0.0 0.0 0.0 0.0 0.0 0.0 0.0 
0.0 0.0 0.0 0.0 0.0 0.0 0.0 0.0 
0.0 0.0 0.0 0.0 0.0 0.0 0.0 0.0 

