0.0 0.0 0.0 0.0 0.0 0.0 0.0 0.0 
0.0 2.1326979139558073 2.163338116010669 2.163338116010669 1.160659716073013 2.157444248754454 0.6456690854020567 0.0 
0.0 1.889586803902919 1.7441038084241405 1.9564999344581164 1.9564999344581164 2.651218303096531 2.013349973421306 0.0 
0.0 2.0145372670343376 1.6258054094192091 2.0404499820981217 2.0404499820981217 1.6079652608269015 1.6079652608269015 0.0 
0.0 2.0133589084153103 1.58605025285024 2.0404499820981217 2.4521474293137153 2.007245126911029 1.1798257504962362 0.0 
0.0 2.0133589084153103 1.1658597214221265 0.7496469701713834 1.8290023390830288 1.8290023390830288 1.1798257504962362 0.0 
0.0 2.657986949760676 2.6117186005700526 3.3925023972578363 1.8290023390830288 2.4969776045734324 2.238826514534726 0.0 
0.0 0.0 0.0 0.0 0.0 0.0 0.0 0.0 

0.0 0.0 0.0 0.0 0.0 0.0 0.0 0.0 
0.0 0.43169784543474204 0.2895269859543198 0.0 0.0 0.08307000115695995 0.34161081776631896 0.0 
0.0 0.03270375656425987 0.0 0.0 0.0 0.0 0.0 0.0 
0.0 0.07323107444189701 0.20194621125377754 0.0 0.0 0.0 0.0 0.0 
0.0 0.37975424021249754 0.32466361684981926 0.24504721161778484 0.24504721161778484 0.0 0.0 0.0 
0.0 0.28664378236921617 0.0 0.24504721161778484 0.24504721161778484 0.0 0.0 0.0 
0.0 0.0 0.0 0.0 0.0 0.0 0.0 0.0 
0.0 0.0 0.0 0.0 0.0 0.0 0.0 0.0 

0.0 0.0 0.0 0.0 0.0 0.0 0.0 0.0 
0.0 0.20229838438505832 0.04561008461276082 0.0 0.0 0.26150509172672376 0.0 0.0 
0.0 0.42615727154860356 0.19812218430585307 0.0 0.0939674128063346 0.26150509172672376 0.0 0.0 
0.0 0.42615727154860356 0.19812218430585307 0.22824142345064452 0.62650386711085 0.6793788178304019 0.6793788178304019 0.0 
0.0 0.6698514234049042 0.6698514234049042 0.4680486308153302 1.0629918126822073 1.0335719068348126 0.06577890715358876 0.0 
0.0 1.0417170089013013 1.2634638385922559 1.2675953886969882 1.0629918126822073 0.9516051012947391 0.06577890715358876 0.0 
0.0 2.1463743945393396 1.2634638385922559 1.2675953886969882 1.1587851975260415 0.3905064984431777 0.0 0.0 
0.0 0.0 0.0 0.0 0.0 0.0 0.0 0.0 

0.0 0.0 0.0 0.0 0.0 0.0 0.0 0.0 
0.0 0.2510470877856072 0.44319331561861064 0.584226452232246 0.584226452232246 0.5627950205433898 1.3653622393166804 0.0 
0.0 0.11393702313323853 0.0 0.0 0.0 0.0 0.0 0.0 
0.0 0.8655991750071748 0.17370232538254538 0.016953499084432142 0.425198152867147 1.2934181910982319 0.24567918139467138 0.0 
0.0 1.453785879841903 1.1831881648513614 1.1831881648513614 0.26401412195059415 0.40334794873728347 0.5032961269077951 0.0 
0.0 2.0821772771597953 2.7387250508801007 1.3816335361420502 1.2173797299031865 0.0 1.4620215892983137 0.0 
0.0 0.7227181005793909 0.8144033197335144 1.2173797299031865 1.2173797299031865 0.0 1.4620215892983137 0.0 
0.0 0.0 0.0 0.0 0.0 0.0 0.0 0.0 

0.0 0.0 0.0 0.0 0.0 0.0 0.0 0.0 
0.0 1.4145303532037583 1.4145303532037583 1.2362078015382032 1.097980141043947 1.5627555576756016 1.5765686903272966 0.0 
0.0 1.4790681159401589 0.7717883786964514 0.6595207099460252 0.4296272259280663 0.8612595735394266 0.8768431150582371 0.0 
0.0 1.3878168462074354 0.8169932461166781 0.8169932461166781 1.1406152641892862 1.1406152641892862 0.9980061526640855 0.0 
0.0 1.6847048669540712 1.4579294451417921 1.287801521513171 1.4386734767736127 1.1406152641892862 0.644613168563844 0.0 
0.0 1.895191583278196 1.8852161328535484 1.769742508729521 1.459771120016296 0.44113330475144047 0.5232771384923447 0.0 
0.0 1.895191583278196 1.530049113529056 1.2432444624070706 1.085519471815969 0.0 0.17500563191451501 0.0 
0.0 0.0 0.0 0.0 0.0 0.0 0.0 0.0 

0.0 0.0 0.0 0.0 0.0 0.0 0.0 0.0 
0.0 0.0736832329669982 0.7313046471847919 0.7313046471847919 0.30605694437619535 0.5688625769030946 0.0 0.0 
0.0 0.29027641540520543 0.0 0.18767548896490488 0.18767548896490488 0.5688625769030946 0.0 0.0 
0.0 0.29027641540520543 0.0 0.0 1.5048361026931885 0.7561849256130435 0.46638669216576273 0.0 
0.0 0.5441137968166463 0.4009089347185302 0.3216011466226486 0.5480130643510669 0.5480130643510669 0.0 0.0 
0.0 0.23371366408734717 0.7048841892975111 0.713316187743906 0.3380030938754011 0.25559247082695724 0.0 0.0 
0.0 0.5426515198956137 0.3805553910339954 0.713316187743906 0.2787052874801859 0.25559247082695724 0.0 0.0 
0.0 0.0 0.0 0.0 0.0 0.0 0.0 0.0 

0.0 0.0 0.0 0.0 0.0 0.0 0.0 0.0 
0.0 0.4690393613079674 1.193829797124055 1.193829797124055 1.3505412800706273 1.3505412800706273 0.2905703603851917 0.0 
0.0 0.4408880249624575 0.49097742217319984 0.6607762733676145 1.3505412800706273 1.3505412800706273 0.24255613139732984 0.0 
0.0 0.4408880249624575 0.49097742217319984 0.49097742217319984 0.08303845092527279 0.6293552103116319 0.0 0.0 
0.0 0.0 0.16078266398581448 0.16078266398581448 0.0 0.40592466693396334 0.40592466693396334 0.0 
0.0 0.0 0.0 0.0 1.34713385865148 1.34713385865148 0.07095748571689056 0.0 
0.0 0.9979071302243498 0.22776956271666265 0.22195217281810792 1.34713385865148 1.34713385865148 0.04807129318430258 0.0 
0.0 0.0 0.0 0.0 0.0 0.0 0.0 0.0 

0.0 0.0 0.0 0.0 0.0 0.0 0.0 0.0 
0.0 1.5710201664731571 1.534197999853889 1.4023454304419005 1.5367213798839607 1.2374994662348635 1.8406985824735194 0.0 
0.0 1.8404282837751134 1.8506627189085165 1.1472344079713783 1.8501368053492342 1.3992580532732477 2.5584746790818027 0.0 
0.0 1.9562605890560183 1.6686094428354137 1.8539015911997272 1.8539015911997272 1.1883862628864112 1.8686179647533325 0.0 
0.0 2.41942917822982 2.0812026440904994 1.6073156441023393 1.6073156441023393 1.8446862513129942 2.0671951182032045 0.0 
0.0 2.295464368960048 1.5352131175874066 1.530661370040196 1.4152948719308098 1.5184936075773363 2.117317318246933 0.0 
0.0 1.6473523333354865 1.6473523333354865 1.558253365097285 1.558253365097285 2.2199841616085245 2.7152592260499273 0.0 
0.0 0.0 0.0 0.0 0.0 0.0 0.0 0.0 

0.0 0.0 0.0 0.0 0.0 0.0 0.0 0.0 
0.0 0.0 0.0 0.0 0.0 0.0 0.0 0.0 
0.0 0.0 0.0 0.0 0.0 0.0 0.0 0.0 
0.0 0.0 0.0 0.0 0.047261023468159254 0.047261023468159254 0.0 0.0 
0.0 0.0 0.0 0.05512315114936754 0.05512315114936754 0.047261023468159254 0.0 0.0 
0.0 0.0 0.0 0.05512315114936754 0.05512315114936754 0.0 0.0 0.0 
0.0 0.0 0.0 0.0 0.0 0.3099257974605032 0.3099257974605032 0.0 
0.0 0.0 0.0 0.0 0.0 0.0 0.0 0.0 

0.0 0.0 0.0 0.0 0.0 0.0 0.0 0.0 
0.0 0.0 0.0 0.0 0.0 0.0 0.0 0.0 
0.0 0.0 0.0 0.0 0.0 0.777301972947099 0.0 0.0 
0.0 0.4741771758545825 0.4741771758545825 0.36964991953408993 0.36964991953408993 0.0 0.0 0.0 
0.0 0.8309450874271463 0.8309450874271463 0.5185797226988176 0.36964991953408993 0.0 0.0 0.0 
0.0 0.7091393340180207 0.7091393340180207 0.368980410310269 0.0 0.0 0.0 0.0 
0.0 0.0 0.0 0.0 0.7182852104368187 0.7182852104368187 0.0 0.0 
0.0 0.0 0.0 0.0 0.0 0.0 0.0 0.0 

0.0 0.0 0.0 0.0 0.0 0.0 0.0 0.0 
0.0 0.5432265811153497 0.607874988784173 0.893742895354606 0.893742895354606 0.9502908023080249 0.9502908023080249 0.0 
0.0 0.20089908639363271 0.0 0.0 0.0 0.0 0.0 0.0 
0.0 0.27435220232832425 0.0 0.0 0.21723578339536243 1.2973488513064755 0.01949357947005209 0.0 
0.0 0.27435220232832425 0.6613008662304379 0.45572269638408547 0.4102809111420399 0.0 0.0 0.0 
0.0 0.13341150144759975 0.7499849652108607 0.45572269638408547 0.4102809111420399 0.0 0.0 0.0 
0.0 0.0 0.0 0.0 0.0 0.0 0.0 0.0 
0.0 0.0 0.0 0.0 0.0 0.0 0.0 0.0 

0.0 0.0 0.0 0.0 0.0 0.0 0.0 0.0 
0.0 0.0 0.024335881110308294 0.024335881110308294 0.0 0.0 0.0 0.0 
0.0 0.0 0.024335881110308294 0.024335881110308294 0.13119627749438534 0.23945420348279675 0.0 0.0 
0.0 0.4042656944550868 0.10781994010813865 0.5987825775555149 0.5987825775555149 0.002424199250252633 0.0 0.0 
0.0 0.5159367356776017 0.5159367356776017 0.9310162923656933 0.5987825775555149 0.0 0.0 0.0 
0.0 0.745518923074596 0.5159367356776017 0.2615801048672175 0.0 0.0 0.0 0.0 
0.0 0.0 0.0 0.0 0.8061433551857877 1.0658796241557846 0.0 0.0 
0.0 0.0 0.0 0.0 0.0 0.0 0.0 0.0 

0.0 0.0 0.0 0.0 0.0 0.0 0.0 0.0 
0.0 1.5800012518475888 1.3221021573406357 1.3221021573406357 1.3302943049520917 1.718907324764665 1.6140628198651599 0.0 
0.0 1.2067080109369757 0.5810065464507517 0.7355022515096253 0.6407715774472234 0.7219209813101749 0.5069153229236893 0.0 
0.0 1.455255814232395 0.5859945411519367 0.5353372608794378 2.0495310283935195 1.6665765065061713 0.5069153229236893 0.0 
0.0 2.076996856829967 2.0367030781125868 2.0038127825036356 2.0495310283935195 1.0338708987861673 0.0 0.0 
0.0 3.1686093327910965 2.68466547771104 2.0038127825036356 1.059173290136723 0.0 0.0 0.0 
0.0 3.1686093327910965 0.0 1.8153238901669806 0.0 0.0 0.0 0.0 
0.0 0.0 0.0 0.0 0.0 0.0 0.0 0.0 

0.0 0.0 0.0 0.0 0.0 0.0 0.0 0.0 
0.0 1.6157550907765352 2.7043100891965235 2.9395071055670523 3.0917814507012897 3.0917814507012897 2.787727577786651 0.0 
0.0 1.6215271507422633 1.4678638738259366 2.836345677382523 3.0917814507012897 3.0917814507012897 2.787727577786651 0.0 
0.0 0.7431352847096978 0.972018460141842 2.4246698519143006 3.47527505034432 3.7163271948314756 3.7163271948314756 0.0 
0.0 1.6031897354245952 1.6031897354245952 1.101634827217689 2.8309609173053385 3.7163271948314756 3.7163271948314756 0.0 
0.0 3.1162499543611895 4.612864268214351 4.612864268214351 3.068470064257402 2.8309609173053385 2.0842244399334815 0.0 
0.0 4.270712195895642 4.612864268214351 4.612864268214351 4.081306762047363 2.1730441797696436 2.0842244399334815 0.0 
0.0 0.0 0.0 0.0 0.0 0.0 0.0 0.0 

0.0 0.0 0.0 0.0 0.0 0.0 0.0 0.0 
0.0 0.0 0.0 0.0 0.0 0.0 0.0 0.0 
0.0 0.0 0.0 0.0 0.0 0.0 0.0 0.0 
0.0 0.0 0.0 0.0 0.0 0.0 0.0 0.0 
0.0 0.0 0.0 0.0 0.057326232342460565 0.057326232342460565 0.0 0.0 
0.0 0.0 0.0711602942557425 0.0711602942557425 0.45069863456881665 0.45069863456881665 0.0 0.0 
0.0 0.0 1.0401165223016176 1.0401165223016176 0.024519138176091484 0.024519138176091484 0.0 0.0 
0.0 0.0 0.0 0.0 0.0 0.0 0.0 0.0 

0.0 0.0 0.0 0.0 0.0 0.0 0.0 0.0 
0.0 0.7117096189307593 1.1510576610112013 1.4571167312012174 1.4571167312012174 1.00943195585532 1.2078398468877811 0.0 
0.0 0.6583028204931607 0.5595081938424458 0.870746579375511 0.870746579375511 0.8243056114997739 1.1446815081562196 0.0 
0.0 0.06750319972097546 0.1283481555745792 0.5804341430308361 0.6841710731599857 0.781078321592766 0.9511255218199367 0.0 
0.0 0.5903651192863459 0.5903651192863459 0.20901764309340307 0.4938147639923187 0.3559721730400993 0.7763706069085927 0.0 
0.0 0.5903651192863459 0.5903651192863459 0.20901764309340307 0.21341558911694292 1.5239820864296254 1.5239820864296254 0.0 
0.0 0.03805661824715269 0.03805661824715269 0.0 0.46350879914938253 0.8228227215787165 1.132640993357542 0.0 
0.0 0.0 0.0 0.0 0.0 0.0 0.0 0.0 

0.0 0.0 0.0 0.0 0.0 0.0 0.0 0.0 
0.0 0.0 0.1487201113550799 0.43521353541582875 0.43521353541582875 0.33380278879968217 0.0 0.0 
0.0 0.0 0.0 0.43521353541582875 0.43521353541582875 0.0 0.0 0.0 
0.0 0.0 0.0 0.0 0.5688715507954065 0.0 0.0 0.0 
0.0 0.0 0.0 0.0 0.0 0.8569354916339347 0.8569354916339347 0.0 
0.0 0.0 1.0590001062346777 1.0590001062346777 0.955641252157179 0.955641252157179 0.0 0.0 
0.0 0.3097399712599887 1.0590001062346777 1.3292397754584437 1.044596190068337 0.0 0.20058269426850062 0.0 
0.0 0.0 0.0 0.0 0.0 0.0 0.0 0.0 

0.0 0.0 0.0 0.0 0.0 0.0 0.0 0.0 
0.0 0.47865367062182546 0.06258113228769789 0.2236004606224018 0.0 0.16312871487443467 0.0 0.0 
0.0 0.15791552197620587 0.38064128455765045 0.38064128455765045 0.0 0.3225913986657896 0.0 0.0 
0.0 0.45907538218596294 0.38064128455765045 1.2712697091386211 1.2712697091386211 0.0 0.0 0.0 
0.0 0.45907538218596294 0.6320075918283465 1.5744413495527387 1.5744413495527387 0.2639180318258413 0.2639180318258413 0.0 
0.0 1.9070223335121346 1.2616840292419385 1.2616840292419385 0.3003371286802353 0.28430606787822693 0.0 0.0 
0.0 2.2356966932856186 2.3573525368473676 2.3573525368473676 0.28430606787822693 0.28430606787822693 0.0 0.0 
0.0 0.0 0.0 0.0 0.0 0.0 0.0 0.0 

0.0 0.0 0.0 0.0 0.0 0.0 0.0 0.0 
0.0 0.0 0.0 0.0 0.0 0.0 0.0 0.0 
0.0 0.0 0.0 0.0 0.0 0.0 0.0 0.0 
0.0 0.0 0.0 0.0 0.0 0.0 0.0 0.0 
0.0 0.4018730794145984 0.0 0.0 0.0 0.0 0.0 0.0 
0.0 0.4018730794145984 0.0 0.0 0.0 0.19586868150292724 0.0 0.0 
0.0 0.0 0.0 0.0 0.0 0.19586868150292724 0.0 0.0 
0.0 0.0 0.0 0.0 0.0 0.0 0.0 0.0 

0.0 0.0 0.0 0.0 0.0 0.0 0.0 0.0 
0.0 0.7450566235692705 0.8756748155153105 0.8756748155153105 2.1927409680164707 1.722856705382119 1.722856705382119 0.0 
0.0 0.801268945548973 0.7584732339180228 2.3946948959254435 2.3946948959254435 2.1047054681704065 1.722856705382119 0.0 
0.0 0.6234632623191017 0.6606463245137498 1.65960019698356 1.65960019698356 3.1270245648808253 2.618848486829425 0.0 
0.0 0.7069048004668966 0.6606463245137498 0.6606463245137498 3.091840762714972 3.1270245648808253 2.618848486829425 0.0 
0.0 1.673302199658777 3.4494267251273705 3.540744838298004 3.540744838298004 2.4633600069061603 0.47644578453195485 0.0 
0.0 4.133926319927426 4.031585059578479 3.9118271957835034 3.9118271957835034 1.290557363830336 0.15843812891664424 0.0 
0.0 0.0 0.0 0.0 0.0 0.0 0.0 0.0 

0.0 0.0 0.0 0.0 0.0 0.0 0.0 0.0 
0.0 0.0 0.0 0.0 0.0 0.0 0.0 0.0 
0.0 0.0 0.0 0.0 0.0 0.0 0.0 0.0 
0.0 0.0 0.0 0.0 0.0 0.0 0.0 0.0 
0.0 0.0 0.0 0.0 0.0 0.0 0.0 0.0 
0.0 0.0 0.0 0.0 0.0 0.0 0.0 0.0 
0.0 0.0 0.0 0.0 0.45583206228264767 0.45583206228264767 0.0 0.0 
0.0 0.0 0.0 0.0 0.0 0.0 0.0 0.0 

0.0 0.0 0.0 0.0 0.0 0.0 0.0 0.0 
0.0 0.007508189027999934 0.007508189027999934 0.0 0.0 0.0 0.0 0.0 
0.0 0.0036607205763207603 0.0 0.0 0.0 0.0 0.0 0.0 
0.0 0.0036607205763207603 0.0 0.11549262592588985 0.0 0.0594937317880227 0.0594937317880227 0.0 
0.0 0.8340519310605794 0.030094916926523826 0.11549262592588985 0.7618019455694278 0.7618019455694278 0.0 0.0 
0.0 0.8340519310605794 1.1781197341464382 0.6308780631876536 0.48577175999405914 0.48577175999405914 0.0 0.0 
0.0 1.0210495120729202 1.1781197341464382 1.1990062495369003 0.754844563645125 0.0 0.0 0.0 
0.0 0.0 0.0 0.0 0.0 0.0 0.0 0.0 

0.0 0.0 0.0 0.0 0.0 0.0 0.0 0.0 
0.0 0.4671584907537327 0.7899145627393409 1.1381793733166576 1.1381793733166576 1.1283449658310012 0.9415730122013737 0.0 
0.0 0.899290249309324 0.8052747851095833 0.8052747851095833 1.3050121828009213 1.3050121828009213 0.8476614625594008 0.0 
0.0 0.9351223086715356 0.8071408203423852 0.7980442773939296 1.7523769567388452 1.704030820300402 0.9569088095723604 0.0 
0.0 1.7399012712068422 1.72337006606505 1.5134594806614743 1.730463075994648 0.9852161591184554 1.083431336208783 0.0 
0.0 2.2447491358029663 2.142519864464663 1.828726057216841 0.8692864633279409 0.6563393329058359 1.7009955533438863 0.0 
0.0 0.6625836848739591 1.3021077309371354 1.3330181761246227 0.9371452112339101 0.6563393329058359 1.7009955533438863 0.0 
0.0 0.0 0.0 0.0 0.0 0.0 0.0 0.0 

0.0 0.0 0.0 0.0 0.0 0.0 0.0 0.0 
0.0 0.0 0.0 0.0 0.0 0.0 0.0 0.0 
0.0 0.0 0.0 0.0 0.0 0.0 0.0 0.0 
0.0 0.0 0.0 0.0 0.0 0.0 0.0 0.0 
0.0 0.25588927112186927 0.0 0.0 0.0 0.0 0.0 0.0 
0.0 0.1464555913878791 0.0 0.0 0.0 0.0 0.49265843444608953 0.0 
0.0 0.0 0.0 0.0 0.0 0.0 0.0 0.0 
0.0 0.0 0.0 0.0 0.0 0.0 0.0 0.0 

0.0 0.0 0.0 0.0 0.0 0.0 0.0 0.0 
0.0 1.0671617227988601 1.036600330375369 1.5025487377434568 1.1387420194439068 1.1931257387318634 0.6399085837582376 0.0 
0.0 1.0671617227988601 1.036600330375369 1.1387420194439068 1.7175866145221832 1.8285019776243063 1.8285019776243063 0.0 
0.0 1.037136725805598 0.7556197821386542 0.9041099760798161 1.7175866145221832 1.170254954486868 0.557324148544496 0.0 
0.0 1.037136725805598 0.9401817861664079 0.6530732051878791 0.813624603520315 0.813624603520315 0.557324148544496 0.0 
0.0 1.5710751174195141 0.9401817861664079 1.0384214893557404 0.11828449651743805 0.3325718426256255 0.3325718426256255 0.0 
0.0 1.5710751174195141 0.17068070322249862 1.0384214893557404 0.879680130206086 1.762357887905308 1.762357887905308 0.0 
0.0 0.0 0.0 0.0 0.0 0.0 0.0 0.0 

0.0 0.0 0.0 0.0 0.0 0.0 0.0 0.0 
0.0 0.5809967283133084 0.0 0.8476133016266993 0.0 0.28342172082659006 0.0 0.0 
0.0 0.04159760293750502 0.264387705517789 0.8476133016266993 0.0 1.1229603267971002 0.0 0.0 
0.0 0.43383392156051104 0.43383392156051104 0.9281723322535372 0.9281723322535372 1.1229603267971002 0.0 0.0 
0.0 0.43383392156051104 0.43383392156051104 1.582027313395856 1.582027313395856 0.0 0.0 0.0 
0.0 0.8832957414962075 0.5564665520022547 0.5720475142841046 1.0721253671380409 1.0721253671380409 0.0 0.0 
0.0 1.9250648719746803 2.493169980837647 2.493169980837647 1.1945621817097285 1.1945621817097285 0.0 0.0 
0.0 0.0 0.0 0.0 0.0 0.0 0.0 0.0 

0.0 0.0 0.0 0.0 0.0 0.0 0.0 0.0 
0.0 1.735875388290628 1.5703739863451536 1.8860927395664757 2.086963214393406 2.7204977829534283 2.6392239270070244 0.0 
0.0 0.9636723518256902 1.3635677167781575 2.023124584075401 2.086963214393406 2.432529777137488 1.8129051733510582 0.0 
0.0 0.5828537430764428 1.0555918144924263 1.5743601076099432 2.995265097809275 2.6176641028963017 1.8129051733510582 0.0 
0.0 1.4692447309830559 1.2870103736563152 2.2854749586022725 3.6643789762041243 2.772875629341556 2.301174354872769 0.0 
0.0 3.593717251279986 3.593717251279986 3.3415845881560458 3.3415845881560458 2.6546884027465105 2.5262388007539456 0.0 
0.0 3.593717251279986 3.593717251279986 3.276933763635757 1.9967748474228062 1.1993436379905726 0.0 0.0 
0.0 0.0 0.0 0.0 0.0 0.0 0.0 0.0 

0.0 0.0 0.0 0.0 0.0 0.0 0.0 0.0 
0.0 0.0 0.0 0.0 0.38418424815055574 0.38418424815055574 0.0 0.0 
0.0 0.0 0.0 0.0 1.3435080064328637 1.3435080064328637 0.0 0.0 
0.0 0.2462731407571982 0.0 0.0 0.0 0.3796408288136236 0.0 0.0 
0.0 1.0237202246377206 0.13215583268417455 0.13215583268417455 0.0 0.0 0.0 0.0 
0.0 0.698851479619823 0.13215583268417455 0.13215583268417455 1.2647156147023504 0.0 1.2655616697585623 0.0 
0.0 0.0 0.0 0.0 1.2647156147023504 0.0 1.2655616697585623 0.0 
0.0 0.0 0.0 0.0 0.0 0.0 0.0 0.0 

0.0 0.0 0.0 0.0 0.0 0.0 0.0 0.0 
0.0 0.5726053561442668 0.5726053561442668 0.45817476081536634 0.1787809653885107 0.14712855915038187 0.0 0.0 
0.0 0.5726053561442668 0.5726053561442668 0.45817476081536634 0.26398620571771514 0.3706542783516525 0.10263634846150144 0.0 
0.0 0.2473832318550218 0.17186364455324965 0.5377722791139812 0.5377722791139812 0.22886604809508374 0.0 0.0 
0.0 0.4134165231150314 0.17186364455324965 0.073643133223326 0.0 0.0 0.0 0.0 
0.0 0.0 0.0 0.0 0.0 0.0 0.0 0.0 
0.0 0.36505684675417793 0.21558255476765145 0.6487315295715699 0.3999473174845567 1.1886639462722464 1.1886639462722464 0.0 
0.0 0.0 0.0 0.0 0.0 0.0 0.0 0.0 

0.0 0.0 0.0 0.0 0.0 0.0 0.0 0.0 
0.0 0.0 0.3099992973221281 0.3225644546090919 0.0 0.8081969242496657 0.565779151991195 0.0 
0.0 0.0 0.0 0.0 0.0 0.8081969242496657 0.565779151991195 0.0 
0.0 0.0 0.0 0.0 0.0 0.0 0.0 0.0 
0.0 0.0 0.0 0.0 0.018601496455949273 0.27485744054862465 0.0 0.0 
0.0 0.0 0.0 0.0 0.9544606687351118 1.2128848861939692 0.0 0.0 
0.0 0.3910967155166232 0.3910967155166232 0.23305034273972533 0.9544606687351118 1.2128848861939692 0.0 0.0 
0.0 0.0 0.0 0.0 0.0 0.0 0.0 0.0 

0.0 0.0 0.0 0.0 0.0 0.0 0.0 0.0 
0.0 0.0 0.0 0.0 0.0 0.0 0.0 0.0 
0.0 0.0 0.0 0.0 0.0 0.0 0.0 0.0 
0.0 0.0 0.0 0.0 0.0 0.0 0.0 0.0 
0.0 0.0 0.0 0.0 0.0 0.0 0.0 0.0 
0.0 0.0 0.0 0.0 0.0 0.0 0.0 0.0 
0.0 0.0 0.0 0.0 0.0 0.0 0.0 0.0 
0.0 0.0 0.0 0.0 0.0 0.0 0.0 0.0 

0.0 0.0 0.0 0.0 0.0 0.0 0.0 0.0 
0.0 0.0 0.0 0.0 0.0 0.0 0.0 0.0 
0.0 0.0 0.0 0.0 0.0 0.0 0.0 0.0 
0.0 0.0 0.0 0.0 0.0 0.0 0.0 0.0 
0.0 0.0 0.0 0.0 0.0 0.0 0.0 0.0 
0.0 0.0 0.0 0.0 0.06869803383418893 0.06869803383418893 0.0 0.0 
0.0 0.0 0.0 0.0 0.19575467210288525 0.19575467210288525 0.0 0.0 
0.0 0.0 0.0 0.0 0.0 0.0 0.0 0.0 

