0.0 0.0 0.0 0.0 0.0 0.0 0.0 0.0 
0.0 1.8824916490259886 1.5366995820621618 1.5366995820621618 1.369855863635299 1.38078177 1.38078177 0.0 
0.0 1.8794010420048737 1.5366995820621618 1.5366995820621618 1.6847704933037024 1.6847704933037024 1.2122657536759949 0.0 
0.0 1.9972928982386176 1.5646907337187135 1.6316634829016612 1.6847704933037024 2.217450643587216 2.217450643587216 0.0 
0.0 1.9972928982386176 1.774917469399738 1.652405606711029 1.652405606711029 1.7287275924940237 1.7287275924940237 0.0 
0.0 1.774917469399738 1.774917469399738 1.5005084913510707 1.608177276361691 1.608177276361691 1.3779092752929842 0.0 
0.0 1.4655779609529547 1.372659101796483 1.372659101796483 1.2600175658044157 1.2600175658044157 1.2301162860983814 0.0 
0.0 0.0 0.0 0.0 0.0 0.0 0.0 0.0 

0.0 0.0 0.0 0.0 0.0 0.0 0.0 0.0 
0.0 0.5004139224915184 0.3728466468445375 0.4501761192486706 0.6075418402127571 0.61497229 0.61497229 0.0 
0.0 0.1477996259216744 0.0 0.0 0.3114113017888346 0.39960710949990813 0.46689903893381235 0.0 
0.0 0.6003234611245534 0.0 0.0 0.0 0.0 0.013093975833269053 0.0 
0.0 0.61497229 0.4063812019519488 0.4063812019519488 0.15854671572605347 0.12623706474616508 0.299203275205195 0.0 
0.0 0.61497229 0.41626068529995475 0.4063812019519488 0.19772374068927212 0.19661790190747835 0.4099725954457595 0.0 
0.0 0.4756245072677177 0.64893709237614 0.64893709237614 0.007592994144894921 0.33368447738641904 0.5403832676224721 0.0 
0.0 0.0 0.0 0.0 0.0 0.0 0.0 0.0 

0.0 0.0 0.0 0.0 0.0 0.0 0.0 0.0 
0.0 0.011853498355926535 0.10846112746227778 0.0 0.0 0.0 0.0 0.0 
0.0 0.3816518010851626 0.3816518010851626 0.0 0.0 0.0 0.0 0.0 
0.0 0.3731710385435144 0.3566123576668433 0.0 0.0 0.0 0.4944563379850584 0.0 
0.0 0.34732288949125517 0.34732288949125517 0.0 0.0 0.24896767790378388 0.4944563379850584 0.0 
0.0 0.03486011948133992 0.15218591161855827 0.08225493693892269 0.08225493693892269 0.2194530193155225 0.22921385806615963 0.0 
0.0 0.0851319445412354 0.0 0.63666743584309 0.63666743584309 0.013505444838101607 0.0 0.0 
0.0 0.0 0.0 0.0 0.0 0.0 0.0 0.0 

0.0 0.0 0.0 0.0 0.0 0.0 0.0 0.0 
0.0 0.5558097125458132 0.5558097125458132 0.3123819538862683 0.3123819538862683 0.23021768924472732 0.27691762803176695 0.0 
0.0 0.5558097125458132 0.5558097125458132 0.0 0.12658038322127896 0.33842742866883935 1.7645475254017533 0.0 
0.0 0.0 0.0 0.0 0.0 0.0 1.7645475254017533 0.0 
0.0 0.10951276 0.0 0.0013392709746653242 0.0 0.044116107524116224 0.029660244100912725 0.0 
0.0 0.10951276 0.10915115958352203 0.6036025959566852 0.6036025959566852 0.044116107524116224 0.1286566153368931 0.0 
0.0 0.13917192504707454 0.3317418895043425 0.5558130676837333 0.2420015859783135 0.0 0.16564244747183293 0.0 
0.0 0.0 0.0 0.0 0.0 0.0 0.0 0.0 

0.0 0.0 0.0 0.0 0.0 0.0 0.0 0.0 
0.0 1.3321677069150644 1.3321677069150644 1.1299911726820362 1.1539224995875221 1.2767290285063724 1.1248434129168017 0.0 
0.0 1.3321677069150644 1.3321677069150644 0.7209307388706317 1.0393420661563486 1.2767290285063724 1.7087987657194448 0.0 
0.0 0.8010305272853423 0.7649820285617107 0.7209307388706317 0.7117218714332589 0.5337563231804553 1.7087987657194448 0.0 
0.0 0.9395951 0.8895749832052336 1.0669433912139223 1.0669433912139223 1.0238157573025288 1.0238157573025288 0.0 
0.0 1.1714229994918859 1.0750948473162671 1.2179519823504161 1.2085724450320723 1.0222579064076587 0.9138462434832225 0.0 
0.0 1.1714229994918859 1.0750948473162671 1.2179519823504161 1.2085724450320723 0.8612265579573152 0.9138462434832225 0.0 
0.0 0.0 0.0 0.0 0.0 0.0 0.0 0.0 

0.0 0.0 0.0 0.0 0.0 0.0 0.0 0.0 
0.0 0.09598622505747684 0.0 0.0 0.0 0.0 0.0 0.0 
0.0 0.2873379247306362 0.2873379247306362 0.0 0.0 0.0021691602742885674 0.09804467059672799 0.0 
0.0 0.20014418745808393 0.0036963371985996724 0.0 0.0 0.0 0.09804467059672799 0.0 
0.0 0.0 0.0 0.0 0.0 0.0 0.0 0.0 
0.0 0.0 0.0 0.0 0.0 0.0 0.0 0.0 
0.0 0.07368097714990449 0.0 0.04199552581963367 0.04199552581963367 0.0 0.0 0.0 
0.0 0.0 0.0 0.0 0.0 0.0 0.0 0.0 

0.0 0.0 0.0 0.0 0.0 0.0 0.0 0.0 
0.0 0.6544249383789301 0.6413079580737073 0.3825527279675346 0.3825527279675346 0.3382137651404131 0.4076646920450593 0.0 
0.0 0.32741771215069726 0.5468870970111092 0.5148287302069555 0.5085656348218266 0.42318823347734413 0.4076646920450593 0.0 
0.0 0.46698459029169204 0.5468870970111092 0.5148287302069555 0.655984023249856 0.42504609963264184 0.05551076234413865 0.0 
0.0 0.39628995353587715 0.5168073143709079 0.5168073143709079 0.5697073635572745 0.38094734944430936 0.0 0.0 
0.0 0.6147364303295385 0.6037790059999631 0.5168073143709079 0.4309232033471516 0.514101811176472 0.514101811176472 0.0 
0.0 0.6335187551357508 0.6207071691663129 0.5870597500466351 0.6782818877637284 0.555884416331862 0.555884416331862 0.0 
0.0 0.0 0.0 0.0 0.0 0.0 0.0 0.0 

0.0 0.0 0.0 0.0 0.0 0.0 0.0 0.0 
0.0 1.8784251024132048 1.9187836828191653 2.0621948468447915 2.0621948468447915 2.01143199343937 2.070017135630437 0.0 
0.0 1.5922899204428658 1.7371959088033695 1.95639004614226 1.8751603209813377 1.8751603209813377 2.092786696906466 0.0 
0.0 2.0786477659780567 1.7802604083468934 1.786000073556725 1.830243604725857 1.8181958014483077 2.092786696906466 0.0 
0.0 2.0786477659780567 1.9764626946526263 1.9764626946526263 1.8331815049007845 1.8181958014483077 1.946239727597864 0.0 
0.0 2.000138280974794 1.9764626946526263 1.9764626946526263 1.739041764249389 1.8210125057051607 2.1022846596501483 0.0 
0.0 2.214143620021833 2.061796564765915 1.8125637142004267 1.973674709716094 2.1890698928217156 2.1890698928217156 0.0 
0.0 0.0 0.0 0.0 0.0 0.0 0.0 0.0 

0.0 0.0 0.0 0.0 0.0 0.0 0.0 0.0 
0.0 0.0 0.0 0.0 0.0 0.0 0.0 0.0 
0.0 0.0 0.0 0.0 0.0 0.0 0.0 0.0 
0.0 0.0 0.0 0.0 0.0 0.0 0.0 0.0 
0.0 0.0 0.0 0.0 0.0 0.0 0.0 0.0 
0.0 0.0 0.0 0.0 0.0 0.0 0.0 0.0 
0.0 0.0 0.0 0.0 0.0 0.0 0.0 0.0 
0.0 0.0 0.0 0.0 0.0 0.0 0.0 0.0 

0.0 0.0 0.0 0.0 0.0 0.0 0.0 0.0 
0.0 0.5895532891038119 0.19783842847169064 0.3384171400769044 0.5622706585613471 0.5897974672606223 0.5897974672606223 0.0 
0.0 0.7391779070164877 0.19783842847169064 0.0 0.0 0.16771941353010814 0.29958629292649597 0.0 
0.0 0.7620008550902166 0.21248983734744797 0.21248983734744797 0.17460161662845386 0.17460161662845386 0.07515178141346071 0.0 
0.0 0.6350787614323937 0.5574049580292634 0.42090444461450244 0.42608181942064016 0.42608181942064016 0.07515178141346071 0.0 
0.0 0.6027533480662587 0.5826905479726561 0.5488236407978109 0.39659565847311035 0.32549140860031145 0.012466764278414658 0.0 
0.0 0.4649149213099088 0.30005859085666176 0.30005859085666176 0.0 0.0 0.24404271678276274 0.0 
0.0 0.0 0.0 0.0 0.0 0.0 0.0 0.0 

0.0 0.0 0.0 0.0 0.0 0.0 0.0 0.0 
0.0 0.584883707201541 0.584883707201541 0.6011118359312068 0.5846373690983137 0.6944705389216214 0.5606858162189454 0.0 
0.0 0.07263921686337653 0.13382147238809272 0.2441349629580761 0.5271891237221005 0.6944705389216214 1.2148253874039916 0.0 
0.0 0.2982011986217683 0.12828088067538593 0.2441349629580761 0.10265108170175517 0.0 0.27566108147776247 0.0 
0.0 0.4125734542917109 0.07129998873854707 0.5449881263871187 0.5449881263871187 0.09950493485370067 0.0 0.0 
0.0 0.6728455845315046 0.5439697318018937 0.5449881263871187 0.5449881263871187 0.219638045138135 0.29844071765065716 0.0 
0.0 0.6741020941515528 0.5439697318018937 0.3905132191966931 0.08731374486371493 0.12572755991419016 0.29844071765065716 0.0 
0.0 0.0 0.0 0.0 0.0 0.0 0.0 0.0 

0.0 0.0 0.0 0.0 0.0 0.0 0.0 0.0 
0.0 0.5065510218256203 0.3002832885599776 0.38728496206142277 0.531736289855584 0.5244545102075658 0.5244545102075658 0.0 
0.0 0.0987425929165428 0.19459710725354384 0.13031415760141551 0.14719772373356205 0.1904575593422035 0.37462622567762915 0.0 
0.0 0.2784302253456573 0.0 0.03215621347235054 0.14719772373356205 0.5296074933528275 0.5296074933528275 0.0 
0.0 0.47508544 0.4333764506598159 0.7643987942686483 0.6677326171905554 0.5296074933528275 0.5296074933528275 0.0 
0.0 0.5211670455076374 0.5627859555562944 0.5584959612084424 0.41699467376432536 0.1576028902173468 0.5313067501061035 0.0 
0.0 0.13010147757696056 0.19731294900327673 0.12847344026270063 0.0 0.0 0.19497072724521958 0.0 
0.0 0.0 0.0 0.0 0.0 0.0 0.0 0.0 

0.0 0.0 0.0 0.0 0.0 0.0 0.0 0.0 
0.0 1.4984481496027977 0.830200000187112 0.744783335096011 0.860985750630689 0.860985750630689 0.5994558509055206 0.0 
0.0 1.4984481496027977 0.6981185755957084 0.6265535808555778 0.860985750630689 1.0782162710296697 1.0782162710296697 0.0 
0.0 0.7522944472513019 0.7522944472513019 0.2423128108126404 0.2891213050338969 1.0782162710296697 1.0782162710296697 0.0 
0.0 0.7522944472513019 0.7522944472513019 0.784502399534556 0.8071277672730954 0.8071277672730954 0.08737120000075795 0.0 
0.0 0.7124827047651383 1.1855970271312632 1.242601779955303 0.9976915105110346 0.8071277672730954 0.46136525590315175 0.0 
0.0 0.8029590240896477 1.1855970271312632 1.1855970271312632 0.5338684363473291 0.42167597602626633 0.5533686772584137 0.0 
0.0 0.0 0.0 0.0 0.0 0.0 0.0 0.0 

0.0 0.0 0.0 0.0 0.0 0.0 0.0 0.0 
0.0 0.8236925519908724 1.2910816181829587 0.946912383962197 0.5186901111911196 0.28051376653603827 0.11738774044184686 0.0 
0.0 1.723743194220594 1.723743194220594 1.0257752464111636 1.1673978562209517 2.063665535613324 2.063665535613324 0.0 
0.0 1.6432887627396902 1.6432887627396902 1.0257752464111636 0.7312895110073193 2.063665535613324 2.063665535613324 0.0 
0.0 0.7684850062792272 0.7684850062792272 0.597110444222073 0.5964630259851006 0.5964630259851006 0.5939098801734264 0.0 
0.0 0.0 0.5462323259352612 0.647797049531945 0.7270031846820186 0.8704935422470561 0.5939098801734264 0.0 
0.0 0.08599361490311824 0.5462323259352612 1.4502755722069922 1.4502755722069922 0.8704935422470561 0.3127606509865395 0.0 
0.0 0.0 0.0 0.0 0.0 0.0 0.0 0.0 

0.0 0.0 0.0 0.0 0.0 0.0 0.0 0.0 
0.0 0.0 0.0 0.0 0.0 0.0 0.0 0.0 
0.0 0.0 0.0 0.0 0.0 0.0 0.0 0.0 
0.0 0.0 0.0 0.0 0.0 0.0 0.0 0.0 
0.0 0.0 0.0 0.0 0.0 0.0 0.0 0.0 
0.0 0.0 0.0 0.0 0.0 0.0 0.0 0.0 
0.0 0.0 0.0 0.0 0.0 0.0 0.0 0.0 
0.0 0.0 0.0 0.0 0.0 0.0 0.0 0.0 

0.0 0.0 0.0 0.0 0.0 0.0 0.0 0.0 
0.0 0.7304550417591633 0.7279283883290292 0.7279283883290292 0.7037239358395602 0.7679261460566913 0.76625296178579 0.0 
0.0 0.39119627625866327 0.5736170924072647 0.6255628132056286 0.6503921647850901 0.7679261460566913 1.0192038631625604 0.0 
0.0 0.16675431834512788 0.707621073559624 0.8764802867456933 0.8764802867456933 0.608449794434153 0.27727883074161697 0.0 
0.0 0.23813338096632763 0.44303993298414873 0.5528388486397267 0.6220693370315605 0.608449794434153 0.17753936791853384 0.0 
0.0 0.7974782444774144 0.7392442363559683 0.6539801704579822 0.5528388486397267 0.5319051632753496 0.5319051632753496 0.0 
0.0 0.7974782444774144 0.7392442363559683 0.6539801704579822 0.3711998715613203 0.5319051632753496 0.5319051632753496 0.0 
0.0 0.0 0.0 0.0 0.0 0.0 0.0 0.0 

0.0 0.0 0.0 0.0 0.0 0.0 0.0 0.0 
0.0 0.0 0.0 0.0 0.0 0.0 0.0 0.0 
0.0 0.15070200328849992 0.15070200328849992 0.0 0.0 0.0 0.0 0.0 
0.0 0.0 0.0 0.0 0.0 0.0 0.0 0.0 
0.0 0.0 0.0 0.0 0.0 0.0 0.0 0.0 
0.0 0.0 0.0 0.0 0.0 0.0 0.0 0.0 
0.0 0.0 0.0 0.0 0.0 0.0 0.0 0.0 
0.0 0.0 0.0 0.0 0.0 0.0 0.0 0.0 

0.0 0.0 0.0 0.0 0.0 0.0 0.0 0.0 
0.0 0.46469407271989627 0.0 0.0 0.0 0.03621775 0.03621775 0.0 
0.0 0.8751024400196815 0.0 0.0 0.08035600838519398 0.5775851666190058 0.5775851666190058 0.0 
0.0 0.8751024400196815 0.377921860746605 0.0 0.08035600838519398 1.1928107502587713 1.1928107502587713 0.0 
0.0 0.7618148752531962 0.377921860746605 0.11677056431932192 0.443716762788459 0.47453205931059766 0.47453205931059766 0.0 
0.0 0.37470058809632767 0.37470058809632767 0.3339558471003822 0.443716762788459 0.443716762788459 0.03424340580608172 0.0 
0.0 0.006794236769729359 0.5295085917846636 0.5295085917846636 0.03767169741685078 0.057707684746141234 0.057707684746141234 0.0 
0.0 0.0 0.0 0.0 0.0 0.0 0.0 0.0 

0.0 0.0 0.0 0.0 0.0 0.0 0.0 0.0 
0.0 0.0 0.0 0.0 0.0 0.0 0.0 0.0 
0.0 0.0 0.0 0.0 0.0 0.0 0.0 0.0 
0.0 0.0 0.0 0.0 0.0 0.0 0.0 0.0 
0.0 0.0 0.0 0.0 0.0 0.0 0.0 0.0 
0.0 0.0 0.0 0.0 0.0 0.0 0.0 0.0 
0.0 0.0 0.0 0.0 0.0 0.0 0.0 0.0 
0.0 0.0 0.0 0.0 0.0 0.0 0.0 0.0 

0.0 0.0 0.0 0.0 0.0 0.0 0.0 0.0 
0.0 0.6369332944179291 0.6369332944179291 0.010673560377033701 0.0 0.0 0.0 0.0 
0.0 0.8020253234798047 0.8020253234798047 0.010673560377033701 0.0 0.03084858392457429 0.2913199429332247 0.0 
0.0 0.7010033901894465 0.7010033901894465 0.11522770483123423 0.0 0.03084858392457429 1.0509841151833639 0.0 
0.0 0.21123567110003527 0.21123567110003527 0.11522770483123423 0.0 0.17143339591448103 0.2710440609285012 0.0 
0.0 0.0 0.0 0.07945180267672541 0.07945180267672541 0.35275504285794823 0.17143339591448103 0.0 
0.0 0.0 0.0 0.6075605125020109 0.6075605125020109 0.07394599670739926 0.0 0.0 
0.0 0.0 0.0 0.0 0.0 0.0 0.0 0.0 

0.0 0.0 0.0 0.0 0.0 0.0 0.0 0.0 
0.0 0.0 0.0 0.0 0.0 0.0 0.0 0.0 
0.0 0.0 0.0 0.0 0.0 0.0 0.0 0.0 
0.0 0.0 0.0 0.0 0.0 0.0 0.0 0.0 
0.0 0.0 0.0 0.0 0.0 0.0 0.0 0.0 
0.0 0.0 0.0 0.0 0.0 0.0 0.0 0.0 
0.0 0.0 0.0 0.0 0.0 0.0 0.0 0.0 
0.0 0.0 0.0 0.0 0.0 0.0 0.0 0.0 

0.0 0.0 0.0 0.0 0.0 0.0 0.0 0.0 
0.0 0.0 0.0 0.0 0.0 0.0 0.0 0.0 
0.0 0.0 0.0 0.0 0.0 0.0 0.0 0.0 
0.0 0.0 0.0 0.0 0.0 0.0 0.41199003915747634 0.0 
0.0 0.0 0.0 0.0 0.0 0.0 0.4002258352411279 0.0 
0.0 0.0 0.0 0.0 0.0 0.0 0.0 0.0 
0.0 0.0 0.0 0.0241304544632501 0.021027495721057846 0.0 0.0 0.0 
0.0 0.0 0.0 0.0 0.0 0.0 0.0 0.0 

0.0 0.0 0.0 0.0 0.0 0.0 0.0 0.0 
0.0 0.9524222237292341 0.7128941994349403 0.7128941994349403 0.7411620167007956 0.7411620167007956 0.6773266068033923 0.0 
0.0 0.9017770915101758 0.9017770915101758 0.5656750120351752 0.7411620167007956 1.3658730390025358 1.3658730390025358 0.0 
0.0 0.6643242081849114 0.6379179555571861 0.5656750120351752 0.48153553374154945 0.9359071016866428 1.0984042731755825 0.0 
0.0 0.6379179555571861 0.6379179555571861 0.5865623444619672 0.5704790312864545 0.48256523757503306 0.4496664277953398 0.0 
0.0 0.38830507 0.9775954538284404 0.9775954538284404 0.6381634571691265 0.5551592962923517 0.5582023869203129 0.0 
0.0 0.5079904001137534 0.9775954538284404 0.9775954538284404 0.5706578015582899 0.5618105495813552 0.5618105495813552 0.0 
0.0 0.0 0.0 0.0 0.0 0.0 0.0 0.0 

0.0 0.0 0.0 0.0 0.0 0.0 0.0 0.0 
0.0 0.0 0.0 0.0 0.0 0.0 0.0 0.0 
0.0 0.0 0.0 0.0 0.0 0.0 0.0 0.0 
0.0 0.0 0.0 0.0 0.0 0.0 0.0 0.0 
0.0 0.0 0.0 0.0 0.0 0.0 0.0 0.0 
0.0 0.0 0.0 0.0 0.0 0.0 0.0 0.0 
0.0 0.0 0.0 0.0 0.0 0.0 0.0 0.0 
0.0 0.0 0.0 0.0 0.0 0.0 0.0 0.0 

0.0 0.0 0.0 0.0 0.0 0.0 0.0 0.0 
0.0 0.8418218510348676 0.8562249942289485 0.8297519182839709 0.7988546471610232 0.45829785 0.45829785 0.0 
0.0 1.0388852096326968 0.6188126860727573 0.8297519182839709 0.7988546471610232 0.7064277133167003 0.9311922922061167 0.0 
0.0 1.0388852096326968 0.723655917008392 0.6726088695972985 0.5889817865715774 0.7064277133167003 0.9311922922061167 0.0 
0.0 0.4852406236998295 0.6051580733650734 0.6726088695972985 0.6332429060646421 0.5729116237406122 0.0732068023951511 0.0 
0.0 0.5302320003469925 0.7484151480493926 0.8550246246677178 0.7307586929256986 0.5384287974958035 0.3409646835503225 0.0 
0.0 0.62679707162515 0.5818070760327407 0.7307586929256986 0.7307586929256986 0.6498976835205847 0.5772950933236051 0.0 
0.0 0.0 0.0 0.0 0.0 0.0 0.0 0.0 

0.0 0.0 0.0 0.0 0.0 0.0 0.0 0.0 
0.0 0.9888790491874151 0.19843973422251612 0.41084766943566275 0.489252957719191 0.49750188 0.49750188 0.0 
0.0 1.060935277330662 0.27020944487860116 0.27020944487860116 0.5678426174874259 0.39528275770743515 0.418619387485917 0.0 
0.0 1.090056863485476 0.7455784126908835 0.13873308749501162 0.5678426174874259 0.8362105763729799 0.8362105763729799 0.0 
0.0 0.9734648103379004 0.9734648103379004 0.36786651562014927 0.47555695378452506 0.47555695378452506 0.3650550302654571 0.0 
0.0 0.6686412684584973 0.6609725125091601 0.6609725125091601 0.47555695378452506 0.47555695378452506 0.2895246761177588 0.0 
0.0 0.6312924514098348 0.6609725125091601 0.6609725125091601 0.33822513121948694 0.2813564087978697 0.2895246761177588 0.0 
0.0 0.0 0.0 0.0 0.0 0.0 0.0 0.0 

0.0 0.0 0.0 0.0 0.0 0.0 0.0 0.0 
0.0 0.3071023292012617 0.47842289666346893 0.13981396692583142 0.06969771025924176 0.19809433634981327 0.0 0.0 
0.0 0.7638363122221704 0.639705966705569 0.5474739411287649 0.5736478402282709 0.4997938246947353 0.41621027954934187 0.0 
0.0 0.7638363122221704 0.3494392683497257 0.18672433612242514 0.5736478402282709 1.7747538000274836 1.7747538000274836 0.0 
0.0 0.3002241860235722 0.05808539919788108 0.0 0.1711184292915577 1.1044049948537926 1.1044049948537926 0.0 
0.0 0.0 0.25378081338659636 0.48707027903680367 0.8038768594938791 0.8038768594938791 0.011243644878020348 0.0 
0.0 0.0 0.25378081338659636 0.48707027903680367 0.8038768594938791 0.8038768594938791 0.011243644878020348 0.0 
0.0 0.0 0.0 0.0 0.0 0.0 0.0 0.0 

0.0 0.0 0.0 0.0 0.0 0.0 0.0 0.0 
0.0 0.0 0.0 0.0 0.0 0.0 0.0035122419762418644 0.0 
0.0 0.0 0.0 0.0 0.0 0.0 0.0035122419762418644 0.0 
0.0 0.0 0.0 0.0 0.0 0.0 0.0 0.0 
0.0 0.0 0.0 0.0 0.0 0.0 0.0011908390019348541 0.0 
0.0 0.0 0.0 0.0 0.0 0.0 0.0011908390019348541 0.0 
0.0 0.0 0.0 0.0 0.0 0.0 0.0 0.0 
0.0 0.0 0.0 0.0 0.0 0.0 0.0 0.0 

0.0 0.0 0.0 0.0 0.0 0.0 0.0 0.0 
0.0 0.4474966305925819 0.12896253667896382 0.0 0.09644050561568449 0.12052306 0.12052306 0.0 
0.0 0.46719721013860777 0.0 0.0 0.1132437077260571 0.3433174224074996 0.3433174224074996 0.0 
0.0 0.48528613968396317 0.2556751404620029 0.11943090202004406 0.17590413546191985 0.5527049109389618 0.5527049109389618 0.0 
0.0 0.42951642929028727 0.42951642929028727 0.2167629385131034 0.4005014892736903 0.4005014892736903 0.0 0.0 
0.0 0.16127593567324905 0.21237660221053123 0.26246743559299507 0.34068149288417854 0.34068149288417854 0.030937600003289135 0.0 
0.0 0.16127593567324905 0.5801666109285926 0.5801666109285926 0.048395407954555575 0.12870541081139242 0.1908986055876593 0.0 
0.0 0.0 0.0 0.0 0.0 0.0 0.0 0.0 

0.0 0.0 0.0 0.0 0.0 0.0 0.0 0.0 
0.0 0.0 0.0 0.0 0.0 0.0 0.0 0.0 
0.0 0.0 0.0 0.0 0.0 0.0 0.0 0.0 
0.0 0.0 0.0 0.0 0.0 0.0 0.0 0.0 
0.0 0.0 0.0 0.0 0.0 0.0 0.0 0.0 
0.0 0.0 0.0 0.0 0.0 0.0 0.0 0.0 
0.0 0.0 0.0 0.0 0.0 0.0 0.0 0.0 
0.0 0.0 0.0 0.0 0.0 0.0 0.0 0.0 

0.0 0.0 0.0 0.0 0.0 0.0 0.0 0.0 
0.0 0.0 0.0 0.0 0.0 0.0 0.0 0.0 
0.0 0.0 0.0 0.0 0.0 0.0 0.0 0.0 
0.0 0.0 0.0 0.0 0.0 0.0 0.0 0.0 
0.0 0.0 0.0 0.0 0.0 0.0 0.0 0.0 
0.0 0.0 0.0 0.0 0.0 0.0 0.0 0.0 
0.0 0.0 0.0 0.0 0.0 0.0 0.0 0.0 
0.0 0.0 0.0 0.0 0.0 0.0 0.0 0.0 

0.0 0.0 0.0 0.0 0.0 0.0 0.0 0.0 
0.0 0.0 0.0 0.0 0.0 0.0 0.0 0.0 
0.0 0.0 0.0 0.0 0.0 0.0 0.0 0.0 
0.0 0.0 0.0 0.0 0.0 0.0 0.0 0.0 
0.0 0.0 0.0 0.0 0.0 0.0 0.0 0.0 
0.0 0.0 0.0 0.0 0.0 0.0 0.0 0.0 
0.0 0.0 0.0 0.0 0.0 0.0 0.0 0.0 
0.0 0.0 0.0 0.0 0.0 0.0 0.0 0.0 

