0.9668665579365798 0.9668665579365798 0.5985084507690698 
0.3915695502519352 0.611490791403454 0.611490791403454 
0.9881190972163233 1.7149674974054063 1.7149674974054063 

0.0 0.0 0.0 
0.0 0.0 0.0 
0.0 0.0 0.0 

2.9161652311747237 2.1896722578687697 2.2782201075644246 
2.740511035570986 2.243953443623723 2.1711280642835855 
2.2158860292635585 2.2158860292635585 1.8822082567746097 

0.33379621582505387 0.14662604060912365 0.0 
0.19767194738321145 0.19767194738321145 0.0 
0.19767194738321145 0.19767194738321145 0.0 

0.435459817745612 0.3714913945381261 0.0 
0.5484036020747787 0.3714913945381261 0.0 
0.5484036020747787 0.0 0.0 

0.04531225012429255 0.1539503722652291 0.1539503722652291 
0.0 0.579493572433616 0.579493572433616 
0.0 0.36428395442409217 0.36428395442409217 

0.0 0.0 0.0 
0.0 0.0 0.0 
0.0 0.0 0.0 

1.6802331803646933 2.385872061254829 2.385872061254829 
1.5957959936842958 2.385872061254829 2.385872061254829 
1.5957959936842958 1.952182595215967 2.0892057005894333 

2.2097964826371213 2.1964539930491873 2.1964539930491873 
0.8083451902561716 2.594298597057773 2.594298597057773 
0.5279881929405486 2.594298597057773 2.594298597057773 

1.9906870492289468 2.1628066881247325 1.8145177384678253 
2.4638404921757306 2.4638404921757306 1.6584580822901518 
3.1355626677777937 3.1355626677777937 2.95835445461872 

2.115436598949451 1.8063817457410327 0.7900651781610889 
1.4430569419278474 0.9620865703044055 0.01595500732513351 
1.4430569419278474 0.9620865703044055 0.733336836949268 

2.048979157307531 2.048979157307531 0.7538764108670304 
2.6863225321352107 1.8851884741873364 0.42133761716574253 
2.6863225321352107 1.7008463708982304 0.0 

4.04472759340087 4.04472759340087 2.6891159568975778 
4.348363289610637 4.04472759340087 2.3203911282586116 
4.348363289610637 3.933988568606002 2.1607307715791135 

0.06549018099153517 0.06549018099153517 0.8205153058385144 
0.18096801465999274 0.0 0.7381850553534647 
0.18096801465999274 0.0 0.5835012846819668 

0.0 0.0 0.5267572949952803 
0.0 0.0 0.7141409654476067 
0.2197265521363193 0.0442301562781133 0.5911236830586696 

0.0 0.0 0.0 
0.0 0.0 0.0 
0.0 0.0 0.0 

5.333003639026175 4.5215304716687355 3.645681043661132 
5.913952746690009 5.913952746690009 3.645681043661132 
5.8760839879259406 5.710386488752892 2.7808601061658167 

0.9276379320714503 0.8026299829788753 0.357985945956311 
0.3379167452706143 0.6610906215387684 0.6610906215387684 
0.8413485436634556 0.8413485436634556 0.6610906215387684 

0.0 0.0 0.0 
0.0 0.0 0.0 
0.0 0.0 0.0 

0.0 0.0 0.5815519912454086 
0.0 0.06372567183146728 0.12055931374856468 
1.1794875780251928 1.2719378015996716 1.2719378015996716 

