1.3237082072099653 1.2725982387520518 1.4792372818147284 
1.2546412094173716 1.2243131678957462 1.670620097138354 
1.4236599496435225 1.5611331852713943 1.5795987828322944 

0.0 0.0 0.0 
0.0 0.0 0.0 
0.0 0.0 0.0 

3.267181012965722 2.1377490410497675 2.4980296548078478 
3.267181012965722 2.3153188211740487 2.5458068288854503 
2.5895299512333505 2.3153188211740487 2.5458068288854503 

0.18391408797796205 0.08532825272240074 0.004922044328100145 
0.19457273114576668 0.1605872397583645 0.0 
0.1712581408554104 0.1605872397583645 0.0 

0.44809909798506825 0.4473944775031005 0.07082928526913113 
0.6433082847761984 0.6433082847761984 0.061408505185829854 
0.19674278154911337 0.061408505185829854 0.061408505185829854 

0.06389195465625536 0.12030396605639448 0.6022738597746707 
0.0 0.0 0.4037625837133091 
0.0 0.0 0.32619633142733356 

0.0 0.0 0.0 
0.0 0.0 0.0 
0.0 0.0 0.0 

2.0465901016998203 2.0465901016998203 1.9649441710893332 
1.6228779929100148 1.7650497167807406 1.6843472327005373 
1.4692004326779637 1.646774908218707 1.4203794557598615 

2.313226772747598 1.9847252836157783 2.1559375267430227 
1.9528428962094433 1.8249165498339994 2.189336985010934 
1.0454176935687984 1.1858602395906734 1.9051413213582813 

2.1037896261126834 2.1037896261126834 1.8983284755065297 
2.359202173863461 2.080951939539864 1.8983284755065297 
2.880516467892963 2.9218516202177525 2.665165931228562 

1.891913174004616 1.891913174004616 1.8586670906316867 
1.7799664048079944 1.5705123590574357 1.1656168926926822 
1.7799664048079944 1.5705123590574357 1.144433754219903 

1.9304312250029436 1.9304312250029436 1.4753757876995164 
2.333340448193334 2.117150188862895 1.6533591921195754 
2.333340448193334 1.7142077251079146 1.6533591921195754 

3.700531294160597 3.47013846286417 2.8718164405977125 
3.8481855799158295 3.8345064097432484 3.2837855243330574 
3.8481855799158295 3.6576589639053214 3.2319506169306766 

0.24091512415785357 0.0 1.0721148869949233 
0.15341746018684774 0.2190699710632406 0.9619337459486995 
0.07025012982464575 0.2190699710632406 0.8753406210051994 

0.08025925286065377 0.0 0.1844363894325399 
0.0 0.0 0.17611100019311365 
0.26180787545634154 0.0 0.20699680934895254 

0.0918845108782421 0.0 0.0 
0.0 0.0 0.0 
0.0 0.0 0.0 

3.925617864142574 3.7414983222782436 3.7470458114411627 
5.5087580886606045 4.752851236202968 3.8234022436938053 
5.4197093064304696 4.752851236202968 4.436364829630264 

0.8937148318710909 0.8937148318710909 0.5334178403663151 
0.8549725127242236 0.5742927899806242 0.2734829022996127 
0.7179527600935753 0.7179527600935753 0.4610496026900083 

0.0 0.0 0.0 
0.0 0.0 0.0 
0.0 0.0 0.0 

0.6931951140020068 0.23629411029329325 0.6206202219034112 
0.1649924099617329 0.0 0.2724650381360212 
0.8258052251771294 0.9606894620190141 0.9606894620190141 

