0.0 0.0 0.0 0.0 0.0 0.0 0.0 0.0 
0.0 2.0996749469207425 2.3006080198915067 2.3006080198915067 1.76465241939234 2.2536757224691355 1.0625463558927413 0.0 
0.0 1.9746513751346493 2.030677172034293 2.030677172034293 1.608997458991415 2.2536757224691355 1.6475196640779453 0.0 
0.0 1.9746513751346493 2.030677172034293 2.030677172034293 1.8462022111733867 1.8462022111733867 2.63946089987251 0.0 
0.0 1.6037754653667533 1.8303050276347328 1.8303050276347328 1.6581346223261466 1.5614124595735583 2.63946089987251 0.0 
0.0 1.4902679889002428 1.4368046571353021 1.377107750064786 1.3795272578389415 1.3615878035786444 2.325968878589784 0.0 
0.0 1.6265813755607808 1.5197501119170616 2.022227215187469 1.8836530269382739 2.103290103820411 2.103290103820411 0.0 
0.0 0.0 0.0 0.0 0.0 0.0 0.0 0.0 

0.0 0.0 0.0 0.0 0.0 0.0 0.0 0.0 
0.0 0.19956997471252358 0.1248594753926416 0.09902467261034911 0.19970103958428873 0.6719185423578915 0.6719185423578915 0.0 
0.0 0.0 0.15479108058804114 0.0 0.0 1.5721719916190282 1.5721719916190282 0.0 
0.0 0.45277577611126363 0.45277577611126363 0.0 0.0 2.058429389839239 2.058429389839239 0.0 
0.0 0.45277577611126363 0.45277577611126363 0.25057233694844316 0.11885423193480776 2.231098792935407 2.231098792935407 0.0 
0.0 0.4981085213199382 0.30221116167630346 0.43117994946968574 0.3338223916624813 1.9174645100039833 1.9174645100039833 0.0 
0.0 0.11368307026632964 0.11405698485996671 0.11405698485996671 0.0558332430276889 0.12274658774966968 0.06162970810860602 0.0 
0.0 0.0 0.0 0.0 0.0 0.0 0.0 0.0 

0.0 0.0 0.0 0.0 0.0 0.0 0.0 0.0 
0.0 0.07596511585406075 0.0 0.0 0.0 0.0 0.558021207430837 0.0 
0.0 0.1065926888222665 0.29431426791757986 0.29431426791757986 0.0 0.4315333960244184 2.281564647944516 0.0 
0.0 0.0 0.0 0.0 0.0 0.8500720280110172 2.281564647944516 0.0 
0.0 0.00960912967574863 0.027151917659726965 0.0 0.0 0.8022925201756453 1.9429250148148163 0.0 
0.0 0.3612969063242195 0.2546331022642427 0.44876308626576017 0.44876308626576017 1.5435203509311983 1.5435203509311983 0.0 
0.0 0.3612969063242195 0.29350993171758205 0.44876308626576017 0.44876308626576017 1.5435203509311983 1.5435203509311983 0.0 
0.0 0.0 0.0 0.0 0.0 0.0 0.0 0.0 

0.0 0.0 0.0 0.0 0.0 0.0 0.0 0.0 
0.0 0.0 0.0 0.3611766300496625 0.8222326016940781 2.0855449866722884 2.6823686888287415 0.0 
0.0 0.0 0.0 0.0 0.0 1.0908330362815029 2.6823686888287415 0.0 
0.0 0.06708574809412131 0.06708574809412131 0.0 0.0 0.0 1.519036233877573 0.0 
0.0 0.3759243172051059 0.5331279514667912 0.5331279514667912 0.32125953633810567 0.32125953633810567 0.894592916435772 0.0 
0.0 0.3759243172051059 0.8385327832624946 1.0670170357546058 0.8328853690328163 0.32125953633810567 0.8376090153706343 0.0 
0.0 0.0 0.0 0.0 0.0 0.0 0.0 0.0 
0.0 0.0 0.0 0.0 0.0 0.0 0.0 0.0 

0.0 0.0 0.0 0.0 0.0 0.0 0.0 0.0 
0.0 1.371605177670543 0.9067125400213308 0.9162053459651419 1.0532493639674116 1.1414409653187774 1.9393312939214589 0.0 
0.0 0.9806969843292697 1.0634429651029382 1.0634429651029382 0.46692719584146 0.6059715828532674 2.1947154553018136 0.0 
0.0 0.9541463287557105 0.7955073690181775 0.5934752335811697 0.2543027422318229 0.2543027422318229 2.1947154553018136 0.0 
0.0 1.120843178740808 1.0545669221011622 1.0545669221011622 0.9489655810327677 0.8995266537073343 1.9588692767341127 0.0 
0.0 1.3262935859882234 1.2554840081887182 1.3680866945898036 1.4058529015893875 1.5532360789128725 1.9110086798946724 0.0 
0.0 1.3262935859882234 0.6843173292832189 1.0611079396571534 1.0611079396571534 0.7769228222865617 0.6128222218058325 0.0 
0.0 0.0 0.0 0.0 0.0 0.0 0.0 0.0 

0.0 0.0 0.0 0.0 0.0 0.0 0.0 0.0 
0.0 0.31875174993982525 0.46978463176804236 0.46978463176804236 0.0 0.5915880528794001 0.5915880528794001 0.0 
0.0 0.0364266912847808 0.34050837756696306 0.34050837756696306 0.0 0.0 0.17603115239338593 0.0 
0.0 0.0 0.0 0.0 0.0 0.0 0.0 0.0 
0.0 0.0 0.0 0.0 0.0 0.0 0.0 0.0 
0.0 0.24156555717122127 0.0 0.028596795369058688 0.17125193858397939 0.1005827762906858 0.0 0.0 
0.0 0.24156555717122127 0.0 0.028596795369058688 0.17125193858397939 0.1005827762906858 0.0 0.0 
0.0 0.0 0.0 0.0 0.0 0.0 0.0 0.0 

0.0 0.0 0.0 0.0 0.0 0.0 0.0 0.0 
0.0 0.6877465547995977 1.4141027484945476 1.4141027484945476 0.35172534053291066 0.23284992852438977 0.0 0.0 
0.0 0.5972460041494644 1.1638736325582748 0.999809611393184 1.1991847870345282 1.1991847870345282 0.0 0.0 
0.0 0.5335842816272705 0.9423304232558197 0.745123287429879 1.1991847870345282 1.1991847870345282 0.0 0.0 
0.0 0.4677945885529101 0.6863375316967439 0.6538234207381209 0.6538234207381209 0.39212637129358424 0.0 0.0 
0.0 0.5680908713219351 0.5680908713219351 0.15783828263026745 0.6472961381635014 1.8403499480222785 1.2367189398379954 0.0 
0.0 0.5680908713219351 0.5680908713219351 0.31589093147450337 0.6472961381635014 1.8403499480222785 1.2367189398379954 0.0 
0.0 0.0 0.0 0.0 0.0 0.0 0.0 0.0 

0.0 0.0 0.0 0.0 0.0 0.0 0.0 0.0 
0.0 2.0815040398197944 2.0815040398197944 1.4920792936988145 1.8906908721103617 3.2735842601748386 3.3569140267649105 0.0 
0.0 2.089948681784784 2.089948681784784 1.926884229200753 2.2159048797984386 3.211654800727741 3.3569140267649105 0.0 
0.0 2.089948681784784 2.089948681784784 1.926884229200753 2.2159048797984386 2.0731210436380216 2.423534798205522 0.0 
0.0 1.9640045379979894 1.940504234366398 1.9033314818348899 1.9897788111462673 1.9897788111462673 2.218243555293407 0.0 
0.0 1.8972295278140026 1.9327383256544346 1.866753700821746 1.886066754149129 1.7927118225994594 1.7950631048160546 0.0 
0.0 1.9839039350307401 1.9621794491663143 1.8690013228986084 1.8690013228986084 1.8387766644700876 2.236810010185766 0.0 
0.0 0.0 0.0 0.0 0.0 0.0 0.0 0.0 

0.0 0.0 0.0 0.0 0.0 0.0 0.0 0.0 
0.0 0.0 0.0 0.0 0.0 0.0 0.0 0.0 
0.0 0.0 0.0 0.0 0.0 0.0 0.0 0.0 
0.0 0.0 0.0 0.0 0.0 0.0 0.0 0.0 
0.0 0.0 0.0 0.0 0.0 0.0 0.0 0.0 
0.0 0.0 0.0 0.0 0.0 0.0 0.0 0.0 
0.0 0.0 0.0 0.0 0.0 0.0 0.0 0.0 
0.0 0.0 0.0 0.0 0.0 0.0 0.0 0.0 

0.0 0.0 0.0 0.0 0.0 0.0 0.0 0.0 
0.0 0.46421720730474025 0.49286527702136407 0.49286527702136407 0.0 0.8715993896266848 1.6608101777692412 0.0 
0.0 0.4725443356149322 0.4836447886936985 0.0367301117258495 0.0 0.2736876694855826 0.0 0.0 
0.0 0.4725443356149322 0.5540316675351524 0.5329516984596234 0.03870328618938628 0.8591658071754561 0.0 0.0 
0.0 0.8443007999995855 0.5540316675351524 0.6200693829469679 0.5926047573441612 1.3190352722458432 0.0 0.0 
0.0 0.5436093378689917 0.5214230572238744 0.6200693829469679 0.5926047573441612 1.3190352722458432 0.0 0.0 
0.0 0.298252271981471 0.14406765001031363 0.0 0.0 0.28024816760084137 0.0 0.0 
0.0 0.0 0.0 0.0 0.0 0.0 0.0 0.0 

0.0 0.0 0.0 0.0 0.0 0.0 0.0 0.0 
0.0 1.0205743083203105 1.0204740905224459 1.0204740905224459 0.5804724383363695 0.5597934748235428 0.5391330117654553 0.0 
0.0 0.3211609696247811 0.6125406570987643 0.6125406570987643 0.07104538518089831 0.07104538518089831 0.0 0.0 
0.0 0.4266984848780846 0.3967512570347556 0.023201927822227915 0.07104538518089831 0.12428220174924193 0.12428220174924193 0.0 
0.0 0.4266984848780846 0.5750484015226743 0.5750484015226743 0.47601658982870154 0.8423863140310041 0.8423863140310041 0.0 
0.0 0.7563464427434718 0.5750484015226743 0.5750484015226743 0.47601658982870154 0.8423863140310041 0.8423863140310041 0.0 
0.0 0.7563464427434718 0.0 0.0 0.0 0.5737334200066753 0.5737334200066753 0.0 
0.0 0.0 0.0 0.0 0.0 0.0 0.0 0.0 

0.0 0.0 0.0 0.0 0.0 0.0 0.0 0.0 
0.0 0.522269173249659 0.9549186901016874 0.9248217670946257 0.14567412906499946 2.380490167000091 2.380490167000091 0.0 
0.0 0.5715968455989996 0.5715968455989996 0.46175800604640166 0.14567412906499946 3.9691320381727655 3.9691320381727655 0.0 
0.0 0.5715968455989996 0.5715968455989996 0.22953527564867915 0.2538963564672365 5.432124366158706 5.432124366158706 0.0 
0.0 0.7221989138296563 0.6749528185840983 0.9070890749305393 0.9070890749305393 5.432124366158706 5.432124366158706 0.0 
0.0 0.7221989138296563 0.44171061307889004 0.9070890749305393 0.9070890749305393 4.296079212832079 4.296079212832079 0.0 
0.0 0.0 0.3208098684643538 0.3208098684643538 0.0 0.0 0.0 0.0 
0.0 0.0 0.0 0.0 0.0 0.0 0.0 0.0 

0.0 0.0 0.0 0.0 0.0 0.0 0.0 0.0 
0.0 1.2590945618331364 1.1865528475400884 1.1865528475400884 1.0151901551791318 1.6524163690644744 1.1916633017551472 0.0 
0.0 0.8736048227434434 0.5894857585405945 0.5894857585405945 0.17471329049606732 0.5783595522590995 0.5611660469547667 0.0 
0.0 0.7482389372316346 0.51108846057042 0.3569727360599274 0.17471329049606732 0.17471329049606732 0.4322395947424831 0.0 
0.0 0.9252602441530593 0.9872717088239846 0.9872717088239846 0.94781933985908 0.8539838354443605 0.4322395947424831 0.0 
0.0 1.0408883491191803 1.0610799043326544 1.1573639580330548 1.1573639580330548 1.1541911995366023 1.1541911995366023 0.0 
0.0 1.0408883491191803 0.43241234911192106 0.29788900826065623 0.29788900826065623 1.1541911995366023 1.1541911995366023 0.0 
0.0 0.0 0.0 0.0 0.0 0.0 0.0 0.0 

0.0 0.0 0.0 0.0 0.0 0.0 0.0 0.0 
0.0 1.3136399251721214 1.3782760931862907 1.9545343887998199 1.841188716290774 1.6882657838426418 0.0 0.0 
0.0 0.9372615557974292 0.9167065102173506 1.841188716290774 1.841188716290774 1.8367899693801393 0.0 0.0 
0.0 0.4493885172000915 0.8959872327664528 1.4166697115509383 1.4166697115509383 0.9370861999067813 0.0 0.0 
0.0 0.803680450028834 0.803680450028834 0.5174138803594693 0.46410774859459825 0.7686471368633355 0.0 0.0 
0.0 0.9500594475507844 0.9500594475507844 0.7333672468608717 1.0411752964189223 1.8859911787550163 1.8859911787550163 0.0 
0.0 0.6070874383831588 0.4026864693451345 0.6820046365234197 1.0411752964189223 1.8859911787550163 1.8859911787550163 0.0 
0.0 0.0 0.0 0.0 0.0 0.0 0.0 0.0 

0.0 0.0 0.0 0.0 0.0 0.0 0.0 0.0 
0.0 0.0 0.0 0.0 0.0 0.0 0.3641919997862023 0.0 
0.0 0.0 0.0 0.0 0.0 0.0 1.6140308049545231 0.0 
0.0 0.0 0.0 0.0 0.0 0.0 2.1779635636737114 0.0 
0.0 0.0 0.0 0.0 0.0 0.0 1.8321205461168693 0.0 
0.0 0.0 0.0 0.0 0.0 0.0 1.559978862376707 0.0 
0.0 0.0 0.0 0.1508000053619924 0.0 0.0 0.03292994643214703 0.0 
0.0 0.0 0.0 0.0 0.0 0.0 0.0 0.0 

0.0 0.0 0.0 0.0 0.0 0.0 0.0 0.0 
0.0 0.948648229924262 1.0479452180336777 1.2049904481909006 1.2037325473711442 0.46167050227373885 0.5603178869241608 0.0 
0.0 0.9074510362266119 0.6688781329079657 1.2049904481909006 1.3463601815208555 1.0716871165632762 0.0 0.0 
0.0 0.621307663453554 0.79759742436469 1.3474731541953544 1.4018801560853593 1.1965066186301017 0.0 0.0 
0.0 0.5305455478341141 0.5522654318579191 0.7069533746654961 0.7069533746654961 0.6465587547915211 0.0 0.0 
0.0 0.39166422093317477 0.2990611411060585 0.3370565368805443 0.4452739761908893 0.4452739761908893 0.0 0.0 
0.0 0.24152861672765458 0.05008169436168882 0.0 0.19245569292859818 0.1041407902165161 0.3361038615951353 0.0 
0.0 0.0 0.0 0.0 0.0 0.0 0.0 0.0 

0.0 0.0 0.0 0.0 0.0 0.0 0.0 0.0 
0.0 0.0 0.23520172902248132 0.2920690839947563 0.0 0.0 0.0 0.0 
0.0 0.0 0.0648104467328956 0.3654218359680862 0.3654218359680862 0.0 0.0 0.0 
0.0 0.0 0.0 0.0 0.1255175923797356 0.0 0.0 0.0 
0.0 0.0 0.0 0.0 0.0 0.0 0.0 0.0 
0.0 0.0 0.0 0.4587547081455031 0.154699387020312 0.23231011292968706 0.0 0.0 
0.0 0.0 0.0 0.4587547081455031 0.154699387020312 0.23231011292968706 0.0 0.0 
0.0 0.0 0.0 0.0 0.0 0.0 0.0 0.0 

0.0 0.0 0.0 0.0 0.0 0.0 0.0 0.0 
0.0 0.4980258097687061 0.0 0.14777429850687726 1.3407973809490985 2.060932009305807 0.0 0.0 
0.0 0.12556087320883536 0.8022083823480256 0.42200852756061796 1.3407973809490985 3.130981602671324 1.6993853909524392 0.0 
0.0 0.07548160395008488 0.33882634347058943 0.0 0.16375747937145085 3.3802248326309763 2.920958868268827 0.0 
0.0 0.0 0.0 0.0 0.0 2.9195460413524583 2.197714081722128 0.0 
0.0 0.5098537232741092 0.5098537232741092 0.31717261902523314 0.31717261902523314 2.5182688464223464 1.1630521710066273 0.0 
0.0 0.5098537232741092 0.6207346952831901 0.7395903405583587 0.4705065700145306 1.825413538494308 1.1630521710066273 0.0 
0.0 0.0 0.0 0.0 0.0 0.0 0.0 0.0 

0.0 0.0 0.0 0.0 0.0 0.0 0.0 0.0 
0.0 0.0 0.0 0.17836180063330304 0.08445831560441763 1.7356843700060895 1.7356843700060895 0.0 
0.0 0.0 0.0 0.0 0.04316011240449373 2.1728976519690053 2.0821473317486636 0.0 
0.0 0.0 0.0 0.0 0.0 2.1728976519690053 2.0375675119243066 0.0 
0.0 0.0 0.0 0.0 0.0 1.5737656289893955 1.5737656289893955 0.0 
0.0 0.0 0.0 0.0 0.0 1.2273802310477218 1.2273802310477218 0.0 
0.0 0.0 0.0 0.0 0.0 0.0 0.0 0.0 
0.0 0.0 0.0 0.0 0.0 0.0 0.0 0.0 

0.0 0.0 0.0 0.0 0.0 0.0 0.0 0.0 
0.0 0.47818715516438004 0.9652847541860031 0.9652847541860031 0.44643287506660967 1.039852395254256 1.039852395254256 0.0 
0.0 0.06690750390498544 0.16534797128855738 0.1998505920184822 0.44643287506660967 1.1585085539562412 1.1585085539562412 0.0 
0.0 0.0 0.16534797128855738 0.1998505920184822 0.0 1.1585085539562412 1.1585085539562412 0.0 
0.0 0.0 0.0 0.0 0.0 0.07561801798651713 0.07561801798651713 0.0 
0.0 0.0 0.15115967433308672 0.15115967433308672 0.0 0.07561801798651713 0.19736273585569492 0.0 
0.0 0.058803914921595396 0.15115967433308672 0.15115967433308672 0.13290690935331423 1.019576360499057 1.019576360499057 0.0 
0.0 0.0 0.0 0.0 0.0 0.0 0.0 0.0 

0.0 0.0 0.0 0.0 0.0 0.0 0.0 0.0 
0.0 0.0 0.3330513067119514 0.0 0.0 0.0 0.0 0.0 
0.0 0.0 0.0 0.0 0.0 0.0 0.0 0.0 
0.0 0.0 0.0 0.0 0.0 0.0 0.0 0.0 
0.0 0.0 0.0 0.0 0.0 0.0 0.0 0.0 
0.0 0.0 0.0 0.0 0.0 0.0 0.0 0.0 
0.0 0.0 0.0 0.0 0.0 0.0 0.0 0.0 
0.0 0.0 0.0 0.0 0.0 0.0 0.0 0.0 

0.0 0.0 0.0 0.0 0.0 0.0 0.0 0.0 
0.0 0.0 0.0 0.0 0.0 0.9698458777854141 1.648830871559546 0.0 
0.0 0.0 0.0 0.0 0.0 1.1228618457258288 1.7635982926629832 0.0 
0.0 0.0 0.0 0.0 0.0 1.1228618457258288 1.7635982926629832 0.0 
0.0 0.0 0.0 0.0 0.0 0.36456207802710705 1.079634375137632 0.0 
0.0 0.0 0.14909390548214374 0.14909390548214374 0.0 0.0 0.8016348131233019 0.0 
0.0 0.0 0.14909390548214374 0.14909390548214374 0.0 0.0 0.0 0.0 
0.0 0.0 0.0 0.0 0.0 0.0 0.0 0.0 

0.0 0.0 0.0 0.0 0.0 0.0 0.0 0.0 
0.0 0.6695183274102621 0.6695183274102621 0.8744505257851329 1.1053345744701772 1.6525047098735868 2.451308122231745 0.0 
0.0 0.52365463260667 0.52365463260667 0.3960618252382512 0.3960618252382512 0.4544720194431292 2.451308122231745 0.0 
0.0 0.5098754168754197 0.5288887199591733 0.40809238446164936 0.41897754775967605 0.28390711178416955 0.7438623507074824 0.0 
0.0 0.6706017669631067 0.9581553241333041 0.9581553241333041 0.797110369689244 0.7190124451178784 0.1434712346188238 0.0 
0.0 0.6739186065336296 0.9581553241333041 1.029125315634902 0.8695894705338874 0.7190124451178784 0.13850319787587131 0.0 
0.0 0.5864485887225787 0.4778298222312882 0.502233444526378 0.6311071504111041 0.4726616319822877 0.2189680681994211 0.0 
0.0 0.0 0.0 0.0 0.0 0.0 0.0 0.0 

0.0 0.0 0.0 0.0 0.0 0.0 0.0 0.0 
0.0 0.0 0.0 0.0 0.0 1.3512339339365915 1.7569603718522468 0.0 
0.0 0.0 0.0 0.0 0.0 1.5735852041404241 2.2865853682798343 0.0 
0.0 0.0 0.0 0.0 0.0 1.5017363306635996 1.9374697568528174 0.0 
0.0 0.0 0.0 0.0 0.0 1.2546191061539482 1.3343295545379927 0.0 
0.0 0.0 0.0 0.0 0.0 0.32376850414043323 0.65129626874144 0.0 
0.0 0.0 0.0 0.0 0.0 0.0 0.0 0.0 
0.0 0.0 0.0 0.0 0.0 0.0 0.0 0.0 

0.0 0.0 0.0 0.0 0.0 0.0 0.0 0.0 
0.0 0.6698053668523236 0.8092116020904709 0.9830085164999425 0.9830085164999425 0.0 0.13735639249255777 0.0 
0.0 0.559337921617102 0.5626269643545411 0.5989615282787477 1.044283860929983 0.0 0.0 0.0 
0.0 0.7809029897451855 0.6229994272920144 0.8525787171998073 1.044283860929983 0.5762398331508828 0.0 0.0 
0.0 0.9923461619027422 0.9923461619027422 0.8525787171998073 0.8469578824180973 0.8041218273946619 0.0 0.0 
0.0 0.9923461619027422 0.9923461619027422 0.8469578824180973 0.8469578824180973 0.7207607962137637 0.0 0.0 
0.0 0.8762604017571636 0.5558037747571267 0.14247916007938236 0.4656468593230993 0.4656468593230993 1.2016421172367642 0.0 
0.0 0.0 0.0 0.0 0.0 0.0 0.0 0.0 

0.0 0.0 0.0 0.0 0.0 0.0 0.0 0.0 
0.0 0.9314303981465969 0.6016485050938474 0.6016485050938474 0.6848648719733643 0.6848648719733643 0.1771441937028254 0.0 
0.0 0.874040522585403 1.2150280850115935 0.8556121981494096 0.6848648719733643 2.3258155427328293 2.3258155427328293 0.0 
0.0 0.5646305964787436 1.2167184939241906 0.8609842877160291 0.004478701004398147 3.31115775818388 3.31115775818388 0.0 
0.0 0.891559563482907 0.8198369237369251 0.7940550855693651 0.10800805635108561 3.31115775818388 3.31115775818388 0.0 
0.0 0.891559563482907 0.5198926342616702 0.28094246126877925 0.1292204485136595 2.5194713980270085 2.5194713980270085 0.0 
0.0 0.47826230070331877 0.45394831652353657 0.7914593233922813 0.5474121209479532 0.7513451806323144 0.48650892381852295 0.0 
0.0 0.0 0.0 0.0 0.0 0.0 0.0 0.0 

0.0 0.0 0.0 0.0 0.0 0.0 0.0 0.0 
0.0 0.315042889739373 0.7930337609708893 1.9397032247201607 1.775209835215441 2.146762984548789 2.146762984548789 0.0 
0.0 0.315042889739373 0.7930337609708893 1.9397032247201607 2.274872874535175 3.581766553837782 3.581766553837782 0.0 
0.0 0.0 0.3706046239439814 0.5644095789708974 0.6745160772732742 3.581766553837782 3.581766553837782 0.0 
0.0 0.0 0.0 0.0 0.0 2.804672942006717 2.804672942006717 0.0 
0.0 0.44435104193373526 0.48790010674397116 0.7723786297590414 0.8572604408378726 1.7200846115065485 1.7200846115065485 0.0 
0.0 0.44435104193373526 0.48790010674397116 0.7723786297590414 0.8572604408378726 1.4749490458187733 1.2454200857833504 0.0 
0.0 0.0 0.0 0.0 0.0 0.0 0.0 0.0 

0.0 0.0 0.0 0.0 0.0 0.0 0.0 0.0 
0.0 0.0 0.0 0.0 0.0 0.5968020268138597 2.311148478278265 0.0 
0.0 0.0 0.0 0.0 0.0 0.0 2.6794487244048577 0.0 
0.0 0.0 0.07274099236450807 0.0 0.0 0.0 1.0382419009151451 0.0 
0.0 0.0 0.07274099236450807 0.0 0.0 0.0 0.817907524208313 0.0 
0.0 0.0 0.0 0.0 0.0 0.0 0.817907524208313 0.0 
0.0 0.0 0.0 0.0 0.0 0.0 0.0 0.0 
0.0 0.0 0.0 0.0 0.0 0.0 0.0 0.0 

0.0 0.0 0.0 0.0 0.0 0.0 0.0 0.0 
0.0 0.3834576171244504 0.4739979460392229 0.36619888676035495 0.01429313106330797 0.01429313106330797 0.0 0.0 
0.0 0.3834576171244504 0.4739979460392229 0.2985359566510817 0.14952913780842209 0.25078984574631624 0.0 0.0 
0.0 0.3320933549241133 0.4708998317862774 0.4708998317862774 0.3851466372370538 0.3851466372370538 0.0 0.0 
0.0 0.16737484413492731 0.29568952829100364 0.29568952829100364 0.3851466372370538 0.3851466372370538 0.0 0.0 
0.0 0.16079644307998403 0.16079644307998403 0.0 0.0 0.0 0.0 0.0 
0.0 0.16992004769916433 0.16992004769916433 0.0 0.06372125434073855 0.2235550768613508 0.2235550768613508 0.0 
0.0 0.0 0.0 0.0 0.0 0.0 0.0 0.0 

0.0 0.0 0.0 0.0 0.0 0.0 0.0 0.0 
0.0 0.40353953335994863 0.7435971465264963 0.7435971465264963 0.0 0.0 0.0 0.0 
0.0 0.0 0.5527266255752715 0.5527266255752715 0.6303467691025322 0.40973064439829265 0.0 0.0 
0.0 0.0 0.5527266255752715 0.5527266255752715 0.6303467691025322 0.40973064439829265 0.0 0.0 
0.0 0.0 0.00691818282994934 0.10523194686558307 0.09250005874366471 0.0 0.0 0.0 
0.0 0.0 0.0 0.0 0.0 0.0 0.0 0.0 
0.0 0.0 0.0 0.0 0.0 0.38149884212772156 0.38149884212772156 0.0 
0.0 0.0 0.0 0.0 0.0 0.0 0.0 0.0 

0.0 0.0 0.0 0.0 0.0 0.0 0.0 0.0 
0.0 0.0 0.0 0.0 0.0 0.0 0.0 0.0 
0.0 0.0 0.0 0.0 0.0 0.0 0.0 0.0 
0.0 0.0 0.0 0.0 0.0 0.0 0.0 0.0 
0.0 0.0 0.0 0.0 0.0 0.0 0.0 0.0 
0.0 0.0 0.0 0.0 0.0 0.0 0.0 0.0 
0.0 0.0 0.0 0.0 0.0 0.0 0.0 0.0 
0.0 0.0 0.0 0.0 0.0 0.0 0.0 0.0 

0.0 0.0 0.0 0.0 0.0 0.0 0.0 0.0 
0.0 0.11473255089759574 0.17226565411420153 0.17226565411420153 0.0 0.0 0.0 0.0 
0.0 0.11473255089759574 0.17226565411420153 0.17226565411420153 0.0 0.0 0.0 0.0 
0.0 0.0 0.30618255654925425 0.30618255654925425 0.0 0.0 0.0 0.0 
0.0 0.0 0.0 0.0 0.0 0.0 0.0 0.0 
0.0 0.0 0.0 0.0 0.0 0.0 0.0 0.0 
0.0 0.0 0.0 0.0 0.0 0.0 0.0 0.0 
0.0 0.0 0.0 0.0 0.0 0.0 0.0 0.0 

