0.5158179759224881 0.8130072134969231 0.9119230228180863 
1.0202212235715193 0.8130072134969231 1.5546566011195755 
1.4924061125021004 2.0585713388916185 2.284108471285386 

0.0 0.0 0.0 
0.0 0.0 0.0 
0.0 0.0 0.0 

2.369769982461985 2.369769982461985 3.2578654432841656 
2.57488931785525 2.34331752836066 2.8485639005455807 
2.57488931785525 2.2964323669005373 2.6360827216531466 

0.34465875831475584 0.12105419839252196 0.12105419839252196 
0.2815764455526615 0.10565838164832361 0.0 
0.2815764455526615 0.10565838164832361 0.0 

0.20400368159383886 0.20400368159383886 0.0 
0.3468590011038536 0.4799656719800702 0.26207686469309577 
0.33318326073266735 0.33318326073266735 0.0 

0.0 0.0 0.0 
0.0 0.0 0.260348931655431 
0.0 0.0 0.260348931655431 

0.0 0.0 0.0 
0.0 0.0 0.0 
0.0 0.0 0.0 

2.3824400699173878 2.31457990980312 2.068835875141594 
2.4573104322276462 2.4573104322276462 2.0922605191411323 
1.833480323975309 1.833480323975309 1.081090527452877 

1.7749252815406353 1.7749252815406353 1.668449774009543 
1.8486916614180604 1.1722344808095966 1.641046470796038 
1.8486916614180604 1.1722344808095966 1.641046470796038 

2.5335187264219194 2.8754917600996697 2.3001399981497763 
2.5335187264219194 2.8754917600996697 2.648718542684385 
3.094750423306042 2.8504155414730312 2.8504155414730312 

1.039247160823264 1.440439385373686 0.453192951890057 
1.5025591995657948 1.5025591995657948 1.25262399050021 
1.5025591995657948 1.5025591995657948 1.25262399050021 

1.3932075135195785 1.7431783977387492 0.7392332540233308 
1.9465763214442584 2.0052992976507817 2.0052992976507817 
1.9422619729676849 1.9422619729676849 1.4608029368510944 

3.785750001071488 3.775110429911128 3.470846540689636 
3.7984468856982567 3.775110429911128 3.6273046197523655 
3.7391855835873034 3.732024395185437 3.6273046197523655 

0.0006085711729446608 0.0 1.4420099785516893 
0.5935486324906359 0.0 1.489538073689546 
0.5036064459084643 0.0 0.9674429411212603 

0.12342018996975751 0.0 0.14321175224641722 
0.0 0.0 0.10385079228898103 
0.5608057749560418 0.12847396821707885 0.19462906299656313 

0.0 0.0 0.0 
0.0 0.0 0.0 
0.0 0.0 0.0 

5.090058201509071 5.4501609563946785 5.98802806830809 
5.34589737495192 5.153030649206759 5.153030649206759 
5.34589737495192 5.153030649206759 5.153030649206759 

0.5737958795762564 1.0450918209148272 0.026571118029793075 
0.970159720622266 0.9010136349758887 0.31358003956191427 
1.0751888674694883 0.9761372535878884 0.49490780096406256 

0.0 0.0 0.0 
0.0 0.0 0.0 
0.0 0.09107934304558261 0.09107934304558261 

0.0 0.0 0.3465205467201956 
0.12250898010841431 0.19496133152416123 0.6226749452124457 
1.094871252287447 0.722883708723608 0.722883708723608 

