0.6439567001594941 0.4448952951065972 0.6140504020434969 
0.9259594798731071 1.1235162787496489 0.5761368742173276 
1.6092043028280574 1.6092043028280574 1.1183836663583078 

0.0 0.0 0.0 
0.0 0.0 0.0 
0.0 0.0 0.0 

2.1715985016714483 1.7162996731916336 2.3659256754202054 
2.588979653031232 2.588979653031232 2.7455706168579717 
2.588979653031232 2.588979653031232 2.7455706168579717 

0.168498358428514 0.2730669567932665 0.2730669567932665 
0.21303681959819337 0.14230083235239352 0.14230083235239352 
0.21303681959819337 0.062128810132877466 0.0 

0.43038704876086736 0.43038704876086736 0.0 
0.7128675931074623 0.5992709374902675 0.0 
0.7128675931074623 0.5992709374902675 0.0 

0.00482389208547398 0.0 0.0 
0.0 0.019916580356549755 0.0 
0.0 0.0 0.0 

0.0 0.0 0.0 
0.0 0.0 0.0 
0.0 0.0 0.0 

2.0124124049443686 2.2803805668824357 2.2803805668824357 
1.9030374259235465 2.486112355010356 2.486112355010356 
1.7425559164800841 2.486112355010356 2.486112355010356 

1.995305278354639 1.995305278354639 2.0258942160422664 
1.346175377918606 1.346175377918606 0.7443894165793157 
1.346175377918606 1.346175377918606 0.44522661667325153 

1.8453011382066826 1.8453011382066826 1.4454303103014805 
2.2673388822530884 2.5807457136575622 2.495368096422767 
2.9099940464255805 3.163544821961748 3.163544821961748 

1.8229519436255859 1.5242790764486869 0.9693754505682333 
1.8707342181260156 1.5438493620555125 0.5204165879246541 
1.8707342181260156 1.5438493620555125 0.7594942207717696 

2.28752318045254 2.28752318045254 1.6998794807313264 
2.3253715224523357 2.0314473313185175 1.2080651068559418 
2.3253715224523357 2.0314473313185175 1.2779248162532546 

3.517744681658621 3.517744681658621 2.8827757191904837 
3.648528666150029 3.840514949585587 3.483308230160305 
3.648528666150029 3.840514949585587 3.483308230160305 

0.12530920455634012 0.0 0.9037594714310069 
0.05671962015514006 0.0 1.7400623691511188 
0.05671962015514006 0.0 1.7400623691511188 

0.0 0.0 0.40999126071066916 
0.0 0.0 0.40999126071066916 
0.1796530753281803 0.09527500217341583 0.3996129304622847 

0.0 0.0 0.0 
0.0 0.0 0.0 
0.0 0.0 0.0 

5.15588641431414 5.15588641431414 4.637291404657014 
5.15588641431414 5.15588641431414 4.637291404657014 
4.417547293722275 4.1723183533435355 4.625681415384057 

0.7760689229649861 1.025373313912548 0.4918359605153966 
0.47944177220982054 1.025373313912548 0.4918359605153966 
0.6353412212542434 0.8528454418491943 0.514404910088235 

0.0 0.0 0.0 
0.0 0.0 0.0 
0.0 0.0 0.0 

0.13714991496106177 0.13714991496106177 0.0 
0.2628695850721385 0.2628695850721385 0.0 
0.8255103387168786 0.8585857364456204 0.6906908435474397 

