0.7185589912645975 0.3915264550398144 1.2609863140971114 
0.6652179710135904 0.34572576899557783 1.3123459239598596 
1.6594493919761055 1.2806300053253836 1.3942257749707705 

0.0 0.0 0.0 
0.0 0.0 0.0 
0.0 0.0 0.0 

2.349610830057084 2.8307203764445332 3.4399444808275974 
1.5114034449613853 2.2339109858942163 3.0862523353702787 
1.1426831464855847 1.7655392597604125 2.4482837213904647 

0.26665478197288134 0.2353611619556528 0.025328650380810752 
0.24178215489753918 0.0 0.025328650380810752 
0.24178215489753918 0.0 0.0 

0.42475644372710164 0.4861239583492787 0.04283083220738035 
0.2865427742416562 0.0 0.0 
0.2865427742416562 0.0 0.0 

0.0 0.0 0.7054237165407178 
0.0 0.0 0.06464595375420057 
0.20921880019100209 0.0 0.06464595375420057 

0.0 0.0 0.0 
0.0 0.0 0.0 
0.0 0.0 0.0 

2.4953001911471144 2.4953001911471144 1.8980651833340887 
2.3339287434367577 2.3339287434367577 1.8481957489563854 
2.304439707154409 2.304439707154409 1.7292810156879534 

1.7359112834293873 2.2268975956757915 2.839537511474097 
0.8475598442541076 0.6278194646943778 1.8407220815476335 
0.8512629732615674 0.7592561415668551 1.492413042747708 

1.9487522671088189 2.0326039517892105 2.0326039517892105 
2.2779019338958584 2.2100032166144192 2.184570641427374 
2.908145567252711 2.8907142217492487 2.736032386144263 

1.9683762809023913 1.9683762809023913 1.3470725990852999 
1.1183612424619995 0.790260475191125 0.7353274160825135 
1.513767640419531 1.1090475316632553 1.047345866693569 

1.533397141751863 1.6657985836568867 1.5010341471494009 
2.0477757855421377 1.3381124705461798 1.3381124705461798 
2.0477757855421377 1.3381124705461798 1.3381124705461798 

3.4986426513528586 3.46933645576525 3.2101789839318515 
3.4986426513528586 3.2957065977112534 3.120852043630987 
3.2680049327869605 3.0573537326279476 3.0573537326279476 

0.0 0.3704445550064898 1.3193357373267722 
0.04298801055186818 0.0 1.0430772695336792 
0.04298801055186818 0.0 0.9404079703676859 

0.0 0.0 0.03151185244993867 
0.07205911141439647 0.0 0.15657655660821604 
0.3892153335803837 0.28567431924338 0.35961012862947483 

0.0 0.0 0.0 
0.0 0.0 0.0 
0.0 0.0 0.0 

4.366914741523914 5.603118110186891 5.603118110186891 
4.703967478882069 5.603118110186891 5.603118110186891 
4.703967478882069 4.724046521036142 4.353574955422591 

0.8671558395707556 0.5700223876765771 0.5276903740258392 
0.40880612106358727 0.40880612106358727 0.19466939843722816 
0.5508113679383217 0.5011705657542985 0.5011705657542985 

0.0 0.0 0.0 
0.0 0.0 0.0 
0.005327673333111925 0.0 0.0 

0.0 0.19126435801420238 0.6455268856769436 
0.04062247475492792 0.0 0.009259043985705817 
1.2770239835014243 1.0193246157147073 0.8513112076930446 

