1.1033938352537642 0.35720635296519376 0.751362445532221 
1.1848358365735487 0.9524481466081314 1.0831499411498602 
1.6749436457893605 1.5933386527530116 1.7944379622014355 

0.0 0.0 0.0 
0.0 0.0 0.0 
0.0 0.0 0.0 

2.3990934873069216 2.3990934873069216 2.198168749074601 
2.3990934873069216 2.3990934873069216 2.198168749074601 
1.5670551287498675 1.9017320041776145 2.1479471240619255 

0.29612543158479365 0.21155518492486872 0.21155518492486872 
0.29612543158479365 0.27728904171383967 0.27728904171383967 
0.0 0.0 0.0 

0.6749091489090059 0.628341885375031 0.2806489924913607 
0.12971033807849924 0.23222664349066197 0.0 
0.12971033807849924 0.0 0.0 

0.0 0.0 0.10655535697966584 
0.0 0.0 0.32563558404750553 
0.19228601747499918 0.0 0.31728475330240796 

0.0 0.0 0.0 
0.0 0.0 0.0 
0.0 0.0 0.0 

1.818722537718885 1.818722537718885 1.44407030045268 
1.8001636864859991 1.7219852718429935 1.705596059940598 
1.8001636864859991 1.7219852718429935 1.705596059940598 

1.783331090023629 1.5663696227610824 2.442367602226373 
1.1269521373399225 1.2333022395084081 1.4090213421167408 
1.2813710280487847 1.448571044846551 1.448571044846551 

2.2553248999799593 2.0405498668466335 1.6298435788462045 
2.1440906310863936 2.1218203478394333 1.9489914706844556 
2.5933538410354666 2.571032176027763 2.521280744369056 

1.6913344584213674 1.6010089471582494 1.0958099416430485 
1.546065990256185 1.2616932571732222 1.2616932571732222 
1.4855446570727489 1.2616932571732222 1.2616932571732222 

2.622000397244588 2.3165762236492307 1.4797557334527904 
2.1774039998139547 2.064761668471547 1.4797557334527904 
1.829813587422904 1.2834260300519489 1.0317420690079642 

3.9195951727969836 3.8144488087794697 3.501518902857204 
3.6955899472945015 3.8144488087794697 3.4117785272303576 
3.231992862077875 3.116422667083896 2.744878330277668 

0.2886974839625568 0.5469141606331875 0.7237923015109282 
0.0 0.3051502598118159 0.8295394037955037 
0.0 0.0 0.8295394037955037 

0.0 0.0 0.13886129342371256 
0.0 0.0 0.33712248427475444 
0.3044415191080147 0.049088942124500566 0.3272081720251529 

0.0 0.0 0.0 
0.0 0.0 0.0 
0.0 0.0 0.0 

5.678394955577639 5.599506775937479 4.621508776022042 
5.678394955577639 5.599506775937479 5.163495420489184 
4.102020397721749 4.391902206899147 4.391902206899147 

1.1276025351223442 0.89747009212177 0.89747009212177 
0.30238820283501644 0.4668096004307426 0.46040046911297683 
0.44564581552519655 0.4435186911873197 0.4089883353213919 

0.0 0.0 0.0 
0.0 0.0 0.0 
0.0 0.0 0.0 

0.0 0.0 0.0 
0.3416270940420493 0.49200717411309997 0.49200717411309997 
1.0291444693984102 0.9308949034680745 0.9308949034680745 

