0.6483678489891349 0.8299329800307691 0.9285526502123016 
0.4552481533538919 1.6680224337553493 1.6680224337553493 
1.5096333365888643 1.221279482474485 1.6443199661672352 

0.0 0.0 0.0 
0.0 0.0 0.0 
0.0 0.0 0.0 

3.1197793206199487 2.5217940751111767 2.8602483782976704 
2.7850856917152886 2.099761547510919 2.8557419627142124 
1.8077972316883086 2.099761547510919 2.6558652986966114 

0.2719377076252467 0.23383703340880485 0.19127566679605962 
0.23383703340880485 0.23383703340880485 0.1129142367901331 
0.0 0.19536676815086781 0.07792493785124979 

0.688405606147691 0.688405606147691 0.47205000454635426 
0.011719612004994356 0.44252315217577975 0.0 
0.0 0.12559615814284578 0.0 

0.0 0.18010667121854937 0.8740840453483056 
0.0 0.0 0.48653955605504795 
0.38950558735416607 0.0 0.48653955605504795 

0.0 0.0 0.0 
0.0 0.0 0.0 
0.0 0.0 0.0 

1.6421937201225358 1.9255261190396171 1.360553263652983 
1.6238452053285446 1.6420010991250538 1.2214645320485993 
1.6238452053285446 1.6238452053285446 1.2214645320485993 

2.709701196317383 2.1589282200501536 3.344675938497023 
0.7648720225165325 1.1816467460086528 2.345130216857182 
0.4510256217027605 1.1816467460086528 2.345130216857182 

2.75155105998531 2.6426851619774547 1.9310085005912163 
2.4928300077758374 2.6426851619774547 1.9310085005912163 
3.0877933724432682 2.802826094654623 2.3347825251806986 

1.3675250283244766 1.4204075702192582 1.0365707882287336 
0.9338074503066633 1.296962754479862 1.2922071077325321 
0.9690120148208625 1.296962754479862 1.308405362202717 

2.2190612214840084 2.2190612214840084 0.9480220495390019 
1.9902046114774683 2.2627321276322423 1.5930794903597663 
1.246386085350374 1.9564036532191562 1.5930794903597663 

4.038158049670184 4.019441689566923 3.1031132796679373 
4.038158049670184 4.0284057448141395 3.4394557178666183 
3.5164912180521126 3.649560020750858 3.4394557178666183 

0.39187331882947607 1.0533457858186346 1.0533457858186346 
0.14855141149358567 0.2734078875812863 0.8222798332155087 
0.0 0.15450900495145745 0.8222798332155087 

0.0 0.0 0.0 
0.0 0.0 0.0 
0.48485452050255196 0.10436192123118958 0.13671875665576227 

0.0 0.0 0.0 
0.0 0.0 0.0 
0.0 0.0 0.0 

6.119635321388773 5.856508887268327 5.054393322325073 
6.119635321388773 5.054393322325073 5.054393322325073 
5.489920225745773 5.052957603960118 4.147135108555132 

1.204875851803641 0.6343354826972892 0.7983228077638076 
0.2995461170021076 0.7035303009969042 0.373426724253792 
0.6073672250226712 0.7435130565188477 0.6196958646387609 

0.0 0.0 0.0 
0.0 0.0 0.0 
0.0 0.0 0.0 

0.0 0.328913926701446 0.328913926701446 
0.0 0.328913926701446 0.328913926701446 
1.1074859869914493 0.7720796720786598 0.7720796720786598 

