0.9506371832068999 1.1268906529983516 1.3280050537741312 
0.6985287971169531 0.5626448503214757 1.2636232124175595 
1.5576347209003516 1.347534897062637 1.5273996586155207 

0.0 0.0 0.0 
0.0 0.0 0.0 
0.0 0.0 0.0 

2.6726056697248226 2.3612417062057673 3.0105395320203736 
3.0202061405713776 2.398647754970027 3.387147365984747 
2.7096956141266197 2.357116113394744 3.375777437560583 

0.17949010877468333 0.30455514220382485 0.30455514220382485 
0.16695698830764566 0.19359288209083714 0.11867175888268433 
0.16695698830764566 0.0682413045172827 0.09564691806605552 

0.24429701510861337 0.28285051566033914 0.28285051566033914 
0.5637719218730638 0.5764702001172026 0.0 
0.22372476646281178 0.5764702001172026 0.0 

0.0 0.0 0.47046052333854205 
0.0 0.0 0.29390390640954944 
0.13734485170048522 0.0 0.0 

0.0 0.0 0.0 
0.0 0.0 0.0 
0.0 0.0 0.0 

1.5602800515963402 1.5727754317767966 1.2643690684584237 
1.5833158214602094 1.5833158214602094 1.0011318761844497 
1.5460907465441682 1.5460907465441682 1.0011318761844497 

1.4694153883015886 1.8042423375189527 2.6741162978433453 
1.422873464488112 0.584358471788305 2.4454153359688946 
0.7645521054280736 0.633665677582696 2.060404768423976 

2.6715916596209905 2.6715916596209905 1.9171796921288997 
2.6060694781657814 2.5102054452840843 1.8403279585200227 
3.1732839141428406 3.180312220122527 2.9433114932794253 

1.2668182554076777 1.866176535029882 1.2670652808386738 
1.590295592945893 1.866176535029882 1.1349545449014786 
1.5500922329570208 1.5500922329570208 0.8701541349789038 

2.3030747818568393 2.354147953445474 1.389927542562458 
2.24246305662057 2.482285480391279 1.5958586018404695 
2.0632452113992032 2.482285480391279 1.3551774930530767 

4.292142843657869 4.044625381692642 3.5360244941151784 
4.035943667630195 4.440574569813087 3.96472063883637 
4.035943667630195 4.440574569813087 3.8314872486626035 

0.11210565042976442 0.30027271516346427 0.9018305649500572 
0.008787180049320636 0.5983470006430884 1.1595520242329838 
0.0 0.3985458608188547 1.1595520242329838 

0.0 0.0 0.0 
0.0 0.0 0.0 
0.31466784815655335 0.0 0.18355957106834642 

0.0 0.0 0.0 
0.0 0.0 0.0 
0.0 0.0 0.0 

5.515347560009853 5.28712168449795 4.814748938538453 
5.825054574500459 5.624121901146694 5.624121901146694 
5.825054574500459 5.624121901146694 5.624121901146694 

0.672789476891036 0.6119174667534416 0.4179593311211028 
0.672789476891036 0.6054997507563035 0.09768649647899541 
0.8563353533529066 0.8563353533529066 0.35698603580676763 

0.0 0.0 0.0 
0.0 0.0 0.0 
0.0 0.0 0.0 

0.0 0.0 0.007134413040799939 
0.0 0.045334312241814195 0.045334312241814195 
1.0079444834960551 1.1056694643088603 1.1056694643088603 

