0.0 0.0 0.0 0.0 0.0 0.0 0.0 0.0 
0.0 1.9599974094053867 1.764998878317617 1.6352671834604633 2.0928220555921335 2.1913721134106168 1.7675674285653504 0.0 
0.0 1.665339174611545 1.4774356034885519 1.428060994498042 1.744084661829255 2.1913721134106168 1.3886619853925666 0.0 
0.0 2.151793727844073 1.921725306119318 2.260710522530702 2.1541258995270565 1.3727109993685007 1.3727109993685007 0.0 
0.0 2.36803387242148 1.921725306119318 2.260710522530702 2.1541258995270565 1.4359406837045414 1.4359406837045414 0.0 
0.0 2.4808524807757775 1.7756519493193865 1.7756519493193865 1.328536810341859 1.328536810341859 1.155762850686433 0.0 
0.0 2.3531082795753306 1.7756519493193865 2.031533802601084 1.757140222285767 1.3243031742131692 1.1473086512742996 0.0 
0.0 0.0 0.0 0.0 0.0 0.0 0.0 0.0 

0.0 0.0 0.0 0.0 0.0 0.0 0.0 0.0 
0.0 0.34177739283712055 0.22297305391114058 0.3476450340221148 0.41034678162145943 0.5519562069187839 1.1040274338820566 0.0 
0.0 0.34177739283712055 0.2821085978679788 0.1078972878765051 0.10632926096410347 0.6722532563827015 1.152863778158432 0.0 
0.0 0.0 0.0 0.0 0.0 0.6722532563827015 1.152863778158432 0.0 
0.0 0.0 0.0 0.0 0.023313365497558178 1.1277094368866325 1.278890068386193 0.0 
0.0 0.0 0.0 0.0 0.023313365497558178 1.1277094368866325 1.278890068386193 0.0 
0.0 0.0 0.0 0.0 0.07624948555530686 1.039611013792194 1.2473540607408773 0.0 
0.0 0.0 0.0 0.0 0.0 0.0 0.0 0.0 

0.0 0.0 0.0 0.0 0.0 0.0 0.0 0.0 
0.0 0.23401068057590552 0.07364145183699553 0.07364145183699553 0.0 0.5494934427712015 0.5494934427712015 0.0 
0.0 0.0931092135914076 0.1616430579293013 0.08531927944548953 0.13237962508321244 0.5494934427712015 0.5494934427712015 0.0 
0.0 0.3393975632785379 0.0 0.0 0.3774577257598756 0.3774577257598756 0.06887793374840026 0.0 
0.0 0.9019084047495147 0.9019084047495147 0.08876706364267609 0.2707489670152479 0.09456037399691689 0.023890358460605634 0.0 
0.0 0.9019084047495147 0.9019084047495147 0.08876706364267609 0.0 0.019015572066233628 0.019015572066233628 0.0 
0.0 0.10411441337734181 0.0 0.0 0.0 0.19284340233308284 0.19284340233308284 0.0 
0.0 0.0 0.0 0.0 0.0 0.0 0.0 0.0 

0.0 0.0 0.0 0.0 0.0 0.0 0.0 0.0 
0.0 0.3788302959541558 0.3788302959541558 0.1255208974058535 0.13155380309760967 0.13155380309760967 1.3937114274168776 0.0 
0.0 0.3788302959541558 0.3788302959541558 0.1255208974058535 0.77632565737902 0.0 0.0 0.0 
0.0 0.153408510491558 0.0 0.0768552294875236 0.77632565737902 0.0 0.0 0.0 
0.0 0.7161165932582347 0.0 0.0 0.0 0.0 0.09061212338246903 0.0 
0.0 0.0 0.0 0.0 0.3396036795257239 0.3396036795257239 0.09061212338246903 0.0 
0.0 0.0 0.0 0.0 0.3712184075631689 0.3712184075631689 0.0 0.0 
0.0 0.0 0.0 0.0 0.0 0.0 0.0 0.0 

0.0 0.0 0.0 0.0 0.0 0.0 0.0 0.0 
0.0 1.1239378010795953 0.9809369643236889 0.9417257348110785 1.13935458600478 1.13935458600478 1.6250075676238678 0.0 
0.0 1.6421300283779214 1.071714690744747 1.1089381408030872 1.1451020921952506 1.005213781073964 0.8131086686688072 0.0 
0.0 1.6421300283779214 1.071714690744747 1.1089381408030872 1.1451020921952506 1.005213781073964 0.8483204379494531 0.0 
0.0 1.5556930268388536 1.4545343503263561 0.8702269149924753 0.7365730986340869 0.6256043610123666 0.9799386439346488 0.0 
0.0 1.5556930268388536 0.8389774387223443 0.7365730986340869 0.7365730986340869 0.7355364646429674 0.9864443888688643 0.0 
0.0 0.7952560928853424 0.3738049167906088 0.07477436723135598 0.35247645160998087 0.8453217702403709 1.1115679939270318 0.0 
0.0 0.0 0.0 0.0 0.0 0.0 0.0 0.0 

0.0 0.0 0.0 0.0 0.0 0.0 0.0 0.0 
0.0 0.40010895576549715 0.13355428992617874 0.0 0.21783935798620513 0.4461549183772576 0.0 0.0 
0.0 0.30891370466650386 0.22217602561655028 0.21911287043470629 0.11552918063513215 0.0 0.0 0.0 
0.0 0.5242770009694561 0.22217602561655028 0.21911287043470629 0.11552918063513215 0.0 0.0 0.0 
0.0 0.5242770009694561 0.5164160773618629 0.36659701038916925 0.0 0.0 0.0 0.0 
0.0 0.6575040518928104 0.5164160773618629 0.36659701038916925 0.0 0.0 0.0 0.0 
0.0 0.036748658402184074 0.0 0.0 0.0 0.0 0.0 0.0 
0.0 0.0 0.0 0.0 0.0 0.0 0.0 0.0 

0.0 0.0 0.0 0.0 0.0 0.0 0.0 0.0 
0.0 0.7428467162962572 0.7881462274261724 0.7404903455799839 0.9303938048847129 0.9303938048847129 0.0 0.0 
0.0 0.7311698595895848 0.7311698595895848 0.39992389476231066 0.3643023838929227 0.1757546780967546 0.0 0.0 
0.0 0.9991224025686862 0.9991224025686862 0.6031090408150805 0.6031090408150805 0.26682636745571653 0.20027653932826917 0.0 
0.0 0.45025943150866515 0.6103049961949112 0.8709479925875191 0.5667314336316531 0.528429399657235 0.3066659221471725 0.0 
0.0 0.9828740597604453 0.7206538937135876 1.0215117129691305 1.0215117129691305 0.528429399657235 0.3155843254722459 0.0 
0.0 0.6653483897568339 0.6590367710322838 1.0215117129691305 1.0215117129691305 0.45139260428306094 0.38453927948889743 0.0 
0.0 0.0 0.0 0.0 0.0 0.0 0.0 0.0 

0.0 0.0 0.0 0.0 0.0 0.0 0.0 0.0 
0.0 2.2609509214617005 1.871134596239624 2.0622467586470346 1.8181815033669926 1.9514082977654574 2.65101033545059 0.0 
0.0 1.9176067313937402 1.9176067313937402 2.0622467586470346 1.7181035165323881 1.8581392726854622 2.2752745610738336 0.0 
0.0 1.8605119906287038 1.7939229935128158 1.6393979436883621 1.5934067158725105 2.130637399419129 2.208443811265171 0.0 
0.0 1.6896326916411888 1.621691635388586 1.7143085970578236 1.9583045073798209 2.130637399419129 2.2150159735388324 0.0 
0.0 1.5146952108418577 1.6913577013623193 1.6011553216176728 2.0181975498513576 2.1230535285720924 2.1568264216068016 0.0 
0.0 1.907655622640663 1.907655622640663 1.7164532745882384 2.1761856238512776 2.1761856238512776 2.074536135596124 0.0 
0.0 0.0 0.0 0.0 0.0 0.0 0.0 0.0 

0.0 0.0 0.0 0.0 0.0 0.0 0.0 0.0 
0.0 0.0 0.0 0.0 0.0 0.48073309865069547 0.48073309865069547 0.0 
0.0 0.0 0.0 0.0 0.0 0.0 0.0 0.0 
0.0 0.0 0.0 0.0 0.0 0.0 0.0 0.0 
0.0 0.0 0.0 0.0 0.0 0.0 0.0 0.0 
0.0 0.0 0.0 0.0 0.0 0.0 0.0 0.0 
0.0 0.0 0.0 0.0 0.0 0.0 0.0 0.0 
0.0 0.0 0.0 0.0 0.0 0.0 0.0 0.0 

0.0 0.0 0.0 0.0 0.0 0.0 0.0 0.0 
0.0 0.4398699075163179 0.3753522675184403 0.45252963766218146 0.6886541618089969 0.6886541618089969 0.22554047609627442 0.0 
0.0 0.26699096078479 0.2827582575340963 0.45252963766218146 0.6886541618089969 0.6886541618089969 0.22554047609627442 0.0 
0.0 0.5775139865942333 0.5775139865942333 0.0 0.0 0.534341056889634 0.534341056889634 0.0 
0.0 0.5775139865942333 0.5775139865942333 0.0 0.0 0.969307735311609 0.969307735311609 0.0 
0.0 0.18732945897546782 0.0 0.0 0.0 0.969307735311609 0.969307735311609 0.0 
0.0 0.5427548174868968 0.39231733951592823 0.39231733951592823 0.0 0.9016834763985401 0.9016834763985401 0.0 
0.0 0.0 0.0 0.0 0.0 0.0 0.0 0.0 

0.0 0.0 0.0 0.0 0.0 0.0 0.0 0.0 
0.0 0.8573170489792399 0.8365611950812208 0.8365611950812208 0.5458312394002299 0.5458312394002299 1.7873570642928869 0.0 
0.0 0.6229061142727417 0.38547592118940105 0.3532743295503566 0.7312648750084074 0.5082217260829195 0.9748028770765078 0.0 
0.0 0.31345304956224956 0.38547592118940105 0.3532743295503566 0.7312648750084074 0.5082217260829195 0.9748028770765078 0.0 
0.0 0.0 0.0 0.6001776763375892 0.28270365566876327 0.18851962470444142 0.9710439387864992 0.0 
0.0 0.0 0.0 0.6001776763375892 0.28270365566876327 0.20818004183717323 1.0011862129539788 0.0 
0.0 0.0 0.0 0.0 0.08169055926294334 0.20818004183717323 0.9859114626446094 0.0 
0.0 0.0 0.0 0.0 0.0 0.0 0.0 0.0 

0.0 0.0 0.0 0.0 0.0 0.0 0.0 0.0 
0.0 1.2662115552241267 1.1267423757343622 0.6317345748396808 0.6668079589421864 0.7015081259799438 1.3194268418509194 0.0 
0.0 0.0 0.4295870929453395 0.4999186183729879 0.6668079589421864 2.222728636903788 2.9874277025657436 0.0 
0.0 1.0444924878141302 1.0444924878141302 0.07449115364831227 0.11742210761538349 1.5882126612157628 1.6907428452631854 0.0 
0.0 1.0444924878141302 1.0444924878141302 0.13930163287803052 0.11742210761538349 1.8210846358588113 2.057858883496081 0.0 
0.0 0.0 0.0711436767224033 0.0 0.02190886491633253 1.6947257049977988 2.0040049107498645 0.0 
0.0 0.2556651532915236 0.2556651532915236 0.2111528541118336 0.0 1.6947257049977988 1.924386747124511 0.0 
0.0 0.0 0.0 0.0 0.0 0.0 0.0 0.0 

0.0 0.0 0.0 0.0 0.0 0.0 0.0 0.0 
0.0 1.1951859819680375 1.0186407716296353 0.8662774332227829 1.2445556856293913 1.6016587090903422 1.550590535695556 0.0 
0.0 1.5683275238418455 1.0115472452382526 1.5158523802692825 1.5158523802692825 0.6189476873592274 0.30467463371344544 0.0 
0.0 1.5683275238418455 0.5400061779079216 1.5158523802692825 1.5158523802692825 0.27833534994652137 0.3505990489395502 0.0 
0.0 1.9397916517080347 0.45245944631132845 0.7695071960640908 0.15753261645685096 0.5678850144832165 0.5678850144832165 0.0 
0.0 1.0466971856866762 0.17310174662476893 0.7695071960640908 0.15753261645685096 0.5678850144832165 0.5678850144832165 0.0 
0.0 0.22105517490119214 0.0 0.0 0.0 0.43487435573224176 0.43487435573224176 0.0 
0.0 0.0 0.0 0.0 0.0 0.0 0.0 0.0 

0.0 0.0 0.0 0.0 0.0 0.0 0.0 0.0 
0.0 1.0684621163649313 0.7591201432905861 0.5586870865258127 1.5423558938462594 2.2002656620640524 1.8835173364146278 0.0 
0.0 1.144900526226818 0.7206094805048793 1.543841331046504 0.9182796292403865 1.8835173364146278 1.8835173364146278 0.0 
0.0 1.7053467257898343 1.1340527724626481 1.6915439616929377 2.3034010361078026 1.3112702484823773 0.6499829976600783 0.0 
0.0 3.0135132747814932 1.9770375389953398 1.7915512896277177 1.1776823785119312 0.7409885943351275 0.17300302380469726 0.0 
0.0 3.0135132747814932 1.9770375389953398 1.8186771102845256 1.8186771102845256 0.5424625984801109 0.0 0.0 
0.0 1.22622880163326 1.22622880163326 1.8186771102845256 1.8186771102845256 0.4815942019177631 0.0 0.0 
0.0 0.0 0.0 0.0 0.0 0.0 0.0 0.0 

0.0 0.0 0.0 0.0 0.0 0.0 0.0 0.0 
0.0 0.0 0.0 0.0 0.0 0.0 0.0 0.0 
0.0 0.0 0.0 0.0 0.0 0.0 0.019445019533473593 0.0 
0.0 0.0 0.0 0.2501689922743518 0.0 0.0 0.0 0.0 
0.0 0.0 0.0 0.2501689922743518 0.0 0.0 0.0 0.0 
0.0 0.0 0.0 0.0 0.0 0.0 0.0 0.0 
0.0 0.0 0.0 0.0 0.0 0.0 0.0 0.0 
0.0 0.0 0.0 0.0 0.0 0.0 0.0 0.0 

0.0 0.0 0.0 0.0 0.0 0.0 0.0 0.0 
0.0 0.9180565654149287 0.9180565654149287 0.6764356372968283 0.530979643573132 0.7315491432865859 0.0 0.0 
0.0 0.5122443584728277 0.7378180449099896 0.8000099241597669 0.7341482303792257 0.2625442909205844 0.0 0.0 
0.0 0.794376290644654 0.929982293127389 1.0285147281420555 0.7341482303792257 0.24436009030933198 0.0 0.0 
0.0 0.3111851647792109 1.1543907246887601 1.1543907246887601 0.7195431619689929 0.5352476548290627 0.0 0.0 
0.0 0.5378570682398875 1.1199343420146974 1.1929653340218183 1.1929653340218183 0.9209159097090248 0.0 0.0 
0.0 0.5740455636909056 0.7996449513699606 1.1342540041503246 1.1342540041503246 0.9129070857178633 0.0 0.0 
0.0 0.0 0.0 0.0 0.0 0.0 0.0 0.0 

0.0 0.0 0.0 0.0 0.0 0.0 0.0 0.0 
0.0 0.0 0.0 0.0 0.0 0.0 0.0 0.0 
0.0 0.20803990922775617 0.20803990922775617 0.01770638663991886 0.0 0.0 0.0 0.0 
0.0 0.3377297141913055 0.20803990922775617 0.01770638663991886 0.23063100829924807 0.0 0.0 0.0 
0.0 0.7815212042663905 0.0 0.0 0.23063100829924807 0.0 0.0 0.0 
0.0 0.7815212042663905 0.36517208984100097 0.36517208984100097 0.09990436098089306 0.0 0.0 0.0 
0.0 0.0 0.0 0.09990436098089306 0.09990436098089306 0.0 0.0 0.0 
0.0 0.0 0.0 0.0 0.0 0.0 0.0 0.0 

0.0 0.0 0.0 0.0 0.0 0.0 0.0 0.0 
0.0 0.16223989074307943 0.0 0.05349370866870179 0.22868807561020316 1.755485488475357 1.755485488475357 0.0 
0.0 0.18922246225717626 0.21230229766614367 0.0 0.22868807561020316 1.755485488475357 1.755485488475357 0.0 
0.0 0.33617684333171705 0.10138344997401613 0.7331638314507396 0.7331638314507396 1.3670562064526974 1.3670562064526974 0.0 
0.0 1.0486282662499098 0.0 0.7331638314507396 0.7331638314507396 1.3670562064526974 1.3670562064526974 0.0 
0.0 1.0486282662499098 0.0 0.0 0.0 1.558806776132907 1.558806776132907 0.0 
0.0 0.11891211942123757 0.0 0.0 0.0 1.8426117983455153 1.8426117983455153 0.0 
0.0 0.0 0.0 0.0 0.0 0.0 0.0 0.0 

0.0 0.0 0.0 0.0 0.0 0.0 0.0 0.0 
0.0 0.0 0.0 0.0 0.0 1.94557412918625 1.94557412918625 0.0 
0.0 0.0 0.0 0.0 0.0 0.9248895686852979 0.9248895686852979 0.0 
0.0 0.0 0.04975839844568773 0.0 0.0 0.4828218470585741 0.4828218470585741 0.0 
0.0 0.0 0.0 0.0 0.0 0.592055444296345 0.592055444296345 0.0 
0.0 0.0 0.0 0.0 0.0 0.5956179407798912 0.5956179407798912 0.0 
0.0 0.0 0.0 0.0 0.0 0.5526064604898588 0.5526064604898588 0.0 
0.0 0.0 0.0 0.0 0.0 0.0 0.0 0.0 

0.0 0.0 0.0 0.0 0.0 0.0 0.0 0.0 
0.0 0.039931303519172234 0.06474860041966832 0.06474860041966832 0.2778644100960122 1.919932872739621 1.919932872739621 0.0 
0.0 0.06566804930651529 0.06474860041966832 0.06474860041966832 0.3000743198401904 1.919932872739621 1.919932872739621 0.0 
0.0 0.7623479760732562 0.7623479760732562 0.5301222038181691 1.680839506308537 1.2021552291826352 0.0 0.0 
0.0 1.4998867824902415 1.0997783923107556 0.5301222038181691 0.7517023612507685 0.5764850566300181 0.0 0.0 
0.0 1.4998867824902415 1.3690064249165599 0.0 0.0 0.0 0.0 0.0 
0.0 0.6242442569269946 0.6242442569269946 0.23265706600235242 0.196938556332695 0.0 0.0 0.0 
0.0 0.0 0.0 0.0 0.0 0.0 0.0 0.0 

0.0 0.0 0.0 0.0 0.0 0.0 0.0 0.0 
0.0 0.0 0.0 0.0 0.0 0.0 0.0 0.0 
0.0 0.0 0.0 0.0 0.0 0.2712934061834075 0.2712934061834075 0.0 
0.0 0.0 0.0 0.0 0.0 0.0 0.0 0.0 
0.0 0.0 0.0 0.0 0.0 0.0 0.0 0.0 
0.0 0.0 0.0 0.0 0.0 0.0 0.0 0.0 
0.0 0.0 0.0 0.0 0.0 0.0 0.0 0.0 
0.0 0.0 0.0 0.0 0.0 0.0 0.0 0.0 

0.0 0.0 0.0 0.0 0.0 0.0 0.0 0.0 
0.0 0.0 0.0 0.0 0.0 0.5269939180331303 0.5379900274210222 0.0 
0.0 0.0 0.0 0.0 0.0 0.5269939180331303 0.5269939180331303 0.0 
0.0 0.0 0.0 0.0 0.0 0.0 0.0 0.0 
0.0 0.1911910562176156 0.2538466860973696 0.0 0.0 0.0 0.0 0.0 
0.0 0.19472697063618266 0.2538466860973696 0.0 0.0 0.0 0.0 0.0 
0.0 0.0 0.0 0.0 0.0 0.0 0.0 0.0 
0.0 0.0 0.0 0.0 0.0 0.0 0.0 0.0 

0.0 0.0 0.0 0.0 0.0 0.0 0.0 0.0 
0.0 0.7517725448102555 0.7517725448102555 0.6197593167716597 0.5720112289275073 0.6805783378597272 1.1575226164332713 0.0 
0.0 0.7517725448102555 0.8969762944508173 1.3337181918202603 1.3337181918202603 0.31110780467883975 0.06491109887312646 0.0 
0.0 1.2281633116592845 0.8969762944508173 1.3337181918202603 1.3337181918202603 0.31498233448487434 0.06491109887312646 0.0 
0.0 1.2281633116592845 1.0636691249904282 1.0636691249904282 0.8148557978839238 0.528899459184815 0.0863978011836789 0.0 
0.0 0.41920205223077345 1.0636691249904282 1.0636691249904282 0.977472448538129 0.977472448538129 0.0863978011836789 0.0 
0.0 0.38659408845432164 0.26705091953243293 0.26223191659702594 0.977472448538129 0.977472448538129 0.0 0.0 
0.0 0.0 0.0 0.0 0.0 0.0 0.0 0.0 

0.0 0.0 0.0 0.0 0.0 0.0 0.0 0.0 
0.0 0.0 0.0 0.0 0.0 0.0 0.0 0.0 
0.0 0.0 0.0 0.0 0.0 0.4611507216824229 0.4611507216824229 0.0 
0.0 0.0 0.0 0.0 0.0 0.09000330751341207 0.09000330751341207 0.0 
0.0 0.0 0.0 0.0 0.0 0.0 0.0 0.0 
0.0 0.0 0.0 0.0 0.0 0.0 0.0 0.0 
0.0 0.0 0.0 0.0 0.0 0.0 0.0 0.0 
0.0 0.0 0.0 0.0 0.0 0.0 0.0 0.0 

0.0 0.0 0.0 0.0 0.0 0.0 0.0 0.0 
0.0 0.9006991684420327 0.9437061897856749 0.9437061897856749 0.6167786843835552 1.173955912359227 0.5894906824972964 0.0 
0.0 1.3409915136938997 0.795511230083196 0.795511230083196 0.6167786843835552 0.23677816770640797 0.5894906824972964 0.0 
0.0 1.3409915136938997 0.5627258357512785 0.6846403460233875 0.6846403460233875 0.09149845128707791 0.5985140827591027 0.0 
0.0 1.5193029631944355 0.5627258357512785 0.4623466543406518 0.4623466543406518 0.2907511055543781 0.5985140827591027 0.0 
0.0 1.0252408645353386 0.5421722095999635 0.5421722095999635 0.2907511055543781 0.4871357839196283 0.2864804998600948 0.0 
0.0 0.7340334394310646 0.6768606192072036 0.8311101950432846 1.1395673537292825 0.8345792666002116 0.28918286579917474 0.0 
0.0 0.0 0.0 0.0 0.0 0.0 0.0 0.0 

0.0 0.0 0.0 0.0 0.0 0.0 0.0 0.0 
0.0 0.7097955130250049 0.4785024147177583 0.33576086835332825 0.8238597003694523 1.4636224508914741 0.5284686442320017 0.0 
0.0 0.4785024147177583 0.6206796093004914 0.33576086835332825 0.8238597003694523 1.4636224508914741 1.3918127741443957 0.0 
0.0 0.26462354822545375 0.8357942290285406 0.0 0.0 0.49577421456917514 1.3918127741443957 0.0 
0.0 0.2005143230572259 0.07117664128338007 0.0 0.14158252201733498 0.9023447300000443 1.6655256751865082 0.0 
0.0 0.4838173770907077 0.0 0.0 0.0 0.8241288370287643 1.6655256751865082 0.0 
0.0 0.7285989697565689 0.321615258853939 0.321615258853939 0.0 0.7550909598945349 1.6307777857747061 0.0 
0.0 0.0 0.0 0.0 0.0 0.0 0.0 0.0 

0.0 0.0 0.0 0.0 0.0 0.0 0.0 0.0 
0.0 0.2446530187330491 0.2446530187330491 0.2344412949745716 0.3318470521474776 1.6816753374296978 1.6816753374296978 0.0 
0.0 0.9954626164451442 1.0868434324083358 1.0868434324083358 1.031229039122676 1.5386636379084475 0.9384981310014358 0.0 
0.0 1.1925875401066137 1.1925875401066137 1.1537691526626481 1.1537691526626481 1.031229039122676 0.03533207770989724 0.0 
0.0 2.3021025548383016 2.2862403225815138 1.1537691526626481 1.1537691526626481 0.5935713484644035 0.014328012614657593 0.0 
0.0 2.3021025548383016 2.2862403225815138 0.8043205956666977 0.5639405825484503 0.0 0.058105019205753915 0.0 
0.0 1.1481259816202356 0.6187058743088252 0.6187058743088252 0.5639405825484503 0.0 0.0020759872083625577 0.0 
0.0 0.0 0.0 0.0 0.0 0.0 0.0 0.0 

0.0 0.0 0.0 0.0 0.0 0.0 0.0 0.0 
0.0 0.0 0.0 0.0 0.0 0.0 0.10311916518510644 0.0 
0.0 0.05847143539261607 0.05847143539261607 0.0 0.0 0.0 0.0 0.0 
0.0 0.5686166138887571 0.5686166138887571 0.0 0.0 0.0 0.0 0.0 
0.0 0.5686166138887571 0.5686166138887571 0.0 0.0 0.0 0.1592597030872588 0.0 
0.0 0.0 0.0 0.0 0.37774029981148766 0.37774029981148766 0.1592597030872588 0.0 
0.0 0.0 0.0 0.0 0.4166632495896698 0.4166632495896698 0.0214142714496367 0.0 
0.0 0.0 0.0 0.0 0.0 0.0 0.0 0.0 

0.0 0.0 0.0 0.0 0.0 0.0 0.0 0.0 
0.0 0.46197525453806754 0.22636533578810838 0.11881201815616033 0.19166815226603626 0.6863109010289816 0.0 0.0 
0.0 0.21672805697301692 0.21672805697301692 0.16645525098486308 0.19166815226603626 0.19166815226603626 0.0 0.0 
0.0 0.193347559147914 0.0 0.3946601668940889 0.26600215367777913 0.0 0.0 0.0 
0.0 0.8713065738498258 0.0 0.3946601668940889 0.07671510362311218 0.12051917019999568 0.12051917019999568 0.0 
0.0 0.3891649403970788 0.2791425983690737 0.2544923333782102 0.0 0.10931267409320179 0.0 0.0 
0.0 0.5328917113991193 0.2791425983690737 0.3517451525392672 0.5092078464695386 0.04380027105558222 0.0 0.0 
0.0 0.0 0.0 0.0 0.0 0.0 0.0 0.0 

0.0 0.0 0.0 0.0 0.0 0.0 0.0 0.0 
0.0 0.1446720005477889 0.1446720005477889 0.0 0.4797964470857434 0.4797964470857434 0.0 0.0 
0.0 0.0 0.0 0.0 0.0 0.0 0.0 0.0 
0.0 0.0 0.0 0.0 0.0 0.0 0.0 0.0 
0.0 0.0 0.27942783416056205 0.27942783416056205 0.0 0.0 0.0 0.0 
0.0 0.049961842879893206 0.41535007159470294 0.4522620981797162 0.0 0.0 0.0 0.0 
0.0 0.049961842879893206 0.41535007159470294 0.4522620981797162 0.4153687089117154 0.0 0.0 0.0 
0.0 0.0 0.0 0.0 0.0 0.0 0.0 0.0 

0.0 0.0 0.0 0.0 0.0 0.0 0.0 0.0 
0.0 0.0 0.0 0.0 0.0 0.0 0.0 0.0 
0.0 0.0 0.0 0.0 0.0 0.0 0.0 0.0 
0.0 0.0 0.0 0.0 0.0 0.0 0.0 0.0 
0.0 0.0 0.0 0.0 0.0 0.0 0.0 0.0 
0.0 0.0 0.0 0.0 0.0 0.0 0.0 0.0 
0.0 0.0 0.0 0.0 0.0 0.0 0.0 0.0 
0.0 0.0 0.0 0.0 0.0 0.0 0.0 0.0 

0.0 0.0 0.0 0.0 0.0 0.0 0.0 0.0 
0.0 0.03199235391314542 0.0 0.0 0.0 0.0 0.0 0.0 
0.0 0.0 0.0 0.0 0.0 0.0 0.0 0.0 
0.0 0.0 0.0 0.0 0.0 0.0 0.0 0.0 
0.0 0.0 0.0 0.0 0.0 0.0 0.0 0.0 
0.0 0.0 0.0 0.0 0.0 0.0 0.0 0.0 
0.0 0.0 0.0 0.0 0.0 0.0 0.0 0.0 
0.0 0.0 0.0 0.0 0.0 0.0 0.0 0.0 

