0.0 0.0 0.0 0.0 0.0 0.0 0.0 0.0 
0.0 2.140443743513564 1.5610019664854708 1.5342796301943586 1.509890824372089 1.695980104620581 1.695980104620581 0.0 
0.0 1.6161691558468343 1.7647411657342398 1.491265161150661 2.3106345118955987 2.3106345118955987 1.1594083189327353 0.0 
0.0 1.6161691558468343 1.5990289679573397 1.4876032729391133 2.3106345118955987 2.3106345118955987 1.0637525525911335 0.0 
0.0 1.5586198602155352 1.5161247054717613 1.8044372540062725 1.9390923248309357 1.0637525525911335 1.0637525525911335 0.0 
0.0 2.073472807474731 1.54545039559528 1.8044372540062725 1.8044372540062725 1.6984997580013708 1.216554163263585 0.0 
0.0 1.9552301314284637 1.9995920346815477 1.474148222916317 1.3980916781524746 1.3072538316347246 1.2969252164718081 0.0 
0.0 0.0 0.0 0.0 0.0 0.0 0.0 0.0 

0.0 0.0 0.0 0.0 0.0 0.0 0.0 0.0 
0.0 0.6983603231191476 0.6983603231191476 0.4311576858089732 0.4409708446982502 0.5266083896995877 0.5809198426397415 0.0 
0.0 0.4382887425041457 0.0 0.09921359992985311 0.09921359992985311 0.08309926512402267 0.3333715616301761 0.0 
0.0 0.4382887425041457 0.15071261062216812 0.36532310797282536 0.36532310797282536 0.0338015419711458 0.20450781038411492 0.0 
0.0 0.34996615263250963 0.15071261062216812 0.36532310797282536 0.36532310797282536 0.0 0.0 0.0 
0.0 0.031248506137033533 0.0 0.0 0.0 0.0 0.5586500953838005 0.0 
0.0 0.0 0.0 0.0 0.0 0.5049844186404218 0.5833190170464428 0.0 
0.0 0.0 0.0 0.0 0.0 0.0 0.0 0.0 

0.0 0.0 0.0 0.0 0.0 0.0 0.0 0.0 
0.0 0.09040488817925327 0.0655060211444084 0.0655060211444084 0.0 0.20296805047857502 0.32200155534897823 0.0 
0.0 0.0 0.0 0.0 0.3501047312274802 0.6526338990492024 0.6526338990492024 0.0 
0.0 0.11427325404681271 0.18291848000579672 0.04350618067357739 0.7325833614470767 0.8400152822445842 0.6555998831740817 0.0 
0.0 0.12479986247153738 0.18291848000579672 0.4637961223916907 1.3304599992847723 1.3304599992847723 0.6126353771335015 0.0 
0.0 0.14856178561487499 0.40442918542213524 0.6252355762241049 1.3304599992847723 1.3304599992847723 0.84520159356714 0.0 
0.0 0.40580621206135925 0.40442918542213524 0.530473149709033 0.6912246774187253 0.6912246774187253 0.5594934327126148 0.0 
0.0 0.0 0.0 0.0 0.0 0.0 0.0 0.0 

0.0 0.0 0.0 0.0 0.0 0.0 0.0 0.0 
0.0 0.5726250299499684 0.5726250299499684 0.05524560357033065 0.938741975025891 0.938741975025891 1.0377060155776023 0.0 
0.0 0.0 0.0 0.0 0.0 1.2699699942945744 1.2699699942945744 0.0 
0.0 0.09283187476402516 0.09283187476402516 0.9257550539222943 2.0573586332157974 1.9477192143408704 0.9625865697403999 0.0 
0.0 0.6954271702706143 0.6954271702706143 0.9257550539222943 2.0573586332157974 1.9477192143408704 1.6318280657528368 0.0 
0.0 0.0 0.7350660764465689 0.903892171435832 0.5608285145127418 0.9546108747968363 1.1685242980288264 0.0 
0.0 0.0 0.0 0.12022222976977359 0.49844607282070424 0.33049037682493165 0.14386365641881677 0.0 
0.0 0.0 0.0 0.0 0.0 0.0 0.0 0.0 

0.0 0.0 0.0 0.0 0.0 0.0 0.0 0.0 
0.0 1.15065715696202 1.1813776615621812 1.1813776615621812 1.1207219809640432 1.050632074787473 1.461110639187879 0.0 
0.0 0.8865985789202662 0.9754223259542774 0.82849147920492 1.3493464764607908 1.3493464764607908 1.1092239833029567 0.0 
0.0 1.0835822559427 1.0835822559427 0.7939717075422864 2.0595135127990196 2.0595135127990196 1.330422429793284 0.0 
0.0 1.2971173505399824 1.0864747446359058 0.9183891399205051 2.0595135127990196 2.0595135127990196 1.3585621166222908 0.0 
0.0 1.3206529368028355 1.1779450296133263 1.1779450296133263 1.1722465214970241 1.1722465214970241 1.196280767868477 0.0 
0.0 1.0236017235744477 0.5891021336923983 0.4789808096353308 1.1722465214970241 1.1722465214970241 0.8347764162329135 0.0 
0.0 0.0 0.0 0.0 0.0 0.0 0.0 0.0 

0.0 0.0 0.0 0.0 0.0 0.0 0.0 0.0 
0.0 0.005688724460937988 0.0 0.03827083063313658 0.03827083063313658 0.0 0.0 0.0 
0.0 0.0 0.0 0.0 0.14290062628040148 0.14290062628040148 0.06703352464065615 0.0 
0.0 0.0 0.03757716781825852 0.024394132556926074 0.4123313128817152 0.4123313128817152 0.24508227841335078 0.0 
0.0 0.2973906134914793 0.1928324196825268 0.024394132556926074 0.5555494379667613 0.5458950971653662 0.24508227841335078 0.0 
0.0 0.29278599935563887 0.1928324196825268 0.08736571638224463 0.5555494379667613 0.05763361824100114 0.05763361824100114 0.0 
0.0 0.0 0.08736571638224463 0.08736571638224463 0.0 0.05763361824100114 0.05763361824100114 0.0 
0.0 0.0 0.0 0.0 0.0 0.0 0.0 0.0 

0.0 0.0 0.0 0.0 0.0 0.0 0.0 0.0 
0.0 0.4533909136628045 0.38744866208391116 0.7794257218925682 0.7794257218925682 0.7047018887506136 0.18790811666384213 0.0 
0.0 0.3159217824453108 0.38744866208391116 0.6117185906060414 0.1909008671491486 0.1624209596063536 0.1624209596063536 0.0 
0.0 0.36155379759824535 0.4609945179415358 0.45937406789392043 0.3615121393541038 0.35639830742013795 0.35639830742013795 0.0 
0.0 0.36155379759824535 0.4609945179415358 0.3615121393541038 0.3615121393541038 0.07807753293633567 0.0998172730824603 0.0 
0.0 0.22339580329485362 0.5169949631335578 0.5515117742110854 0.06733115743323367 0.48694510645316913 0.7467542423675806 0.0 
0.0 0.43236112731654847 0.5169949631335578 0.7166606306124103 0.3419210333645465 0.6089192654272209 0.7467542423675806 0.0 
0.0 0.0 0.0 0.0 0.0 0.0 0.0 0.0 

0.0 0.0 0.0 0.0 0.0 0.0 0.0 0.0 
0.0 2.085435251229909 2.069518387157943 1.7073593930702662 1.8661976803594749 1.8502211297940006 1.9848192078691578 0.0 
0.0 1.7343400214230953 1.8089326200214508 2.2098409800598486 2.2098409800598486 1.734382597918933 1.9298794661278658 0.0 
0.0 1.7350331551194942 1.9679004922766479 1.8215987709478836 1.790916700198905 1.8277335386076428 1.9028738302683614 0.0 
0.0 1.7017082802124661 1.9679004922766479 1.7158334565670699 1.7158334565670699 1.7580456651503222 1.7580456651503222 0.0 
0.0 1.4369485617031506 1.4850609045469427 1.7158334565670699 1.7484546732947668 1.8465800634559284 1.9972274491015327 0.0 
0.0 1.7240420719559189 1.7559002664198347 1.8515302954015507 1.7932310024865543 2.1082156977188387 2.1082156977188387 0.0 
0.0 0.0 0.0 0.0 0.0 0.0 0.0 0.0 

0.0 0.0 0.0 0.0 0.0 0.0 0.0 0.0 
0.0 0.0 0.0 0.0 0.0 0.0 0.0 0.0 
0.0 0.0 0.0 0.0 0.0 0.0 0.0 0.0 
0.0 0.0 0.0 0.0 0.1534013605906984 0.1534013605906984 0.0 0.0 
0.0 0.0 0.0 0.22326937546318795 0.22326937546318795 0.0 0.0 0.0 
0.0 0.0 0.0 0.0 0.0 0.0 0.0 0.0 
0.0 0.0 0.0 0.0 0.0 0.0 0.0 0.0 
0.0 0.0 0.0 0.0 0.0 0.0 0.0 0.0 

0.0 0.0 0.0 0.0 0.0 0.0 0.0 0.0 
0.0 0.5126863228639389 0.19234008979527076 0.15348603952486342 0.0 0.27098462960189534 0.27098462960189534 0.0 
0.0 0.5737739529147977 0.2076461607756843 0.256689345045089 0.13824874811730628 0.10231213741924522 0.0 0.0 
0.0 0.6131746565230145 0.3582406942033129 0.5198674426078231 0.5198674426078231 0.014138544966904712 0.014138544966904712 0.0 
0.0 0.22017806542254142 0.3582406942033129 0.5198674426078231 0.5198674426078231 0.014138544966904712 0.014138544966904712 0.0 
0.0 0.0 0.0 0.22268298160057262 0.22268298160057262 0.0 0.0 0.0 
0.0 0.41757123572958094 0.0 0.0 0.0 0.24903323302257965 0.3272866809960761 0.0 
0.0 0.0 0.0 0.0 0.0 0.0 0.0 0.0 

0.0 0.0 0.0 0.0 0.0 0.0 0.0 0.0 
0.0 0.35858738212281066 0.30949614615155274 0.5913506565049604 0.5284024872229567 0.4993560464737116 0.5931766005545138 0.0 
0.0 0.27819387644052085 0.30949614615155274 0.21430628378172925 0.0 0.4993560464737116 0.4993560464737116 0.0 
0.0 0.34958906436518267 0.3453181171515581 0.3373393783437951 0.5423959736457656 0.31446108743256124 0.09535440543759396 0.0 
0.0 0.8408052689858303 0.5654554848304671 0.3373393783437951 0.17142090977467705 0.17142090977467705 0.50826479924952 0.0 
0.0 0.33660082425219007 0.33395285911469436 0.33395285911469436 0.0 0.0 0.08015851428746468 0.0 
0.0 0.0 0.0 0.0 0.0 0.26421414458366105 0.33790848949977254 0.0 
0.0 0.0 0.0 0.0 0.0 0.0 0.0 0.0 

0.0 0.0 0.0 0.0 0.0 0.0 0.0 0.0 
0.0 0.8631925725500192 0.36836764593387783 0.0 0.14519047896239318 0.1184299339311959 0.29490647976991274 0.0 
0.0 0.8631925725500192 0.4805330034776065 1.0975881025366803 1.0975881025366803 0.1184299339311959 0.15967029502800661 0.0 
0.0 0.5977115758001028 0.4805330034776065 1.0975881025366803 1.0975881025366803 0.0 0.0 0.0 
0.0 0.34255213018504127 0.17024470338987197 0.12023271323354616 0.0 0.0 0.0 0.0 
0.0 0.0 0.0 0.0 0.0 0.0 0.4229513848671499 0.0 
0.0 0.0 0.0 0.0 0.0 0.12320441481316129 0.4229513848671499 0.0 
0.0 0.0 0.0 0.0 0.0 0.0 0.0 0.0 

0.0 0.0 0.0 0.0 0.0 0.0 0.0 0.0 
0.0 1.2727104817535855 0.7859821662142009 0.9337618381584452 0.9337618381584452 1.1189212352317977 1.1189212352317977 0.0 
0.0 0.8824941528557216 0.6220739068398945 0.016196353534729355 1.4090673533845872 1.4090673533845872 0.6964231811212818 0.0 
0.0 0.6579207190264875 0.7785969169643203 2.4661130746438165 2.925274465859637 1.1783143394781457 0.6964231811212818 0.0 
0.0 1.7045654935529517 1.1774265688494603 2.4661130746438165 2.925274465859637 1.7585253708638737 1.3738719693021404 0.0 
0.0 1.7045654935529517 1.0842433148621264 0.9606659367036015 0.9606659367036015 1.7585253708638737 0.40006924009297395 0.0 
0.0 0.949551030239272 0.0 0.9606659367036015 0.9606659367036015 0.6295003682546025 0.6295003682546025 0.0 
0.0 0.0 0.0 0.0 0.0 0.0 0.0 0.0 

0.0 0.0 0.0 0.0 0.0 0.0 0.0 0.0 
0.0 0.8893474305167522 0.7887627605073032 0.9967092061202596 1.011936982987226 1.487946694601289 1.487946694601289 0.0 
0.0 0.5152238911196795 0.7887627605073032 0.9967092061202596 1.2529753679184563 2.4142414534327616 2.4142414534327616 0.0 
0.0 0.4445522545522628 0.5202183920483304 1.6372431422549985 1.6372431422549985 2.4142414534327616 2.4142414534327616 0.0 
0.0 1.7783692386418406 1.7783692386418406 1.1549250557098623 3.328633417881305 3.328633417881305 1.8942515155673534 0.0 
0.0 1.7783692386418406 2.0921230388685514 1.9777657059803968 1.8923595870887444 1.8923595870887444 1.8942515155673534 0.0 
0.0 1.5999878162824477 1.9458667852714961 1.9777657059803968 1.143380986844709 1.143380986844709 0.5240927111465618 0.0 
0.0 0.0 0.0 0.0 0.0 0.0 0.0 0.0 

0.0 0.0 0.0 0.0 0.0 0.0 0.0 0.0 
0.0 0.0 0.0 0.0 0.0 0.0 0.0 0.0 
0.0 0.0 0.0 0.0 0.0 0.0 0.0 0.0 
0.0 0.0 0.0 0.0 0.0 0.0 0.0 0.0 
0.0 0.0 0.0 0.0 0.0 0.0 0.0 0.0 
0.0 0.0 0.0 0.0 0.0 0.03116672051019158 0.03116672051019158 0.0 
0.0 0.0 0.0 0.0 0.0 0.03116672051019158 0.03116672051019158 0.0 
0.0 0.0 0.0 0.0 0.0 0.0 0.0 0.0 

0.0 0.0 0.0 0.0 0.0 0.0 0.0 0.0 
0.0 0.367609694294931 0.7895984886777884 0.9434715485645907 0.6575700601769849 0.7478666864731275 0.09357313372899642 0.0 
0.0 0.4874788254476563 0.7895984886777884 0.9434715485645907 0.5899018779948517 0.7478666864731275 0.14223272442512463 0.0 
0.0 0.4874788254476563 0.4874788254476563 0.5690093001939339 0.5690093001939339 0.0 0.33867281655849724 0.0 
0.0 0.709159001353994 0.709159001353994 0.6003316702502425 0.5690093001939339 0.26915685569816106 0.33867281655849724 0.0 
0.0 0.709159001353994 0.709159001353994 0.4714933889851599 0.0 0.0 0.19082647061265182 0.0 
0.0 0.3225414460442597 0.3225414460442597 0.0 0.0 0.13749332177383913 0.2089361896049125 0.0 
0.0 0.0 0.0 0.0 0.0 0.0 0.0 0.0 

0.0 0.0 0.0 0.0 0.0 0.0 0.0 0.0 
0.0 0.02570455447975678 0.02570455447975678 0.0 0.061204295418123694 0.061204295418123694 0.08646720864774425 0.0 
0.0 0.0 0.0 0.0 0.0 0.0 0.0 0.0 
0.0 0.0 0.0 0.0 0.0 0.25798881069369994 0.25798881069369994 0.0 
0.0 0.0 0.0 0.0 0.9395447044519603 0.9395447044519603 0.0 0.0 
0.0 0.19759005930007434 0.19759005930007434 0.20069266504866268 0.0 0.5119680304913444 0.5119680304913444 0.0 
0.0 0.0 0.2033990259981106 0.33653349833897545 0.018103647898092573 0.5119680304913444 0.5119680304913444 0.0 
0.0 0.0 0.0 0.0 0.0 0.0 0.0 0.0 

0.0 0.0 0.0 0.0 0.0 0.0 0.0 0.0 
0.0 0.24243148252136604 0.24243148252136604 0.0 0.31637780429792894 0.707595109425781 0.707595109425781 0.0 
0.0 0.6806583884310672 0.015982835784655335 0.47228417304206016 1.1985096825075323 0.7800299324749153 0.0 0.0 
0.0 0.6806583884310672 0.013191687127526056 1.0640356324902247 1.1985096825075323 0.7800299324749153 0.6430083371704248 0.0 
0.0 0.31888464854815846 0.013191687127526056 1.1433573665488148 1.1433573665488148 0.946236653640184 0.6430083371704248 0.0 
0.0 0.3931318661038253 0.30096590132297496 0.7596066639799136 0.946236653640184 0.946236653640184 0.2968885272669273 0.0 
0.0 0.8327980703745526 0.586766934060361 1.221211071981056 1.221211071981056 0.2968885272669273 0.2968885272669273 0.0 
0.0 0.0 0.0 0.0 0.0 0.0 0.0 0.0 

0.0 0.0 0.0 0.0 0.0 0.0 0.0 0.0 
0.0 0.0 0.0 0.0 0.0 0.0 0.0 0.0 
0.0 0.0 0.0 0.0 0.0 0.0 0.0 0.0 
0.0 0.0 0.0 0.0 0.0 0.0 0.0 0.0 
0.0 0.0 0.0 0.0 0.0 0.0 0.0 0.0 
0.0 0.0 0.0 0.0 0.0 0.0 0.0 0.0 
0.0 0.0 0.0 0.0 0.0 0.0 0.0 0.0 
0.0 0.0 0.0 0.0 0.0 0.0 0.0 0.0 

0.0 0.0 0.0 0.0 0.0 0.0 0.0 0.0 
0.0 0.0 0.0 0.0 0.0 0.2744531181891319 0.21334044967834567 0.0 
0.0 0.0 0.0 0.0 0.0 1.2720828199200758 1.2720828199200758 0.0 
0.0 0.0 0.0 0.0 2.2597371160495756 2.2597371160495756 1.2720828199200758 0.0 
0.0 0.0 0.288827341909947 0.6714292192334955 2.5652098446323732 2.5652098446323732 1.590209322147723 0.0 
0.0 0.31508160400503465 1.3663265725696292 1.3663265725696292 1.6980777305461952 1.6126141076959253 1.6126141076959253 0.0 
0.0 0.655193820207474 1.3663265725696292 1.3663265725696292 0.6796007928825849 0.8344825894363652 0.03884606266625845 0.0 
0.0 0.0 0.0 0.0 0.0 0.0 0.0 0.0 

0.0 0.0 0.0 0.0 0.0 0.0 0.0 0.0 
0.0 0.0 0.0 0.0 0.0 0.0 0.0 0.0 
0.0 0.0 0.0 0.0 0.0 0.0 0.0 0.0 
0.0 0.0 0.0 0.0 0.0 0.0 0.0 0.0 
0.0 0.0 0.0 0.0 0.0 0.0 0.0 0.0 
0.0 0.0 0.0 0.0 0.0 0.0 0.0 0.0 
0.0 0.0 0.0 0.0 0.0 0.0 0.0 0.0 
0.0 0.0 0.0 0.0 0.0 0.0 0.0 0.0 

0.0 0.0 0.0 0.0 0.0 0.0 0.0 0.0 
0.0 0.0 0.0 0.0 0.0 0.0 0.0 0.0 
0.0 0.0 0.0 0.0 0.0 0.0 0.0 0.0 
0.0 0.0 0.0 0.0 0.0 0.2614191010690354 0.0 0.0 
0.0 0.0 0.0 0.0 0.7055321444338427 0.5686511843199238 0.3185711296559528 0.0 
0.0 0.0 0.022229381584076946 0.022229381584076946 0.3444879580722509 0.266580225796644 0.3185711296559528 0.0 
0.0 0.0 0.022229381584076946 0.07928498126285408 0.11566033268742197 0.11566033268742197 0.03825087209874657 0.0 
0.0 0.0 0.0 0.0 0.0 0.0 0.0 0.0 

0.0 0.0 0.0 0.0 0.0 0.0 0.0 0.0 
0.0 0.5865402539358318 0.5865402539358318 0.527492926391981 0.8997344924155867 1.0654727695648578 0.7958923507928293 0.0 
0.0 0.650865714451264 0.650865714451264 0.527492926391981 1.0311083608777134 1.3790582389183679 1.221403935417851 0.0 
0.0 0.6904785799340957 0.7106659035724456 1.5453366508822326 1.5453366508822326 1.221403935417851 1.221403935417851 0.0 
0.0 0.8389307799932137 1.315134273463894 1.5453366508822326 1.5453366508822326 1.5754495225818794 1.4869517352426478 0.0 
0.0 0.9741807671605998 1.315134273463894 1.3526785345990409 1.1733002033090574 1.3148772209121669 0.7223334710179934 0.0 
0.0 0.2994744296954902 0.5822427664498522 1.3526785345990409 0.9217596633763538 0.644596071395946 0.621510141021488 0.0 
0.0 0.0 0.0 0.0 0.0 0.0 0.0 0.0 

0.0 0.0 0.0 0.0 0.0 0.0 0.0 0.0 
0.0 0.0 0.0 0.0 0.0 0.0 0.0 0.0 
0.0 0.0 0.0 0.0 0.0 0.0 0.0 0.0 
0.0 0.0 0.0 0.0 0.0 0.0 0.0 0.0 
0.0 0.0 0.0 0.0 0.0 0.0 0.0 0.0 
0.0 0.0 0.0 0.0 0.0 0.0 0.0 0.0 
0.0 0.0 0.0 0.0 0.0 0.0 0.0 0.0 
0.0 0.0 0.0 0.0 0.0 0.0 0.0 0.0 

0.0 0.0 0.0 0.0 0.0 0.0 0.0 0.0 
0.0 0.5893742240486769 0.44462990330608004 0.44462990330608004 0.7382004610618433 0.7382004610618433 0.7705004036596821 0.0 
0.0 0.24351925919602727 0.7601256678849969 0.7601256678849969 0.8007181829553564 0.8007181829553564 0.7904303770590865 0.0 
0.0 0.49884908691999297 0.7601256678849969 0.7657361198730823 1.1830584879308297 0.9837759326825721 0.7904303770590865 0.0 
0.0 1.1224174162281175 0.456666732552777 0.9042359227288926 1.1830584879308297 0.9837759326825721 0.7289643043435674 0.0 
0.0 0.8078935122229064 0.549522713175689 0.549522713175689 0.424259668860839 0.7289643043435674 0.7289643043435674 0.0 
0.0 0.7000002633345096 0.5712491214898542 0.5712491214898542 0.393031205894699 0.46620275973114456 0.49901472827852317 0.0 
0.0 0.0 0.0 0.0 0.0 0.0 0.0 0.0 

0.0 0.0 0.0 0.0 0.0 0.0 0.0 0.0 
0.0 1.008847893388569 0.5978481587832458 0.44798212495755446 0.20317439958105446 0.6490549117866342 0.6490549117866342 0.0 
0.0 1.0762472506424468 0.5978481587832458 0.01269487943617573 1.41503749408767 0.8425352754057834 0.0 0.0 
0.0 1.0762472506424468 0.47850446248250167 0.8370351747127296 1.41503749408767 0.8425352754057834 0.11047013302488914 0.0 
0.0 0.4938549625073043 0.47850446248250167 0.8370351747127296 0.8370351747127296 0.5518818091729608 0.11047013302488914 0.0 
0.0 0.8250519862451823 0.0 0.13962127241967737 0.5518818091729608 0.5518818091729608 0.7415037468430323 0.0 
0.0 1.0421884821079437 0.0 0.47320952014262696 0.47320952014262696 0.5769079962680179 0.7415037468430323 0.0 
0.0 0.0 0.0 0.0 0.0 0.0 0.0 0.0 

0.0 0.0 0.0 0.0 0.0 0.0 0.0 0.0 
0.0 0.33267152963936786 0.6795068020362721 0.6795068020362721 0.5734083154944204 0.8713973472282832 0.8713973472282832 0.0 
0.0 0.43462749331177924 0.43462749331177924 0.0794723155907412 0.8643705560986531 0.6614291367092857 0.41277229272632654 0.0 
0.0 0.2803639246226395 0.3375822655101389 0.4861564690772743 1.7095430192545253 1.7095430192545253 1.0064913770696298 0.0 
0.0 0.8130083735217464 0.8130083735217464 1.6050363285948697 1.9360899728840297 1.5682120848599999 1.0064913770696298 0.0 
0.0 1.1973928804628717 1.7534643639174226 1.5716637968605636 1.9186317701313114 1.5682120848599999 0.733812328384209 0.0 
0.0 1.022098968238295 1.7534643639174226 1.2502582999341798 1.1381349272865207 1.045139017162378 0.04198955021650225 0.0 
0.0 0.0 0.0 0.0 0.0 0.0 0.0 0.0 

0.0 0.0 0.0 0.0 0.0 0.0 0.0 0.0 
0.0 0.0 0.0 0.0 0.0 0.005459126790267423 0.0 0.0 
0.0 0.0 0.0 0.0 0.0 0.5510847313406374 0.5510847313406374 0.0 
0.0 0.0 0.1811223762034965 0.0 0.3203258420285231 0.3527576067217305 0.21296485250407418 0.0 
0.0 0.0 0.1811223762034965 0.0 0.3203258420285231 0.3527576067217305 0.2704386846867727 0.0 
0.0 0.0 0.0 0.20206507898938064 0.0 0.0 0.21151962479656153 0.0 
0.0 0.0 0.0 0.0 0.0 0.0 0.0 0.0 
0.0 0.0 0.0 0.0 0.0 0.0 0.0 0.0 

0.0 0.0 0.0 0.0 0.0 0.0 0.0 0.0 
0.0 0.2231425453351759 0.0 0.14780190086698414 0.2223249110466117 0.1500510063991234 0.1500510063991234 0.0 
0.0 0.23735330029145568 0.12104232580646017 0.14780190086698414 0.48594029763216634 0.48594029763216634 0.0 0.0 
0.0 0.23735330029145568 0.11418193843562431 0.74178820671487 0.74178820671487 0.48594029763216634 0.0 0.0 
0.0 0.4397730844636222 0.0 0.74178820671487 0.74178820671487 0.0544476876015738 0.0 0.0 
0.0 0.4397730844636222 0.12400147844173717 0.021067010353155897 0.021067010353155897 0.0544476876015738 0.0 0.0 
0.0 0.25623486120040284 0.25623486120040284 0.23444340518917475 0.12377965559900606 0.10636961594106707 0.170502637701647 0.0 
0.0 0.0 0.0 0.0 0.0 0.0 0.0 0.0 

0.0 0.0 0.0 0.0 0.0 0.0 0.0 0.0 
0.0 0.0 0.0 0.0 0.0 0.0 0.0 0.0 
0.0 0.0 0.0 0.0 0.0 0.0 0.0 0.0 
0.0 0.0 0.0 0.0 0.0 0.0 0.0 0.0 
0.0 0.0 0.0 0.0 0.0 0.0 0.0 0.0 
0.0 0.0 0.0 0.0 0.0 0.0 0.0 0.0 
0.0 0.0 0.0195530596548687 0.0 0.0 0.0 0.0 0.0 
0.0 0.0 0.0 0.0 0.0 0.0 0.0 0.0 

0.0 0.0 0.0 0.0 0.0 0.0 0.0 0.0 
0.0 0.0 0.0 0.0 0.0 0.0 0.0 0.0 
0.0 0.0 0.0 0.0 0.0 0.0 0.0 0.0 
0.0 0.0 0.0 0.0 0.0 0.0 0.0 0.0 
0.0 0.0 0.0 0.0 0.0 0.0 0.0 0.0 
0.0 0.0 0.0 0.0 0.0 0.0 0.0 0.0 
0.0 0.0 0.0 0.0 0.0 0.0 0.0 0.0 
0.0 0.0 0.0 0.0 0.0 0.0 0.0 0.0 

0.0 0.0 0.0 0.0 0.0 0.0 0.0 0.0 
0.0 0.0 0.0 0.0 0.0 0.0 0.0 0.0 
0.0 0.0 0.0 0.0 0.0 0.0 0.0 0.0 
0.0 0.0 0.0 0.0 0.0 0.0 0.0 0.0 
0.0 0.0 0.0 0.0 0.0 0.0 0.0 0.0 
0.0 0.0 0.0 0.0 0.0 0.0 0.0 0.0 
0.0 0.0 0.0 0.0 0.0 0.0 0.0 0.0 
0.0 0.0 0.0 0.0 0.0 0.0 0.0 0.0 

