0.9695714986019306 0.9047007728417158 1.2599828482617141 
1.425021456951245 1.425021456951245 1.3921730085244794 
1.8481130389689524 1.6206798256698878 1.333541842568088 

0.0 0.0 0.0 
0.0 0.0 0.0 
0.0 0.0 0.0 

2.527070176587386 2.4241063416239115 2.4646501685828635 
2.8481738830159093 2.44189899852593 2.4094020589941376 
2.8481738830159093 2.44189899852593 2.4094020589941376 

0.26828603502488063 0.060549923788158364 0.060549923788158364 
0.04306215196508929 0.04306215196508929 0.0 
0.04306215196508929 0.04306215196508929 0.0 

0.3833498890575141 0.3833498890575141 0.0 
0.563255732874854 0.38774274051764845 0.0 
0.38774274051764845 0.38774274051764845 0.0 

0.24212216469135303 0.24212216469135303 0.2872476139295165 
0.0 0.0 0.07665554052787521 
0.05350187890617944 0.0 0.07665554052787521 

0.0 0.0 0.0 
0.0 0.0 0.0 
0.0 0.0 0.0 

2.310791538111718 2.008601874756122 2.008601874756122 
1.8851533460752197 1.9660245036089596 1.9660245036089596 
1.48954745286615 1.293974215067702 1.1111290141011139 

1.9123714326310886 2.0908757756901255 2.049475603213924 
1.284127882037469 1.5028174112704276 1.9916775655071903 
1.2087502142337236 1.2087502142337236 1.9916775655071903 

2.2746223688916536 2.2746223688916536 2.1458065700351696 
2.2746223688916536 2.2746223688916536 2.1458065700351696 
3.0334984159442278 3.0334984159442278 2.536038716771595 

2.184307470060525 2.184307470060525 1.4787488067396308 
1.7900864538749344 1.7801676951067447 0.9663032705941231 
1.7801676951067447 1.7801676951067447 1.0393262287689278 

1.5862688641397082 1.5862688641397082 1.413702177909677 
2.43020829648833 2.2173929506521475 1.413702177909677 
2.2041408910753812 2.2041408910753812 1.2272854433419438 

3.473485205151751 3.35208572163284 2.9937101507304664 
3.8968482513773806 3.8968482513773806 3.5516538403985747 
3.8968482513773806 3.8968482513773806 3.5516538403985747 

0.0 0.10307579080440954 1.0204687686459262 
0.03114828992827717 0.26869199803705557 0.946062066123221 
0.0 0.26869199803705557 0.5837202697974917 

0.0 0.0 0.19531600137032973 
0.0 0.0 0.08876086128097668 
0.21807328017099178 0.0 0.2083427443133754 

0.0 0.0 0.0 
0.0 0.0 0.0 
0.0 0.0 0.0 

4.377870985018022 4.438502631330705 4.09950638634695 
5.026737703907686 4.50668517776379 4.09950638634695 
5.026737703907686 4.50668517776379 4.46613201533801 

0.5448188685629329 0.6847853008257675 0.428277973270345 
0.6407741818681217 0.6407741818681217 0.10905132225364174 
0.6923388219512269 0.7664018202291822 0.530405313038691 

0.0 0.0 0.0 
0.0 0.0 0.0 
0.14304389380960836 0.0 0.0 

0.37980787931351645 0.37980787931351645 0.3239464955950574 
0.37980787931351645 0.37980787931351645 0.11950292270472167 
0.8278092911035269 1.0521625304256639 0.786060952099881 

