1.129592180145647 1.1352019926566894 2.0200834768074865 
0.7568945560896326 1.1352019926566894 2.0200834768074865 
0.4786958158579444 0.4786958158579444 1.3427212029337896 

0.0 0.0 0.0 
0.0 0.0 0.0 
0.0 0.0 0.0 

2.6712701966849197 2.6712701966849197 3.0987765158977347 
2.055685864693862 2.276849808173727 3.0286478971686823 
1.5326098370443644 2.276849808173727 3.0286478971686823 

0.22210425065306105 0.3192351837542876 0.3192351837542876 
0.16540117610040192 0.2282988321211225 0.2282988321211225 
0.16540117610040192 0.005900012409366273 0.01575941835443371 

0.44470925933192995 0.9696046484402487 0.7049114038072983 
0.7893755753639762 0.7893755753639762 0.0 
0.7893755753639762 0.7893755753639762 0.0 

0.0 0.026189984217016793 1.0327539389306133 
0.0 0.0 0.49583151067234343 
0.0 0.0 0.49583151067234343 

0.0 0.0 0.0 
0.0 0.0 0.0 
0.0 0.0 0.0 

1.634379059883137 1.454766841570897 1.3028438460232032 
1.9862571892258953 2.1867586222769098 1.489903078432338 
1.9862571892258953 2.1867586222769098 1.489903078432338 

1.577833933739896 1.6314884535228462 3.0104147127060488 
1.388050145978509 1.1262167482593808 2.12602418962845 
0.4710282875975675 0.7211600680136397 2.12602418962845 

2.169327841742346 2.418833322525455 1.9902392381009362 
2.3890673563299543 2.3890673563299543 1.9902392381009362 
3.210564846232081 2.9902941321768974 2.6701956835324725 

2.001334991334748 2.3840305003992937 1.9696016234405063 
1.3953929647796526 1.249731528345863 1.058549416657538 
0.8717415267754005 1.058549416657538 1.058549416657538 

2.361014458855436 2.22525134505087 1.8965891720598622 
2.3275116323904 2.22525134505087 1.6806549913879956 
2.3275116323904 2.04948825712751 1.4608734223007958 

3.945116885952931 4.236922137117267 3.813813850626094 
4.167413855657518 4.236922137117267 3.813813850626094 
4.167413855657518 4.167413855657518 3.5441504506959753 

0.0 0.3030322361091028 0.8585874301924277 
0.0 0.0 0.975408034823147 
0.15647693469677942 0.0 0.975408034823147 

0.0 0.0 0.0 
0.0 0.0 0.0 
0.2157758170943283 0.15310754576285313 0.2645462517158735 

0.0 0.0 0.0 
0.12866436198279413 0.004198544361818206 0.0 
0.12866436198279413 0.004198544361818206 0.0 

5.0540084082059 5.0540084082059 4.714378084764021 
4.797156216937348 5.30149653180703 5.154813742212062 
5.377285166349789 5.154813742212062 5.154813742212062 

0.635454555611108 1.1941552410879552 0.6783857442750498 
0.34390712405106544 0.2874444055437501 0.019336911631431926 
1.2180729377597073 1.5087278385641416 0.4855500719304448 

0.0 0.0 0.0 
0.0 0.0 0.0 
0.0 0.0 0.0 

0.0 0.0 0.37425861046519737 
0.0 0.0 0.004912932421894188 
0.7770465515801289 0.7727152827995277 0.4795203934834644 

