0.8621450422609412 1.0848313377826106 1.5067796311902015 
1.103245726504913 0.1743416661256655 1.176534177301293 
1.4180223441877415 1.0872362661816566 1.0882022593111875 

0.0 0.0 0.0 
0.0 0.0 0.0 
0.0 0.0 0.0 

2.360402337357928 2.3301328301924693 2.4175069320750935 
1.5082625819368265 2.3197612129749534 3.0623399703873444 
1.2043380733293712 0.9417046980821033 2.7396664152216275 

0.20736163857340809 0.074232294544305 0.0 
0.13052140610437263 0.074232294544305 0.0 
0.13052140610437263 0.0 0.0 

0.3254734787048705 0.539605617501373 0.0 
0.3307998573077053 0.0 0.0 
0.3307998573077053 0.0 0.0 

0.22100904781108477 0.25926859635577 0.34189623472729724 
0.0 0.0 0.0 
0.01633813617820644 0.0 0.0 

0.0 0.0 0.0 
0.0 0.0 0.0 
0.0 0.0 0.0 

1.9501049733078055 2.157965911301715 2.157965911301715 
1.948599264582579 2.097292815410733 2.097292815410733 
1.8704907112357076 2.097292815410733 2.097292815410733 

2.1172507077911846 2.2971609573708487 1.9384542758559506 
0.8907625185740422 1.5446515810347001 1.8644134573877595 
1.0185836462098428 0.7654215482920256 0.7478356875657703 

2.080826496099152 1.799064201572322 1.799064201572322 
2.365656002359219 2.5713336541903287 2.108601496128575 
2.7568909049259473 3.264689074505194 3.148580686350832 

1.927495991129681 1.927495991129681 1.6468576650069073 
1.3645208745425408 0.9402726426700859 0.12413034593402011 
1.4383351144650958 1.021821017789615 0.5210011733701851 

1.9394841119045645 1.8391829414442589 1.4925395509806836 
1.961075685344419 1.342703025999633 1.1282661746812388 
1.961075685344419 1.342703025999633 0.6541341749334503 

3.737180834798602 3.591526022429504 3.0802972739451433 
3.737180834798602 3.770442495815077 3.770442495815077 
3.3444973319415294 3.1934393868633464 3.0669592897410265 

0.013055248641870125 0.013055248641870125 0.9990032798273268 
0.0 0.009513998938206106 1.2993274924538616 
0.0 0.009513998938206106 1.2310506853852912 

0.0 0.0 0.26429365492266904 
0.0 0.0 0.10668506610316289 
0.2989750043521261 0.22220984311188133 0.3917047518980711 

0.0 0.0 0.0 
0.0 0.0 0.0 
0.0 0.0 0.0 

4.995670990976953 4.969065508029071 3.6287241366225036 
5.247786594150848 5.917701550205133 5.917701550205133 
4.397907322408947 5.917701550205133 5.917701550205133 

0.7136739177247476 0.9371651287032164 0.6935202480882143 
0.7403569714597481 0.4741728581769349 0.0394975477246069 
0.7285513651337548 0.9733303968735184 0.4575688366968363 

0.0 0.0 0.0 
0.0 0.0 0.0 
0.0 0.0 0.0 

0.4303855568266032 0.4970769964476968 0.807857282295848 
0.12330475283236271 0.0 0.0 
0.9312756813845854 1.240258916429499 1.240258916429499 

