0.0 0.0 0.0 0.0 0.0 0.0 0.0 0.0 
0.0 3.337826968159538 1.8636713978161237 1.855783291509474 2.6357509952379883 2.6357509952379883 1.4197296313166228 0.0 
0.0 2.9437014056115163 2.4509313319607617 2.4509313319607617 1.9959585910854798 2.296370377385221 2.296370377385221 0.0 
0.0 2.0770226961993994 1.7336974455094314 1.8586714009032432 1.4019651296889224 2.5128702109961583 2.5128702109961583 0.0 
0.0 1.9480063338958096 1.7336974455094314 1.7336974455094314 1.3748702271891808 2.5128702109961583 2.5128702109961583 0.0 
0.0 1.9042326896440487 1.4736820078964143 1.578828130579726 1.7472318963420679 1.7472318963420679 0.868429043751051 0.0 
0.0 2.317445953560731 1.4162306648632148 1.5835392402644495 1.775777263936774 1.775777263936774 0.3951634930317178 0.0 
0.0 0.0 0.0 0.0 0.0 0.0 0.0 0.0 

0.0 0.0 0.0 0.0 0.0 0.0 0.0 0.0 
0.0 0.0 0.0 0.0 0.4435025097248827 0.3603207468775767 0.6028487938086818 0.0 
0.0 0.0 0.0 0.0 0.0 0.0 0.0 0.0 
0.0 0.3135784783747735 0.05953767197011592 0.0 0.0 0.0 0.0 0.0 
0.0 0.3135784783747735 0.05953767197011592 0.3738263982171447 0.3738263982171447 0.1331646219833027 0.1331646219833027 0.0 
0.0 0.020096758013302685 0.020096758013302685 0.0 0.0 0.1331646219833027 0.9226188398457328 0.0 
0.0 0.0 0.0 0.18063607362399092 0.24589053778010117 0.5249719914213067 0.5249719914213067 0.0 
0.0 0.0 0.0 0.0 0.0 0.0 0.0 0.0 

0.0 0.0 0.0 0.0 0.0 0.0 0.0 0.0 
0.0 0.4377704621206077 0.4742387928870344 1.6651957991266115 1.6651957991266115 0.6883487029686612 0.3208958295279735 0.0 
0.0 0.5697714191343632 0.9150780801181856 1.6651957991266115 1.6651957991266115 0.6883487029686612 0.3208958295279735 0.0 
0.0 0.6923129994956451 0.6947313654007552 0.585642294348789 0.31737091095962094 0.2561073593138334 0.5678825842489079 0.0 
0.0 0.6324613780745536 0.6324613780745536 0.08121050314430911 0.20478136106923142 0.2561073593138334 0.40223692492994545 0.0 
0.0 0.40400058023501867 0.12463090695805637 0.1482232026560914 0.19362668317915185 0.3514622088542595 0.40223692492994545 0.0 
0.0 0.014292408027157366 0.014292408027157366 0.1482232026560914 0.6842375504631342 0.6842375504631342 0.5756863995892243 0.0 
0.0 0.0 0.0 0.0 0.0 0.0 0.0 0.0 

0.0 0.0 0.0 0.0 0.0 0.0 0.0 0.0 
0.0 1.1902974550642518 1.1165005940307422 3.211221729443727 3.0872054114799883 1.5150589102739949 1.5143595418590234 0.0 
0.0 0.0 0.13414489003483004 0.13414489003483004 0.0 0.0 1.055788156606258 0.0 
0.0 1.0399604508052482 0.6166422068277775 0.0 0.1609680634094212 0.1609680634094212 0.8960805161274878 0.0 
0.0 1.0399604508052482 0.6166422068277775 0.0009626837162056145 0.5941787569665757 0.2372047982933646 0.8960805161274878 0.0 
0.0 0.0 0.0 0.0 0.0 0.0 0.7788126905991224 0.0 
0.0 0.0 0.0 0.0 0.0 0.0 0.42566891404318674 0.0 
0.0 0.0 0.0 0.0 0.0 0.0 0.0 0.0 

0.0 0.0 0.0 0.0 0.0 0.0 0.0 0.0 
0.0 2.431845632037157 1.5245556728061738 1.659650410291777 1.6320680955407925 1.4727771634350684 1.563690045971802 0.0 
0.0 0.9592116257696318 0.3164332474959762 0.9346335749832955 0.7268319208234256 0.7268319208234256 1.4941023654007364 0.0 
0.0 1.3885725522752892 0.8650502154418542 0.7816665794926387 0.898187898698129 0.7900842143478467 1.4949228326041917 0.0 
0.0 1.3885725522752892 0.9422482743361134 0.9422482743361134 1.419254481589678 0.8625144544301477 1.31134698612455 0.0 
0.0 1.6212993819536952 0.8143501265882122 0.8143501265882122 1.2751103418991847 1.2751103418991847 0.6079230237352682 0.0 
0.0 1.6212993819536952 0.6853066592236685 0.47861307177662643 1.2751103418991847 1.2751103418991847 0.7715437346839743 0.0 
0.0 0.0 0.0 0.0 0.0 0.0 0.0 0.0 

0.0 0.0 0.0 0.0 0.0 0.0 0.0 0.0 
0.0 1.3214077164241602 0.2228654499552065 0.4918123518154843 0.3493987198598836 0.3493987198598836 0.0 0.0 
0.0 0.10641083920131797 0.0 0.4918123518154843 0.3493987198598836 0.3493987198598836 0.024161644483412993 0.0 
0.0 0.3484912956857793 0.3484912956857793 0.0 0.0 0.0 0.5732919262525084 0.0 
0.0 0.0 0.21967803088121599 0.21967803088121599 0.2585118332999755 0.4289985315475332 0.11505359795088975 0.0 
0.0 1.0546580276411115 0.0 0.0 0.1600401470695269 0.4289985315475332 0.0 0.0 
0.0 1.0546580276411115 0.0 0.0 0.4259140932041151 0.4259140932041151 0.0 0.0 
0.0 0.0 0.0 0.0 0.0 0.0 0.0 0.0 

0.0 0.0 0.0 0.0 0.0 0.0 0.0 0.0 
0.0 0.9054422616639369 0.31249409880053836 0.0 1.2585129346107562 0.4533273664897102 0.4445272734240663 0.0 
0.0 0.46342729804166893 0.19667517316014815 0.21758503431675236 1.2585129346107562 0.4533273664897102 0.4445272734240663 0.0 
0.0 0.2209740360810497 0.25679989999956504 0.21058600106685466 0.2451258144686734 0.532454305951992 0.0 0.0 
0.0 0.5709197257831486 0.6906769485647142 0.6906769485647142 0.43525162523487615 0.6600619436325516 0.0 0.0 
0.0 0.5727597105261671 0.5821284830869916 0.6276740713542525 0.3062478270305737 0.6600619436325516 0.0 0.0 
0.0 0.522594727055337 0.5580163182834912 0.6276740713542525 0.8477273013425454 0.5044213745272995 0.5044213745272995 0.0 
0.0 0.0 0.0 0.0 0.0 0.0 0.0 0.0 

0.0 0.0 0.0 0.0 0.0 0.0 0.0 0.0 
0.0 1.648683695602215 1.648683695602215 1.9265411881188743 2.228374824475592 2.0285295619431913 2.2918405255696155 0.0 
0.0 1.648683695602215 1.648683695602215 1.3863829240093757 1.3863829240093757 1.4870203977638274 2.0292625134384386 0.0 
0.0 1.715376094727139 1.821126903895705 1.6887120917749008 1.7780406316886483 1.7780406316886483 2.171133036661895 0.0 
0.0 1.715376094727139 1.8288410589535085 1.8775419631395114 1.9111190145715273 1.8355057008933107 2.171133036661895 0.0 
0.0 2.005229602165502 2.005229602165502 1.6878130290322193 1.9111190145715273 1.8355057008933107 2.293228706528628 0.0 
0.0 2.40725894275923 2.40725894275923 1.9599707736949212 1.9599707736949212 1.771240984019869 2.0989079135877216 0.0 
0.0 0.0 0.0 0.0 0.0 0.0 0.0 0.0 

0.0 0.0 0.0 0.0 0.0 0.0 0.0 0.0 
0.0 0.7836733676572605 0.0 0.0 0.0 0.0 0.0 0.0 
0.0 0.0 0.0 0.0 0.0 0.5292733096274951 0.5292733096274951 0.0 
0.0 0.0 0.0 0.0 0.0 0.5292733096274951 0.5292733096274951 0.0 
0.0 0.0 0.0 0.0 0.0 0.23064068513331068 0.23064068513331068 0.0 
0.0 0.17934140536060109 0.0 0.0 0.0 0.0 0.0 0.0 
0.0 0.17934140536060109 0.0 0.0 0.0 0.0 0.0 0.0 
0.0 0.0 0.0 0.0 0.0 0.0 0.0 0.0 

0.0 0.0 0.0 0.0 0.0 0.0 0.0 0.0 
0.0 0.1044598098820658 0.0 0.0 0.0 0.31676880942444163 0.31676880942444163 0.0 
0.0 0.5954623629281621 0.0 0.0 0.0 0.0 0.0 0.0 
0.0 0.5954623629281621 0.29139911781732003 0.2547379346619591 0.2547379346619591 1.0167359769534992 1.0167359769534992 0.0 
0.0 0.329252472900423 0.08626518179265374 0.0 0.0 1.0167359769534992 1.0167359769534992 0.0 
0.0 0.17678264001854266 0.0 0.0 0.0 0.35474439317874185 0.35474439317874185 0.0 
0.0 0.0 0.0 0.22158778238410762 0.22158778238410762 0.0 0.0 0.0 
0.0 0.0 0.0 0.0 0.0 0.0 0.0 0.0 

0.0 0.0 0.0 0.0 0.0 0.0 0.0 0.0 
0.0 1.3733011435696751 0.7767013840228524 0.4391112537086436 0.9431877571195716 0.4852492270435875 0.8934264687132191 0.0 
0.0 0.0 0.0 0.0 0.3203967437197617 0.3203967437197617 0.4036292832214759 0.0 
0.0 0.16421314423180408 0.16421314423180408 0.0 0.0 0.0 0.0 0.0 
0.0 0.0 0.5163829181774378 0.5163829181774378 0.4727532583329065 0.0 0.0 0.0 
0.0 1.5237962224479826 0.05643230717900444 0.04657718578473801 0.21075861682743702 0.21075861682743702 0.7030454538549639 0.0 
0.0 1.5237962224479826 0.14125435704794306 0.0 0.21075861682743702 0.21075861682743702 0.007397609836614694 0.0 
0.0 0.0 0.0 0.0 0.0 0.0 0.0 0.0 

0.0 0.0 0.0 0.0 0.0 0.0 0.0 0.0 
0.0 0.0 0.41055370595296525 0.41055370595296525 1.0420832878243085 0.6380672238267755 0.4915980353650111 0.0 
0.0 0.0 0.2330150167100174 0.0 0.0 0.6765748918777457 0.5028446541618258 0.0 
0.0 0.0 0.1508805110594468 0.0 0.0 0.6765748918777457 0.5028446541618258 0.0 
0.0 0.0 0.02349973452194376 0.0 0.0 1.0537627468897484 1.3666198579107345 0.0 
0.0 0.0 0.0 0.37310866240187635 0.37310866240187635 0.8446171337058794 1.6818770659004059 0.0 
0.0 0.0 0.0 0.37310866240187635 0.37310866240187635 0.31177516412279477 1.6254637338999627 0.0 
0.0 0.0 0.0 0.0 0.0 0.0 0.0 0.0 

0.0 0.0 0.0 0.0 0.0 0.0 0.0 0.0 
0.0 3.1467508000195012 1.7014240801291172 1.7438028551601368 1.068154696732064 1.3827955523892739 1.3827955523892739 0.0 
0.0 1.0054016162105335 0.0 0.20442740957866926 0.6870643987487983 0.9784458437779023 0.9784458437779023 0.0 
0.0 1.3719694725189042 0.37283275323569276 0.5365889538305563 0.6304676734793208 1.5747945148639122 1.5747945148639122 0.0 
0.0 1.3719694725189042 0.6636320676224076 1.26975923917032 0.8974299937028674 1.5747945148639122 1.5747945148639122 0.0 
0.0 2.012298600032443 0.6636320676224076 0.6636320676224076 1.5712994682781956 1.5712994682781956 0.32788176503622796 0.0 
0.0 2.012298600032443 0.1889169894963109 0.40971275340741314 1.5712994682781956 1.5712994682781956 0.0 0.0 
0.0 0.0 0.0 0.0 0.0 0.0 0.0 0.0 

0.0 0.0 0.0 0.0 0.0 0.0 0.0 0.0 
0.0 3.686326798669985 4.061938553146639 4.061938553146639 3.428323835815717 2.568332322664151 2.568332322664151 0.0 
0.0 1.6805046115838211 1.2864315862378732 3.6122444329521355 3.428323835815717 2.568332322664151 2.568332322664151 0.0 
0.0 1.2149597063764828 1.2864315862378732 1.4672203803133046 1.7719345448828157 1.8621993665195107 1.8621993665195107 0.0 
0.0 1.106589276108493 1.106589276108493 1.0409289402375257 1.7719345448828157 1.7719345448828157 1.4603559161144304 0.0 
0.0 0.7697813421735515 0.7697813421735515 1.2663583487432069 1.470537468726191 1.9721440445280116 1.9721440445280116 0.0 
0.0 3.015328879447935 2.0808517363317813 1.2663583487432069 1.2857751652948304 1.9721440445280116 1.9721440445280116 0.0 
0.0 0.0 0.0 0.0 0.0 0.0 0.0 0.0 

0.0 0.0 0.0 0.0 0.0 0.0 0.0 0.0 
0.0 0.0 0.0 0.0 0.4702801666820743 0.4702801666820743 0.0 0.0 
0.0 0.0 0.02129454266799531 0.5619110446748261 0.13487155856873537 0.13487155856873537 0.0 0.0 
0.0 0.0 0.0 0.07666432571355028 0.0 0.0 0.0 0.0 
0.0 0.025186820018590766 0.025186820018590766 0.0 0.0 0.0 0.0 0.0 
0.0 0.025186820018590766 0.025186820018590766 0.0 0.0 0.0 0.0 0.0 
0.0 0.0 0.0 0.0 0.0 0.0 0.0 0.0 
0.0 0.0 0.0 0.0 0.0 0.0 0.0 0.0 

0.0 0.0 0.0 0.0 0.0 0.0 0.0 0.0 
0.0 0.9066390896143118 0.545718655650282 0.6144892386094438 0.28029663392800525 0.7182757143377211 0.2095999858516866 0.0 
0.0 0.3701722492563528 0.0 0.28029663392800525 0.8003942916708809 0.8003942916708809 0.489175653090673 0.0 
0.0 0.07767394365651387 0.4184354888709302 0.497220683842293 0.8003942916708809 0.8003942916708809 0.04416224974368815 0.0 
0.0 0.007012771739647709 0.7185359007634662 0.7185359007634662 0.5596138914828782 0.5596138914828782 0.0 0.0 
0.0 1.6119226223680883 1.4331729683458974 0.9783442757666649 0.2891896453778479 0.361461830644305 0.0 0.0 
0.0 1.6119226223680883 1.4331729683458974 0.9783442757666649 0.27288415888951256 0.361461830644305 0.0 0.0 
0.0 0.0 0.0 0.0 0.0 0.0 0.0 0.0 

0.0 0.0 0.0 0.0 0.0 0.0 0.0 0.0 
0.0 0.0 0.17494499901532934 0.17494499901532934 0.25935193421039504 0.25935193421039504 0.0 0.0 
0.0 0.0 0.17494499901532934 0.8798468556872635 0.7263178030674062 0.0 0.0 0.0 
0.0 0.0 0.043186374053213905 0.2147504652559915 0.0 0.0 0.0 0.0 
0.0 0.0 0.043186374053213905 0.2147504652559915 0.07169755399092381 0.07169755399092381 0.0 0.0 
0.0 0.17254481959495982 0.17254481959495982 0.0 0.037478174469951164 0.037478174469951164 0.0 0.0 
0.0 0.17254481959495982 0.17254481959495982 0.0 0.0 0.0 0.0 0.0 
0.0 0.0 0.0 0.0 0.0 0.0 0.0 0.0 

0.0 0.0 0.0 0.0 0.0 0.0 0.0 0.0 
0.0 0.47283881091399815 1.1296848162090518 0.5202434869704828 0.6137530403593796 1.092211159640016 1.092211159640016 0.0 
0.0 0.91124062849739 1.447735520297107 1.447735520297107 0.4268162747900999 1.635173351486086 1.635173351486086 0.0 
0.0 1.1317771554660856 1.2385552946633638 0.7689558264209782 0.21867696789856816 2.0709359514648216 2.0709359514648216 0.0 
0.0 1.1588826956067053 0.5882455801329566 0.5882455801329566 0.34379377119652765 2.307778844822502 2.307778844822502 0.0 
0.0 1.0230155864415726 0.0 0.3359379724922448 0.8124083820613978 1.9577932923207726 1.9577932923207726 0.0 
0.0 0.0 0.03149586756990644 0.37758669490958285 0.9134728960120444 2.6128755511931043 2.6128755511931043 0.0 
0.0 0.0 0.0 0.0 0.0 0.0 0.0 0.0 

0.0 0.0 0.0 0.0 0.0 0.0 0.0 0.0 
0.0 0.5910132820196627 1.1866965552240334 1.1866965552240334 0.0 0.2970717798985937 0.2970717798985937 0.0 
0.0 0.0 0.0 0.0 0.0 0.0 0.0 0.0 
0.0 0.0 0.0 0.0 0.0 0.9245707803599703 0.9245707803599703 0.0 
0.0 0.0 0.0 0.0 0.0 1.1634865281514073 1.1634865281514073 0.0 
0.0 0.3559115180019356 0.0 0.0 0.0 1.1634865281514073 1.1634865281514073 0.0 
0.0 0.3559115180019356 0.0 0.0 0.0 0.3587528944362404 0.3587528944362404 0.0 
0.0 0.0 0.0 0.0 0.0 0.0 0.0 0.0 

0.0 0.0 0.0 0.0 0.0 0.0 0.0 0.0 
0.0 2.583103103019734 3.28022068924975 3.4301191222768814 3.4301191222768814 0.5211957565675356 0.5211957565675356 0.0 
0.0 1.3868999117928953 1.555903723797074 2.9165251149295113 1.9838395826736002 1.103528097355465 1.326700094328839 0.0 
0.0 1.1044920168132595 0.9658126121519436 0.766411923318044 0.9532556781872604 0.8807577681853378 1.326700094328839 0.0 
0.0 1.1044920168132595 0.8977067344345181 0.6432260884134707 0.6432260884134707 1.3348274969022629 1.9513685024474205 0.0 
0.0 0.11875120877626055 0.0 0.6432260884134707 0.6432260884134707 1.3348274969022629 1.3348274969022629 0.0 
0.0 1.3888861424024628 0.061512175303902974 0.1987461844567715 1.1370490959614894 1.265130495622246 1.0440319945476226 0.0 
0.0 0.0 0.0 0.0 0.0 0.0 0.0 0.0 

0.0 0.0 0.0 0.0 0.0 0.0 0.0 0.0 
0.0 0.0 0.0 0.0 0.0 0.0 0.0 0.0 
0.0 0.0 0.0 0.0 0.0 0.0 0.0 0.0 
0.0 0.0 0.0 0.0 0.0 0.0 0.0 0.0 
0.0 0.0 0.0 0.0 0.0 0.0 0.0 0.0 
0.0 0.0 0.0 0.0 0.0 0.0 0.0 0.0 
0.0 0.0 0.0 0.0 0.0 0.0 0.0 0.0 
0.0 0.0 0.0 0.0 0.0 0.0 0.0 0.0 

0.0 0.0 0.0 0.0 0.0 0.0 0.0 0.0 
0.0 0.3744004635325208 0.5760142113559232 1.0518320035797672 0.43943604233464767 0.0673692666626002 0.0673692666626002 0.0 
0.0 0.04003517499417576 0.5760142113559232 1.0518320035797672 0.10471156636837033 0.0 0.49422993479126204 0.0 
0.0 0.16508236924943662 0.0 0.0 0.0 0.0 0.49422993479126204 0.0 
0.0 0.22474851102043297 0.014803442176728271 0.0 0.13836326196006116 0.05151780729910477 1.0083182757473907 0.0 
0.0 0.0 0.0 0.0 0.0 0.04972432305199515 0.6535308957351867 0.0 
0.0 0.08010012432683161 0.0 0.0 0.2560894523111541 0.2560894523111541 0.10915650057600398 0.0 
0.0 0.0 0.0 0.0 0.0 0.0 0.0 0.0 

0.0 0.0 0.0 0.0 0.0 0.0 0.0 0.0 
0.0 0.9105405117617561 1.3506843859868016 2.287662135940551 1.3188862095158738 1.253015936185004 1.0778350504010912 0.0 
0.0 0.6718465965848036 0.08944724342886415 1.119557037374136 1.119557037374136 0.49495664290967434 0.7298192986470498 0.0 
0.0 1.0268333258740094 0.8414058314761038 0.9010569296369408 0.9010569296369408 0.6499512557724197 1.2303738482459277 0.0 
0.0 0.7163495570349849 0.8385025064328144 0.9010569296369408 1.2352040091995213 1.2352040091995213 0.508938711332797 0.0 
0.0 0.6904893145956594 0.8004908752874882 0.5657929032751576 0.9907751242077831 0.9342568916909143 0.4721209010415588 0.0 
0.0 0.6904893145956594 0.5576358727200061 0.5068251922532114 0.9907751242077831 0.47710340917074406 0.349541994405819 0.0 
0.0 0.0 0.0 0.0 0.0 0.0 0.0 0.0 

0.0 0.0 0.0 0.0 0.0 0.0 0.0 0.0 
0.0 0.0 0.0 0.03984367450752789 0.03984367450752789 0.0 0.0 0.0 
0.0 0.0 0.0 0.0 0.0 0.0 0.0 0.0 
0.0 0.0 0.0 0.0 0.0 0.0 0.0 0.0 
0.0 0.0 0.0 0.0 0.0 0.0 0.028047771644182786 0.0 
0.0 0.0 0.0 0.0 0.0 0.025571828754488726 0.09442704527846577 0.0 
0.0 0.0 0.0 0.0 0.0 0.025571828754488726 0.025571828754488726 0.0 
0.0 0.0 0.0 0.0 0.0 0.0 0.0 0.0 

0.0 0.0 0.0 0.0 0.0 0.0 0.0 0.0 
0.0 2.0666229213547345 0.2583619822193576 0.7897440806774105 0.34483085604075864 0.5379609406985899 0.531370823604744 0.0 
0.0 0.8546738965675735 0.5649743382876751 0.43898799424338514 0.43898799424338514 0.5757848143699131 1.3369912115099098 0.0 
0.0 1.00004229961377 0.7910040872643991 0.7910040872643991 1.0367060450020464 1.0367060450020464 1.4312692231570807 0.0 
0.0 0.9704968093293094 0.7910040872643991 0.7910040872643991 0.48987265740081076 0.9464630603207378 1.4312692231570807 0.0 
0.0 1.4146515365875163 0.3667516295262382 0.9458626899084341 0.9458626899084341 0.9464630603207378 0.29272776796960587 0.0 
0.0 1.4146515365875163 0.9810211784181024 0.9458626899084341 0.9458626899084341 0.7856226315551905 0.29272776796960587 0.0 
0.0 0.0 0.0 0.0 0.0 0.0 0.0 0.0 

0.0 0.0 0.0 0.0 0.0 0.0 0.0 0.0 
0.0 0.479302172694116 0.25715494041243936 0.0559145929244782 0.9442197685600758 0.814202787059519 0.814202787059519 0.0 
0.0 0.7507193232504972 0.31633029460863804 0.31633029460863804 0.9442197685600758 0.6037450192396405 0.34093974085059353 0.0 
0.0 0.7507193232504972 0.6422300542041606 0.39859647226377665 0.39859647226377665 2.1181390166843634 2.1181390166843634 0.0 
0.0 0.6966181599442612 0.5069802764281388 0.5069802764281388 0.39859647226377665 2.1181390166843634 2.1181390166843634 0.0 
0.0 0.6420332882415882 0.5069802764281388 0.5069802764281388 0.2989719546769236 0.2989719546769236 0.308213651929489 0.0 
0.0 1.7013730976914196 0.31612024987588944 0.5111308205216213 0.8803941345069032 0.2989719546769236 0.1101114740139604 0.0 
0.0 0.0 0.0 0.0 0.0 0.0 0.0 0.0 

0.0 0.0 0.0 0.0 0.0 0.0 0.0 0.0 
0.0 2.9957631779280045 4.890943195383613 4.890943195383613 2.7101280193732857 2.6715874626522473 2.449026335736868 0.0 
0.0 1.7586238107254935 4.038185179392368 4.038185179392368 2.016720570856024 2.4245908440526756 2.4245908440526756 0.0 
0.0 1.1274126514640483 1.3290808610486335 1.4883621973322172 1.4883621973322172 2.4245908440526756 2.4245908440526756 0.0 
0.0 1.291918138553451 0.6784295699035874 1.4883621973322172 1.4883621973322172 2.811931494700775 2.811931494700775 0.0 
0.0 1.7576894569121768 1.3442473808699025 1.208949772128833 1.208949772128833 1.7569428318291547 1.7569428318291547 0.0 
0.0 1.360884997320527 1.3442473808699025 0.7811030462298901 0.9346716979737755 1.4322018636906313 1.2993555591402 0.0 
0.0 0.0 0.0 0.0 0.0 0.0 0.0 0.0 

0.0 0.0 0.0 0.0 0.0 0.0 0.0 0.0 
0.0 0.8129124499256175 0.0 1.2215599460916502 1.2215599460916502 0.8970434333711403 0.0 0.0 
0.0 0.0 0.0 0.007920977810138272 0.21390002223219667 0.0 0.0 0.0 
0.0 0.0 0.0 0.0 0.0 0.08975040753751565 0.0 0.0 
0.0 0.0 0.0 0.0 0.0 0.0 0.0 0.0 
0.0 0.0 0.0 0.0 0.0 0.0 1.7490007004580275 0.0 
0.0 0.0 0.0 0.0 0.0 0.0 1.162686346286246 0.0 
0.0 0.0 0.0 0.0 0.0 0.0 0.0 0.0 

0.0 0.0 0.0 0.0 0.0 0.0 0.0 0.0 
0.0 0.5505318352381393 0.5495787628865749 0.0 0.1798790731028444 0.1798790731028444 0.0 0.0 
0.0 0.46828011841484934 0.0 0.0896154867847994 0.1798790731028444 0.7603188696265402 0.7603188696265402 0.0 
0.0 0.6639292756389877 0.3341078851470789 0.3341078851470789 0.1685786087289014 0.7603188696265402 0.7603188696265402 0.0 
0.0 0.4250232235793772 0.3341078851470789 0.3341078851470789 0.16447751828585613 0.4433845344766041 0.4433845344766041 0.0 
0.0 0.3206710994894461 0.0 0.10418021163047037 0.3864693973650147 0.3864693973650147 0.0 0.0 
0.0 0.23992289268180522 0.44247992398345115 0.44247992398345115 0.3864693973650147 0.3864693973650147 0.02306586360634582 0.0 
0.0 0.0 0.0 0.0 0.0 0.0 0.0 0.0 

0.0 0.0 0.0 0.0 0.0 0.0 0.0 0.0 
0.0 0.8204886326173979 0.0 0.0 0.0 0.0 0.0 0.0 
0.0 0.07459281742877133 0.0 0.0 0.12021297752506035 0.14504767867269278 0.0 0.0 
0.0 0.0 0.0 0.0 0.0 0.0 0.0 0.0 
0.0 0.0 0.0 0.0 0.0 0.0 0.0 0.0 
0.0 0.40486529393776016 0.0 0.0 0.0 0.0 0.0 0.0 
0.0 0.6346122889915073 0.6346122889915073 0.0 0.023377230348396227 0.1119340530221983 0.0 0.0 
0.0 0.0 0.0 0.0 0.0 0.0 0.0 0.0 

0.0 0.0 0.0 0.0 0.0 0.0 0.0 0.0 
0.0 0.0 0.0 0.0 0.0 0.0 0.0 0.0 
0.0 0.0 0.0 0.0 0.0 0.0 0.0 0.0 
0.0 0.0 0.0 0.0 0.0 0.0 0.0 0.0 
0.0 0.0 0.0 0.0 0.0 0.0 0.0 0.0 
0.0 0.0 0.0 0.0 0.0 0.0 0.0 0.0 
0.0 0.0 0.0 0.0 0.0 0.0 0.0 0.0 
0.0 0.0 0.0 0.0 0.0 0.0 0.0 0.0 

0.0 0.0 0.0 0.0 0.0 0.0 0.0 0.0 
0.0 0.0 0.0 0.0 0.0 0.0 0.0 0.0 
0.0 0.0 0.0 0.0 0.0 0.0 0.0 0.0 
0.0 0.0 0.0 0.0 0.0 0.0 0.0 0.0 
0.0 0.0 0.0 0.0 0.0 0.0 0.0 0.0 
0.0 0.2695212289323962 0.0 0.0 0.0 0.0 0.0 0.0 
0.0 0.15161355398787246 0.0 0.0 0.0 0.0 0.0 0.0 
0.0 0.0 0.0 0.0 0.0 0.0 0.0 0.0 

