0.0 0.0 0.0 0.0 0.0 0.0 0.0 0.0 
0.0 1.8293337183938256 1.4680213473281758 1.5599129198989465 1.694885859538955 1.8192618711454782 1.8192618711454782 0.0 
0.0 1.8293337183938256 1.3842081725270268 1.3985200815614824 1.3985200815614824 1.3382017888980873 1.3220661580871766 0.0 
0.0 2.0122149078668805 1.4622904638870566 2.0149196379194056 1.7503632491990493 1.9431926634656784 1.9431926634656784 0.0 
0.0 1.7706116078955774 1.4193132544878886 1.9631810263460368 1.661776575149658 1.9431926634656784 1.9431926634656784 0.0 
0.0 2.112642244815405 0.9342260865803526 1.0767800118302662 1.0767800118302662 1.1241469957981551 1.1241469957981551 0.0 
0.0 2.112642244815405 1.2457036595597557 1.487170654276172 1.487170654276172 1.4914435343010939 1.4795416576668279 0.0 
0.0 0.0 0.0 0.0 0.0 0.0 0.0 0.0 

0.0 0.0 0.0 0.0 0.0 0.0 0.0 0.0 
0.0 0.6095893859999478 0.6116746662677011 0.6306156975730629 0.6520740914723444 0.7104937843699864 0.7104937843699864 0.0 
0.0 0.6095893859999478 0.17844619277722545 0.38528787722628827 0.473452740410197 0.473452740410197 0.49475671917644004 0.0 
0.0 0.008398887186536322 0.2787997062804812 0.3341013610460567 0.12601571047621185 0.055612909092454435 0.1636628421521342 0.0 
0.0 0.004677910772084126 0.2787997062804812 0.25895379101699323 0.0 0.0 0.09274431520511683 0.0 
0.0 0.0 0.0 0.0 0.0 0.0 0.09274431520511683 0.0 
0.0 0.0 0.0 0.0 0.0 0.0 0.0 0.0 
0.0 0.0 0.0 0.0 0.0 0.0 0.0 0.0 

0.0 0.0 0.0 0.0 0.0 0.0 0.0 0.0 
0.0 0.5977375293986469 0.5977375293986469 0.1942919552752469 0.04807580053319009 0.12636556869983412 0.17102184133769538 0.0 
0.0 0.45747159635886225 0.45747159635886225 0.3062793430001071 0.0 0.0 0.0 0.0 
0.0 0.23677944987662683 0.1215391813965355 0.3062793430001071 0.05214047873809505 0.2566328297801834 0.2566328297801834 0.0 
0.0 0.03836413656387379 0.09946386558158236 0.09946386558158236 0.0 0.07766654799371399 0.12693984466541477 0.0 
0.0 0.1011362929218314 0.0 0.0 0.0 0.0 0.0 0.0 
0.0 0.1011362929218314 0.0 0.0 0.0 0.0 0.0 0.0 
0.0 0.0 0.0 0.0 0.0 0.0 0.0 0.0 

0.0 0.0 0.0 0.0 0.0 0.0 0.0 0.0 
0.0 1.656997141118462 1.656997141118462 0.4380388270111419 0.4680823531342649 0.47010988961633343 0.6901506768169546 0.0 
0.0 0.18422140875076812 0.7884875321473148 0.7884875321473148 0.5912398877386571 0.5912398877386571 1.2251684208301319 0.0 
0.0 0.18422140875076812 0.7884875321473148 0.7884875321473148 0.5912398877386571 0.5912398877386571 1.2251684208301319 0.0 
0.0 0.0 0.5207398647774216 0.5207398647774216 0.0 0.0 0.8998490531533019 0.0 
0.0 0.0 0.5207398647774216 0.5207398647774216 0.0 0.0 0.8998490531533019 0.0 
0.0 0.0 0.0 0.0 0.0 0.0 0.0 0.0 
0.0 0.0 0.0 0.0 0.0 0.0 0.0 0.0 

0.0 0.0 0.0 0.0 0.0 0.0 0.0 0.0 
0.0 1.5881151657447499 1.5881151657447499 1.1517719676267362 1.0912069449396182 1.0823156326387688 1.2949247004575237 0.0 
0.0 1.3289925070862412 1.0481448605400472 1.2590497913968188 1.2590497913968188 1.1784281080724393 1.7376584595476854 0.0 
0.0 1.3289925070862412 0.8011110565938321 1.2590497913968188 1.2590497913968188 1.0863223368098962 1.7376584595476854 0.0 
0.0 1.1360869636219535 0.8642133226402477 1.0121653486981377 0.8053526978103548 0.8053526978103548 1.4787294609242574 0.0 
0.0 1.2920827787225344 0.8666148840009429 1.0381806636475879 1.0180757947907622 0.8053526978103548 1.689731215534269 0.0 
0.0 1.2920827787225344 0.043410242504383634 0.1590231028852575 0.1590231028852575 0.06348055705282162 0.7394167626533923 0.0 
0.0 0.0 0.0 0.0 0.0 0.0 0.0 0.0 

0.0 0.0 0.0 0.0 0.0 0.0 0.0 0.0 
0.0 0.29976782486510406 0.29976782486510406 0.0 0.0 0.0 0.0 0.0 
0.0 0.29976782486510406 0.29976782486510406 0.12729655771995513 0.12729655771995513 0.0 0.0 0.0 
0.0 0.0978514654883207 0.0 0.12729655771995513 0.12729655771995513 0.0 0.0 0.0 
0.0 0.3013984753889377 0.0 0.16220637732353843 0.05093591773214459 0.0 0.12735237717336734 0.0 
0.0 0.6351537318079061 0.0 0.28991868917340957 0.28991868917340957 0.01613581938905395 0.12735237717336734 0.0 
0.0 0.6351537318079061 0.0 0.28991868917340957 0.28991868917340957 0.01613581938905395 0.0 0.0 
0.0 0.0 0.0 0.0 0.0 0.0 0.0 0.0 

0.0 0.0 0.0 0.0 0.0 0.0 0.0 0.0 
0.0 0.5017102202236761 0.6161059802400229 0.5933185498443887 0.45954434418385504 0.5227676422327828 0.5227676422327828 0.0 
0.0 0.5017102202236761 0.6161059802400229 0.37374141451042475 0.3961033193920405 0.3961033193920405 0.3921068372788651 0.0 
0.0 0.5193770374594109 0.5124967485435674 0.5124967485435674 0.5734793393377061 0.6154550747579869 0.407760442347 0.0 
0.0 0.7821509529477457 0.6513609381802068 0.6513609381802068 0.5734793393377061 0.7357443307901853 0.5669479516780391 0.0 
0.0 0.7021515456822227 0.7544780395177846 0.69026542487087 0.9390826001720423 0.9858327731632948 0.8831791314186996 0.0 
0.0 0.7021515456822227 0.7544780395177846 0.69026542487087 0.9390826001720423 0.9858327731632948 0.8831791314186996 0.0 
0.0 0.0 0.0 0.0 0.0 0.0 0.0 0.0 

0.0 0.0 0.0 0.0 0.0 0.0 0.0 0.0 
0.0 1.8157108484899165 1.996325100944116 1.996325100944116 1.977817630773767 1.994838943684052 1.994838943684052 0.0 
0.0 1.7938655747327106 2.0982030565845164 2.0982030565845164 1.944725275004672 1.8719245953519925 2.007154502042097 0.0 
0.0 1.791086091278275 2.0982030565845164 2.0982030565845164 1.9536805834586033 1.9536805834586033 1.907903322378405 0.0 
0.0 1.791086091278275 1.8953553523292195 1.783746566575408 1.9536805834586033 1.9536805834586033 2.07354252257395 0.0 
0.0 1.4985336473921742 1.6302651758348081 1.617892842106316 1.617892842106316 1.522168680071375 2.07354252257395 0.0 
0.0 1.6005691306456173 1.6005691306456173 1.5684610672113184 1.6319983600231525 1.6484079010667956 2.0155943424899463 0.0 
0.0 0.0 0.0 0.0 0.0 0.0 0.0 0.0 

0.0 0.0 0.0 0.0 0.0 0.0 0.0 0.0 
0.0 0.05109745231122195 0.0 0.0 0.0 0.0 0.0 0.0 
0.0 0.05109745231122195 0.0 0.0 0.0 0.0 0.0 0.0 
0.0 0.0 0.0 0.0 0.0 0.0 0.0 0.0 
0.0 0.0 0.0 0.0 0.0 0.0 0.0 0.0 
0.0 0.0 0.0 0.0 0.0 0.0 0.0 0.0 
0.0 0.0 0.0 0.0 0.0 0.0 0.0 0.0 
0.0 0.0 0.0 0.0 0.0 0.0 0.0 0.0 

0.0 0.0 0.0 0.0 0.0 0.0 0.0 0.0 
0.0 0.8405081516726606 0.12116129690113953 0.47386902836885086 0.3760874956418666 0.3760874956418666 0.35962421146945034 0.0 
0.0 0.3259528283588759 0.12116129690113953 0.5422942573009368 0.354524457308645 0.33272882046322294 0.29475308971578384 0.0 
0.0 0.22766836835917342 0.0 0.3870734668521817 0.0 0.0913542201881226 0.0913542201881226 0.0 
0.0 0.22766836835917342 0.0 0.04775514323859367 0.0 0.20299232465276204 0.20299232465276204 0.0 
0.0 0.02670651709358271 0.0 0.0 0.0 0.20299232465276204 0.20299232465276204 0.0 
0.0 0.3222087893890702 0.0 0.0 0.0 0.0 0.0 0.0 
0.0 0.0 0.0 0.0 0.0 0.0 0.0 0.0 

0.0 0.0 0.0 0.0 0.0 0.0 0.0 0.0 
0.0 0.7722947543401902 0.7722947543401902 0.42148287415783026 0.3735312894538416 0.3930414613206417 0.36776566168316555 0.0 
0.0 0.6198020940644587 0.42148287415783026 0.6505983061785391 0.9281087230162104 0.9281087230162104 1.304052338995348 0.0 
0.0 0.04445051952637277 0.06391359273901347 0.4336678812956301 0.5029184369811986 0.37033660940219043 0.6340830973269114 0.0 
0.0 0.7960878449867737 0.7275473558290471 0.6059254292009031 0.6840519291369072 0.6840519291369072 1.2389904372048826 0.0 
0.0 0.7960878449867737 0.7275473558290471 0.6059254292009031 0.6840519291369072 0.6840519291369072 1.2389904372048826 0.0 
0.0 0.3966988941886782 0.0 0.0 0.0 0.0 0.0 0.0 
0.0 0.0 0.0 0.0 0.0 0.0 0.0 0.0 

0.0 0.0 0.0 0.0 0.0 0.0 0.0 0.0 
0.0 0.45238262716533595 0.17527272308831973 0.4362537623228053 0.43789820583090694 0.46390912949883295 0.455423979893993 0.0 
0.0 0.033054798780807804 0.17527272308831973 0.50422984232441 0.42668772842811337 0.388876812108526 0.4012859460036226 0.0 
0.0 0.10271793543893774 0.40553109689637623 0.40553109689637623 0.0 0.137180597650155 0.137180597650155 0.0 
0.0 0.10271793543893774 0.27331900396078945 0.14553395752677403 0.0428386749233986 0.19146744640606575 0.3186840404664753 0.0 
0.0 0.0 0.0 0.0 0.0 0.0 0.0 0.0 
0.0 0.0 0.0 0.0 0.0 0.0 0.0 0.0 
0.0 0.0 0.0 0.0 0.0 0.0 0.0 0.0 

0.0 0.0 0.0 0.0 0.0 0.0 0.0 0.0 
0.0 2.0978819256858596 1.8780953098009079 0.5927016452292961 0.6735101777196248 0.8095881628336097 0.8095881628336097 0.0 
0.0 1.396724797493316 0.9697503509999494 1.8108009330971673 1.8108009330971673 1.4553158785881473 1.4553158785881473 0.0 
0.0 1.396724797493316 0.48372868141883296 1.8108009330971673 1.8108009330971673 1.4553158785881473 1.4553158785881473 0.0 
0.0 1.2357752997917222 1.2521442652595762 1.2521442652595762 0.77077825857511 1.4935483131337397 1.4935483131337397 0.0 
0.0 1.3286849897198638 1.2521442652595762 1.2521442652595762 0.77077825857511 1.4935483131337397 1.4935483131337397 0.0 
0.0 1.3286849897198638 0.0 0.23490793049611286 0.21936197642730637 0.0 0.0 0.0 
0.0 0.0 0.0 0.0 0.0 0.0 0.0 0.0 

0.0 0.0 0.0 0.0 0.0 0.0 0.0 0.0 
0.0 1.8048130959002704 1.8048130959002704 0.9081565087923879 0.47536936785030953 0.4595021573434671 0.4595021573434671 0.0 
0.0 1.8048130959002704 1.8048130959002704 1.1640971766682935 1.4267725779434608 1.5598108830696327 1.5598108830696327 0.0 
0.0 1.1701240006038105 0.915655110023287 1.1640971766682935 1.5358192725180404 1.5598108830696327 1.5598108830696327 0.0 
0.0 0.643736741622504 0.9328333337188559 0.8270048675592471 0.8270048675592471 1.6911401570666744 1.6911401570666744 0.0 
0.0 1.6584134012867053 1.6584134012867053 1.7275586607352786 1.6400013805757898 1.6911401570666744 1.6911401570666744 0.0 
0.0 2.1494783502368904 1.6721290342466 1.7009563770668268 1.7073263448357978 1.57268785813257 1.3887794365200803 0.0 
0.0 0.0 0.0 0.0 0.0 0.0 0.0 0.0 

0.0 0.0 0.0 0.0 0.0 0.0 0.0 0.0 
0.0 0.0 0.0 0.0 0.0 0.0 0.0 0.0 
0.0 0.0 0.0 0.0 0.0 0.0 0.0 0.0 
0.0 0.0 0.0 0.23043700363996716 0.0 0.0 0.0 0.0 
0.0 0.0 0.0 0.01753699887106682 0.0 0.0 0.0 0.0 
0.0 0.0 0.0 0.0 0.0 0.0 0.0 0.0 
0.0 0.0 0.0 0.0 0.0 0.0 0.0 0.0 
0.0 0.0 0.0 0.0 0.0 0.0 0.0 0.0 

0.0 0.0 0.0 0.0 0.0 0.0 0.0 0.0 
0.0 0.4352356347955501 0.5434935963392215 0.5434935963392215 0.3737149489799687 0.4449491997741008 0.4593997850075485 0.0 
0.0 0.44121335205069945 0.5434935963392215 0.7333880167390735 0.7333880167390735 0.6927320478218406 0.5481785378416074 0.0 
0.0 0.44121335205069945 0.4035114517709903 0.3699193246576177 0.6927320478218406 0.6927320478218406 0.34188344848822316 0.0 
0.0 0.9422500953508665 0.9314204225127728 0.7166062668004959 0.9499695389475695 0.9499695389475695 0.8473188974581884 0.0 
0.0 1.444316396102669 1.444316396102669 1.284666164870206 1.4709948817427079 1.4804309936099866 0.9353743838146601 0.0 
0.0 1.0478760903051043 1.0478760903051043 0.8045676688992075 1.1028622940616326 1.0964436625108251 0.6153178737101246 0.0 
0.0 0.0 0.0 0.0 0.0 0.0 0.0 0.0 

0.0 0.0 0.0 0.0 0.0 0.0 0.0 0.0 
0.0 0.4901346732037658 0.4901346732037658 0.0 0.0 0.0 0.0 0.0 
0.0 0.4901346732037658 0.4901346732037658 0.0 0.0 0.0 0.0 0.0 
0.0 0.0 0.0 0.0 0.0 0.1280088800316611 0.0796239579501148 0.0 
0.0 0.0 0.0 0.0 0.0 0.0 0.0 0.0 
0.0 0.0 0.13333722461495456 0.34605999611191063 0.02381763677968307 0.07213071402273041 0.07213071402273041 0.0 
0.0 0.0 0.0 0.1563032596778473 0.02381763677968307 0.057890030683956706 0.0 0.0 
0.0 0.0 0.0 0.0 0.0 0.0 0.0 0.0 

0.0 0.0 0.0 0.0 0.0 0.0 0.0 0.0 
0.0 0.8907095279177192 0.1955403528232693 0.24220410758882488 0.40921794254126964 0.548917633130829 0.548917633130829 0.0 
0.0 0.8907095279177192 0.0 0.33926275613791845 0.0 0.0 0.0 0.0 
0.0 0.2614552168952846 0.4243327291170716 0.7312562552631823 0.0 0.9590675788151891 0.9590675788151891 0.0 
0.0 0.07036696380958807 0.34135816671371344 0.4571476845791138 0.0 0.9273057946834959 0.9273057946834959 0.0 
0.0 0.0 0.0 0.0 0.0 0.6375679855927469 0.6375679855927469 0.0 
0.0 0.0 0.0 0.0 0.0 0.6375679855927469 0.6375679855927469 0.0 
0.0 0.0 0.0 0.0 0.0 0.0 0.0 0.0 

0.0 0.0 0.0 0.0 0.0 0.0 0.0 0.0 
0.0 0.0 0.0 0.0 0.0 0.0 0.0 0.0 
0.0 0.0 0.0 0.0 0.0 0.0 0.0 0.0 
0.0 0.0 0.0 0.0 0.0 0.0 0.0 0.0 
0.0 0.0 0.0 0.0 0.0 0.0 0.0 0.0 
0.0 0.0 0.0 0.0 0.0 0.0 0.0 0.0 
0.0 0.0 0.0 0.0 0.0 0.0 0.0 0.0 
0.0 0.0 0.0 0.0 0.0 0.0 0.0 0.0 

0.0 0.0 0.0 0.0 0.0 0.0 0.0 0.0 
0.0 1.1979643305406487 1.1979643305406487 0.0 0.0 0.0 0.0 0.0 
0.0 0.8704720904969703 0.8704720904969703 0.11588398401488266 0.07937217971223953 0.07937217971223953 0.2739702571166319 0.0 
0.0 0.5352289784926113 0.11588398401488266 0.28885380709925884 0.549298627001108 0.5048921322974135 0.921519641228841 0.0 
0.0 0.0 0.0 0.28885380709925884 0.28885380709925884 0.0 0.0 0.0 
0.0 0.17491784249553688 0.0 0.0 0.0 0.0 0.9449351681240077 0.0 
0.0 1.3584374070517173 0.8880455956247048 1.1145647449104663 1.1145647449104663 0.8930672313939159 0.9449351681240077 0.0 
0.0 0.0 0.0 0.0 0.0 0.0 0.0 0.0 

0.0 0.0 0.0 0.0 0.0 0.0 0.0 0.0 
0.0 0.0 0.0 0.0 0.0 0.0 0.0 0.0 
0.0 0.0 0.0 0.0 0.0 0.0 0.0 0.0 
0.0 0.0 0.0 0.0 0.0 0.0 0.0 0.0 
0.0 0.0 0.0 0.0 0.0 0.0 0.0 0.0 
0.0 0.0 0.0 0.0 0.0 0.0 0.0 0.0 
0.0 0.0 0.0 0.0 0.0 0.0 0.0 0.0 
0.0 0.0 0.0 0.0 0.0 0.0 0.0 0.0 

0.0 0.0 0.0 0.0 0.0 0.0 0.0 0.0 
0.0 0.11188284882913536 0.09266440146334042 0.0 0.0 0.0 0.0 0.0 
0.0 0.11188284882913536 0.09266440146334042 0.0 0.0 0.0 0.0 0.0 
0.0 0.0 0.0 0.0 0.0 0.0 0.23973835803220814 0.0 
0.0 0.0 0.0 0.0 0.0 0.0 0.0 0.0 
0.0 0.0 0.0 0.0 0.0 0.0 0.0 0.0 
0.0 0.0 0.0 0.0 0.0 0.0 0.0 0.0 
0.0 0.0 0.0 0.0 0.0 0.0 0.0 0.0 

0.0 0.0 0.0 0.0 0.0 0.0 0.0 0.0 
0.0 1.1645645773271338 0.853783476707979 0.6509272832982135 0.4410077130792734 0.38777363139377785 0.407492382311922 0.0 
0.0 0.8139440386408425 0.9383880923902287 0.8821774877281063 0.8569505159655507 1.090078419840385 1.090078419840385 0.0 
0.0 0.5293670366172178 0.8820329804779494 0.8821774877281063 0.8569505159655507 0.9186546488142052 0.8376473061222769 0.0 
0.0 0.7655200031461655 1.1394292799640666 1.1394292799640666 0.7318677245667026 1.2216567067174302 1.2216567067174302 0.0 
0.0 0.7655200031461655 1.1394292799640666 1.1394292799640666 0.7318677245667026 1.2216567067174302 1.2216567067174302 0.0 
0.0 0.659658292058103 0.659658292058103 0.7153986754250865 0.6001616392299866 0.5017586591168591 0.5412436844100221 0.0 
0.0 0.0 0.0 0.0 0.0 0.0 0.0 0.0 

0.0 0.0 0.0 0.0 0.0 0.0 0.0 0.0 
0.0 0.0 0.0 0.0 0.0 0.0 0.0 0.0 
0.0 0.0 0.0 0.0 0.0 0.0 0.0 0.0 
0.0 0.0 0.0 0.0 0.0 0.0 0.0 0.0 
0.0 0.0 0.0 0.0 0.0 0.0 0.0 0.0 
0.0 0.0 0.0 0.0 0.0 0.0 0.0 0.0 
0.0 0.0 0.0 0.0 0.0 0.0 0.0 0.0 
0.0 0.0 0.0 0.0 0.0 0.0 0.0 0.0 

0.0 0.0 0.0 0.0 0.0 0.0 0.0 0.0 
0.0 1.1090388698017866 0.9645177389608716 0.5955857779008066 0.5955857779008066 0.5226488607552623 0.5132356535504334 0.0 
0.0 1.0455682484780926 0.5504333285382206 1.133589250894334 1.133589250894334 0.6456235322240884 0.730893913476352 0.0 
0.0 1.0455682484780926 0.4395332600766504 1.133589250894334 1.133589250894334 0.6456235322240884 0.730893913476352 0.0 
0.0 1.0003251793538108 0.4395332600766504 0.5818070362736106 0.5818070362736106 0.5689670609441415 0.7483239759286004 0.0 
0.0 1.3479982085622833 0.3038808876074449 0.5818070362736106 0.5818070362736106 0.3835387756072359 0.7483239759286004 0.0 
0.0 1.3479982085622833 0.9028739665941476 0.8523220217870476 0.9490267147468081 0.9283117754919631 1.318005399420472 0.0 
0.0 0.0 0.0 0.0 0.0 0.0 0.0 0.0 

0.0 0.0 0.0 0.0 0.0 0.0 0.0 0.0 
0.0 1.1287266030712506 0.5136592872146255 0.5136592872146255 0.5209584512325414 0.6185875623313832 0.6185875623313832 0.0 
0.0 0.9412477133778596 0.13782958437563908 0.505424975058963 0.46655666046854477 0.5181965222468737 0.4480200019401092 0.0 
0.0 0.35208373265811826 0.5888039553538904 1.1055702392270126 0.24397794285409968 0.749373901371561 0.749373901371561 0.0 
0.0 0.4077033096415681 0.5888039553538904 0.8656647181031837 0.21193866607231282 0.749373901371561 0.749373901371561 0.0 
0.0 0.6658431225209408 0.0 0.0 0.0 0.007919158733400544 0.007919158733400544 0.0 
0.0 0.9601773504630782 0.0 0.0 0.0 0.0 0.0 0.0 
0.0 0.0 0.0 0.0 0.0 0.0 0.0 0.0 

0.0 0.0 0.0 0.0 0.0 0.0 0.0 0.0 
0.0 0.89155899402463 0.6722357194271026 0.16375268820196712 0.0 0.08890171502641861 0.08890171502641861 0.0 
0.0 0.8548803834564633 0.3420505579730921 0.030045602449628367 0.08332019552905714 0.09890594980057595 0.09890594980057595 0.0 
0.0 0.25907671545447025 0.267538812307867 0.8664811634786259 0.8664811634786259 1.1658352896305455 1.1658352896305455 0.0 
0.0 0.2611839827573859 0.542982036356156 0.542982036356156 0.47271920856228555 0.6261824771732365 0.6261824771732365 0.0 
0.0 1.26300750728287 1.5342205628341639 1.5548775004439541 1.245975545635182 2.3011532573561166 2.3011532573561166 0.0 
0.0 1.26300750728287 1.5342205628341639 1.5548775004439541 1.245975545635182 2.3011532573561166 2.3011532573561166 0.0 
0.0 0.0 0.0 0.0 0.0 0.0 0.0 0.0 

0.0 0.0 0.0 0.0 0.0 0.0 0.0 0.0 
0.0 0.0 0.4121758005282365 0.0 0.0 0.0 0.0 0.0 
0.0 0.0 0.3742954166007008 0.3742954166007008 0.0 0.0 0.0 0.0 
0.0 0.0 0.27046070920145765 0.27046070920145765 0.0 0.0 0.0 0.0 
0.0 0.0 0.0 0.0 0.0 0.0 0.0 0.0 
0.0 0.0 0.0 0.0 0.0 0.0 0.0 0.0 
0.0 0.0 0.0 0.0 0.0 0.0 0.0 0.0 
0.0 0.0 0.0 0.0 0.0 0.0 0.0 0.0 

0.0 0.0 0.0 0.0 0.0 0.0 0.0 0.0 
0.0 0.7047177502096166 0.019134235412854562 0.17436412036593343 0.17436412036593343 0.269041077979079 0.269041077979079 0.0 
0.0 0.3929127910951501 0.18107876682304394 0.23476939901160387 0.23476939901160387 0.32210977102692334 0.32210977102692334 0.0 
0.0 0.3925930198571541 0.1566956360789022 0.23476939901160387 0.23476939901160387 0.32210977102692334 0.32210977102692334 0.0 
0.0 0.1672068611085208 0.1566956360789022 0.19465795563715 0.07708388781675019 0.18575591138735298 0.18575591138735298 0.0 
0.0 0.5068669077954179 0.03631795072005167 0.0076768240267431065 0.0 0.43952116122903695 0.43952116122903695 0.0 
0.0 0.38747461580540016 0.2701378249998 0.3403690065988327 0.3403690065988327 0.410596638868476 0.410596638868476 0.0 
0.0 0.0 0.0 0.0 0.0 0.0 0.0 0.0 

0.0 0.0 0.0 0.0 0.0 0.0 0.0 0.0 
0.0 0.0 0.0 0.0 0.0 0.0 0.0 0.0 
0.0 0.0 0.0 0.0 0.0 0.0 0.0 0.0 
0.0 0.0 0.0 0.0 0.0 0.0 0.0 0.0 
0.0 0.0 0.0 0.0 0.0 0.0 0.0 0.0 
0.0 0.002746138500029416 0.0 0.011391890005687466 0.1492331992093962 0.21245984539185594 0.0 0.0 
0.0 0.32829349708728944 0.2760632666303169 0.428395581074035 0.5424945585225693 0.5459756836729481 0.2790510882435743 0.0 
0.0 0.0 0.0 0.0 0.0 0.0 0.0 0.0 

0.0 0.0 0.0 0.0 0.0 0.0 0.0 0.0 
0.0 0.0 0.0 0.0 0.0 0.0 0.0 0.0 
0.0 0.0 0.0 0.0 0.0 0.0 0.0 0.0 
0.0 0.0 0.0 0.0 0.0 0.0 0.0 0.0 
0.0 0.0 0.0 0.0 0.0 0.0 0.0 0.0 
0.0 0.0 0.0 0.0 0.0 0.0 0.0 0.0 
0.0 0.0 0.0 0.0 0.0 0.0 0.0 0.0 
0.0 0.0 0.0 0.0 0.0 0.0 0.0 0.0 

0.0 0.0 0.0 0.0 0.0 0.0 0.0 0.0 
0.0 0.0 0.0 0.0 0.0 0.0 0.0 0.0 
0.0 0.0 0.0 0.0 0.0 0.0 0.0 0.0 
0.0 0.0 0.0 0.0 0.0 0.0 0.0 0.0 
0.0 0.0 0.0 0.0 0.0 0.0 0.0 0.0 
0.0 0.2142447433675864 0.0 0.0 0.0 0.0 0.0 0.0 
0.0 0.0 0.0 0.0 0.0 0.0 0.0 0.0 
0.0 0.0 0.0 0.0 0.0 0.0 0.0 0.0 

