0.46228853037284356 0.6158353010943315 1.2153799224101478 
0.6506673348213008 1.2054709658172118 1.8477177112048129 
1.1761282694745891 1.4229214039184765 1.8477177112048129 

0.0 0.0 0.0 
0.0 0.0 0.0 
0.0 0.0 0.0 

2.848193008145542 2.0932774675891075 2.4583294883269278 
2.848193008145542 3.036114466236897 2.7874987962983266 
2.62375449918681 3.036114466236897 2.7874987962983266 

0.39981896446838056 0.11209172370569767 0.09260817060753065 
0.05587439125248206 0.02361681474722383 0.0 
0.05587439125248206 0.02361681474722383 0.0 

0.1342583944144885 0.31918202291654046 0.24224279173931992 
0.08921611098971395 0.2568459241581388 0.2568459241581388 
0.08921611098971395 0.2568459241581388 0.2568459241581388 

0.0 0.04206083915066991 0.5023729129067029 
0.0 0.06761522789593172 0.6750094678076898 
0.0 0.0 0.6750094678076898 

0.0 0.0 0.0 
0.0 0.0 0.0 
0.0 0.0 0.0 

2.097145589684996 2.0251224716953953 1.980567169935739 
2.1763982022160326 1.8356721105735843 1.5515735068757153 
2.1601184246872562 1.7280400287983588 1.3686697804892574 

2.5017039682785893 1.8699650155709258 2.232566316014464 
1.2210482027637064 1.7755599889011782 2.388645246285318 
0.8813393748904914 1.5600486743343802 2.388645246285318 

2.188548198714157 1.8212432542154278 1.8212432542154278 
2.196413866439385 1.8884443233867978 1.8884443233867978 
3.0152184322275892 3.0152184322275892 2.569267059264542 

1.5456357535029779 1.8290853872339239 1.8009125992785742 
1.0989102432610676 1.4488859514481984 1.4427156777726968 
1.308790515682286 1.4488859514481984 1.4427156777726968 

1.312785878856318 1.689998840241267 1.689998840241267 
1.772176591565113 1.8664289944639982 1.8664289944639982 
1.772176591565113 1.8664289944639982 1.8664289944639982 

3.3136356531267688 3.153397739581724 2.9997370170514257 
3.4993045110553833 3.451304673710002 3.451040571600022 
3.4993045110553833 3.451304673710002 3.451040571600022 

0.0 0.0 0.880230405249139 
0.0 0.2664930469104108 1.1301349804508127 
0.0 0.2664930469104108 1.1301349804508127 

0.030738923234248317 0.0 0.1937027970916577 
0.011752917428432014 0.0 0.1937027970916577 
0.4146626340565165 0.0 0.13655897124327196 

0.0 0.0 0.0 
0.0 0.0 0.0 
0.0 0.0 0.0 

4.894364829260967 4.235905587204603 4.215414860173628 
5.109037983538168 4.894916510548614 4.215414860173628 
4.894916510548614 4.894916510548614 4.496328258401788 

0.4477414518003278 0.6098792011218651 0.5463510874271876 
0.14406283959808358 0.34131423899116814 0.34131423899116814 
0.4634725695045897 0.4634725695045897 0.5157061671336773 

0.0 0.0 0.0 
0.0 0.0 0.0 
0.0 0.0 0.0 

0.14860724721604374 0.30555502967738857 0.5918338001328652 
0.14860724721604374 0.30555502967738857 0.5918338001328652 
1.073423268167093 1.0243367823287537 0.847592296166119 

