0.0 0.0 0.0 0.0 0.0 0.0 0.0 0.0 
0.0 2.6227560104545016 1.8599954464040729 1.249775778035081 1.0836028228439278 1.0510098013847646 0.7498708440314902 0.0 
0.0 2.3587481449011274 1.8599954464040729 1.3635444975767497 1.9042370798638708 1.4865374554189716 1.1153094548594096 0.0 
0.0 2.551511619739003 2.049268649105933 1.148297624000725 1.9042370798638708 1.4865374554189716 1.091004100186291 0.0 
0.0 2.551511619739003 2.049268649105933 1.8727267007040411 1.5383103263676634 1.3682564282451644 1.256475145787678 0.0 
0.0 1.9025980191497303 1.8727267007040411 1.8727267007040411 1.703300564213342 1.680928232120703 1.0627537309969903 0.0 
0.0 1.9025980191497303 1.6192293144219212 1.4950405913404856 1.7008601294891765 1.7008601294891765 0.8936849362103314 0.0 
0.0 0.0 0.0 0.0 0.0 0.0 0.0 0.0 

0.0 0.0 0.0 0.0 0.0 0.0 0.0 0.0 
0.0 0.6310959171597551 0.48172893411022577 0.5485107118845612 0.5387458795913157 0.4925283619339817 0.38746870158946944 0.0 
0.0 0.3218455244564685 0.0 0.0 0.0 0.0 0.0 0.0 
0.0 0.06109477441923822 0.0 0.0 0.0 0.0 0.5041690337166919 0.0 
0.0 0.372418499418584 0.0 0.0 0.0 0.0 0.27445560846315437 0.0 
0.0 0.372418499418584 0.18826843217665842 0.0 0.0 0.0 0.0 0.0 
0.0 0.0 0.0 0.0 0.0 0.0 0.10155384247071571 0.0 
0.0 0.0 0.0 0.0 0.0 0.0 0.0 0.0 

0.0 0.0 0.0 0.0 0.0 0.0 0.0 0.0 
0.0 0.4622230710819355 0.0 0.03594331538613041 0.19410368037400208 0.126266814776793 0.0 0.0 
0.0 0.15864389914069238 0.1536086371930838 0.09324920338441947 0.0 0.44625465869393216 0.44625465869393216 0.0 
0.0 0.15864389914069238 0.7056248091097245 0.8360072256103953 0.838008900716113 0.838008900716113 0.5523297741664308 0.0 
0.0 0.14419195534559742 0.7421191657836244 1.3757959640421857 1.283745100465697 0.838008900716113 0.5523297741664308 0.0 
0.0 0.14419195534559742 0.7421191657836244 1.283745100465697 1.283745100465697 0.31548158566349 0.540604196816515 0.0 
0.0 0.612253387709201 0.0 0.0 0.17038998794932136 0.17038998794932136 0.16791726917528033 0.0 
0.0 0.0 0.0 0.0 0.0 0.0 0.0 0.0 

0.0 0.0 0.0 0.0 0.0 0.0 0.0 0.0 
0.0 0.37094978374645105 0.5829835706928329 1.0067220842402778 1.0067220842402778 0.3819235668680909 0.3363736541843881 0.0 
0.0 0.06268411486370523 0.9573569653412032 0.9573569653412032 0.0 0.0 0.3348846326841635 0.0 
0.0 0.06268411486370523 0.9573569653412032 1.6843312040152756 1.257051917631751 0.9878032361337946 1.2283538155225997 0.0 
0.0 0.0 0.2249429482087094 1.6843312040152756 1.257051917631751 0.2526669352421379 1.2283538155225997 0.0 
0.0 0.0 0.0 0.0 0.0 0.0 0.33077301022675165 0.0 
0.0 0.0 0.0 0.0 0.0 0.0 0.0 0.0 
0.0 0.0 0.0 0.0 0.0 0.0 0.0 0.0 

0.0 0.0 0.0 0.0 0.0 0.0 0.0 0.0 
0.0 1.8208350777302982 1.0560399878750582 1.1981662894513248 1.3224797134595836 1.4515055176783442 1.4515055176783442 0.0 
0.0 1.1918227977332596 1.0505638707037552 1.0505638707037552 0.5099885039037121 0.5099885039037121 0.568922352301475 0.0 
0.0 1.078029426825284 0.7228730032530414 1.74933430430132 1.74933430430132 1.196050109924668 1.196050109924668 0.0 
0.0 1.1776081028894205 0.5447465014905127 1.74933430430132 1.74933430430132 0.4775915989816708 1.1311693748167024 0.0 
0.0 1.541177948212423 1.541177948212423 0.7829928431676536 0.7829928431676536 0.6215634819197271 0.800031200876594 0.0 
0.0 1.541177948212423 1.541177948212423 0.7829928431676536 0.7829928431676536 0.6215634819197271 0.5207032293285117 0.0 
0.0 0.0 0.0 0.0 0.0 0.0 0.0 0.0 

0.0 0.0 0.0 0.0 0.0 0.0 0.0 0.0 
0.0 0.2917337764238398 0.21670586743804687 0.437211392754885 0.5343999639622462 0.49431902121042237 0.4128609341692857 0.0 
0.0 0.23752327646554833 0.21670586743804687 0.437211392754885 0.5343999639622462 0.49431902121042237 0.0 0.0 
0.0 0.23752327646554833 0.12877265205719157 0.7598629525187098 0.7598629525187098 0.0 0.07347381907214025 0.0 
0.0 0.0 0.12877265205719157 0.7598629525187098 0.7598629525187098 0.0 0.07347381907214025 0.0 
0.0 0.13623557661552121 0.36750376683655256 0.36750376683655256 0.06444485367286304 0.06444485367286304 0.03219884085548905 0.0 
0.0 0.0 0.0 0.0 0.06444485367286304 0.06444485367286304 0.0 0.0 
0.0 0.0 0.0 0.0 0.0 0.0 0.0 0.0 

0.0 0.0 0.0 0.0 0.0 0.0 0.0 0.0 
0.0 0.637418477659614 0.7224046186310509 0.9981836623956536 1.3647400185907543 1.085706045222234 0.8020289768666341 0.0 
0.0 0.6694582348750683 0.6694582348750683 0.9981836623956536 1.3647400185907543 1.085706045222234 0.38064842270680843 0.0 
0.0 0.6694582348750683 0.6694582348750683 0.05069587002750181 0.2518937237854731 0.2518937237854731 0.0 0.0 
0.0 0.2952434699167048 0.40502769168931735 0.05069587002750181 0.4327508175175436 0.30816479763011195 0.0 0.0 
0.0 0.2952434699167048 0.718329750474657 0.718329750474657 0.7061464294208755 0.3227295180734755 0.0 0.0 
0.0 0.654163060879751 0.718329750474657 0.718329750474657 0.7457819660014113 0.16757589242555804 0.05982224981897272 0.0 
0.0 0.0 0.0 0.0 0.0 0.0 0.0 0.0 

0.0 0.0 0.0 0.0 0.0 0.0 0.0 0.0 
0.0 1.9586246590396459 2.005192050525589 1.7615913037298756 1.7616536219525052 1.620946546149985 2.581029132319639 0.0 
0.0 1.707788849970262 2.005192050525589 1.7058243742318737 1.3581115953658405 2.2016563088001333 2.581029132319639 0.0 
0.0 1.5489318782974453 1.4533319790619263 1.3044016658946354 1.3052697306160628 2.2016563088001333 2.2016563088001333 0.0 
0.0 1.609773033222501 1.477997825935966 1.3044016658946354 1.7787846083523606 1.5284710750544725 2.1385440486973355 0.0 
0.0 2.302874575274702 2.302874575274702 1.698722568326296 1.7787846083523606 1.521253011168156 1.9527596690401439 0.0 
0.0 1.4660291999974615 1.988020646349044 1.988020646349044 1.9082840245035761 1.6696357296187299 1.8669747707852036 0.0 
0.0 0.0 0.0 0.0 0.0 0.0 0.0 0.0 

0.0 0.0 0.0 0.0 0.0 0.0 0.0 0.0 
0.0 0.0 0.0 0.0 0.0 0.0 0.0 0.0 
0.0 0.0 0.0 0.0526754310170425 0.0526754310170425 0.0 0.0 0.0 
0.0 0.0 0.0 0.0 0.0 0.0 0.0 0.0 
0.0 0.0 0.1741175576964621 0.0 0.0 0.0 0.0 0.0 
0.0 0.05331538798481682 0.1741175576964621 0.0 0.0 0.0 0.0 0.0 
0.0 0.0 0.0 0.0 0.0 0.0 0.0 0.0 
0.0 0.0 0.0 0.0 0.0 0.0 0.0 0.0 

0.0 0.0 0.0 0.0 0.0 0.0 0.0 0.0 
0.0 0.6298509828760901 0.11033086163444933 0.1648199111030222 0.34611658453781546 0.34611658453781546 0.0 0.0 
0.0 0.6298509828760901 0.11033086163444933 0.12405131368643393 0.12405131368643393 0.0 0.0 0.0 
0.0 0.5849375595636457 0.0 0.12405131368643393 0.12405131368643393 0.0 0.0 0.0 
0.0 0.5849375595636457 0.06975340276626094 0.0 0.0 0.0 0.0 0.0 
0.0 0.44610558890643315 0.36198129924548034 0.0 0.0 0.0 0.0 0.0 
0.0 0.0 0.0 0.0 0.041597196201310194 0.041597196201310194 0.0 0.0 
0.0 0.0 0.0 0.0 0.0 0.0 0.0 0.0 

0.0 0.0 0.0 0.0 0.0 0.0 0.0 0.0 
0.0 0.6821906410216032 0.5712469779048366 0.6591862961818288 0.9081587989095773 0.9081587989095773 0.7378392363098952 0.0 
0.0 0.8063413891422364 0.5670314306485628 0.6591862961818288 0.9081587989095773 0.9081587989095773 0.0 0.0 
0.0 0.8063413891422364 0.0 0.1858743372420632 0.1858743372420632 0.0 1.0760039956440008 0.0 
0.0 0.7629758001199838 0.0 0.1858743372420632 0.1858743372420632 0.0 0.41221863653346524 0.0 
0.0 0.7629758001199838 0.14274249031050082 0.0 0.0 0.0 0.0 0.0 
0.0 0.554171174147362 0.14274249031050082 0.0 0.0 0.0 0.0 0.0 
0.0 0.0 0.0 0.0 0.0 0.0 0.0 0.0 

0.0 0.0 0.0 0.0 0.0 0.0 0.0 0.0 
0.0 1.189491788615218 0.5958431552172495 0.0 0.0 0.0 0.0 0.0 
0.0 1.189491788615218 0.5958431552172495 0.15345039664257673 0.34408172180687063 0.9482476598791322 0.9482476598791322 0.0 
0.0 1.0571272805479872 0.0 0.15345039664257673 0.34408172180687063 0.9482476598791322 0.9482476598791322 0.0 
0.0 1.0571272805479872 0.0 0.0 0.0 0.0 0.0 0.0 
0.0 0.615917218880621 0.0 0.0 0.0 0.0 0.32786274682188227 0.0 
0.0 0.0 0.0 0.0 0.0 0.0 0.32786274682188227 0.0 
0.0 0.0 0.0 0.0 0.0 0.0 0.0 0.0 

0.0 0.0 0.0 0.0 0.0 0.0 0.0 0.0 
0.0 1.2443166194509865 0.9076666542085359 1.0514311851025773 1.1032862394262457 1.0943084439438127 0.8831610246585871 0.0 
0.0 1.1723023011830378 1.3350219117487572 1.0813638882433745 1.1032862394262457 0.9290994170018988 0.12763530823709568 0.0 
0.0 1.1723023011830378 1.3869661235710231 3.422371452293585 1.867873886249408 1.0121734697049733 1.0121734697049733 0.0 
0.0 0.8862261396688844 1.3869661235710231 3.422371452293585 0.30490599992976364 1.0121734697049733 1.0121734697049733 0.0 
0.0 1.4665531348957983 0.3607651029766529 0.2227340104470945 0.6715443360712776 0.6715443360712776 0.0 0.0 
0.0 1.4665531348957983 0.0 0.10084344669209709 0.6715443360712776 0.6715443360712776 0.0 0.0 
0.0 0.0 0.0 0.0 0.0 0.0 0.0 0.0 

0.0 0.0 0.0 0.0 0.0 0.0 0.0 0.0 
0.0 1.1402869922172318 1.0745791426513334 1.095337816781938 1.292908989106054 1.955570388603893 1.955570388603893 0.0 
0.0 1.6883608503308452 2.158808348396742 2.087047498219337 2.2344841003173537 2.2344841003173537 1.955570388603893 0.0 
0.0 1.6883608503308452 3.6709618698436426 3.6709618698436426 2.944625052423468 2.1751900507247064 2.1751900507247064 0.0 
0.0 0.9243043913890224 2.7610330551851368 2.9791381254573968 3.012141371161496 2.010227891344125 2.010227891344125 0.0 
0.0 0.6980613842436605 1.5093886580431053 2.8558339368379873 2.8558339368379873 1.5677153987229835 1.5677153987229835 0.0 
0.0 1.5452001823186254 1.5093886580431053 1.1374786820401908 1.1374786820401908 1.3001255923312003 0.8620355305084455 0.0 
0.0 0.0 0.0 0.0 0.0 0.0 0.0 0.0 

0.0 0.0 0.0 0.0 0.0 0.0 0.0 0.0 
0.0 0.7018841998812464 0.0 0.0 0.0 0.0 0.0 0.0 
0.0 0.3980246820400934 0.0 0.0 0.0 0.0 0.0 0.0 
0.0 0.2350896690924586 0.0 0.0 0.0 0.0 0.0 0.0 
0.0 0.24938509151227828 0.0 0.3251908781277107 0.3251908781277107 0.0 0.0 0.0 
0.0 0.15841892513311095 0.0 0.3251908781277107 0.3251908781277107 0.0 0.0 0.0 
0.0 0.15841892513311095 0.2026560288946174 0.0 0.0 0.0 0.0 0.0 
0.0 0.0 0.0 0.0 0.0 0.0 0.0 0.0 

0.0 0.0 0.0 0.0 0.0 0.0 0.0 0.0 
0.0 0.8477365361028694 0.8477365361028694 0.719023324548489 1.1248595758330537 1.0786158681460474 0.9105651682113913 0.0 
0.0 0.8597740824375553 0.9429729355966862 0.9429729355966862 1.1422179935857504 1.1422179935857504 0.9105651682113913 0.0 
0.0 0.596521438346512 0.596521438346512 0.36376878465579443 0.4868110085594127 0.5712727553831431 0.002189107524986507 0.0 
0.0 0.5625262954405554 0.5625262954405554 0.0 0.1483786965515118 0.1483786965515118 0.0 0.0 
0.0 1.423143674524312 1.9703454072650177 1.167957092551963 0.43420946297852353 0.3195830566222844 0.0 0.0 
0.0 1.423143674524312 1.9703454072650177 1.167957092551963 0.43420946297852353 0.3195830566222844 0.0 0.0 
0.0 0.0 0.0 0.0 0.0 0.0 0.0 0.0 

0.0 0.0 0.0 0.0 0.0 0.0 0.0 0.0 
0.0 0.0 0.17229895677031604 0.6937489143719469 0.6445272871856803 0.31811122333860126 0.0 0.0 
0.0 0.0 0.0 0.2506878289925395 0.33807645641451967 0.0 0.0 0.0 
0.0 0.1050441721458697 0.6413118550722688 0.6413118550722688 0.0 0.01565353048353796 0.0 0.0 
0.0 0.1050441721458697 0.30965443577789886 0.3232708118561032 0.28283839588220794 0.01565353048353796 0.0 0.0 
0.0 0.4028048272748044 0.457903571086655 0.5453805732134704 0.28283839588220794 0.0 0.0 0.0 
0.0 0.4028048272748044 0.457903571086655 0.0 0.0 0.0 0.0 0.0 
0.0 0.0 0.0 0.0 0.0 0.0 0.0 0.0 

0.0 0.0 0.0 0.0 0.0 0.0 0.0 0.0 
0.0 0.16531989233425404 0.0 0.0 0.0 0.0 0.0 0.0 
0.0 0.3028888104491893 0.3028888104491893 0.0 0.0 0.0 0.0 0.0 
0.0 0.6630281638206549 1.7005966019687573 1.7005966019687573 0.5317428292384078 0.5317428292384078 0.2911403042900266 0.0 
0.0 0.8115481079205822 1.7277838110612036 1.7277838110612036 0.5317428292384078 0.9124192463538782 0.9124192463538782 0.0 
0.0 0.15970420902434734 1.327731653285181 1.327731653285181 0.4785824067822314 0.7593103691764127 0.7593103691764127 0.0 
0.0 0.909393766035199 0.11565799422631814 0.2483110090179585 0.5501880153445684 0.7232871140368918 0.7232871140368918 0.0 
0.0 0.0 0.0 0.0 0.0 0.0 0.0 0.0 

0.0 0.0 0.0 0.0 0.0 0.0 0.0 0.0 
0.0 0.0 0.0 0.0 0.0 0.0 0.0 0.0 
0.0 0.0 0.0 0.0 0.0 0.0 0.0 0.0 
0.0 0.0 0.0 0.0 0.0 0.0 0.0 0.0 
0.0 0.0 0.0 0.0 0.0 0.0 0.0 0.0 
0.0 0.6789187817772524 0.0 0.0 0.0 0.0 0.0 0.0 
0.0 0.6789187817772524 0.0 0.0 0.0 0.0 0.0 0.0 
0.0 0.0 0.0 0.0 0.0 0.0 0.0 0.0 

0.0 0.0 0.0 0.0 0.0 0.0 0.0 0.0 
0.0 0.02156482991006263 0.0 0.0 0.0 0.9103479600008563 0.9103479600008563 0.0 
0.0 0.0 1.5000588243064101 1.6435546288508425 1.08786127558221 1.0616364803716944 0.9103479600008563 0.0 
0.0 0.2807142793430366 1.5571284000293955 2.477850440415128 2.477850440415128 1.0476255424108567 0.866940898827194 0.0 
0.0 0.513814157779761 1.6309728453959127 3.8745269531764874 3.8745269531764874 1.0671642738858549 1.3468115364007107 0.0 
0.0 0.0 1.6309728453959127 3.0634223501768623 1.7814075104477107 1.0671642738858549 1.1651250973399758 0.0 
0.0 0.8744104328752058 0.5924695409569869 0.0 0.8750175815635066 0.8750175815635066 0.33536838363940924 0.0 
0.0 0.0 0.0 0.0 0.0 0.0 0.0 0.0 

0.0 0.0 0.0 0.0 0.0 0.0 0.0 0.0 
0.0 0.0 0.0 0.0 0.0 0.0 0.0 0.0 
0.0 0.0 0.0 0.0 0.0 0.0 0.0 0.0 
0.0 0.0 0.0 0.0 0.0 0.0 0.0 0.0 
0.0 0.0 0.0 0.0 0.0 0.0 0.0 0.0 
0.0 0.0 0.0 0.0 0.0 0.0 0.0 0.0 
0.0 0.0 0.0 0.0 0.0 0.0 0.0 0.0 
0.0 0.0 0.0 0.0 0.0 0.0 0.0 0.0 

0.0 0.0 0.0 0.0 0.0 0.0 0.0 0.0 
0.0 0.017104452249494674 0.0 0.0 0.0 0.0 0.0 0.0 
0.0 0.0 0.0 0.0 0.0 0.0 0.0 0.0 
0.0 0.0 0.08089808435396181 0.17230189004139113 0.3387777638332671 0.062292280128595764 0.0 0.0 
0.0 0.0 0.3600029545481678 0.94629512778173 0.94629512778173 0.0 0.18199527695795564 0.0 
0.0 0.0 0.3600029545481678 0.4675543834159707 0.26947302619522995 0.1278421582633501 0.20390898384774492 0.0 
0.0 0.0 0.0 0.0 0.0 0.0 0.0 0.0 
0.0 0.0 0.0 0.0 0.0 0.0 0.0 0.0 

0.0 0.0 0.0 0.0 0.0 0.0 0.0 0.0 
0.0 0.5576231952486739 0.7744095411897712 0.8158964175400752 0.9329860246809402 1.0351471989620606 1.0351471989620606 0.0 
0.0 0.9631069683288982 1.3465789164266868 1.207883231279165 0.9329860246809402 1.2269767722063156 1.0351471989620606 0.0 
0.0 0.9631069683288982 1.8499298984791317 1.8499298984791317 1.620047619885591 1.2269767722063156 1.0097863201109576 0.0 
0.0 0.5222112694472355 1.8499298984791317 1.8499298984791317 1.3521071450143554 0.8285365586789228 1.0097863201109576 0.0 
0.0 0.7920629107021236 1.0085196778325227 0.8438828129594127 0.8438828129594127 0.6709430390501729 0.5571908130749392 0.0 
0.0 0.44092855864502767 1.0085196778325227 0.5539908178424412 0.6883264514364741 0.4069353528732715 0.4436805992674814 0.0 
0.0 0.0 0.0 0.0 0.0 0.0 0.0 0.0 

0.0 0.0 0.0 0.0 0.0 0.0 0.0 0.0 
0.0 0.0 0.0 0.0 0.0 0.0 0.0 0.0 
0.0 0.0 0.0 0.0 0.0 0.0 0.0 0.0 
0.0 0.0 0.0 0.0 0.0 0.0 0.0 0.0 
0.0 0.0 0.0 0.0 0.0 0.0 0.0 0.0 
0.0 0.0 0.0 0.0 0.0 0.0 0.0 0.0 
0.0 0.0 0.0 0.0 0.0 0.0 0.0 0.0 
0.0 0.0 0.0 0.0 0.0 0.0 0.0 0.0 

0.0 0.0 0.0 0.0 0.0 0.0 0.0 0.0 
0.0 1.028990232153428 1.4922114642682631 0.8963073746875276 0.6487596381654324 0.8342290274109722 0.8733589894270193 0.0 
0.0 1.028990232153428 1.4922114642682631 1.0169525308136163 1.0350593409483575 0.6503343624658384 0.8733589894270193 0.0 
0.0 0.8911312825902901 0.8835151499338824 1.3192068793117127 1.0350593409483575 0.6503343624658384 0.44681161926241203 0.0 
0.0 0.6330780742665654 1.002882598410934 1.002882598410934 0.6460181731524349 0.6460181731524349 0.44681161926241203 0.0 
0.0 0.6330780742665654 0.46691412198176185 0.4924153028945581 0.6460181731524349 0.6460181731524349 0.11868776615429336 0.0 
0.0 0.41875859556482864 0.6902516694892902 0.6902516694892902 0.5793058137380859 0.5793058137380859 0.45543929313472903 0.0 
0.0 0.0 0.0 0.0 0.0 0.0 0.0 0.0 

0.0 0.0 0.0 0.0 0.0 0.0 0.0 0.0 
0.0 1.7857847051674298 0.06933071489342078 0.27163181931017777 0.3733189717610996 0.3733189717610996 0.0 0.0 
0.0 1.4916366145994517 0.37862935340658793 0.0 0.0 0.0 0.0434871800969439 0.0 
0.0 1.733100315465983 0.0 0.20945103383350774 0.0 0.0 0.0434871800969439 0.0 
0.0 1.5597582767471942 0.38022350399166893 0.3310740009783734 0.3923040393323512 0.0 0.0 0.0 
0.0 1.4063177998140564 0.38022350399166893 0.4174527629259911 0.5403536077474951 0.4127070613490873 0.0 0.0 
0.0 2.0676234531526023 0.0 0.0 0.5025887491401723 0.5025887491401723 0.0 0.0 
0.0 0.0 0.0 0.0 0.0 0.0 0.0 0.0 

0.0 0.0 0.0 0.0 0.0 0.0 0.0 0.0 
0.0 0.78993014693246 0.7208032358015221 0.9774177644150253 1.346216259247436 1.5209523356531607 1.0044050727215437 0.0 
0.0 1.0848507121594677 1.4556237365841793 0.8283324646897212 1.392989596146309 1.614516399019543 1.2047331294827417 0.0 
0.0 1.2039120574955238 2.8589951484177427 2.969256924908881 2.969256924908881 1.7471462944714768 1.2047331294827417 0.0 
0.0 1.120689996570313 2.8589951484177427 2.969256924908881 2.969256924908881 1.7999869229834558 1.7999869229834558 0.0 
0.0 2.4896727479864236 2.4645841593898052 2.4645841593898052 1.7502511402954417 1.7006019977940359 1.7006019977940359 0.0 
0.0 2.4896727479864236 2.44400950696525 0.42255715003488653 0.9477096753387776 1.0663975470190055 1.0663975470190055 0.0 
0.0 0.0 0.0 0.0 0.0 0.0 0.0 0.0 

0.0 0.0 0.0 0.0 0.0 0.0 0.0 0.0 
0.0 0.0 0.0 0.0 0.12362714321425772 0.0 0.0 0.0 
0.0 0.0 0.0 0.09591807963313935 0.0 0.0 0.3951902123559815 0.0 
0.0 0.0 0.0 0.09591807963313935 0.0 0.0 0.5101226224359947 0.0 
0.0 0.0 0.0 0.0 0.0 0.0 0.3258037380581495 0.0 
0.0 0.0 0.0 0.0 0.0 0.0 0.0 0.0 
0.0 0.0 0.0 0.0 0.0 0.0 0.0 0.0 
0.0 0.0 0.0 0.0 0.0 0.0 0.0 0.0 

0.0 0.0 0.0 0.0 0.0 0.0 0.0 0.0 
0.0 0.3131183250538018 0.3131183250538018 0.19760251472490725 0.024091055336877068 0.19843491497500854 0.0 0.0 
0.0 0.3131183250538018 0.3131183250538018 0.1481893099902729 0.23577444140676 0.23577444140676 0.029918208241937312 0.0 
0.0 0.4796811947623303 0.30238395773021115 0.1481893099902729 0.23577444140676 0.23577444140676 0.13111858189413794 0.0 
0.0 0.4918776571004165 0.4934852418318092 0.1379628601906676 0.16072538605178863 0.13111858189413794 0.13111858189413794 0.0 
0.0 0.4918776571004165 0.4934852418318092 0.11748156896953013 0.2185600304687275 0.1961835376021808 0.0 0.0 
0.0 0.0 0.4353565759275849 0.4353565759275849 0.29937884082677924 0.0 0.0 0.0 
0.0 0.0 0.0 0.0 0.0 0.0 0.0 0.0 

0.0 0.0 0.0 0.0 0.0 0.0 0.0 0.0 
0.0 0.40195955874006295 0.21220994897327683 0.18509598935448918 0.2369659250346356 0.0 0.0 0.0 
0.0 0.0 0.0 0.18509598935448918 0.2369659250346356 0.0 0.0 0.0 
0.0 0.0 0.0 0.0 0.0 0.0 0.0 0.0 
0.0 0.0 0.0 0.0 0.0 0.0 0.0 0.0 
0.0 0.0 0.0 0.0 0.0 0.0 0.0 0.0 
0.0 0.31128275000776806 0.14140986867620148 0.0 0.0 0.0 0.0 0.0 
0.0 0.0 0.0 0.0 0.0 0.0 0.0 0.0 

0.0 0.0 0.0 0.0 0.0 0.0 0.0 0.0 
0.0 0.0 0.0 0.0 0.0 0.0 0.0 0.0 
0.0 0.0 0.0 0.0 0.0 0.0 0.0 0.0 
0.0 0.0 0.0 0.0 0.0 0.0 0.0 0.0 
0.0 0.0 0.0 0.0 0.0 0.0 0.0 0.0 
0.0 0.0 0.0 0.0 0.0 0.0 0.0 0.0 
0.0 0.0 0.0 0.0 0.0 0.0 0.0 0.0 
0.0 0.0 0.0 0.0 0.0 0.0 0.0 0.0 

0.0 0.0 0.0 0.0 0.0 0.0 0.0 0.0 
0.0 0.051371868082281724 0.0 0.0 0.0 0.0 0.0 0.0 
0.0 0.1524270803096306 0.0 0.0 0.0 0.0 0.0 0.0 
0.0 0.023890296839008562 0.0 0.0 0.0 0.0 0.0 0.0 
0.0 0.0 0.0 0.0 0.0 0.0 0.0 0.0 
0.0 0.252929285924984 0.0 0.0 0.0 0.0 0.0 0.0 
0.0 0.252929285924984 0.0 0.0 0.0 0.0 0.0 0.0 
0.0 0.0 0.0 0.0 0.0 0.0 0.0 0.0 

