1.0274350006188862 1.3528218867983968 1.3528218867983968 
1.4902318173645777 1.400702835555677 0.8469509634077028 
1.615607476625344 1.6615159990719455 1.6242020837479305 

0.0 0.0 0.0 
0.0 0.0 0.0 
0.0 0.0 0.0 

2.5711636067247166 1.5643395741302972 2.3198684990174305 
2.847314711520577 2.1320492757932925 2.287302754093404 
2.847314711520577 2.1320492757932925 2.0029334182728715 

0.24217669526044006 0.12270425954593278 0.0 
0.24217669526044006 0.17294479784904107 0.0 
0.03584191338754239 0.02263380258848422 0.0 

0.3533198787377936 0.6410977792409024 0.0 
0.3464927679608599 0.0 0.0 
0.3464927679608599 0.0 0.0 

0.010859519325522898 0.10003073513199333 0.03429648555202611 
0.10099349474268486 0.1644670747655182 0.03429648555202611 
0.10099349474268486 0.1644670747655182 0.0 

0.0 0.0 0.0 
0.0 0.0 0.0 
0.0 0.0 0.0 

1.724489472634902 2.2692539261464737 2.124354865813145 
1.516738493009622 2.0843039733080877 2.0843039733080877 
1.5167213656057652 2.064399506900052 2.064399506900052 

2.0859747372521276 2.1568711750866076 2.0936170433097487 
2.020044830144648 1.963989266950289 1.6005268539401698 
1.963989266950289 1.963989266950289 1.573615921662517 

2.362621772755517 2.013228490925094 2.012530331840771 
2.362621772755517 1.9267897757035837 1.529472391083898 
2.756326383677062 2.657520689639916 2.5852059789706163 

1.4471512761267897 1.3786194484363183 0.6851433759804443 
1.8600230423431652 1.5418012925612448 0.5230057166901906 
1.8600230423431652 1.5418012925612448 0.9517879664800009 

2.355829306054892 1.9121407357793823 0.8890511297513632 
2.3362523739989274 1.5485359181684244 0.5972253471210015 
2.3362523739989274 1.5485359181684244 0.355431125781994 

4.009009095053102 3.523356725394136 2.651122822763081 
3.7302958489051887 3.297541961554141 2.459157591840251 
3.7302958489051887 3.297541961554141 2.255546309169043 

0.38410293388664773 0.0 1.1035526575015018 
0.23127627900968825 0.0 0.9061823376053152 
0.0 0.0 0.7925870095422383 

0.12950313084403994 0.0 0.5411896460756761 
0.12950313084403994 0.0 0.43654697729568825 
0.18677986122213786 0.09296149581692745 0.43654697729568825 

0.0 0.0 0.0 
0.0 0.0 0.0 
0.0 0.0 0.0 

5.428184409344547 4.59500079096583 3.728487362357771 
5.428184409344547 4.59500079096583 3.4224314543098155 
4.086715043974703 3.523725771712019 3.4224314543098155 

0.9675358821317046 0.9675358821317046 0.6896313765981568 
0.8727575082957056 0.6139025740465887 0.23581714090512865 
0.7325596612742329 0.7325596612742329 0.4428377432845594 

0.0 0.0 0.0 
0.0 0.0 0.0 
0.0 0.0 0.0 

0.2871741786334911 0.45783648376673886 1.0137638578511527 
0.32918985621820596 0.3022330294251133 0.14172702078552113 
0.8052468263386466 1.1228117886914788 1.0857464319284011 

