1.2539163744689852 0.6507237162161639 1.2940398980874526 
1.177093881596666 0.7579256319555372 1.1406846336657852 
1.3976940930624118 1.1861896251995785 0.8531507947326469 

0.0 0.0 0.0 
0.0 0.0 0.0 
0.0 0.0 0.0 

2.50562548138186 2.151450895800722 2.6198477524689694 
2.0552269647179613 1.623819823118416 2.123971060763511 
1.9748989132629395 1.062722424223166 1.505326682329962 

0.17493451939878965 0.09167481183856536 0.0 
0.02629815277399332 0.0 0.14052737408913912 
0.0659143517390015 0.08002192341373172 0.07106291541281179 

0.27605737806409236 0.44139155995470486 0.0 
0.4160956601827319 0.0 0.0 
0.4160956601827319 0.0 0.0 

0.0476080479440266 0.0476080479440266 0.2690486162116144 
0.0 0.0 0.0 
0.0 0.0 0.18942253640748086 

0.0 0.0 0.0 
0.0 0.0 0.0 
0.0 0.0 0.0 

1.9555730283055548 1.9555730283055548 1.4457838153443507 
1.5613769769946704 1.6922301901109023 1.6922301901109023 
1.5613769769946704 1.6922301901109023 1.6922301901109023 

1.73597726514088 2.148770401037103 2.5619281730812027 
1.3792376767956278 0.9638256495025512 1.8071495750252657 
1.1952399371520828 0.8674188723700301 1.0590269723018948 

2.215342533641027 2.215342533641027 1.8947124224620968 
2.3245835903797176 2.3245835903797176 1.8947124224620968 
2.7597565371821684 2.705705003157906 2.5871998308447606 

2.3043877064991696 2.3043877064991696 1.4223826338897958 
1.7403401866431938 1.2314408113268587 0.4012807712120746 
1.7403401866431938 1.0140149723576748 1.1304432406982565 

2.1554632706646566 2.1554632706646566 1.4208569812602836 
2.3170698848800155 1.8118113393282043 0.9692589070331198 
2.3170698848800155 1.7963191745894882 0.9692589070331198 

3.8737069671373354 3.8737069671373354 3.3482368734376142 
3.8737069671373354 3.8737069671373354 2.9248006884970006 
3.699770116017601 3.6037534890472656 2.855134086918317 

0.0450130472010315 0.3307856968808555 0.752244085970331 
0.06966249794528441 0.2124845623971094 0.25403322040852616 
0.06966249794528441 0.2124845623971094 0.11022475171206145 

0.0 0.0 0.03367952358566644 
0.0 0.0 0.2509322812811639 
0.16193064592076856 0.22588854915850537 0.49600151522485025 

0.0 0.0 0.0 
0.0 0.0 0.0 
0.0 0.0 0.0 

4.189608385688695 4.804510082776483 4.804510082776483 
4.189608385688695 4.843326673531548 4.804510082776483 
4.323115580135328 4.843326673531548 4.434648122520453 

0.9026133592963921 0.9026133592963921 0.3753554032775815 
0.6162624635410786 0.6162624635410786 0.47738620289445494 
1.0576326855159652 1.0576326855159652 0.8633550399750143 

0.0 0.0 0.0 
0.0 0.0 0.0 
0.0 0.0 0.0 

0.5582997495335167 0.08841895232410228 0.2287155118511882 
0.0 0.0 0.0 
0.9134313839185798 0.9134313839185798 0.6957703920579075 

