0.0 0.0 0.0 0.0 0.0 0.0 0.0 0.0 
0.0 2.0885811453637264 2.595706211618533 2.7767345778238592 2.7767345778238592 1.6689288288595014 1.261434195346153 0.0 
0.0 1.6785949430522042 2.595706211618533 1.8045646543811829 1.8045646543811829 1.745407840600695 1.639088741644925 0.0 
0.0 2.2595982305133533 1.68906851218306 1.68906851218306 1.7387648957444801 1.7389187162312054 1.639088741644925 0.0 
0.0 2.158379064296428 1.68906851218306 1.68906851218306 1.692302368023209 1.692302368023209 1.2824828844124962 0.0 
0.0 1.8729950031309106 1.3232607194197463 1.4036847680005893 1.692302368023209 1.692302368023209 1.6913291624900204 0.0 
0.0 1.8055381719962573 1.4654187990570549 1.1900137369831802 1.5034799966413326 1.9799686972486565 1.9799686972486565 0.0 
0.0 0.0 0.0 0.0 0.0 0.0 0.0 0.0 

0.0 0.0 0.0 0.0 0.0 0.0 0.0 0.0 
0.0 0.7418548526038922 0.27785509773220907 0.07468042031523829 0.3951402617500066 0.5533686703171148 0.5993755623148378 0.0 
0.0 0.1712303118989706 0.40668895421769674 0.21407963719054882 0.024763858791434327 0.028396279261140717 0.23844291079879035 0.0 
0.0 0.051227001158371886 0.40668895421769674 0.21407963719054882 0.14515809447915062 0.0 0.0 0.0 
0.0 0.051227001158371886 0.051227001158371886 0.05515978045117456 0.05515978045117456 0.0 0.0 0.0 
0.0 0.0 0.0 0.0 0.0 0.0 0.0 0.0 
0.0 0.0 0.0 0.0 0.0 0.0 0.0 0.0 
0.0 0.0 0.0 0.0 0.0 0.0 0.0 0.0 

0.0 0.0 0.0 0.0 0.0 0.0 0.0 0.0 
0.0 0.27845090586998694 0.27845090586998694 0.18773511781325358 0.276387742718797 0.276387742718797 0.0 0.0 
0.0 0.6720634341086391 0.2552425355053604 0.29220390129242974 0.5672494418543004 0.5672494418543004 0.006631887219248789 0.0 
0.0 0.7573513230512048 0.6259232858099328 0.37409540224546195 0.21854451091478705 0.24768549776400653 0.23061118906342196 0.0 
0.0 0.7528164612898179 0.1956377623697635 0.1956377623697635 0.15029720578073463 0.15544669981575207 0.0 0.0 
0.0 0.3081738486704943 0.13379943272834435 0.1270796226919928 0.1270796226919928 0.15876616323914905 0.15876616323914905 0.0 
0.0 0.1878498765164637 0.0 0.1270796226919928 0.1270796226919928 0.15876616323914905 0.17802522578319632 0.0 
0.0 0.0 0.0 0.0 0.0 0.0 0.0 0.0 

0.0 0.0 0.0 0.0 0.0 0.0 0.0 0.0 
0.0 1.4574230087813227 0.8559303055548658 0.8559303055548658 1.700030674725544 1.700030674725544 0.828990922532891 0.0 
0.0 1.146333143699128 0.8165839632270332 0.8165839632270332 0.0 0.14768730188718704 1.3038934626254486 0.0 
0.0 1.146333143699128 0.8165839632270332 0.8165839632270332 0.08098084931509991 0.0 0.46968184399339474 0.0 
0.0 0.0 0.0 0.08098084931509991 0.08098084931509991 0.0 0.11326433910769035 0.0 
0.0 0.0 0.16062061751593515 0.47483988018648005 0.0 0.0 0.42316070412287565 0.0 
0.0 0.0 0.16062061751593515 0.47483988018648005 0.0 0.0 0.42316070412287565 0.0 
0.0 0.0 0.0 0.0 0.0 0.0 0.0 0.0 

0.0 0.0 0.0 0.0 0.0 0.0 0.0 0.0 
0.0 1.5390746440688274 1.4258107093100683 1.5191557666715279 1.5191557666715279 1.2968487184074324 1.3267303135960196 0.0 
0.0 1.4929924191817494 1.2469546398731097 1.2469546398731097 0.5938236071168564 1.2543127040179516 1.4879381852232423 0.0 
0.0 1.4929924191817494 1.2469546398731097 1.2469546398731097 1.0248652285364497 1.0248652285364497 1.2041822793360275 0.0 
0.0 1.4261818427945698 1.0843459812904976 0.760313271781534 0.9907795008064958 0.9907795008064958 0.8490927850340719 0.0 
0.0 1.364194118704431 0.793024209139521 0.8559630775007796 0.976190971123348 0.7155084380228806 1.3090311203313767 0.0 
0.0 1.364194118704431 0.793024209139521 0.8559630775007796 0.8559630775007796 0.38919456940931163 0.35663818970386424 0.0 
0.0 0.0 0.0 0.0 0.0 0.0 0.0 0.0 

0.0 0.0 0.0 0.0 0.0 0.0 0.0 0.0 
0.0 0.2747061286496621 0.15016633136371854 0.13947191143099152 0.3617814419384875 0.3617814419384875 0.0 0.0 
0.0 0.2747061286496621 0.0 0.0 0.0 0.11386359563630799 0.08457296462186169 0.0 
0.0 0.4312701968918066 0.0 0.0 0.2084136121250716 0.2084136121250716 0.06609319191719829 0.0 
0.0 0.4312701968918066 0.03940147510202357 0.0 0.2084136121250716 0.2084136121250716 0.0 0.0 
0.0 0.418944017176764 0.28854298038053106 0.12542013189063939 0.13215042419279383 0.0 0.0 0.0 
0.0 0.418944017176764 0.28854298038053106 0.12542013189063939 0.13215042419279383 0.0 0.0 0.0 
0.0 0.0 0.0 0.0 0.0 0.0 0.0 0.0 

0.0 0.0 0.0 0.0 0.0 0.0 0.0 0.0 
0.0 0.898891266348724 0.898891266348724 0.593207347027056 0.21634410509145222 0.26341551755438314 0.316782178406979 0.0 
0.0 0.13791669689308592 0.13791669689308592 0.435839657959768 0.435839657959768 0.15515082594210589 0.29756058368601956 0.0 
0.0 0.5953510591637923 0.5953510591637923 0.7726882246196078 0.7726882246196078 0.3509701780902153 0.3509701780902153 0.0 
0.0 0.5953510591637923 0.7155332642593966 0.7726882246196078 0.7726882246196078 0.6612775333470446 0.6612775333470446 0.0 
0.0 0.7771668168611447 0.7771668168611447 0.4725277402262348 0.6153473726928034 0.7679529957399718 0.508785377713864 0.0 
0.0 0.7771668168611447 0.7771668168611447 0.5150993474830022 0.6153473726928034 0.7679529957399718 0.08660952073212166 0.0 
0.0 0.0 0.0 0.0 0.0 0.0 0.0 0.0 

0.0 0.0 0.0 0.0 0.0 0.0 0.0 0.0 
0.0 1.9561330374732326 1.9913787269986867 1.9913787269986867 2.1137282788279275 2.279027656466191 2.279027656466191 0.0 
0.0 1.7801677881702505 1.9913787269986867 2.180619738540234 1.7690874508303867 1.7512641265208235 1.8872201047062842 0.0 
0.0 1.7801677881702505 1.9425486235477343 1.7690874508303867 1.7690874508303867 1.7103321210763867 1.9505705625214138 0.0 
0.0 1.6550651067044775 1.6494266227435945 1.8718097295064897 1.7864464153413742 1.5783534670374977 1.9505705625214138 0.0 
0.0 1.6550651067044775 1.6494266227435945 1.965443263352288 1.7864464153413742 1.6387131253694611 2.0994881762809654 0.0 
0.0 1.7174683805815063 1.9594257192828564 1.9594257192828564 1.7413623899703468 1.6387131253694611 2.0994881762809654 0.0 
0.0 0.0 0.0 0.0 0.0 0.0 0.0 0.0 

0.0 0.0 0.0 0.0 0.0 0.0 0.0 0.0 
0.0 0.0 0.0 0.0 0.0 0.0 0.0 0.0 
0.0 0.0 0.0 0.0 0.0 0.0 0.0 0.0 
0.0 0.0 0.0 0.0 0.0 0.0 0.0 0.0 
0.0 0.0 0.0 0.0 0.0 0.0 0.0 0.0 
0.0 0.0 0.0 0.0 0.0 0.0 0.0 0.0 
0.0 0.0 0.0 0.0 0.0 0.0 0.0 0.0 
0.0 0.0 0.0 0.0 0.0 0.0 0.0 0.0 

0.0 0.0 0.0 0.0 0.0 0.0 0.0 0.0 
0.0 0.30152381571213954 0.8354708938871803 0.34804131281681694 0.34804131281681694 0.10758239403897982 0.4522415908811157 0.0 
0.0 0.18923604559179583 0.8354708938871803 0.3790984778059434 0.3790984778059434 0.0 0.0 0.0 
0.0 0.0 0.0 0.3790984778059434 0.3790984778059434 0.0 0.0 0.0 
0.0 0.0199476711138602 0.0 0.0 0.20412322536463673 0.0 0.0 0.0 
0.0 0.0199476711138602 0.0 0.0 0.20412322536463673 0.0 0.0 0.0 
0.0 0.21648080404882197 0.13512076762492353 0.03298246397523378 0.1868706003706479 0.07520595831613376 0.0 0.0 
0.0 0.0 0.0 0.0 0.0 0.0 0.0 0.0 

0.0 0.0 0.0 0.0 0.0 0.0 0.0 0.0 
0.0 0.4216399815364955 0.9826499477378747 0.9826499477378747 1.0992472780560532 0.47557111888017106 0.9424059550728723 0.0 
0.0 0.4216399815364955 0.35066065238441496 0.0 0.0 0.0 0.9424059550728723 0.0 
0.0 0.20971642463920692 0.20971642463920692 0.19396641294201147 0.19396641294201147 0.059855825829257234 0.0 0.0 
0.0 0.20971642463920692 0.4853544268011498 0.027505529847981977 0.059855825829257234 0.059855825829257234 0.0 0.0 
0.0 0.5442698100030424 0.5913983472810453 0.5519901532511127 0.5519901532511127 0.3041186161688273 0.0 0.0 
0.0 0.5442698100030424 0.5913983472810453 0.5519901532511127 0.5519901532511127 0.3041186161688273 0.0 0.0 
0.0 0.0 0.0 0.0 0.0 0.0 0.0 0.0 

0.0 0.0 0.0 0.0 0.0 0.0 0.0 0.0 
0.0 0.5553818185414885 0.18568476999581596 0.3646030546264448 1.2440376765194197 0.4228010003785435 0.4540932193098508 0.0 
0.0 0.18568476999581596 0.509279345962967 0.509279345962967 1.2440376765194197 0.27158427930033574 0.0 0.0 
0.0 0.46302057606794894 0.6916992045834804 0.44416185927908597 0.632133519147458 0.27158427930033574 0.34004449003763804 0.0 
0.0 0.46302057606794894 0.46302057606794894 0.0 0.099382873889927 0.0 0.34004449003763804 0.0 
0.0 0.0 0.0 0.0 0.099382873889927 0.0 0.0 0.0 
0.0 0.0 0.0 0.0 0.0 0.35452707446675696 0.4333241225769648 0.0 
0.0 0.0 0.0 0.0 0.0 0.0 0.0 0.0 

0.0 0.0 0.0 0.0 0.0 0.0 0.0 0.0 
0.0 1.6945366429201816 1.717482782383889 2.275006945504339 2.275006945504339 0.4708905088760293 0.5743037580645405 0.0 
0.0 1.689750005033547 0.7844073709491981 0.3713200762230046 0.385769494735746 0.9026290625311285 1.030434927576889 0.0 
0.0 1.689750005033547 0.6637223006825957 0.7005911400175642 1.138786094886568 0.8761380874507654 0.11178707216619607 0.0 
0.0 1.032092215633197 0.41891044222374796 0.7005911400175642 1.138786094886568 0.7698334717277578 0.15005110754674245 0.0 
0.0 0.9800310020994467 1.0571990616264024 0.6076526737243124 0.6076526737243124 0.6854223005921545 0.6854223005921545 0.0 
0.0 0.9800310020994467 1.0571990616264024 0.6076526737243124 0.6076526737243124 0.5817506380946643 0.5490400217494715 0.0 
0.0 0.0 0.0 0.0 0.0 0.0 0.0 0.0 

0.0 0.0 0.0 0.0 0.0 0.0 0.0 0.0 
0.0 2.610452494435136 2.610452494435136 2.1279623781001336 2.379632450322948 2.379632450322948 1.1618448675934858 0.0 
0.0 1.6064930419020043 1.6064930419020043 1.3085932058969882 1.3085932058969882 2.7997359875026144 2.7997359875026144 0.0 
0.0 1.965352826477889 1.6064930419020043 0.9455223528166283 0.9455223528166283 1.6421230075812088 1.9815064873069745 0.0 
0.0 1.7025325934179771 1.2648879938147612 0.9455223528166283 1.2435302974287312 1.6421230075812088 1.6421230075812088 0.0 
0.0 1.2648879938147612 1.2648879938147612 1.1603589038208852 0.8920399139050723 1.7424093752871141 1.5583738600147492 0.0 
0.0 1.222158931922154 1.5300536052147822 1.5300536052147822 0.9831062537744113 1.467275614099319 1.467275614099319 0.0 
0.0 0.0 0.0 0.0 0.0 0.0 0.0 0.0 

0.0 0.0 0.0 0.0 0.0 0.0 0.0 0.0 
0.0 0.004462696793793068 0.004462696793793068 0.0 0.22971955823297974 0.22971955823297974 0.0 0.0 
0.0 0.0 0.0 0.0 0.22971955823297974 0.22971955823297974 0.0 0.0 
0.0 0.0 0.12499393481457623 0.12499393481457623 0.0 0.0 0.0 0.0 
0.0 0.0 0.11462669486189954 0.11462669486189954 0.0 0.0 0.0 0.0 
0.0 0.0 0.0 0.0 0.0 0.0 0.0 0.0 
0.0 0.0 0.0 0.0 0.0 0.0 0.0 0.0 
0.0 0.0 0.0 0.0 0.0 0.0 0.0 0.0 

0.0 0.0 0.0 0.0 0.0 0.0 0.0 0.0 
0.0 0.5783560146527629 0.7584113281386277 0.7584113281386277 0.9022356596992365 0.997107263664244 0.982224983982658 0.0 
0.0 0.7187117380137535 0.1387942926386748 0.20751139192377765 0.0 0.7349823571290859 0.982224983982658 0.0 
0.0 0.2604139752454592 0.0 0.4517942824914324 0.44001095996689055 0.7944317361508779 0.9640519787549707 0.0 
0.0 0.4921764437878885 0.6591148765804825 0.6591148765804825 0.44100437917551805 0.7944317361508779 0.9640519787549707 0.0 
0.0 0.7413731778310609 1.330638223899904 1.330638223899904 0.7732507624868424 1.2516083403244582 1.091662319490771 0.0 
0.0 0.7413731778310609 0.9146333719729133 0.9114563033126153 0.6146855911891065 0.6146855911891065 0.1141422426242502 0.0 
0.0 0.0 0.0 0.0 0.0 0.0 0.0 0.0 

0.0 0.0 0.0 0.0 0.0 0.0 0.0 0.0 
0.0 0.0 0.6877064169522775 0.2221187235777482 0.2221187235777482 0.23902150977026387 0.17481569490877308 0.0 
0.0 0.0 0.0 0.0 0.0 0.17481569490877308 0.17481569490877308 0.0 
0.0 0.08778319558139805 0.0 0.10920035576126988 0.0 0.045194903044357804 0.045194903044357804 0.0 
0.0 0.10507452144371138 0.0 0.0 0.0 0.3730936881092887 0.3730936881092887 0.0 
0.0 0.02068342478508578 0.13962026748548417 0.0 0.0 0.35271215840352876 0.0 0.0 
0.0 0.0 0.0 0.0 0.0 0.0 0.0 0.0 
0.0 0.0 0.0 0.0 0.0 0.0 0.0 0.0 

0.0 0.0 0.0 0.0 0.0 0.0 0.0 0.0 
0.0 0.449814244453518 0.8553857195291765 0.8494963987170386 0.8494963987170386 0.02417994099724055 0.0 0.0 
0.0 0.26193780243447784 0.569419129190502 0.9010717401935222 0.9010717401935222 0.46860829204408805 0.17683661402125167 0.0 
0.0 0.6775683566286969 0.6282912007937163 0.5314360256596181 0.5314360256596181 0.4311295456555609 0.17683661402125167 0.0 
0.0 0.4914425365488338 0.16780982133077602 0.143807948812863 0.8452276100451557 0.22422324515643485 0.0 0.0 
0.0 0.4894045992891682 0.0 0.143807948812863 0.3302517309607644 0.22422324515643485 0.171831241686072 0.0 
0.0 0.0 0.0 0.0 0.0 0.6338503105173039 0.6338503105173039 0.0 
0.0 0.0 0.0 0.0 0.0 0.0 0.0 0.0 

0.0 0.0 0.0 0.0 0.0 0.0 0.0 0.0 
0.0 0.0 0.0 0.00856652128020929 0.0 0.0 0.0 0.0 
0.0 0.0 0.0 0.0 0.0 0.0 0.0 0.0 
0.0 0.0 0.0 0.0 0.0 0.0 0.0 0.0 
0.0 0.0 0.0 0.0 0.0 0.0 0.0 0.0 
0.0 0.0 0.0 0.0 0.0 0.0 0.0 0.0 
0.0 0.0 0.0 0.0 0.0 0.0 0.0 0.0 
0.0 0.0 0.0 0.0 0.0 0.0 0.0 0.0 

0.0 0.0 0.0 0.0 0.0 0.0 0.0 0.0 
0.0 0.6346991478639059 1.7303785127360023 1.8916882898814402 1.8916882898814402 0.44437748833535645 0.0 0.0 
0.0 1.2199135530810865 0.8691365325152198 1.3868535575200198 1.3868535575200198 0.13525961086431657 0.9627279264759002 0.0 
0.0 1.9122798908199803 0.8691365325152198 0.14915205977328777 0.076265601945325 1.1905795059355677 1.1905795059355677 0.0 
0.0 0.7219705049627549 0.33260127389942873 0.0 0.7928816877331066 0.9956378353787458 0.8388087587861897 0.0 
0.0 0.41133705426771594 0.33260127389942873 0.0 0.16839596399537102 1.3055095782609931 1.3114477253229138 0.0 
0.0 0.46497962299580986 0.6486771700292616 0.6357614415487516 0.6357614415487516 1.3055095782609931 1.3114477253229138 0.0 
0.0 0.0 0.0 0.0 0.0 0.0 0.0 0.0 

0.0 0.0 0.0 0.0 0.0 0.0 0.0 0.0 
0.0 0.0 0.0 0.0 0.0 0.0 0.0 0.0 
0.0 0.0 0.0 0.0 0.0 0.0 0.0 0.0 
0.0 0.0 0.0 0.0 0.0 0.0 0.0 0.0 
0.0 0.0 0.0 0.0 0.0 0.0 0.0 0.0 
0.0 0.0 0.0 0.0 0.0 0.0 0.0 0.0 
0.0 0.0 0.0 0.0 0.0 0.0 0.0 0.0 
0.0 0.0 0.0 0.0 0.0 0.0 0.0 0.0 

0.0 0.0 0.0 0.0 0.0 0.0 0.0 0.0 
0.0 0.04624971142439608 0.0 0.00044055256158747474 0.08342638839861531 0.08192716506162209 0.0 0.0 
0.0 0.03571450745493536 0.09725771067782045 0.09725771067782045 0.00044055256158747474 0.0 0.0 0.0 
0.0 0.2209001896832915 0.09725771067782045 0.09725771067782045 0.0 0.0 0.029064982386484375 0.0 
0.0 0.0 0.0 0.0 0.0 0.0 0.0 0.0 
0.0 0.0 0.0 0.0 0.0 0.0 0.0 0.0 
0.0 0.0 0.0 0.0 0.0 0.0 0.0 0.0 
0.0 0.0 0.0 0.0 0.0 0.0 0.0 0.0 

0.0 0.0 0.0 0.0 0.0 0.0 0.0 0.0 
0.0 1.0368511695016451 0.8530304296620574 0.9118960339235187 1.7518346435393397 1.7518346435393397 1.1328803209199658 0.0 
0.0 1.1975127997279325 1.0171419706887916 0.9118960339235187 0.06484852451047396 1.219304571467023 1.2243844072655252 0.0 
0.0 1.2220335806183464 0.7630810982009572 0.9015043339957417 0.6378918490835848 0.8411318103887374 0.6534134568858264 0.0 
0.0 1.2220335806183464 0.5836475704946771 0.6378918490835848 0.6378918490835848 0.8327108183305455 0.7160602596600678 0.0 
0.0 1.025239953666345 1.069135005261792 1.1440103448052164 0.6705573323131286 0.8358531637873546 0.9085717905623939 0.0 
0.0 1.025239953666345 1.069135005261792 1.1440103448052164 0.6705573323131286 0.8358531637873546 0.9085717905623939 0.0 
0.0 0.0 0.0 0.0 0.0 0.0 0.0 0.0 

0.0 0.0 0.0 0.0 0.0 0.0 0.0 0.0 
0.0 0.0 0.0 0.0 0.0 0.0 0.0 0.0 
0.0 0.0 0.0 0.0 0.0 0.0 0.0 0.0 
0.0 0.0 0.0 0.0 0.0 0.0 0.0 0.0 
0.0 0.0 0.0 0.0 0.0 0.0 0.0 0.0 
0.0 0.0 0.0 0.0 0.0 0.0 0.0 0.0 
0.0 0.0 0.0 0.0 0.0 0.0 0.0 0.0 
0.0 0.0 0.0 0.0 0.0 0.0 0.0 0.0 

0.0 0.0 0.0 0.0 0.0 0.0 0.0 0.0 
0.0 0.8808334687495145 1.2354513756768468 0.9092132704219377 0.7264155165837703 0.40700655340404723 0.481937743215251 0.0 
0.0 1.2820903384625115 0.9092132704219377 0.9092132704219377 0.44679652795205826 0.8382732407946523 0.8382732407946523 0.0 
0.0 1.2820903384625115 0.26633065109987786 0.26633065109987786 0.5257912701571689 0.5848333116188297 0.6701569089955259 0.0 
0.0 0.8851127262449248 0.44510876551572554 0.7622212266821222 0.5257912701571689 0.8318087466586754 0.8318087466586754 0.0 
0.0 1.047968698887757 0.6345726695871965 0.7622212266821222 0.7581429669817892 0.8318087466586754 0.8459657517452329 0.0 
0.0 1.047968698887757 1.1637358703494005 1.1637358703494005 0.7581429669817892 0.6768252020676652 1.1144179516182406 0.0 
0.0 0.0 0.0 0.0 0.0 0.0 0.0 0.0 

0.0 0.0 0.0 0.0 0.0 0.0 0.0 0.0 
0.0 1.2727662426512985 1.1085723580887286 0.6188680848965058 0.31904295218411166 0.0 0.2993781415244439 0.0 
0.0 0.7564945435575772 1.0493247692992678 0.6687232615160934 1.1491279996945865 0.847404677127848 0.14361598368438155 0.0 
0.0 0.4105033439876221 0.9941293102103702 0.4891392846704187 1.0941908210358122 0.7268454747432043 0.1647119147219395 0.0 
0.0 0.47637012872518786 0.7168758620553493 0.35038744732224614 0.8078280182035651 0.38197527609365667 0.0 0.0 
0.0 0.47637012872518786 0.22601712466129975 0.0 0.8078280182035651 0.4152241071421085 0.0 0.0 
0.0 0.49779575370940987 0.22601712466129975 0.17256823257991724 0.17256823257991724 0.01932345896228887 0.009010638307394275 0.0 
0.0 0.0 0.0 0.0 0.0 0.0 0.0 0.0 

0.0 0.0 0.0 0.0 0.0 0.0 0.0 0.0 
0.0 1.5813390775427676 1.5813390775427676 2.4505617361311063 1.9220327439428015 1.8639087468795008 0.5003886156255865 0.0 
0.0 0.7720014994843757 1.0583289094947326 1.1553963258441606 1.44216734839788 1.870792937655042 1.870792937655042 0.0 
0.0 1.1874894253084336 1.1859411817130214 0.41269321675977577 1.099030076483288 1.870792937655042 1.870792937655042 0.0 
0.0 0.8686346661736463 0.8438340498269004 0.41716973632239995 0.9861519858470221 1.1570686034369833 1.0346404860401397 0.0 
0.0 0.7329656355646794 0.580231272647527 0.5077696808816505 0.9497615756223904 1.7200688012846115 1.7200688012846115 0.0 
0.0 0.5585993937745107 0.5585993937745107 0.39477414900196567 0.15230939921560482 0.8953815429348543 0.7870792749032006 0.0 
0.0 0.0 0.0 0.0 0.0 0.0 0.0 0.0 

0.0 0.0 0.0 0.0 0.0 0.0 0.0 0.0 
0.0 0.20332822143806842 0.20332822143806842 0.16417856825966554 0.24326832958071193 0.7176061749900317 0.7176061749900317 0.0 
0.0 0.3720959903217372 0.3720959903217372 0.16417856825966554 0.0 0.0 0.0 0.0 
0.0 0.1439397070657376 0.1439397070657376 0.10139791346104349 0.0 0.0 0.0 0.0 
0.0 0.0 0.0 0.0 0.0 0.0 0.0 0.0 
0.0 0.0 0.0 0.21127608341624965 0.0 0.0 0.0 0.0 
0.0 0.0 0.0 0.21127608341624965 0.0 0.0 0.0 0.0 
0.0 0.0 0.0 0.0 0.0 0.0 0.0 0.0 

0.0 0.0 0.0 0.0 0.0 0.0 0.0 0.0 
0.0 0.4104545541602064 0.3702557994580547 0.22060539515520533 0.06409739410026491 0.0 0.09691624154841352 0.0 
0.0 0.1229678710537642 0.22060539515520533 0.22060539515520533 0.0 0.7183656473030765 0.7183656473030765 0.0 
0.0 0.4032897159350886 0.0 0.0 0.11980142843494587 0.7183656473030765 0.7183656473030765 0.0 
0.0 0.2157227603562984 0.04947486075161471 0.30580242420213455 0.24979574198260895 0.24979574198260895 0.03690509289008969 0.0 
0.0 0.2776086645471751 0.23171539218235765 0.19036852819507136 0.24979574198260895 0.24979574198260895 0.07559660039917063 0.0 
0.0 0.40272186511011243 0.45167629360523653 0.33334269718770315 0.543817225668713 0.543817225668713 0.27295275525016255 0.0 
0.0 0.0 0.0 0.0 0.0 0.0 0.0 0.0 

0.0 0.0 0.0 0.0 0.0 0.0 0.0 0.0 
0.0 0.0 0.07199031419813617 0.0 0.0 0.0 0.0 0.0 
0.0 0.0 0.0 0.0 0.0 0.0 0.0 0.0 
0.0 0.0 0.0 0.0 0.0 0.0 0.0 0.0 
0.0 0.0 0.0 0.0 0.0 0.0 0.0 0.0 
0.0 0.013133832494788555 0.013133832494788555 0.0 0.0 0.0 0.0 0.0 
0.0 0.0 0.0 0.0 0.0 0.0 0.0 0.0 
0.0 0.0 0.0 0.0 0.0 0.0 0.0 0.0 

0.0 0.0 0.0 0.0 0.0 0.0 0.0 0.0 
0.0 0.0 0.0 0.0 0.0 0.0 0.0 0.0 
0.0 0.0 0.0 0.0 0.0 0.0 0.0 0.0 
0.0 0.0 0.0 0.0 0.0 0.0 0.0 0.0 
0.0 0.0 0.0 0.0 0.0 0.0 0.0 0.0 
0.0 0.0 0.0 0.0 0.0 0.0 0.0 0.0 
0.0 0.0 0.0 0.0 0.0 0.0 0.0 0.0 
0.0 0.0 0.0 0.0 0.0 0.0 0.0 0.0 

0.0 0.0 0.0 0.0 0.0 0.0 0.0 0.0 
0.0 0.0 0.0 0.0 0.0 0.0 0.0 0.0 
0.0 0.0 0.0 0.0 0.0 0.0 0.0 0.0 
0.0 0.0 0.0 0.0 0.0 0.0 0.0 0.0 
0.0 0.0 0.0 0.0 0.0 0.0 0.0 0.0 
0.0 0.0 0.0 0.0 0.0 0.0 0.0 0.0 
0.0 0.0 0.0 0.0 0.0 0.0 0.0 0.0 
0.0 0.0 0.0 0.0 0.0 0.0 0.0 0.0 

