0.0 0.0 0.0 0.0 0.0 0.0 0.0 0.0 
0.0 2.072643698762241 1.8515794081306094 2.040482868613654 2.040482868613654 2.0580276877616814 2.0580276877616814 0.0 
0.0 1.6830862377813962 1.6533160165339529 2.4485193386937083 2.4485193386937083 2.0580276877616814 2.0580276877616814 0.0 
0.0 1.8251754310675186 1.8251754310675186 2.4485193386937083 2.4485193386937083 1.3007054300002134 1.3299648220686755 0.0 
0.0 1.8251754310675186 1.8251754310675186 2.2257905598862107 3.017161635833204 1.4597308390433676 1.2027866166415688 0.0 
0.0 1.5447703965617965 1.564480589943488 1.9865918705914354 3.017161635833204 1.7187464788239586 1.2027866166415688 0.0 
0.0 2.0957298031996574 1.8011995914956818 1.8011995914956818 1.544429142017162 1.544429142017162 1.4133202453484435 0.0 
0.0 0.0 0.0 0.0 0.0 0.0 0.0 0.0 

0.0 0.0 0.0 0.0 0.0 0.0 0.0 0.0 
0.0 0.3201013873124129 0.4369319910145615 0.4369319910145615 0.17694555563479583 0.16724088215765953 0.24518532430280476 0.0 
0.0 0.23755965905269733 1.187958886414728 1.187958886414728 0.5911612141445756 0.5911612141445756 0.5674148827468242 0.0 
0.0 0.14826553307139517 0.9158433101381719 0.9158433101381719 0.41187176699257555 0.5104574639349577 0.5459372924104864 0.0 
0.0 0.385212164986113 0.5990757169586467 1.3111952740808783 0.41187176699257555 0.37054638184137545 0.41918190169249375 0.0 
0.0 0.3306650352125543 0.08176167657247749 0.6229208919958489 0.0 0.3639674603203847 0.45336700193321444 0.0 
0.0 0.0 0.0 0.0 0.4734311242241544 0.4734311242241544 0.470033981266272 0.0 
0.0 0.0 0.0 0.0 0.0 0.0 0.0 0.0 

0.0 0.0 0.0 0.0 0.0 0.0 0.0 0.0 
0.0 0.27796145904256797 0.0 0.5760887301592611 0.5760887301592611 0.0 0.011232516502027036 0.0 
0.0 0.12148033240258227 0.7607766294800307 0.8970901079517148 0.700892056248712 0.04577254197499729 0.011232516502027036 0.0 
0.0 0.12148033240258227 0.5186422804409512 0.5730300998377973 0.5244591838162318 0.09261320730527735 0.0 0.0 
0.0 0.0 0.06301724980061331 0.39163059429333363 0.4558998627755597 0.09261320730527735 0.2014309576058838 0.0 
0.0 0.3952217038768257 0.033621992783099575 0.31548113722211146 0.29633099652126266 0.14808208080907356 0.3524615189757075 0.0 
0.0 0.4577741421988817 0.0 0.22812452530369015 0.22812452530369015 0.2474622389158339 0.18453053992902932 0.0 
0.0 0.0 0.0 0.0 0.0 0.0 0.0 0.0 

0.0 0.0 0.0 0.0 0.0 0.0 0.0 0.0 
0.0 0.30135502306173034 0.3762403264223927 1.024440085013854 0.792152735564233 0.025782402820595796 0.20278109267568128 0.0 
0.0 0.2418029764752922 0.2418029764752922 1.0549270373692088 1.0549270373692088 0.24799809006776272 0.16973461552556598 0.0 
0.0 0.0 0.0 1.2154030264568765 1.2154030264568765 0.5337287480906765 0.5369712066334482 0.0 
0.0 0.0 0.0 0.659815690455023 0.659815690455023 0.07781371435031323 0.7456192683973624 0.0 
0.0 0.12528748310746324 0.0 0.2859965488806345 0.5582600635746866 0.2406696772204253 0.2702138193280601 0.0 
0.0 0.12528748310746324 0.0 0.2859965488806345 0.5582600635746866 0.3419597503687909 0.2702138193280601 0.0 
0.0 0.0 0.0 0.0 0.0 0.0 0.0 0.0 

0.0 0.0 0.0 0.0 0.0 0.0 0.0 0.0 
0.0 0.9957996972092612 1.1089462269234553 1.6579941189275376 1.2422803869519892 0.9939180142208153 1.0824777010020497 0.0 
0.0 1.4405778334185102 1.4405778334185102 1.380574555166614 1.380574555166614 1.0914651247234275 0.9696710152967298 0.0 
0.0 1.0604700887960548 0.7947983599179399 1.4020947181166652 1.8900279562619104 1.176206167079708 1.0408420851094806 0.0 
0.0 1.1306802363285973 0.7755259569388179 1.4241149666184387 1.8900279562619104 0.8521810727908489 1.2384530669998282 0.0 
0.0 1.3413459230231988 0.8522373161855441 1.1433881440211329 1.1433881440211329 0.7576930440744858 1.0684677507125198 0.0 
0.0 1.251232602744982 0.7290388466294441 1.1433881440211329 1.1433881440211329 0.9663930054897638 0.9943565858009288 0.0 
0.0 0.0 0.0 0.0 0.0 0.0 0.0 0.0 

0.0 0.0 0.0 0.0 0.0 0.0 0.0 0.0 
0.0 0.27499462549473846 0.0 0.07220054644772901 0.07220054644772901 0.30276425683816144 0.30276425683816144 0.0 
0.0 0.20194374152972136 0.20194374152972136 0.0 0.0 0.0 0.0 0.0 
0.0 0.20194374152972136 0.20194374152972136 0.442323172122781 0.442323172122781 0.0 0.0 0.0 
0.0 0.0 0.0 0.013510477194527068 0.053252350427360345 0.0 0.0 0.0 
0.0 0.08671674796197903 0.0 0.0 0.0 0.0 0.0 0.0 
0.0 0.08671674796197903 0.0 0.0 0.0 0.0 0.0 0.0 
0.0 0.0 0.0 0.0 0.0 0.0 0.0 0.0 

0.0 0.0 0.0 0.0 0.0 0.0 0.0 0.0 
0.0 1.0387024276668237 0.6061852311606252 0.0 0.7365886415555926 0.8517918814054265 0.6964282002673579 0.0 
0.0 0.6134413445536424 0.5312721574508104 0.0 0.2441133191066672 0.32432628011436027 0.32511246949180195 0.0 
0.0 0.6134413445536424 0.8150034082459905 0.0 0.23477725386354256 0.4598137328983366 0.3435991506712695 0.0 
0.0 0.292833480072702 0.8150034082459905 0.23869178568262145 0.34607630814864254 0.4598137328983366 0.3435991506712695 0.0 
0.0 0.4630986459307679 0.7370015966810561 0.7370015966810561 0.34607630814864254 0.34607630814864254 0.20543071327513218 0.0 
0.0 0.5975303715532795 0.7324561097385525 0.6198851962304843 0.23693540323263168 0.27420990317587596 0.277200371473894 0.0 
0.0 0.0 0.0 0.0 0.0 0.0 0.0 0.0 

0.0 0.0 0.0 0.0 0.0 0.0 0.0 0.0 
0.0 1.9314684103494932 2.2360178329379776 2.3571339214712594 2.145310467079806 1.7651068528175768 2.1937125092863647 0.0 
0.0 1.7827448018812027 1.917637943907401 2.024372190981534 2.007407831597841 1.979565200738638 2.0613332016402097 0.0 
0.0 1.7220788640903686 1.6164603677175704 2.9147012205409726 2.879181060274302 1.9527198518957463 2.073869845009249 0.0 
0.0 1.9942035205559485 1.8544672715713404 2.9147012205409726 2.879181060274302 1.9756402456293904 2.073869845009249 0.0 
0.0 1.8455512382507893 1.7513597351000592 1.6033267764790675 1.832240338373754 2.0986702744145664 1.9718835121389617 0.0 
0.0 1.7190376562911323 1.7190376562911323 1.6866565273150522 2.190121344551066 1.9722462180991673 1.9718835121389617 0.0 
0.0 0.0 0.0 0.0 0.0 0.0 0.0 0.0 

0.0 0.0 0.0 0.0 0.0 0.0 0.0 0.0 
0.0 0.0 0.0 0.0 0.0 0.0 0.0 0.0 
0.0 0.0 0.0 0.0 0.0 0.0 0.0 0.0 
0.0 0.0 0.0 0.0 0.0 0.0 0.0 0.0 
0.0 0.0 0.0 0.0 0.0 0.0 0.0 0.0 
0.0 0.0 0.0 0.0 0.0 0.0 0.0 0.0 
0.0 0.0 0.0 0.0 0.0 0.0 0.0 0.0 
0.0 0.0 0.0 0.0 0.0 0.0 0.0 0.0 

0.0 0.0 0.0 0.0 0.0 0.0 0.0 0.0 
0.0 0.5898204366043909 0.681473006866452 0.681473006866452 0.45100611641478405 0.4868370606900101 0.461101160245324 0.0 
0.0 0.4742248713480451 0.14894006483993522 0.07039245100367787 0.4705873140718704 0.5644778141789275 0.5644778141789275 0.0 
0.0 0.6153706690414222 0.034968843075407874 0.8580531198607507 0.8580531198607507 0.5644778141789275 0.5644778141789275 0.0 
0.0 0.47997531037924757 0.3272258226302169 0.5209441102791873 0.6129409677367703 0.2016331262887992 0.2016331262887992 0.0 
0.0 0.2462455914227233 0.2462455914227233 0.0 0.25382521355759674 0.3035786533395201 0.19154813933593495 0.0 
0.0 0.3417649740883463 0.16506535547695436 0.0 0.25382521355759674 0.3291193558924973 0.24201041239324 0.0 
0.0 0.0 0.0 0.0 0.0 0.0 0.0 0.0 

0.0 0.0 0.0 0.0 0.0 0.0 0.0 0.0 
0.0 0.8718388917562158 0.649438581039562 0.6745188849769173 0.663703272887644 0.8303929744405241 1.0499397307792708 0.0 
0.0 0.28455875776519424 0.2287079761405328 0.2287079761405328 0.6081379596013194 0.6942169491418527 0.49371438848995847 0.0 
0.0 0.28455875776519424 0.0 0.0 0.6081379596013194 0.6942169491418527 0.49371438848995847 0.0 
0.0 0.5466128901522155 0.0841255426230989 0.43569168480677267 0.43569168480677267 0.032201129025828314 0.4695902447204557 0.0 
0.0 0.6568950711699185 0.417563342793504 0.6180909344228454 0.6180909344228454 0.0 0.06033738700089101 0.0 
0.0 0.6568950711699185 0.417563342793504 0.0 0.0 0.011454136330774425 0.06033738700089101 0.0 
0.0 0.0 0.0 0.0 0.0 0.0 0.0 0.0 

0.0 0.0 0.0 0.0 0.0 0.0 0.0 0.0 
0.0 0.5131585754057945 2.341892934850783 2.341892934850783 1.0529662697774231 1.110272602005333 1.110272602005333 0.0 
0.0 0.5131585754057945 2.341892934850783 2.341892934850783 1.0529662697774231 1.110272602005333 1.110272602005333 0.0 
0.0 0.3417530303316058 2.1793695696807975 2.4927092597126603 1.3343354317604172 0.526193820494311 0.526193820494311 0.0 
0.0 0.4916380867080278 1.614816432627845 2.6450390896530585 1.558914093424898 0.20060473965241682 0.35026625009836354 0.0 
0.0 0.4155241789230222 0.9950414661558871 1.840404572994747 0.9459937511721758 0.3981322741355187 0.3297834608086311 0.0 
0.0 0.0 0.0 0.0 0.37021674011698724 0.3981322741355187 0.2943780119541979 0.0 
0.0 0.0 0.0 0.0 0.0 0.0 0.0 0.0 

0.0 0.0 0.0 0.0 0.0 0.0 0.0 0.0 
0.0 1.4634243972796772 1.4634243972796772 1.4576210299333519 0.9747261453912941 1.0161188070577094 0.7883509627546909 0.0 
0.0 1.4634243972796772 1.4634243972796772 0.7173426881429482 0.8605914771833716 0.8397054722559 0.6566624133487046 0.0 
0.0 1.0919021654806627 0.0 0.9673928415811768 1.079996323858002 0.8671327299562138 0.780097052264229 0.0 
0.0 0.9346313068377081 0.4947893926380129 0.10002564312925476 0.6409938363430835 0.6093693536408697 0.780097052264229 0.0 
0.0 2.036231800658026 0.76079351109264 0.9402848506007029 0.40574553359020016 0.40574553359020016 0.5087721225960904 0.0 
0.0 2.036231800658026 0.76079351109264 0.9402848506007029 0.40160323893853644 0.40160323893853644 0.5766365118248058 0.0 
0.0 0.0 0.0 0.0 0.0 0.0 0.0 0.0 

0.0 0.0 0.0 0.0 0.0 0.0 0.0 0.0 
0.0 1.2658449479894647 1.6861875951628171 1.2141084033273257 1.2141084033273257 1.550159312813439 1.550159312813439 0.0 
0.0 0.9397368802813755 1.691035945193872 0.28318591982355734 0.34671220911739253 0.0 0.4648093576894609 0.0 
0.0 0.9397368802813755 1.3315921110456654 0.27126214234895607 0.6105997375886807 0.9851054843931677 0.6901144520686638 0.0 
0.0 0.3381887760916892 0.7105101765672536 0.4061862566259032 0.8863241247949827 0.9851054843931677 0.6901144520686638 0.0 
0.0 1.34286310232991 1.723382502761921 1.723382502761921 1.3179753485017918 0.6172272483359912 0.2068132867867143 0.0 
0.0 1.5824443806835649 1.7011621915975281 1.749153685031085 1.749153685031085 0.23123172591610802 0.2068132867867143 0.0 
0.0 0.0 0.0 0.0 0.0 0.0 0.0 0.0 

0.0 0.0 0.0 0.0 0.0 0.0 0.0 0.0 
0.0 0.0 0.0 0.5568402823183976 0.5568402823183976 0.0 0.0 0.0 
0.0 0.0 0.0 0.9148812062752205 0.8980056304182794 0.0 0.0 0.0 
0.0 0.0 0.0 0.7055542034849784 0.7055542034849784 0.0 0.0 0.0 
0.0 0.0 0.0 1.044967330662059 1.044967330662059 0.0 0.0 0.0 
0.0 0.0 0.0 0.8598691394712905 0.8598691394712905 0.0 0.0 0.0 
0.0 0.0 0.0 0.0 0.0 0.0 0.0 0.0 
0.0 0.0 0.0 0.0 0.0 0.0 0.0 0.0 

0.0 0.0 0.0 0.0 0.0 0.0 0.0 0.0 
0.0 0.5765589865374395 0.5322568133119372 0.8694560454229807 0.8694560454229807 0.8069832327120089 0.9754207234468313 0.0 
0.0 0.44978353405868843 0.44978353405868843 0.34956128732932945 0.34956128732932945 0.4027378708328743 0.4689917552924299 0.0 
0.0 0.42168694336384605 0.48690013533896126 0.292146960602935 0.6937539815612908 0.46973551715334233 0.3154962419579186 0.0 
0.0 0.477821604357753 0.48690013533896126 0.10311686298109315 0.6937539815612908 0.7281295800551592 0.22886587051878893 0.0 
0.0 0.7767263450022394 0.7767263450022394 0.7629883853708108 0.8795532668078101 0.5492572589649035 0.16589685519424122 0.0 
0.0 0.7767263450022394 0.7767263450022394 0.7629883853708108 0.8795532668078101 0.21290695947343913 0.16589685519424122 0.0 
0.0 0.0 0.0 0.0 0.0 0.0 0.0 0.0 

0.0 0.0 0.0 0.0 0.0 0.0 0.0 0.0 
0.0 0.0 0.0 0.0 0.0 0.0 0.0 0.0 
0.0 0.0 0.0 0.0 0.0 0.0 0.0 0.0 
0.0 0.0 0.0 0.0 0.024173680419487198 0.0 0.0 0.0 
0.0 0.0 0.0 0.0 0.2872212456128451 0.0 0.0 0.0 
0.0 0.0 0.0 0.0 0.0 0.0 0.0 0.0 
0.0 0.0 0.0 0.0 0.0 0.0 0.0 0.0 
0.0 0.0 0.0 0.0 0.0 0.0 0.0 0.0 

0.0 0.0 0.0 0.0 0.0 0.0 0.0 0.0 
0.0 0.43458155722996994 0.9141112649063184 0.12599170619953873 0.12599170619953873 0.17506679672250486 0.17506679672250486 0.0 
0.0 0.6648925468464424 0.9327562672899748 0.46941555256280876 0.46941555256280876 0.17506679672250486 0.17506679672250486 0.0 
0.0 0.6589422424891201 1.1043323422546465 0.6279040172394711 0.6184731789143704 0.0 0.0 0.0 
0.0 0.07177321772494559 1.6735845362350574 1.6735845362350574 0.7401592906561046 0.48283147894695755 0.48283147894695755 0.0 
0.0 0.46648471821673265 1.6735845362350574 1.6735845362350574 0.6306340386018361 0.48283147894695755 0.48283147894695755 0.0 
0.0 0.6629051851537657 0.9464700017339237 0.9464700017339237 0.007106465953626298 0.2721081156597733 0.2672261618497709 0.0 
0.0 0.0 0.0 0.0 0.0 0.0 0.0 0.0 

0.0 0.0 0.0 0.0 0.0 0.0 0.0 0.0 
0.0 0.0 0.7234063769726649 0.7234063769726649 0.0 0.0 0.0 0.0 
0.0 0.0 0.7234063769726649 0.7234063769726649 0.0 0.0 0.0 0.0 
0.0 0.0 0.40431800694980363 1.130732529514288 0.2371409825741722 0.0 0.0 0.0 
0.0 0.0 0.7393132228552994 1.4307869082990385 0.2988265681143463 0.0 0.0 0.0 
0.0 0.0 0.5269466944388481 0.5269466944388481 0.07195539121118744 0.0 0.0 0.0 
0.0 0.0 0.0 0.0 0.0 0.0 0.0 0.0 
0.0 0.0 0.0 0.0 0.0 0.0 0.0 0.0 

0.0 0.0 0.0 0.0 0.0 0.0 0.0 0.0 
0.0 0.43167523112379697 1.3475481802588152 1.3475481802588152 0.10756570786069894 0.39777376257297203 0.14725149084502903 0.0 
0.0 0.5601533586380023 1.2403589038640732 1.1991393418183849 0.0 0.0 0.0 0.0 
0.0 0.5601533586380023 1.054753226208297 0.11216774240422867 0.0 0.0 0.0 0.0 
0.0 0.0 0.0 0.0 0.0 0.0 0.0 0.0 
0.0 0.24925962508204802 0.0 0.2361234266013344 0.2361234266013344 0.0 0.0 0.0 
0.0 1.3327577751774238 0.5398112098192207 1.307151060891294 0.8404561117802777 0.0 0.0 0.0 
0.0 0.0 0.0 0.0 0.0 0.0 0.0 0.0 

0.0 0.0 0.0 0.0 0.0 0.0 0.0 0.0 
0.0 0.0 0.0 0.0 0.0 0.0 0.0 0.0 
0.0 0.0 0.0 0.0 0.0 0.0 0.0 0.0 
0.0 0.0 0.0 0.0 0.0 0.0 0.0 0.0 
0.0 0.0 0.0 0.0 0.0 0.0 0.0 0.0 
0.0 0.0 0.0 0.0 0.0 0.0 0.0 0.0 
0.0 0.0 0.0 0.0 0.0 0.0 0.0 0.0 
0.0 0.0 0.0 0.0 0.0 0.0 0.0 0.0 

0.0 0.0 0.0 0.0 0.0 0.0 0.0 0.0 
0.0 0.0 0.7053659990957286 1.0590977685026413 0.059914870995941505 0.0 0.0 0.0 
0.0 0.0 0.7053659990957286 1.0590977685026413 0.020946443379710793 0.0 0.0 0.0 
0.0 0.0 0.13271326531747235 0.9215686688396256 0.9215686688396256 0.0 0.0 0.0 
0.0 0.0 0.0 0.9215686688396256 0.9215686688396256 0.0 0.0 0.0 
0.0 0.0 0.0 0.0 0.0 0.0 0.0 0.0 
0.0 0.1385241417090936 0.0 0.0 0.0 0.0 0.0 0.0 
0.0 0.0 0.0 0.0 0.0 0.0 0.0 0.0 

0.0 0.0 0.0 0.0 0.0 0.0 0.0 0.0 
0.0 0.9760025703201552 0.8236749068535942 1.114642095142491 1.114642095142491 0.7073411545064378 0.830850314623085 0.0 
0.0 0.9760025703201552 0.8236749068535942 0.906217911855325 0.906217911855325 0.6237150196623009 0.5000636939730122 0.0 
0.0 0.39903294107704146 0.3377344365444 1.349406818481359 1.349406818481359 0.6640815756127478 0.7320682924816196 0.0 
0.0 0.5847801536438471 0.3740013119739103 1.2020381020024113 1.2020381020024113 0.8519759157163092 0.7320682924816196 0.0 
0.0 0.540585450194261 0.3214335435226613 0.8164714340366469 1.2556926715281274 0.7044030842177592 0.5189953973878433 0.0 
0.0 0.45873027267632505 0.45873027267632505 0.8164714340366469 1.2556926715281274 0.560248014143455 0.5189953973878433 0.0 
0.0 0.0 0.0 0.0 0.0 0.0 0.0 0.0 

0.0 0.0 0.0 0.0 0.0 0.0 0.0 0.0 
0.0 0.0 0.412800575878194 0.8740368641618418 0.16530743108701484 0.0 0.0 0.0 
0.0 0.0 0.412800575878194 0.8740368641618418 0.16530743108701484 0.0 0.0 0.0 
0.0 0.0 0.0 0.5100832186626667 0.3041719766940313 0.0 0.0 0.0 
0.0 0.0 0.0 0.41997885539070007 0.3041719766940313 0.0 0.0 0.0 
0.0 0.0 0.0 0.0 0.0 0.0 0.0 0.0 
0.0 0.0 0.0 0.0 0.0 0.0 0.0 0.0 
0.0 0.0 0.0 0.0 0.0 0.0 0.0 0.0 

0.0 0.0 0.0 0.0 0.0 0.0 0.0 0.0 
0.0 1.2294072400685265 1.2294072400685265 0.2001657757020005 0.7046481370722825 0.7062418434274783 1.2440077637801508 0.0 
0.0 1.2294072400685265 1.2294072400685265 0.0 0.7393870768804973 0.6065599754503896 0.9271301907864912 0.0 
0.0 0.8252779112518889 0.5109720087129014 0.0 0.7393870768804973 0.6065599754503896 0.4903053057195697 0.0 
0.0 0.46354892776116696 0.3368359474548994 0.0 0.5974041457661644 0.5974041457661644 0.7999744786861991 0.0 
0.0 1.1290944964290714 0.3368359474548994 0.16281330813939981 0.5974041457661644 0.9006958772751587 0.5101136674537721 0.0 
0.0 1.1290944964290714 0.5958187916263646 0.6696495399652077 0.6696495399652077 0.54283746721732 0.5101136674537721 0.0 
0.0 0.0 0.0 0.0 0.0 0.0 0.0 0.0 

0.0 0.0 0.0 0.0 0.0 0.0 0.0 0.0 
0.0 0.8977068638318311 1.3642537185479031 1.3642537185479031 0.3680266114249392 0.533953248813015 0.34919764489222654 0.0 
0.0 0.9344622780776665 1.3642537185479031 1.598191000078768 0.7206182432209473 0.533953248813015 0.5111319832273346 0.0 
0.0 0.9523213044674602 1.1538948759826015 1.6622410885115997 1.6622410885115997 0.4560456210490332 0.4560456210490332 0.0 
0.0 0.8411754884199047 0.7298108402196282 2.350288613194439 2.350288613194439 0.32436272943002376 0.32436272943002376 0.0 
0.0 0.5728203446515994 0.7298108402196282 1.1206180563008625 1.1206180563008625 0.16106151995474163 0.15667307385577176 0.0 
0.0 0.9127955886342818 0.22158479647145746 0.1728871118219938 0.057418561335278326 0.6286747380663892 0.6286747380663892 0.0 
0.0 0.0 0.0 0.0 0.0 0.0 0.0 0.0 

0.0 0.0 0.0 0.0 0.0 0.0 0.0 0.0 
0.0 0.48268391552564 1.987581114913931 1.987581114913931 0.6471956778451639 0.19961976886084923 0.19961976886084923 0.0 
0.0 1.0930372608493835 1.987581114913931 1.987581114913931 0.6471956778451639 0.19961976886084923 0.19961976886084923 0.0 
0.0 1.0930372608493835 1.214273806225913 1.4151408183255556 1.4151408183255556 0.2226481577517856 0.0 0.0 
0.0 0.3690918357143531 0.5357280426144028 1.5846455060948208 1.5846455060948208 0.2226481577517856 0.16658763952794284 0.0 
0.0 0.3266107686231512 0.924428125075123 1.2102072522105742 0.5403687094723681 0.16658763952794284 0.16658763952794284 0.0 
0.0 0.42152515792824224 0.924428125075123 1.1178843845106174 0.26973118043617283 0.0 0.0 0.0 
0.0 0.0 0.0 0.0 0.0 0.0 0.0 0.0 

0.0 0.0 0.0 0.0 0.0 0.0 0.0 0.0 
0.0 0.0 0.0 0.0 0.0 0.0 0.0 0.0 
0.0 0.0 0.0 0.0 0.0 0.0 0.0 0.0 
0.0 0.0 0.0 0.21217279987153304 0.21217279987153304 0.0 0.0 0.0 
0.0 0.0 0.0 0.180918886283492 0.180918886283492 0.0 0.0 0.0 
0.0 0.0 0.0 0.0 0.653122849405136 0.0 0.0 0.0 
0.0 0.0 0.0 0.0 0.653122849405136 0.0 0.0 0.0 
0.0 0.0 0.0 0.0 0.0 0.0 0.0 0.0 

0.0 0.0 0.0 0.0 0.0 0.0 0.0 0.0 
0.0 0.42629465802429556 0.42629465802429556 0.0 0.1070703213557859 0.49532744091511316 0.49532744091511316 0.0 
0.0 0.42629465802429556 0.42629465802429556 0.0 0.06493428451285259 0.2556854652120534 0.2556854652120534 0.0 
0.0 0.2826140207669656 0.02518626720082625 0.0 0.02884405712676322 0.0614219611615798 0.06189469848502304 0.0 
0.0 0.08666198748975723 0.14971386668657083 0.0 0.22703598255931465 0.24472207149079317 0.24472207149079317 0.0 
0.0 0.24513020009642117 0.3273313246217703 0.3273313246217703 0.22703598255931465 0.22703598255931465 0.0 0.0 
0.0 0.24513020009642117 0.40070940346990774 0.40070940346990774 0.0854086163998761 0.0854086163998761 0.0 0.0 
0.0 0.0 0.0 0.0 0.0 0.0 0.0 0.0 

0.0 0.0 0.0 0.0 0.0 0.0 0.0 0.0 
0.0 0.0 0.0 0.0 0.0 0.14155884995266269 0.0 0.0 
0.0 0.0 0.0 0.0 0.0 0.0 0.0 0.0 
0.0 0.0 0.0 0.0 0.05673001307548589 0.0 0.0 0.0 
0.0 0.0 0.0 0.0 0.05673001307548589 0.0 0.0 0.0 
0.0 0.0 0.0 0.0 0.0 0.0 0.0 0.0 
0.0 0.1743475086783176 0.1743475086783176 0.0 0.0 0.0 0.0 0.0 
0.0 0.0 0.0 0.0 0.0 0.0 0.0 0.0 

0.0 0.0 0.0 0.0 0.0 0.0 0.0 0.0 
0.0 0.0 0.0 0.0 0.0 0.0 0.0 0.0 
0.0 0.0 0.0 0.0 0.0 0.0 0.0 0.0 
0.0 0.0 0.0 0.0 0.0 0.0 0.0 0.0 
0.0 0.0 0.0 0.0 0.0 0.0 0.0 0.0 
0.0 0.0 0.0 0.0 0.0 0.0 0.0 0.0 
0.0 0.0 0.0 0.0 0.0 0.0 0.0 0.0 
0.0 0.0 0.0 0.0 0.0 0.0 0.0 0.0 

0.0 0.0 0.0 0.0 0.0 0.0 0.0 0.0 
0.0 0.06182292283714211 0.0 0.0 0.0 0.0 0.0 0.0 
0.0 0.0 0.0 0.0 0.0 0.0 0.0 0.0 
0.0 0.0 0.0 0.0 0.0 0.0 0.0 0.0 
0.0 0.0 0.0 0.0 0.0 0.0 0.0 0.0 
0.0 0.0 0.0 0.0 0.0 0.0 0.0 0.0 
0.0 0.0 0.0 0.0 0.0 0.0 0.0 0.0 
0.0 0.0 0.0 0.0 0.0 0.0 0.0 0.0 

