1.0205465145531607 1.0285299593391357 1.5212861089246084 
0.915574169615547 0.8928775350351241 1.5212861089246084 
1.558852257703616 1.3836535793428077 1.740045263994408 

0.0 0.0 0.0 
0.0 0.0 0.0 
0.0 0.0 0.0 

2.101427623710735 1.8953513335207917 2.386070802157228 
2.1532212216218825 2.1532212216218825 2.6017162443720667 
2.1532212216218825 2.1532212216218825 2.1891202488400934 

0.1437568329103836 0.060431683898299005 0.003374068007676527 
0.028244350778491134 0.06538006055174803 0.08699775604221116 
0.028244350778491134 0.06538006055174803 0.05530027154535411 

0.15532260107459367 0.0 0.0 
0.3908555426304242 0.11058831700158903 0.0 
0.3908555426304242 0.0 0.0 

0.0 0.0 0.2495428726286471 
0.0 0.0 0.22827574270389267 
0.01827835849091877 0.0 0.16815389326610516 

0.0 0.0 0.0 
0.0 0.0 0.0 
0.0 0.0 0.0 

1.870276403204414 2.0194898107420074 1.802029861362834 
1.8073977121501117 2.00295912940361 1.7427852443857315 
1.74144070369661 1.5610209803097175 1.263725575192473 

2.0619890279820265 1.8746055078520159 2.0464542113116098 
1.2140165840818165 1.4821537286991382 1.9357593929042216 
1.0152304793779559 1.4821537286991382 1.4459939074484398 

1.8127051767759585 1.9265456935018823 1.8392507794912565 
1.9649332973396845 1.943765718248263 1.943765718248263 
2.8570809136702735 2.872099328511317 2.6083300194262447 

1.698767371716879 1.6508371772178716 1.3541048126044486 
1.6073207589529772 1.43468137062801 1.160529730031 
1.6073207589529772 1.43468137062801 1.160529730031 

2.0177349146072574 1.2698454735227136 1.1420460723844428 
2.232633831541338 1.7440204165307167 1.59589502721046 
2.232633831541338 1.659795387070312 1.445608330962832 

3.454355192137202 3.1531289197986245 3.1130416827020952 
3.562974392310061 3.5095057488048496 3.2695688215480554 
3.552282470702796 3.5095057488048496 3.2695688215480554 

0.06517945939865044 0.0 0.8490542213108255 
0.42461383968753863 0.42461383968753863 0.9749879983474341 
0.42461383968753863 0.42461383968753863 0.6958867073509045 

0.0 0.0 0.24505400810307915 
0.0 0.0 0.15822623682755585 
0.18055267675478992 0.0943477106649117 0.262150150323316 

0.0 0.0 0.0 
0.0 0.0 0.0 
0.0 0.0 0.0 

4.215143731753407 3.748212935927401 3.6702127172758248 
5.042694484282524 5.006089077671045 4.241800919392476 
5.042694484282524 5.006089077671045 4.241800919392476 

0.7229292188756028 0.7229292188756028 0.5473208906077849 
0.20186389133821447 0.743998751426086 0.5556915114525276 
0.513833921080673 0.9027044056682889 0.7165623286063111 

0.0 0.0 0.0 
0.0 0.0 0.0 
0.0 0.0 0.0 

0.32641881482016033 0.1871446581189538 0.5773080384798646 
0.0 0.0 0.26107799099209583 
0.9743654383551288 0.9743654383551288 0.6669546800106291 

