1.0015206505264727 1.3481622635840123 1.7084822469455054 
0.9596882876809374 1.0063194938475082 1.7084822469455054 
1.502259274231077 1.502259274231077 1.520630011779358 

0.0 0.0 0.0 
0.0 0.0 0.0 
0.0 0.0 0.0 

2.3554040540785195 2.4157343158770392 2.8262782396870167 
2.4434445421903237 2.4157343158770392 3.082462910196587 
2.121514218369015 1.3207379105720432 2.5906801420699 

0.35155244249406103 0.1481089553969234 0.09847398181026425 
0.11835688985375359 0.16245741346970036 0.16245741346970036 
0.05622122400358204 0.0 0.0 

0.29695755419721614 0.324455773764629 0.324455773764629 
0.17317959397261345 0.324455773764629 0.324455773764629 
0.0 0.0 0.0 

0.0 0.0 0.44240490739492977 
0.0 0.0 0.19342636204235011 
0.17990961146573892 0.0 0.10363879410989357 

0.0 0.0 0.0 
0.0 0.0 0.0 
0.0 0.0 0.0 

1.9836466033725877 1.6122306474019226 1.4748356873836084 
2.2132585616667657 1.7466011200781075 1.4702002942148034 
1.7443524274455386 1.7466011200781075 1.3591301088813805 

2.0104908374442974 2.042128469012528 2.108501349193042 
1.537000494615196 1.1713807599245667 2.170082100020115 
1.537000494615196 1.082303347539916 1.290641823594664 

2.3102325329168925 2.001448727316338 1.9859185014191434 
2.3102325329168925 2.255926554158073 1.9773024495381941 
2.9463657687227536 2.9522685972178144 2.573348581984689 

1.8394113717555975 1.8394113717555975 1.645905005009165 
1.8394113717555975 1.8394113717555975 1.262306669311635 
1.2281048535652213 1.3330602823501108 0.9956740414760263 

2.073166971235656 2.073166971235656 1.9246380988394418 
2.2203111368121324 2.128633129667316 1.9246380988394418 
1.544546894243581 1.544546894243581 1.010667916267818 

3.6885696877742187 3.8079741755973857 3.692592138960782 
3.6747766230157146 3.8079741755973857 3.692592138960782 
3.4404953032374013 3.5439271680721616 3.339851716317132 

0.0 0.09779904312962236 1.1126780679681518 
0.0 0.03864809806217109 1.1564168970274256 
0.0 0.0 0.8044155386523711 

0.23285838397108993 0.0 0.2500464822652838 
0.23285838397108993 0.0 0.12828573015292474 
0.6380161796155899 0.37106897009208706 0.37106897009208706 

0.0 0.0 0.0 
0.0 0.0 0.0 
0.0 0.0 0.0 

4.490055924073997 4.293942478215552 3.708187695144178 
4.582664572236342 5.058492890353554 5.04033396178549 
4.287919094813574 5.058492890353554 4.991940593965765 

0.6095941374185366 0.8416006653431779 0.8416006653431779 
0.6100623249138459 0.5192362993413596 0.008385502898443063 
0.708253679496835 0.6304614899494584 0.18051696548703103 

0.0 0.0 0.0 
0.0 0.0 0.0 
0.0 0.0 0.0 

0.0 0.284524819541227 0.6680854127611952 
0.4806779383449998 0.4806779383449998 0.6087728667795385 
0.9848048320384262 1.1339929102793425 1.1339929102793425 

