0.9938806200932033 0.9218014430444635 1.533221977133954 
0.9301176860835257 1.419862411815698 1.544591458319673 
1.5143482252888978 1.721996130944285 1.7900498549176374 

0.0 0.0 0.0 
0.0 0.0 0.0 
0.0 0.0 0.0 

1.886717779265788 1.9141835895730714 2.238392061781894 
2.7254640958603935 2.2122212635525034 2.5378975626991607 
2.7254640958603935 2.2122212635525034 2.5378975626991607 

0.14974772109261153 0.202496022366828 0.12805152913678255 
0.32183753005421417 0.22439637312532812 0.029596859646640473 
0.13449305671234438 0.19624808215748915 0.029596859646640473 

0.36096703142376024 0.4509106477498212 0.0 
0.36096703142376024 0.36736592136620255 0.0 
0.08004027492303856 0.29782221015372357 0.0 

0.030292001548463093 0.22220555853708512 0.09147935051353297 
0.030292001548463093 0.22220555853708512 0.31537951892093125 
0.10719066313152778 0.0 0.28825379233145676 

0.0 0.0 0.0 
0.0 0.0 0.0 
0.0 0.0 0.0 

1.6433316949382575 1.8680068235593337 1.8680068235593337 
1.6433316949382575 1.7031895029301922 1.69271895388742 
1.5080936313693338 1.5386690468696305 1.4344545300256741 

1.4689525945056836 2.3361645204925687 2.305735235367108 
1.4506897380512467 1.6746224960442528 2.0543775204472032 
1.3383581458455127 1.5399550556148836 2.0543775204472032 

2.0224861056526158 2.252142092687797 1.931576434220462 
2.0656743374101607 2.0935075620502888 1.945838733939307 
2.8522791976457755 2.5774174344633307 2.507689941469996 

1.6063676409091834 1.387035994563603 1.1146331108124872 
1.788668595024654 1.8105229824974465 1.3429946231261005 
1.7466721307177153 1.8105229824974465 1.3429946231261005 

2.058525632855894 1.9614136958457091 1.2076808636044196 
2.165528035091365 2.165528035091365 1.654814976187441 
2.165528035091365 2.165528035091365 1.654814976187441 

3.735515934379482 3.6473744851283687 3.0388988652200575 
3.6696368123478615 3.6473744851283687 3.313982118019694 
3.541103040775687 3.611805205366385 3.313982118019694 

0.3394221741654851 0.0 0.8518036586230318 
0.07045448903727347 0.0943694497142295 1.1183067447594852 
0.0 0.0943694497142295 1.1183067447594852 

0.0 0.0 0.3421710852973564 
0.11932283749403821 0.0 0.3421710852973564 
0.3130099615850024 0.0 0.2299688178663185 

0.0 0.0 0.0 
0.0 0.0 0.0 
0.0 0.0 0.0 

4.6026837571379104 4.6026837571379104 3.904585676969173 
5.235012746174799 4.39431176351374 3.7421079270585875 
4.9913920755452486 4.39431176351374 3.7421079270585875 

0.6253303583620815 0.640836019051493 0.49411527580891323 
0.7297520949790747 0.7297520949790747 0.3671467521209358 
0.8297237374203855 0.6572182489443256 0.5777612304656005 

0.0 0.0 0.0 
0.0 0.0 0.0 
0.0907846591125776 0.08482460726955227 0.0 

0.0 0.0 0.757977597688835 
0.04296034013997249 0.07700751504199041 0.2804266488497249 
0.9312652386886201 0.8591339081230346 0.825337430647599 

