0.1593147056374002 0.48325685345760794 0.45423229692382017 
0.9415606282760474 0.9319307600657736 1.0181222594237713 
1.5329904683053932 1.5806361471305466 1.5806361471305466 

0.0 0.0 0.0 
0.0 0.0 0.0 
0.0 0.0 0.0 

2.363266452444395 2.363266452444395 2.096212295815847 
2.363266452444395 2.363266452444395 2.158241800819423 
2.079914362465335 2.079914362465335 2.158241800819423 

0.2235063861752069 0.008610032953573848 0.0 
0.025345145412462924 0.0 0.0 
0.0 0.0 0.0 

0.0017253053535206675 0.226609245475912 0.0 
0.19020028372598335 0.226609245475912 0.0 
0.16217176781673803 0.0 0.0 

0.0 0.0 0.011409158992481863 
0.0 0.39418230314269975 0.39418230314269975 
0.07406759600783366 0.39418230314269975 0.39418230314269975 

0.0 0.0 0.0 
0.0 0.0 0.0 
0.0 0.0 0.0 

2.36165740501878 2.4582966442178242 2.4582966442178242 
2.046777521953775 2.050042039600636 1.902913912022859 
1.8523713753423017 1.8885941592427118 1.5384449884417661 

2.1338044244858354 2.1338044244858354 1.7727073975678453 
1.0309820179317475 1.921209987825558 1.921209987825558 
1.0237586574559072 1.921209987825558 1.921209987825558 

1.942287772759651 2.0679928376509364 1.6562463678937447 
2.0447652536999192 2.0447652536999192 1.6344395713948467 
2.7162114903627255 2.988323473470563 2.497650228091784 

0.8725602845084812 1.0341492645368155 0.9539726525350078 
1.5552385510094877 1.486260931615264 0.9539726525350078 
1.5552385510094877 1.486260931615264 1.0170748830921028 

1.627973050211767 1.512107649534522 1.1680928409230402 
2.0312424025450566 1.4443129069530825 0.7645693726618288 
2.0312424025450566 1.4443129069530825 0.29124609736125384 

3.716148632910527 2.9293105397126578 2.734294934838031 
3.5216278494381594 3.214804030844592 2.6266013554756222 
3.5047039224196737 3.214804030844592 2.5143310464613324 

0.33215388749274727 0.0 1.1142815993919464 
0.18958625559941278 0.24507655600009412 0.8486171870873741 
0.0 0.24507655600009412 0.6334733993186669 

0.0 0.0 0.39329615500848425 
0.052554114473312555 0.0 0.38577750525397525 
0.17465545254665107 0.17582499854125197 0.3471843288305 

0.0 0.0 0.0 
0.0 0.0 0.0 
0.0 0.0 0.0 

5.627798518199742 4.731740919694178 3.9256355164735206 
5.627798518199742 4.731740919694178 3.9256355164735206 
4.127350700513426 4.127350700513426 3.2057453581876727 

0.30446885828378606 0.8078325864642396 0.8078325864642396 
0.29270074831582105 0.5165937026483033 0.05336552932758456 
0.5296484509096159 0.6005336508359714 0.40424601856323733 

0.0 0.0 0.0 
0.0 0.0 0.0 
0.0 0.0 0.0 

0.0 0.15928159342174286 0.22943472764966066 
0.03668388242608976 0.2357867816998888 0.2357867816998888 
0.7824572712649769 1.138619927137511 1.138619927137511 

