0.9427945317173377 0.5587282684365285 1.1413939174436825 
1.044558375330479 0.8484171227057967 1.1765933461683606 
1.3893711591463078 1.6144043384663624 1.1177248565634126 

0.0 0.0 0.0 
0.0 0.0 0.0 
0.0 0.0 0.0 

2.2769674660685033 3.060963908089853 3.688993437703925 
2.824909619241055 2.223335381634564 2.93251677683461 
2.524238529413855 2.223335381634564 2.683373500817382 

0.34187615550484596 0.04609224578992592 0.15500257150180666 
0.34187615550484596 0.13291295503915107 0.09034308216173807 
0.14868707269958736 0.13291295503915107 0.09034308216173807 

1.0384486767076826 1.0384486767076826 0.536927542749074 
1.0384486767076826 1.0384486767076826 0.12102169824843309 
0.2157574852234128 0.17384115306578857 0.08365866330629565 

0.07827006750628974 0.07827006750628974 0.5350563734290457 
0.07827006750628974 0.07827006750628974 0.005822427456105034 
0.0 0.0 0.0 

0.0 0.0 0.0 
0.0 0.0 0.0 
0.0 0.0 0.0 

2.680827207771638 2.680827207771638 1.8104742880233324 
1.868277991915939 1.996139734366054 1.8104742880233324 
1.8628168185020657 1.8628168185020657 1.5902074459586684 

2.114211554678991 1.3373495580988637 2.920254774079454 
1.537393479601081 1.3228991383636517 1.5569728758549661 
1.3969006724901922 1.3228991383636517 1.5569728758549661 

2.9633817557777244 2.9633817557777244 2.0989070253683675 
2.3150735985357835 2.3150735985357835 2.0989070253683675 
3.095849468875517 3.095849468875517 2.9778302712420937 

1.7153471916053566 1.7153471916053566 1.0436922498116026 
1.7214900748484991 1.7214900748484991 1.11180143909834 
1.7214900748484991 1.7214900748484991 0.9136786122110725 

2.3282262107528875 2.3282262107528875 0.7089842083648003 
2.3282262107528875 2.3282262107528875 1.964871239773868 
2.2444055848927436 2.1961700725293793 1.964871239773868 

3.8279556719251926 3.8279556719251926 3.1380431926364056 
3.8279556719251926 3.8279556719251926 3.492098874803044 
3.7719858456124924 3.70176582887493 3.492098874803044 

0.10951099053930542 0.33013087594255275 1.281311585089729 
0.0 0.05732430925029977 1.1702904702283456 
0.0 0.05732430925029977 1.0783351431059327 

0.09280499513917835 0.0 0.0 
0.09280499513917835 0.0 0.0 
0.1796704351980999 0.0 0.3257279488447167 

0.0 0.0 0.0 
0.0 0.0 0.0 
0.0 0.0 0.0 

4.236238102049885 6.244552477923533 6.244552477923533 
4.861121915756692 5.3812889112216675 5.3812889112216675 
4.585396212655336 4.9137929515818835 4.897322565998692 

1.3500222345719743 1.3500222345719743 0.5037099643184749 
0.8870317386917891 0.7258086106167339 0.25091416991317095 
1.0616817425229035 1.0616817425229035 0.5382679466726068 

0.0 0.0 0.0 
0.0 0.0 0.0 
0.14289719825218777 0.14289719825218777 0.0 

0.04319674301659314 0.0 0.14103713480898622 
0.04319674301659314 0.0 0.0 
1.0105486636351801 1.3743434025552392 1.3743434025552392 

