0.0 0.0 0.0 0.0 0.0 0.0 0.0 0.0 
0.0 2.303957863219232 2.3204621438237987 1.8532919512468051 1.8532919512468051 1.6593287724782975 1.1759752047412417 0.0 
0.0 2.4154582662736677 1.8310991457637886 2.0142191022794296 2.2797445869554407 2.2797445869554407 0.9894836570211376 0.0 
0.0 2.4154582662736677 1.3883247968289665 1.6717732018236882 2.2797445869554407 2.2797445869554407 2.2348864936266586 0.0 
0.0 1.9257317570791972 1.9257317570791972 1.951010806034727 1.951010806034727 1.907413071271308 1.907413071271308 0.0 
0.0 1.5897435957975257 1.5897435957975257 1.951010806034727 1.951010806034727 1.2908899419324875 0.7009951467244542 0.0 
0.0 1.7945242288022283 2.0188154588530933 1.4442177238635103 1.4442177238635103 1.4646387510200267 1.0318970540126058 0.0 
0.0 0.0 0.0 0.0 0.0 0.0 0.0 0.0 

0.0 0.0 0.0 0.0 0.0 0.0 0.0 0.0 
0.0 0.47703245064457983 0.1943080656958277 0.0 0.0 0.39920616747093074 0.988033661693374 0.0 
0.0 0.0 0.0 0.0 0.0 0.20950174895826112 0.7901581462565027 0.0 
0.0 0.0 0.43309348993656527 0.43309348993656527 0.036069293644564765 0.1082487709199905 0.7901581462565027 0.0 
0.0 0.21093268300912502 0.43309348993656527 0.43309348993656527 0.0 0.754124949548616 1.232260931228447 0.0 
0.0 0.2145017936472629 0.0 0.0 0.0 0.754124949548616 1.232260931228447 0.0 
0.0 0.10851455485042749 0.057873458525444066 0.0 0.2600279540516436 0.694961462333827 0.694961462333827 0.0 
0.0 0.0 0.0 0.0 0.0 0.0 0.0 0.0 

0.0 0.0 0.0 0.0 0.0 0.0 0.0 0.0 
0.0 0.205579349984619 0.007605010648683158 0.044680544540439245 0.044680544540439245 0.1250167895337846 0.4634534910870417 0.0 
0.0 0.2939300140751713 0.0 0.3238170601289214 0.3238170601289214 0.6175546479371926 0.6175546479371926 0.0 
0.0 0.2134210240176131 0.2538740644083509 0.5025862779152666 0.5025862779152666 0.8781900567876337 0.8781900567876337 0.0 
0.0 0.1183289309560522 0.2538740644083509 0.4422437376874488 0.25098485447699626 0.8781900567876337 0.8781900567876337 0.0 
0.0 0.2484155564789176 0.8586182410030239 0.8586182410030239 0.5523706407219268 0.6300816690688684 0.6300816690688684 0.0 
0.0 0.2484155564789176 0.9147799608152467 0.9147799608152467 0.5523706407219268 0.6300816690688684 0.6300816690688684 0.0 
0.0 0.0 0.0 0.0 0.0 0.0 0.0 0.0 

0.0 0.0 0.0 0.0 0.0 0.0 0.0 0.0 
0.0 0.3653883564591779 0.4679478150002208 0.27784661932217325 0.0 1.0719784048611705 1.0719784048611705 0.0 
0.0 0.0 0.1298064736773201 0.1298064736773201 0.0 1.0719784048611705 1.9132860588234162 0.0 
0.0 0.0 0.0 0.34706018524270477 0.0 0.6459311041624629 1.9132860588234162 0.0 
0.0 0.0 0.0 0.13562409513265794 0.0 0.0 0.05983685395133685 0.0 
0.0 0.15724035888605764 0.6012127239692647 0.6012127239692647 0.11241383880812067 0.10058694829887344 0.05983685395133685 0.0 
0.0 0.15724035888605764 0.0 0.07827962859701229 0.11241383880812067 0.10058694829887344 0.0 0.0 
0.0 0.0 0.0 0.0 0.0 0.0 0.0 0.0 

0.0 0.0 0.0 0.0 0.0 0.0 0.0 0.0 
0.0 1.3304894323106435 1.0127367092095674 0.9087115867418649 0.8015075168839235 0.7933260078301394 1.232874770472905 0.0 
0.0 1.2444231815623505 0.7944358770797223 0.9680532142760032 0.9425838769040165 0.8344771217473524 1.232932912935856 0.0 
0.0 0.6732755914038746 0.5587528826329954 1.0504921190846475 0.9425838769040165 0.6005032951195004 1.3109969178519383 0.0 
0.0 0.862528810877269 0.7843215204404411 1.0504921190846475 0.7529133463945259 0.6453133125568573 1.1026524232473058 0.0 
0.0 1.4402009808987022 0.9461311211681055 1.3570317521322823 0.7664811792649562 0.7839084798893459 1.1481668667913236 0.0 
0.0 1.4402009808987022 0.9461311211681055 0.9461311211681055 0.7262189663051695 0.7839084798893459 1.1481668667913236 0.0 
0.0 0.0 0.0 0.0 0.0 0.0 0.0 0.0 

0.0 0.0 0.0 0.0 0.0 0.0 0.0 0.0 
0.0 0.08568533437054643 0.4235083949328767 0.4235083949328767 0.4205880118310447 0.29585965580269713 0.0 0.0 
0.0 0.0 0.0 0.0 0.0 0.0 0.5094463573258035 0.0 
0.0 0.0 0.0 0.0 0.0 0.0 0.5094463573258035 0.0 
0.0 0.0 0.0 0.0 0.0 0.0 0.0 0.0 
0.0 0.34826624135067424 0.0 0.0 0.0 0.0 0.0 0.0 
0.0 0.34826624135067424 0.0 0.0 0.0 0.0 0.0 0.0 
0.0 0.0 0.0 0.0 0.0 0.0 0.0 0.0 

0.0 0.0 0.0 0.0 0.0 0.0 0.0 0.0 
0.0 0.05493480131574309 0.7401111497605843 1.101336643731585 1.133058278309367 0.8081372684942968 0.34146230316742476 0.0 
0.0 0.4273583122859633 0.0 0.0 0.030190227674788794 0.0 0.0 0.0 
0.0 0.50025991121935 0.24685232108271615 0.0 0.16876204241060555 0.0 0.0 0.0 
0.0 0.5296009456056273 0.4474521188235264 0.0 0.0200823796977564 0.22650798957301202 0.22650798957301202 0.0 
0.0 0.5890638163604942 0.4261925355998354 0.0 0.07449604996236846 0.5583138427324925 0.5583138427324925 0.0 
0.0 0.4572778732846833 0.4572778732846833 0.4529734444324872 0.32816842914688993 0.5968522056188145 0.5968522056188145 0.0 
0.0 0.0 0.0 0.0 0.0 0.0 0.0 0.0 

0.0 0.0 0.0 0.0 0.0 0.0 0.0 0.0 
0.0 2.406463799285342 2.3140462082258466 2.08662402460912 1.889471234459612 2.472314336949616 2.5341977186040334 0.0 
0.0 1.6300948154488075 1.9292081111137935 2.08662402460912 1.7855227793986201 2.247882611476163 2.5379093184152164 0.0 
0.0 1.6300948154488075 2.0054354354000616 2.0054354354000616 1.7779440346696258 2.247882611476163 2.5379093184152164 0.0 
0.0 1.78382141290846 2.0054354354000616 2.0054354354000616 1.7779440346696258 1.5441862903898091 2.08246058558075 0.0 
0.0 1.78382141290846 1.321100290999282 1.500681918509459 1.7177205604055148 1.7370350080242336 1.8085802684278125 0.0 
0.0 1.9407521367918674 1.9407521367918674 2.0061729810387736 2.0061729810387736 1.8826138248622284 1.61857046610233 0.0 
0.0 0.0 0.0 0.0 0.0 0.0 0.0 0.0 

0.0 0.0 0.0 0.0 0.0 0.0 0.0 0.0 
0.0 0.0 0.0 0.0 0.0 0.0 0.0 0.0 
0.0 0.0 0.0 0.0 0.0 0.0 0.0 0.0 
0.0 0.0 0.0 0.0 0.0 0.0 0.0 0.0 
0.0 0.0 0.0 0.0 0.0 0.0 0.0 0.0 
0.0 0.005639441945723335 0.0 0.0 0.0 0.0 0.0 0.0 
0.0 0.005639441945723335 0.0 0.0 0.0 0.0 0.0 0.0 
0.0 0.0 0.0 0.0 0.0 0.0 0.0 0.0 

0.0 0.0 0.0 0.0 0.0 0.0 0.0 0.0 
0.0 0.27695416532196715 0.0 0.5323335652245147 0.5323335652245147 0.26618053653018625 0.10769657906643815 0.0 
0.0 0.4226115451325244 0.0 0.5323335652245147 0.5323335652245147 0.26618053653018625 0.0 0.0 
0.0 0.5642491764395661 0.0 0.19445477919505674 0.19445477919505674 0.0 0.0 0.0 
0.0 0.6248697583620378 0.0640953328190946 0.09604003512605716 0.09604003512605716 0.8178830803478734 0.8178830803478734 0.0 
0.0 0.6248697583620378 0.2948084967832212 0.0 0.0 0.8178830803478734 0.8178830803478734 0.0 
0.0 0.19796951085541908 0.08830033182489865 0.0 0.12151790082209434 0.2614935714369417 0.2614935714369417 0.0 
0.0 0.0 0.0 0.0 0.0 0.0 0.0 0.0 

0.0 0.0 0.0 0.0 0.0 0.0 0.0 0.0 
0.0 0.5846036374641054 1.0873098633193046 1.2041354357820282 1.2041354357820282 1.0894238991566347 0.754976096930597 0.0 
0.0 0.3036875716737986 0.0 0.0 0.0 0.0 0.754976096930597 0.0 
0.0 0.0 0.0 0.0 0.024012200730826692 0.0 0.277887438233779 0.0 
0.0 0.3325642780381799 0.2594419630097774 0.6316469603611949 0.0 0.0 0.983501111731352 0.0 
0.0 0.9068295656255961 0.2594419630097774 0.6316469603611949 0.0 0.0 0.983501111731352 0.0 
0.0 0.9068295656255961 0.0 0.0 0.0 0.0 0.7290237318411356 0.0 
0.0 0.0 0.0 0.0 0.0 0.0 0.0 0.0 

0.0 0.0 0.0 0.0 0.0 0.0 0.0 0.0 
0.0 1.9232948281014202 1.340768815167618 0.7477656439589115 0.7477656439589115 1.5444159399295534 2.230563575416893 0.0 
0.0 0.09298462263610868 0.9953757864527093 0.9953757864527093 0.4560800395899692 0.4679676910633554 1.1526846382706504 0.0 
0.0 0.4830278070112559 0.9953757864527093 0.9953757864527093 0.3246455194332013 1.1704071268679233 1.5414952744811912 0.0 
0.0 0.4830278070112559 0.9845922812010248 1.4953341187749896 0.4639767509655442 2.058938923925883 2.664710379498158 0.0 
0.0 0.3638134934411858 0.9845922812010248 1.4953341187749896 0.4639767509655442 1.7276669746404203 2.176680585484101 0.0 
0.0 0.0 0.0 0.0 0.011717184362376728 0.564145988545489 0.564145988545489 0.0 
0.0 0.0 0.0 0.0 0.0 0.0 0.0 0.0 

0.0 0.0 0.0 0.0 0.0 0.0 0.0 0.0 
0.0 1.5222767484270707 1.3965367364579018 1.311921928940152 1.311921928940152 1.0581640249701902 0.5718995717160434 0.0 
0.0 1.5222767484270707 0.10939278597727445 0.39921858976331936 1.048438244565559 1.0282024297648729 1.0282024297648729 0.0 
0.0 0.5297503469866449 0.7065887253118256 0.8501984528421871 0.5926543760019132 1.0282024297648729 1.0282024297648729 0.0 
0.0 0.9749582650418218 0.7065887253118256 0.7065887253118256 0.2647726398254006 0.5061802600277979 0.5061802600277979 0.0 
0.0 1.2822385361690496 1.688352495426701 1.688352495426701 0.2647726398254006 0.5061802600277979 0.5061802600277979 0.0 
0.0 1.2822385361690496 0.8229495199177858 0.0 0.22346027699638166 0.4714915719472327 0.33906251305399493 0.0 
0.0 0.0 0.0 0.0 0.0 0.0 0.0 0.0 

0.0 0.0 0.0 0.0 0.0 0.0 0.0 0.0 
0.0 1.4039648628397963 1.3211881680774253 1.912706772206689 2.279387967670256 2.279387967670256 1.215255811858029 0.0 
0.0 1.8721130797891175 1.273940564241537 1.0555469672795132 1.0555469672795132 1.7457173165309139 1.7220000354435891 0.0 
0.0 1.6022025161255848 1.8386830367322589 1.2299744319230443 1.2299744319230443 1.7457173165309139 1.1068761457995286 0.0 
0.0 0.8860034284025686 1.8386830367322589 0.7644739037268704 1.3184795851273907 1.3184795851273907 1.2111998783734725 0.0 
0.0 1.8031275459512726 1.8031275459512726 2.0826149634681492 1.3934547371294335 1.3184795851273907 1.1037695302662025 0.0 
0.0 1.3671583420160651 1.6286135907819819 2.0826149634681492 1.24114626037768 0.8866141898173774 0.8866141898173774 0.0 
0.0 0.0 0.0 0.0 0.0 0.0 0.0 0.0 

0.0 0.0 0.0 0.0 0.0 0.0 0.0 0.0 
0.0 0.20087404030987432 0.20087404030987432 0.0 0.0 0.0 0.0 0.0 
0.0 0.0 0.0 0.03455731676847491 0.03455731676847491 0.0 0.0 0.0 
0.0 0.0 0.0 0.1599782450162318 0.1599782450162318 0.0 0.0 0.0 
0.0 0.0 0.0 0.4133384117181488 0.4133384117181488 0.0 0.0 0.0 
0.0 0.0 0.0 0.4133384117181488 0.4133384117181488 0.0 0.0 0.0 
0.0 0.0 0.0 0.2886680741352644 0.2886680741352644 0.0 0.0 0.0 
0.0 0.0 0.0 0.0 0.0 0.0 0.0 0.0 

0.0 0.0 0.0 0.0 0.0 0.0 0.0 0.0 
0.0 0.7786189548160772 1.0643727055491088 1.185475181039522 1.1988812017040256 1.1988812017040256 0.22555422219617147 0.0 
0.0 0.44803428970285136 0.44803428970285136 0.4388173877971885 0.4388173877971885 0.45580871603196615 0.0 0.0 
0.0 0.616498237915664 0.616498237915664 0.31544586984694317 0.31544586984694317 0.0 0.0 0.0 
0.0 0.44238666514258473 0.44238666514258473 0.2317531554875629 0.27394746522534236 0.08662404313638723 0.0 0.0 
0.0 0.7021245086920719 0.7992380452722472 0.25842330173222755 0.25842330173222755 0.19670478128282398 0.0 0.0 
0.0 0.5280523730280807 0.5280523730280807 0.0 0.05861610974699301 0.032004755184819336 0.0 0.0 
0.0 0.0 0.0 0.0 0.0 0.0 0.0 0.0 

0.0 0.0 0.0 0.0 0.0 0.0 0.0 0.0 
0.0 0.0 0.0 0.0 0.0 0.0 0.0 0.0 
0.0 0.0 0.0 0.0 0.0 0.0 0.0 0.0 
0.0 0.0 0.0 0.0 0.0 0.0 0.0 0.0 
0.0 0.0 0.0 0.0 0.0 0.0 0.0 0.0 
0.0 0.0 0.0 0.0 0.0 0.0 0.0 0.0 
0.0 0.0 0.0 0.010276495692719892 0.010276495692719892 0.0 0.0 0.0 
0.0 0.0 0.0 0.0 0.0 0.0 0.0 0.0 

0.0 0.0 0.0 0.0 0.0 0.0 0.0 0.0 
0.0 0.9015331184003463 0.0 0.0 0.0 0.0 0.0 0.0 
0.0 0.7437391545999584 0.13793100187245205 0.7322455526858432 0.9906006501530554 0.4097938026489688 0.2250879705576193 0.0 
0.0 0.7573627464395094 0.23140198207777915 0.7322455526858432 0.9906006501530554 2.9905800510612264 2.9905800510612264 0.0 
0.0 0.7573627464395094 0.9478917760437737 0.9478917760437737 0.6924024656803139 3.680216968126884 3.680216968126884 0.0 
0.0 0.24876248363418113 0.9478917760437737 0.9478917760437737 0.6924024656803139 2.9256369375156326 2.9256369375156326 0.0 
0.0 0.6949730863944924 0.8869367065405236 0.7728900230159611 0.3240473848301475 1.80180973816111 1.80180973816111 0.0 
0.0 0.0 0.0 0.0 0.0 0.0 0.0 0.0 

0.0 0.0 0.0 0.0 0.0 0.0 0.0 0.0 
0.0 0.46352339862743375 0.0 0.0 0.0 0.5667198482801209 0.5667198482801209 0.0 
0.0 0.0 0.0 0.0 0.0 0.154921419409582 0.154921419409582 0.0 
0.0 0.0 0.0 0.0 0.0 1.5496112175765957 1.5496112175765957 0.0 
0.0 0.0 0.3310909986251027 0.3310909986251027 0.0 1.6035567261530066 1.6035567261530066 0.0 
0.0 0.0 0.0 0.0 0.0 1.1174544381154057 1.1174544381154057 0.0 
0.0 0.0 0.0 0.0 0.0 0.0 0.0 0.0 
0.0 0.0 0.0 0.0 0.0 0.0 0.0 0.0 

0.0 0.0 0.0 0.0 0.0 0.0 0.0 0.0 
0.0 0.8199411440815496 0.8396673837526549 0.8396673837526549 0.25955674564341896 0.955874914262579 0.955874914262579 0.0 
0.0 0.5490934978758071 0.3272875565262355 0.3237530181533907 0.41002551259737496 1.1662528204919194 1.1662528204919194 0.0 
0.0 0.5490934978758071 0.29686063511096106 0.10467702794490763 0.5658808574345621 0.8687485842010635 1.2126029860422152 0.0 
0.0 0.0 0.29686063511096106 0.28075023378222086 0.4736311477611005 0.8687485842010635 1.2126029860422152 0.0 
0.0 0.2834731264332696 1.668989894685415 1.8725707029215055 0.4736311477611005 0.4736311477611005 0.20322945447139112 0.0 
0.0 0.48181767851892926 1.7792551430325565 1.8725707029215055 0.30408153663860643 0.010809960099568585 0.01209480357233593 0.0 
0.0 0.0 0.0 0.0 0.0 0.0 0.0 0.0 

0.0 0.0 0.0 0.0 0.0 0.0 0.0 0.0 
0.0 0.0 0.0 0.0 0.0 0.0 0.0 0.0 
0.0 0.0 0.0 0.0 0.0 0.0 0.0 0.0 
0.0 0.0 0.0 0.0 0.0 0.0 0.0 0.0 
0.0 0.0 0.0 0.0 0.0 0.0 0.0 0.0 
0.0 0.0 0.0 0.0 0.0 0.0 0.0 0.0 
0.0 0.0 0.0 0.0 0.0 0.0 0.0 0.0 
0.0 0.0 0.0 0.0 0.0 0.0 0.0 0.0 

0.0 0.0 0.0 0.0 0.0 0.0 0.0 0.0 
0.0 0.2986238410768238 0.1821753841423044 0.1821753841423044 0.0 0.0 0.0 0.0 
0.0 0.0 0.1821753841423044 0.1821753841423044 0.2339916998139591 0.48041667851377284 0.5982378514809144 0.0 
0.0 0.0 0.0 0.2222922236453493 0.2339916998139591 0.7254306588399987 0.824532569134224 0.0 
0.0 0.0 0.1109482439031566 0.2871022427739117 0.2222922236453493 0.7254306588399987 0.824532569134224 0.0 
0.0 0.0 0.047598081635377404 0.16279939099299964 0.0 0.0 0.0 0.0 
0.0 0.0 0.19914221933308202 0.19914221933308202 0.0 0.0 0.0 0.0 
0.0 0.0 0.0 0.0 0.0 0.0 0.0 0.0 

0.0 0.0 0.0 0.0 0.0 0.0 0.0 0.0 
0.0 1.069430776275164 1.0782879635996006 0.9515856473551213 0.8919366354520558 1.069174359784312 0.7468448324860795 0.0 
0.0 0.8241099405620969 0.8241099405620969 0.914586063943031 0.8919366354520558 0.943246044494144 1.4022503772704806 0.0 
0.0 0.8241099405620969 0.8241099405620969 0.6586661844714347 0.6586661844714347 0.29353368330566343 1.4022503772704806 0.0 
0.0 0.5295834005959776 0.4220319996038664 0.6586661844714347 0.6586661844714347 0.5588515567270693 0.0 0.0 
0.0 0.86278954027739 0.7431912249539299 0.8712807794525993 0.8712807794525993 0.7884660106759932 0.0 0.0 
0.0 0.86278954027739 0.7431912249539299 0.8712807794525993 0.8712807794525993 0.5801394352009395 0.0 0.0 
0.0 0.0 0.0 0.0 0.0 0.0 0.0 0.0 

0.0 0.0 0.0 0.0 0.0 0.0 0.0 0.0 
0.0 0.0 0.0 0.0 0.0 0.180838672379106 0.180838672379106 0.0 
0.0 0.0 0.0 0.0 0.0 0.526753897789641 0.526753897789641 0.0 
0.0 0.0 0.0 0.0 0.0 0.6094564006224834 0.6094564006224834 0.0 
0.0 0.0 0.0 0.0 0.0 0.6094564006224834 0.6094564006224834 0.0 
0.0 0.0 0.0 0.0 0.0 0.387755519535472 0.387755519535472 0.0 
0.0 0.0 0.0 0.0 0.0 0.0 0.0 0.0 
0.0 0.0 0.0 0.0 0.0 0.0 0.0 0.0 

0.0 0.0 0.0 0.0 0.0 0.0 0.0 0.0 
0.0 0.5534557013893875 0.5681778986487884 0.9078949833506591 0.9873614735164719 0.9873614735164719 0.37295283114215694 0.0 
0.0 0.5534557013893875 0.0 0.04690244138295302 0.678610249273312 0.678610249273312 0.14607498068977515 0.0 
0.0 0.8430092993401915 0.6109289683116244 0.04690244138295302 0.0 0.0 0.0 0.0 
0.0 0.9364219012563292 0.6525377094035049 0.0 0.14323047186757748 0.17216634073305662 0.745646011918891 0.0 
0.0 1.0553273009260298 0.9215883935068563 0.0 0.7030899966970302 0.7958262721364647 0.745646011918891 0.0 
0.0 1.0553273009260298 0.9215883935068563 0.29221427796278815 0.6545487089686366 0.7104691788064978 0.5161378940534078 0.0 
0.0 0.0 0.0 0.0 0.0 0.0 0.0 0.0 

0.0 0.0 0.0 0.0 0.0 0.0 0.0 0.0 
0.0 1.0675932521439044 0.19091866400371357 0.0 0.49257198430478083 0.0 0.2052789890963108 0.0 
0.0 1.293897628208942 0.11055244057752676 0.46341227387843115 1.1642190272073545 1.0030339793997889 0.11635967065779942 0.0 
0.0 1.4199229061604168 0.6561647963638875 0.6561647963638875 1.1642190272073545 1.0030339793997889 1.0822501229879964 0.0 
0.0 0.8833036244344441 0.6561647963638875 0.8558864080116309 0.6339351826886293 1.0098277580850563 1.3477226388197476 0.0 
0.0 0.6469247551002482 0.6469247551002482 0.6339351826886293 0.6339351826886293 1.0098277580850563 1.073653746998921 0.0 
0.0 0.6469247551002482 0.6469247551002482 0.16913476850759884 0.2725100815895873 0.8037108840546112 0.8037108840546112 0.0 
0.0 0.0 0.0 0.0 0.0 0.0 0.0 0.0 

0.0 0.0 0.0 0.0 0.0 0.0 0.0 0.0 
0.0 1.6142434308681017 1.4235451259106524 1.205163285265278 1.2149014759061512 1.2149014759061512 0.764103541053216 0.0 
0.0 1.5174678560054287 1.5174678560054287 0.879044141009304 1.8426545051880805 1.8426545051880805 1.71343970153782 0.0 
0.0 0.8725149764249573 1.0198239852238267 1.1654052939401949 1.64884974650007 2.1812681273542194 2.0042412086554644 0.0 
0.0 0.6413343594007306 1.476013885894922 1.476013885894922 1.1654052939401949 1.8061319108538278 1.8061319108538278 0.0 
0.0 0.6622846946876416 1.869554829145396 1.869554829145396 0.7789157029405379 1.1085200169291198 1.1085200169291198 0.0 
0.0 0.5000155797595482 1.869554829145396 1.869554829145396 0.4571309365129955 0.5254414668776478 0.5254414668776478 0.0 
0.0 0.0 0.0 0.0 0.0 0.0 0.0 0.0 

0.0 0.0 0.0 0.0 0.0 0.0 0.0 0.0 
0.0 0.0 0.0 0.1157363600911312 0.0 0.8658699774723648 0.8658699774723648 0.0 
0.0 0.0 0.0 0.1157363600911312 0.0 0.8658699774723648 1.145730825667933 0.0 
0.0 0.0 0.0 0.0 0.0 0.0 1.145730825667933 0.0 
0.0 0.0 0.0 0.0 0.0 0.0 0.2610868488533089 0.0 
0.0 0.0013252680014102514 0.0 0.30662269136861975 0.30662269136861975 0.0 0.2610868488533089 0.0 
0.0 0.0013252680014102514 0.0 0.0 0.0 0.0 0.0 0.0 
0.0 0.0 0.0 0.0 0.0 0.0 0.0 0.0 

0.0 0.0 0.0 0.0 0.0 0.0 0.0 0.0 
0.0 0.04727930582144431 0.0 0.029128305086216513 0.19448630298371544 0.19448630298371544 0.0 0.0 
0.0 0.3062581319520216 0.0 0.0 0.12027779758302432 0.004972669240863106 0.0 0.0 
0.0 0.48822743746140523 0.14657401222712407 0.0 0.0 0.0 0.0 0.0 
0.0 0.29273537266555466 0.18435004719449288 0.0 0.0 0.18702887228789714 0.18702887228789714 0.0 
0.0 0.5701266091280037 0.5701266091280037 0.0 0.20060106089643223 0.18702887228789714 0.18702887228789714 0.0 
0.0 0.6073410582854668 0.6073410582854668 0.5519369620812417 0.5519369620812417 0.1335855507762914 0.1335855507762914 0.0 
0.0 0.0 0.0 0.0 0.0 0.0 0.0 0.0 

0.0 0.0 0.0 0.0 0.0 0.0 0.0 0.0 
0.0 0.20269340816781528 0.25104692679148227 0.457345212864389 0.457345212864389 0.1616378287881008 0.0 0.0 
0.0 0.22827493059929294 0.0 0.0 0.0 0.0 0.0 0.0 
0.0 0.22827493059929294 0.0 0.0 0.0 0.0 0.0 0.0 
0.0 0.0 0.0 0.0 0.0 0.0 0.0 0.0 
0.0 0.0 0.0 0.0 0.0 0.0 0.0 0.0 
0.0 0.0 0.0 0.0 0.0 0.0 0.0 0.0 
0.0 0.0 0.0 0.0 0.0 0.0 0.0 0.0 

0.0 0.0 0.0 0.0 0.0 0.0 0.0 0.0 
0.0 0.0 0.0 0.0 0.0 0.0 0.0 0.0 
0.0 0.0 0.0 0.0 0.0 0.0 0.0 0.0 
0.0 0.0 0.0 0.0 0.0 0.0 0.0 0.0 
0.0 0.0 0.0 0.0 0.0 0.0 0.0 0.0 
0.0 0.0 0.0 0.0 0.0 0.0 0.0 0.0 
0.0 0.0 0.0 0.0 0.0 0.0 0.0 0.0 
0.0 0.0 0.0 0.0 0.0 0.0 0.0 0.0 

0.0 0.0 0.0 0.0 0.0 0.0 0.0 0.0 
0.0 0.0 0.0 0.0 0.0 0.0 0.0 0.0 
0.0 0.0 0.0 0.0 0.0 0.0 0.0 0.0 
0.0 0.0 0.0 0.0 0.0 0.0 0.0 0.0 
0.0 0.0 0.0 0.0 0.0 0.0 0.0 0.0 
0.0 0.0 0.0 0.0 0.0 0.0 0.0 0.0 
0.0 0.0 0.0 0.0 0.0 0.0 0.0 0.0 
0.0 0.0 0.0 0.0 0.0 0.0 0.0 0.0 

