1.0280167197524614 1.3854923676619526 1.7640886309188997 
1.9899463816044063 1.8746132534328948 1.4756652085459305 
1.9899463816044063 1.8746132534328948 1.4756652085459305 

0.0 0.0 0.0 
0.0 0.0 0.0 
0.0 0.0 0.0 

3.9292234329789033 3.151416669489603 1.7233387581320747 
3.9292234329789033 3.151416669489603 2.524411547582195 
2.8164071648213027 2.8164071648213027 2.524411547582195 

0.2796674810203772 0.24599049176128568 0.05297896834815128 
0.24599049176128568 0.24599049176128568 0.1702948502918194 
0.20366130964820178 0.23931776307379615 0.1702948502918194 

0.8044637496170008 0.17601063878777531 0.0 
0.6724337448464822 0.17601063878777531 0.12508126102587488 
0.6724337448464822 0.12508126102587488 0.12508126102587488 

0.3051749220291368 0.3494328216584153 0.4968189596779475 
0.3051749220291368 0.3494328216584153 0.5828957545486305 
0.0 0.05707746787710905 0.5828957545486305 

0.0 0.0 0.0 
0.0 0.0 0.0 
0.0 0.0 0.0 

1.4226194090884516 1.428227759024085 1.428227759024085 
1.3662628594853614 1.4329951330363708 1.4329951330363708 
1.328109414085192 1.31718743735213 1.2465839216328183 

2.036771900347932 2.0690031173813885 2.0690031173813885 
1.9800397959015952 1.9800397959015952 2.29243931455174 
1.146155262459499 1.3807363617284083 2.29243931455174 

2.0800500810687184 2.0233002174673342 1.9609262313406894 
2.620835448263028 2.620835448263028 1.7952570435979527 
2.9761128285459337 2.7858570154962603 2.454886270027458 

2.0987442445471953 1.5746254343523949 1.1291884359557038 
2.0094577817212826 1.6784900622198602 1.4414141088848949 
1.8542729497454535 1.6784900622198602 1.4414141088848949 

2.9842016364969997 1.8977341772338632 1.4518750562000413 
3.0055165355504725 2.0239654255041235 1.6724854902723327 
3.0055165355504725 2.0239654255041235 1.6724854902723327 

4.454169143377415 3.8823360758537127 3.188664206317362 
4.4158667814099655 3.880024703914861 3.5052854971814864 
4.4158667814099655 3.880024703914861 3.5052854971814864 

1.0463673174349488 0.6753860124644359 0.33022583275796025 
1.0463673174349488 0.6753860124644359 0.8365243769222701 
0.20818242106087384 0.20818242106087384 0.8365243769222701 

0.0 0.0 0.20031619629914624 
0.002045990934228109 0.0 0.15086113706320214 
0.20587197221562964 0.0 0.235645809177504 

0.0 0.0 0.0 
0.0 0.0 0.0 
0.0 0.0 0.0 

6.115151780293926 4.84588555101485 3.540518549726669 
6.6512796758089205 5.789426783315719 3.848603024717596 
5.442536437767654 5.442536437767654 4.188393907307083 

1.0202961680938452 0.9805292200326918 0.6214040948552548 
0.9805292200326918 0.9805292200326918 0.5372345296839224 
0.9080067096520382 0.8659974402393384 0.594508572886867 

0.0 0.0 0.0 
0.0 0.0 0.0 
0.0 0.0 0.0 

0.3635560970552275 0.3635560970552275 0.2886087135430083 
0.637291013913647 0.3635560970552275 0.0 
0.8775117603304743 0.8775117603304743 0.6972349906185207 

