0 0 0 0 0 0 0 0 0 0 0 0 0 0 0 0 0 0 0 0 0 0 0 0 0 0 
0 1.8406823590725385 1.8129150891695949 1.7573805493637076 0.6744570231489031 -0.24186288364823913 -0.7972082817071132 -0.4084665030659014 0.38290068916799425 0.43843522897388165 -0.21409561374529543 -0.8527428215130006 -0.7000228370468102 0.6050388483915439 1.8684496289754822 1.340871500819552 -0.22797924869676728 1.340871500819552 1.1742678814018899 0.5217370386827127 1.896216898878426 1.8684496289754822 1.8684496289754822 1.8545659940240105 1.8684496289754822 0 
0 1.8545659940240105 1.8545659940240105 1.4658242153827987 -0.7139064719982822 -1.2276009652027406 -1.2414846001542126 -1.102648250639494 0.2440643396532757 0.591155213440072 -0.35293196326001397 -1.0471137108336066 -1.185950060348325 -0.6861392020953384 1.2853369610136647 0.8549442775180373 0.021926180429726053 0.591155213440072 0.8688279124695091 1.4519405804313268 1.9378678037328414 1.882333263926954 1.8684496289754822 1.8684496289754822 1.8684496289754822 0 
0 1.8406823590725385 1.882333263926954 1.063198801790115 -0.92216099627036 -1.0887646156880222 -1.2137173302512687 -1.1442991554939095 -0.7694410118041696 -0.4223501380173732 -0.3945828681144295 -1.019346440930663 -0.824975551610057 0.11911162509002902 0.8827115474209809 0.1607625299444446 1.0909660716930587 1.3825224056739676 1.3964060406254395 1.7851478192666512 1.8267987241210666 1.9101005338298978 1.8684496289754822 1.8545659940240105 1.8684496289754822 0 
0 1.8684496289754822 1.8684496289754822 0.7022242930518469 -0.9776955360762474 -1.1304155205424378 -1.185950060348325 -1.1304155205424378 -0.9638119011247754 -0.7833246467556414 0.03580981538119791 -0.13079380403646432 0.23018070470180385 0.9521297221783401 0.591155213440072 -0.3390483283085421 -0.15856107393940802 1.0076642619842275 1.896216898878426 1.896216898878426 1.2992205959651364 1.8684496289754822 1.8684496289754822 1.8267987241210666 1.8545659940240105 0 
0 1.8406823590725385 1.882333263926954 0.5772715784886001 -1.102648250639494 -1.1442991554939095 -1.1581827904453814 -1.1304155205424378 -1.019346440930663 -0.8388591865615288 -0.24186288364823913 0.41066795907093795 0.7438751979062623 0.9104788173239247 0.5772715784886001 -0.0197247244246895 -0.7416737419012258 0.216297069750332 1.5768932949945735 1.7712641843151795 1.6463114697519328 1.8545659940240105 1.8684496289754822 1.8684496289754822 1.8267987241210666 0 
0 1.882333263926954 1.9239841687813697 0.9660133571298121 -0.824975551610057 -1.1581827904453814 -1.0887646156880222 -1.102648250639494 -1.1165318855909658 -1.005462805979191 -0.6861392020953384 -0.4223501380173732 0.8965951823724527 1.0354315318871712 0.7438751979062623 0.10522799013855717 -0.6444882972409228 0.25794797460474755 1.0076642619842275 1.4658242153827987 1.6740787396548764 1.8406823590725385 1.8267987241210666 1.882333263926954 1.8406823590725385 0 
0 1.8684496289754822 1.882333263926954 1.8129150891695949 1.1326169765474743 -0.6583719321923948 -1.1165318855909658 -1.102648250639494 -1.0748809807365503 -1.0887646156880222 -1.0332300758821347 -0.8388591865615288 0.6883406581003749 0.8688279124695091 0.46620249887682536 -0.22797924869676728 -0.908277361318888 -0.6028373923865074 -0.033608359376161356 1.3131042309166083 1.6740787396548764 1.8406823590725385 1.8684496289754822 1.882333263926954 1.8267987241210666 0 
0 1.8684496289754822 1.8545659940240105 1.8267987241210666 1.354755135771024 -0.6722555671438666 -1.0748809807365503 -1.1442991554939095 -1.1304155205424378 -1.0471137108336066 -1.1304155205424378 -0.727790106949754 0.6883406581003749 0.41066795907093795 0.1607625299444446 -0.17244470889087987 -0.29739742345412656 -0.26963015355118286 -0.9776955360762474 -0.13079380403646432 0.14687889499297271 1.0770824367415868 1.3686387707224958 1.7018460095578203 1.8684496289754822 0 
0 1.8545659940240105 1.8684496289754822 1.7712641843151795 0.6744570231489031 -1.0609973457850785 -1.0332300758821347 -1.1165318855909658 -1.1442991554939095 -1.005462805979191 -0.811091916658585 0.28571524450769126 0.7855261027606779 0.38290068916799425 0.11911162509002902 -0.10302653413352061 0.216297069750332 1.0909660716930587 -0.06137562927910506 -0.908277361318888 -0.4640010428717888 0.2440643396532757 0.34124978431357866 0.7022242930518469 1.1048497066445306 0 
0 1.7712641843151795 1.4519405804313268 1.160384246450418 -0.06137562927910506 -1.1304155205424378 -1.1442991554939095 -1.1442991554939095 -1.1442991554939095 -0.9499282661733036 0.591155213440072 1.5491260250916299 1.1187333415960024 0.5217370386827127 0.07746072023561347 -0.20021197879382358 0.1607625299444446 1.5630096600431016 1.4102896755769112 -0.08914289918204876 -0.08914289918204876 -0.11691016908499247 -0.24186288364823913 -0.4917683127747325 -0.6028373923865074 0 
0 1.160384246450418 0.14687889499297271 -0.47788467782326066 -1.102648250639494 -1.2137173302512687 -1.2137173302512687 -1.185950060348325 -1.1442991554939095 -0.08914289918204876 1.4658242153827987 1.6601951047034047 1.5074751202372143 0.9798969920812839 0.5772715784886001 0.03580981538119791 0.31348251441063496 1.438056945479855 1.8406823590725385 1.0215478969356995 -0.8805100914159444 -1.0748809807365503 -1.1720664253968534 -1.185950060348325 -1.2553682351056843 0 
0 0.008042545478254202 -0.6583719321923948 -0.3390483283085421 -0.7555573768526976 -1.1304155205424378 -1.1581827904453814 -1.199833695299797 -1.1442991554939095 0.46620249887682536 1.2992205959651364 1.5074751202372143 1.4519405804313268 1.2020351513048335 0.9243624522753965 0.5217370386827127 0.216297069750332 1.0076642619842275 1.521358755188686 1.6879623746063483 -0.4501174079203169 -0.9915791710277192 -0.7833246467556414 -0.6444882972409228 -0.5889537574350354 0 
0 -1.0471137108336066 -0.7694410118041696 0.7022242930518469 0.6050388483915439 -0.17244470889087987 -1.1165318855909658 -1.1720664253968534 -1.1304155205424378 0.1885297998473883 1.1187333415960024 1.0215478969356995 0.9521297221783401 1.0354315318871712 1.1187333415960024 0.9798969920812839 0.4800861338282972 0.7716424678092061 1.0909660716930587 1.354755135771024 -0.07525926423057691 -0.727790106949754 -0.18632834384235172 -0.07525926423057691 -0.255746518599711 0 
0 -0.3668155982114858 -0.47788467782326066 0.9243624522753965 0.8132933726636217 0.5772715784886001 -1.102648250639494 -1.185950060348325 -1.1720664253968534 -0.4640010428717888 0.5495043085856565 0.4245515940224098 0.36901705421652237 0.6328061182944875 1.0354315318871712 0.8827115474209809 0.6744570231489031 0.34124978431357866 0.8410606425665653 0.9937806270327557 0.021926180429726053 -0.7972082817071132 -0.04749199432763321 0.09134435518708532 -0.3390483283085421 0 
0 -0.4084665030659014 -0.26963015355118286 1.0076642619842275 0.5356206736341846 0.4523188639253535 -0.811091916658585 -0.9499282661733036 -1.0609973457850785 -0.7972082817071132 -0.255746518599711 -0.14467743898793617 -0.3668155982114858 -0.24186288364823913 0.10522799013855717 -0.07525926423057691 -0.11691016908499247 -0.7139064719982822 -0.24186288364823913 0.9243624522753965 0.8827115474209809 -0.533419217629148 -0.3945828681144295 -0.4501174079203169 -0.4223501380173732 0 
0 -1.0471137108336066 -0.4223501380173732 0.8688279124695091 0.4245515940224098 -0.033608359376161356 -0.5889537574350354 -0.6028373923865074 -0.8666264564644726 -0.9776955360762474 -0.7000228370468102 -0.4362337729688451 -0.6028373923865074 -0.7416737419012258 -0.824975551610057 -0.92216099627036 -0.8943937263674162 -1.1165318855909658 -0.5889537574350354 0.1885297998473883 0.1885297998473883 -0.7694410118041696 -0.7139064719982822 -0.4084665030659014 -0.32516469335707027 0 
0 -0.9499282661733036 -0.24186288364823913 0.591155213440072 0.1885297998473883 -0.4917683127747325 -0.54730285258062 -0.5750701224835636 -0.824975551610057 -1.005462805979191 -1.0332300758821347 -0.6167210273379792 -0.17244470889087987 -0.630604662289451 -1.005462805979191 -1.0748809807365503 -1.0887646156880222 -0.824975551610057 -0.7972082817071132 -0.4362337729688451 -0.5195355826776762 -1.1165318855909658 -0.9776955360762474 -0.32516469335707027 -0.14467743898793617 0 
0 -0.20021197879382358 0.25794797460474755 0.10522799013855717 -0.4917683127747325 -0.8527428215130006 -0.8943937263674162 -0.5611864875320918 -0.3668155982114858 -0.7416737419012258 -0.7416737419012258 -0.8388591865615288 -0.3112810584055984 -0.29739742345412656 -0.9499282661733036 -1.185950060348325 -1.1165318855909658 -0.6028373923865074 -0.54730285258062 -0.3806992331629577 -0.22797924869676728 -0.5195355826776762 -0.7694410118041696 -0.3806992331629577 -0.24186288364823913 0 
0 0.008042545478254202 -0.11691016908499247 -0.4223501380173732 -0.7694410118041696 -0.8527428215130006 -0.824975551610057 -0.811091916658585 -0.7694410118041696 -0.630604662289451 -0.5750701224835636 -0.92216099627036 -0.6861392020953384 -0.4084665030659014 -0.9360446312218318 -1.2414846001542126 -1.185950060348325 -1.0332300758821347 -0.8666264564644726 -0.6861392020953384 -0.4917683127747325 -0.4501174079203169 -0.4640010428717888 -0.3945828681144295 -0.811091916658585 0 
0 0.1885297998473883 -0.54730285258062 -0.7000228370468102 -0.3806992331629577 -0.5195355826776762 -0.727790106949754 -1.1304155205424378 -1.2137173302512687 -1.185950060348325 -1.1581827904453814 -1.0332300758821347 -0.9499282661733036 -0.824975551610057 -0.9499282661733036 -1.2137173302512687 -1.2276009652027406 -1.2553682351056843 -1.2414846001542126 -1.2414846001542126 -1.2414846001542126 -1.2137173302512687 -0.6167210273379792 -0.033608359376161356 -0.8943937263674162 0 
0 0.1885297998473883 -0.255746518599711 -0.14467743898793617 0.008042545478254202 -0.14467743898793617 -0.4084665030659014 -0.8666264564644726 -1.005462805979191 -0.8666264564644726 -1.0332300758821347 -0.9776955360762474 -1.005462805979191 -1.102648250639494 -1.0887646156880222 -1.2276009652027406 -1.2414846001542126 -1.0748809807365503 -1.0887646156880222 -0.9638119011247754 -0.5611864875320918 -0.6444882972409228 -0.32516469335707027 -0.4501174079203169 -0.20021197879382358 0 
0 0.41066795907093795 -0.2835137885026547 0.1885297998473883 0.39678432411946607 0.36901705421652237 0.17464616489591644 0.008042545478254202 0.03580981538119791 0.10522799013855717 -0.3806992331629577 -0.8527428215130006 -0.8388591865615288 -0.811091916658585 -1.1720664253968534 -1.185950060348325 -1.005462805979191 -0.15856107393940802 0.07746072023561347 0.31348251441063496 0.6605733881974313 0.4245515940224098 0.23018070470180385 -0.4223501380173732 0.5772715784886001 0 
0 -0.10302653413352061 -0.6167210273379792 0.39678432411946607 0.5633879435371283 0.591155213440072 0.3551334192650505 0.6189224833430157 0.7299915629547905 0.5217370386827127 0.4800861338282972 -0.5056519477262044 -0.3390483283085421 -0.5611864875320918 -1.1581827904453814 -1.0332300758821347 -0.6028373923865074 0.11911162509002902 0.2440643396532757 0.31348251441063496 0.13299526004150086 -0.4362337729688451 -0.7694410118041696 -0.5889537574350354 -0.15856107393940802 0 
0 -0.811091916658585 -1.019346440930663 -0.7972082817071132 -0.7694410118041696 -0.7139064719982822 -0.6444882972409228 -0.6444882972409228 -0.727790106949754 -0.5750701224835636 -0.6583719321923948 -0.8805100914159444 -0.07525926423057691 -0.7833246467556414 -1.0332300758821347 -0.8805100914159444 -0.727790106949754 -0.6028373923865074 -0.811091916658585 -0.8527428215130006 -0.8666264564644726 -1.0748809807365503 -1.2553682351056843 -1.199833695299797 -1.0332300758821347 0 
0 0 0 0 0 0 0 0 0 0 0 0 0 0 0 0 0 0 0 0 0 0 0 0 0 0 

0 0 0 0 0 0 0 0 0 0 0 0 0 0 0 0 0 0 0 0 0 0 0 0 0 0 
0 1.9378678037328414 1.9101005338298978 1.8545659940240105 0.8410606425665653 0.021926180429726053 -0.533419217629148 -0.3112810584055984 0.23018070470180385 0.1885297998473883 -0.3112810584055984 -0.7139064719982822 -0.5611864875320918 0.7161079280033187 1.9656350736357853 1.4241733105283831 -0.15856107393940802 1.3964060406254395 1.2159187862563055 0.5633879435371283 1.9517514386843133 1.9378678037328414 1.9517514386843133 1.9378678037328414 1.9378678037328414 0 
0 1.9239841687813697 1.896216898878426 1.521358755188686 -0.6722555671438666 -0.9499282661733036 -0.7694410118041696 -0.7833246467556414 0.13299526004150086 0.20241343479886015 -0.533419217629148 -0.824975551610057 -1.005462805979191 -0.6167210273379792 1.354755135771024 0.8965951823724527 0.03580981538119791 0.5633879435371283 0.8132933726636217 1.3964060406254395 1.9656350736357853 1.9656350736357853 1.9517514386843133 1.9517514386843133 1.9517514386843133 0 
0 1.9101005338298978 1.9378678037328414 1.1187333415960024 -0.8388591865615288 -0.811091916658585 -0.7833246467556414 -0.824975551610057 -0.7972082817071132 -0.6444882972409228 -0.5195355826776762 -0.8805100914159444 -0.7000228370468102 0.17464616489591644 0.9382460872268683 0.1885297998473883 1.0909660716930587 1.354755135771024 1.354755135771024 1.715729644509292 1.8684496289754822 1.993402343538729 1.9517514386843133 1.9378678037328414 1.9517514386843133 0 
0 1.9378678037328414 1.9239841687813697 0.7716424678092061 -0.824975551610057 -0.8388591865615288 -0.824975551610057 -0.8527428215130006 -0.8527428215130006 -0.811091916658585 -0.005841089473217651 -0.08914289918204876 0.25794797460474755 0.9660133571298121 0.6189224833430157 -0.3112810584055984 -0.14467743898793617 1.0076642619842275 1.8684496289754822 1.8684496289754822 1.340871500819552 1.9517514386843133 1.9517514386843133 1.9101005338298978 1.9378678037328414 0 
0 1.9101005338298978 1.9378678037328414 0.6466897532459595 -0.8805100914159444 -0.824975551610057 -0.8805100914159444 -0.8805100914159444 -0.7833246467556414 -0.6722555671438666 -0.20021197879382358 0.3551334192650505 0.7022242930518469 0.8827115474209809 0.5772715784886001 -0.005841089473217651 -0.7139064719982822 0.25794797460474755 1.6046605648975172 1.8129150891695949 1.715729644509292 1.9378678037328414 1.9517514386843133 1.9517514386843133 1.9101005338298978 0 
0 1.9517514386843133 1.9656350736357853 1.0493151668386431 -0.5750701224835636 -0.8666264564644726 -0.8666264564644726 -0.8527428215130006 -0.7972082817071132 -0.7416737419012258 -0.5889537574350354 -0.5056519477262044 0.7994097377121498 0.9937806270327557 0.7299915629547905 0.13299526004150086 -0.5889537574350354 0.34124978431357866 1.0909660716930587 1.535242390140158 1.7573805493637076 1.9239841687813697 1.9101005338298978 1.9656350736357853 1.9239841687813697 0 
0 1.979518708587257 1.979518708587257 1.9239841687813697 1.2714533260621927 -0.5056519477262044 -0.9499282661733036 -0.8805100914159444 -0.824975551610057 -0.8527428215130006 -0.8666264564644726 -0.7555573768526976 0.6189224833430157 0.7994097377121498 0.4800861338282972 -0.13079380403646432 -0.7833246467556414 -0.5056519477262044 0.008042545478254202 1.3269878658680803 1.7434969144122359 1.9517514386843133 1.9656350736357853 1.979518708587257 1.9239841687813697 0 
0 2.007285978490201 2.007285978490201 1.993402343538729 1.4797078503342707 -0.54730285258062 -0.8943937263674162 -0.908277361318888 -0.908277361318888 -0.8666264564644726 -0.9776955360762474 -0.6167210273379792 0.6605733881974313 0.3551334192650505 0.20241343479886015 -0.04749199432763321 -0.17244470889087987 -0.18632834384235172 -0.9360446312218318 -0.10302653413352061 0.28571524450769126 1.257569691110721 1.535242390140158 1.8545659940240105 2.007285978490201 0 
0 2.007285978490201 2.0489368833446164 1.9656350736357853 0.8410606425665653 -0.8805100914159444 -0.811091916658585 -0.8805100914159444 -0.92216099627036 -0.824975551610057 -0.7000228370468102 0.3273661493621068 0.7716424678092061 0.36901705421652237 0.1607625299444446 -0.0197247244246895 0.28571524450769126 1.146500611498946 -0.005841089473217651 -0.824975551610057 -0.255746518599711 0.4800861338282972 0.5633879435371283 0.8965951823724527 1.2714533260621927 0 
0 1.9517514386843133 1.6601951047034047 1.4102896755769112 0.17464616489591644 -0.8943937263674162 -0.8943937263674162 -0.8666264564644726 -0.92216099627036 -0.7833246467556414 0.6605733881974313 1.5491260250916299 1.1187333415960024 0.5356206736341846 0.10522799013855717 -0.17244470889087987 0.1607625299444446 1.5768932949945735 1.4797078503342707 0.03580981538119791 0.11911162509002902 0.11911162509002902 -0.033608359376161356 -0.2835137885026547 -0.4362337729688451 0 
0 1.4241733105283831 0.4523188639253535 -0.15856107393940802 -0.824975551610057 -0.9638119011247754 -0.92216099627036 -0.8943937263674162 -0.92216099627036 0.04969345033266976 1.4935914852857424 1.6185441998489891 1.5074751202372143 1.0076642619842275 0.5772715784886001 -0.005841089473217651 0.25794797460474755 1.4241733105283831 1.9101005338298978 1.160384246450418 -0.7139064719982822 -0.908277361318888 -1.019346440930663 -1.019346440930663 -1.102648250639494 0 
0 0.25794797460474755 -0.4223501380173732 -0.13079380403646432 -0.54730285258062 -0.92216099627036 -0.92216099627036 -0.9638119011247754 -0.9638119011247754 0.5633879435371283 1.3269878658680803 1.4658242153827987 1.438056945479855 1.2020351513048335 0.8827115474209809 0.4245515940224098 0.10522799013855717 0.9382460872268683 1.535242390140158 1.7712641843151795 -0.29739742345412656 -0.7833246467556414 -0.5195355826776762 -0.3390483283085421 -0.22797924869676728 0 
0 -0.824975551610057 -0.6444882972409228 0.7577588328577343 0.6883406581003749 -0.033608359376161356 -0.9499282661733036 -0.9915791710277192 -0.9638119011247754 0.28571524450769126 1.160384246450418 0.9937806270327557 0.9660133571298121 1.0354315318871712 1.0770824367415868 0.8965951823724527 0.38290068916799425 0.6883406581003749 1.063198801790115 1.3825224056739676 0.07746072023561347 -0.5056519477262044 0.11911162509002902 0.31348251441063496 0.23018070470180385 0 
0 -0.10302653413352061 -0.3390483283085421 0.9660133571298121 0.8688279124695091 0.6883406581003749 -0.9499282661733036 -1.019346440930663 -1.005462805979191 -0.3390483283085421 0.6050388483915439 0.43843522897388165 0.39678432411946607 0.6605733881974313 1.0493151668386431 0.8827115474209809 0.6744570231489031 0.34124978431357866 0.8688279124695091 1.0354315318871712 0.10522799013855717 -0.6861392020953384 0.13299526004150086 0.34124978431357866 -0.033608359376161356 0 
0 -0.14467743898793617 -0.13079380403646432 1.0493151668386431 0.5633879435371283 0.5078534037312409 -0.7000228370468102 -0.7972082817071132 -0.8943937263674162 -0.6444882972409228 -0.15856107393940802 -0.07525926423057691 -0.3112810584055984 -0.17244470889087987 0.216297069750332 0.04969345033266976 0.021926180429726053 -0.5889537574350354 -0.14467743898793617 0.9798969920812839 0.8965951823724527 -0.5056519477262044 -0.32516469335707027 -0.3112810584055984 -0.24186288364823913 0 
0 -0.7972082817071132 -0.29739742345412656 0.9104788173239247 0.4245515940224098 -0.0197247244246895 -0.5056519477262044 -0.4501174079203169 -0.7000228370468102 -0.811091916658585 -0.54730285258062 -0.3112810584055984 -0.5056519477262044 -0.6167210273379792 -0.6444882972409228 -0.7000228370468102 -0.6583719321923948 -0.92216099627036 -0.4362337729688451 0.28571524450769126 0.23018070470180385 -0.7139064719982822 -0.6167210273379792 -0.24186288364823913 -0.10302653413352061 0 
0 -0.727790106949754 -0.08914289918204876 0.6605733881974313 0.20241343479886015 -0.4640010428717888 -0.4640010428717888 -0.3945828681144295 -0.6028373923865074 -0.7694410118041696 -0.811091916658585 -0.4223501380173732 -0.033608359376161356 -0.47788467782326066 -0.7972082817071132 -0.811091916658585 -0.7972082817071132 -0.5611864875320918 -0.5611864875320918 -0.255746518599711 -0.3390483283085421 -0.9360446312218318 -0.7694410118041696 -0.033608359376161356 0.20241343479886015 0 
0 0.021926180429726053 0.4245515940224098 0.20241343479886015 -0.4362337729688451 -0.7694410118041696 -0.727790106949754 -0.29739742345412656 -0.033608359376161356 -0.3806992331629577 -0.3945828681144295 -0.533419217629148 -0.11691016908499247 -0.13079380403646432 -0.7555573768526976 -0.9776955360762474 -0.8388591865615288 -0.26963015355118286 -0.18632834384235172 0.008042545478254202 0.11911162509002902 -0.18632834384235172 -0.4640010428717888 -0.033608359376161356 0.13299526004150086 0 
0 0.20241343479886015 0.008042545478254202 -0.35293196326001397 -0.727790106949754 -0.7694410118041696 -0.6583719321923948 -0.54730285258062 -0.4501174079203169 -0.2835137885026547 -0.24186288364823913 -0.6167210273379792 -0.4640010428717888 -0.22797924869676728 -0.7694410118041696 -1.0887646156880222 -0.9776955360762474 -0.7972082817071132 -0.5750701224835636 -0.3806992331629577 -0.21409561374529543 -0.20021197879382358 -0.22797924869676728 -0.15856107393940802 -0.54730285258062 0 
0 0.3273661493621068 -0.4501174079203169 -0.6583719321923948 -0.3668155982114858 -0.4501174079203169 -0.5889537574350354 -0.908277361318888 -0.9499282661733036 -0.908277361318888 -0.92216099627036 -0.7972082817071132 -0.7139064719982822 -0.6167210273379792 -0.7694410118041696 -1.0748809807365503 -1.0887646156880222 -1.1165318855909658 -1.0748809807365503 -1.0748809807365503 -1.102648250639494 -1.102648250639494 -0.5195355826776762 0.06357708528414162 -0.7833246467556414 0 
0 0.28571524450769126 -0.20021197879382358 -0.13079380403646432 0.021926180429726053 -0.08914289918204876 -0.26963015355118286 -0.6583719321923948 -0.7555573768526976 -0.6028373923865074 -0.824975551610057 -0.7972082817071132 -0.7833246467556414 -0.8943937263674162 -0.92216099627036 -1.0748809807365503 -1.102648250639494 -0.9638119011247754 -0.9638119011247754 -0.8388591865615288 -0.4917683127747325 -0.6028373923865074 -0.29739742345412656 -0.4362337729688451 -0.15856107393940802 0 
0 0.5078534037312409 -0.24186288364823913 0.20241343479886015 0.4245515940224098 0.4523188639253535 0.3273661493621068 0.23018070470180385 0.2995988794591631 0.38290068916799425 -0.15856107393940802 -0.6722555671438666 -0.6167210273379792 -0.6028373923865074 -1.005462805979191 -1.0332300758821347 -0.8666264564644726 -0.033608359376161356 0.216297069750332 0.43843522897388165 0.7299915629547905 0.43843522897388165 0.23018070470180385 -0.4084665030659014 0.6189224833430157 0 
0 0.06357708528414162 -0.4917683127747325 0.5217370386827127 0.6605733881974313 0.6883406581003749 0.4800861338282972 0.7855261027606779 0.9243624522753965 0.7022242930518469 0.6605733881974313 -0.3390483283085421 -0.17244470889087987 -0.3945828681144295 -1.005462805979191 -0.908277361318888 -0.47788467782326066 0.216297069750332 0.3551334192650505 0.4245515940224098 0.23018070470180385 -0.35293196326001397 -0.7000228370468102 -0.5195355826776762 -0.06137562927910506 0 
0 -0.5611864875320918 -0.7833246467556414 -0.5611864875320918 -0.5750701224835636 -0.533419217629148 -0.47788467782326066 -0.4640010428717888 -0.54730285258062 -0.3945828681144295 -0.4917683127747325 -0.7139064719982822 0.04969345033266976 -0.6861392020953384 -0.92216099627036 -0.7555573768526976 -0.5750701224835636 -0.4362337729688451 -0.630604662289451 -0.6583719321923948 -0.6722555671438666 -0.8943937263674162 -1.0748809807365503 -1.0332300758821347 -0.8666264564644726 0 
0 0 0 0 0 0 0 0 0 0 0 0 0 0 0 0 0 0 0 0 0 0 0 0 0 0 

0 0 0 0 0 0 0 0 0 0 0 0 0 0 0 0 0 0 0 0 0 0 0 0 0 0 
0 2.07670415324756 2.007285978490201 1.9239841687813697 0.7994097377121498 -0.14467743898793617 -0.7416737419012258 -0.5056519477262044 0.04969345033266976 0.021926180429726053 -0.5195355826776762 -0.9915791710277192 -0.6722555671438666 0.7022242930518469 1.9378678037328414 1.3686387707224958 -0.22797924869676728 1.3269878658680803 1.160384246450418 0.5495043085856565 2.1044714231505037 2.173889597907863 2.187773232859335 2.173889597907863 2.173889597907863 0 
0 2.062820518296088 1.979518708587257 1.5491260250916299 -0.7416737419012258 -1.1442991554939095 -1.0471137108336066 -1.0332300758821347 0.008042545478254202 0.14687889499297271 -0.6444882972409228 -1.0887646156880222 -1.1304155205424378 -0.6583719321923948 1.257569691110721 0.7716424678092061 -0.08914289918204876 0.46620249887682536 0.7716424678092061 1.4102896755769112 2.1044714231505037 2.160005962956391 2.1461223280049193 2.1461223280049193 2.1461223280049193 0 
0 2.0489368833446164 2.0211696134416726 1.146500611498946 -0.908277361318888 -1.005462805979191 -1.0471137108336066 -1.0748809807365503 -0.9499282661733036 -0.7555573768526976 -0.6444882972409228 -1.1165318855909658 -0.8666264564644726 0.07746072023561347 0.7994097377121498 0.06357708528414162 1.0215478969356995 1.3825224056739676 1.4797078503342707 1.9101005338298978 2.062820518296088 2.187773232859335 2.1461223280049193 2.1322386930534476 2.1461223280049193 0 
0 2.07670415324756 2.007285978490201 0.7994097377121498 -0.9360446312218318 -1.0332300758821347 -1.0609973457850785 -1.0748809807365503 -1.0471137108336066 -0.9776955360762474 -0.17244470889087987 -0.3112810584055984 0.06357708528414162 0.7855261027606779 0.43843522897388165 -0.4640010428717888 -0.21409561374529543 1.063198801790115 2.062820518296088 2.1183550581019754 1.5768932949945735 2.1322386930534476 2.1461223280049193 2.1044714231505037 2.1322386930534476 0 
0 2.0350532483931443 2.007285978490201 0.6605733881974313 -1.005462805979191 -1.0471137108336066 -1.0748809807365503 -1.0887646156880222 -1.0332300758821347 -0.92216099627036 -0.4084665030659014 0.1607625299444446 0.49396976877976906 0.6605733881974313 0.34124978431357866 -0.22797924869676728 -0.8805100914159444 0.1885297998473883 1.6601951047034047 1.9239841687813697 1.896216898878426 2.1322386930534476 2.1461223280049193 2.1322386930534476 2.1044714231505037 0 
0 2.090587788199032 2.07670415324756 1.0770824367415868 -0.7000228370468102 -1.0609973457850785 -1.0471137108336066 -1.0609973457850785 -1.0609973457850785 -0.9915791710277192 -0.7972082817071132 -0.6722555671438666 0.6328061182944875 0.7716424678092061 0.46620249887682536 -0.15856107393940802 -0.824975551610057 0.1607625299444446 0.9937806270327557 1.5074751202372143 1.896216898878426 2.1322386930534476 2.1183550581019754 2.173889597907863 2.1322386930534476 0 
0 2.1044714231505037 2.1044714231505037 2.0211696134416726 1.2298024212077772 -0.630604662289451 -1.0748809807365503 -1.0332300758821347 -1.005462805979191 -1.0332300758821347 -1.0332300758821347 -0.908277361318888 0.5495043085856565 0.6605733881974313 0.1885297998473883 -0.4640010428717888 -1.005462805979191 -0.6028373923865074 -0.04749199432763321 1.257569691110721 1.8406823590725385 2.1183550581019754 2.160005962956391 2.173889597907863 2.1322386930534476 0 
0 2.0489368833446164 2.0211696134416726 1.993402343538729 1.3964060406254395 -0.6583719321923948 -1.019346440930663 -1.0748809807365503 -1.0609973457850785 -0.9915791710277192 -1.102648250639494 -0.7416737419012258 0.591155213440072 0.17464616489591644 -0.17244470889087987 -0.4640010428717888 -0.4362337729688451 -0.29739742345412656 -1.019346440930663 -0.24186288364823913 0.07746072023561347 1.0354315318871712 1.3825224056739676 1.7851478192666512 2.0350532483931443 0 
0 2.1183550581019754 2.090587788199032 1.9517514386843133 0.7161079280033187 -1.0471137108336066 -0.9915791710277192 -1.0471137108336066 -1.0748809807365503 -0.9499282661733036 -0.7833246467556414 0.2718316095562194 0.6744570231489031 0.11911162509002902 -0.26963015355118286 -0.47788467782326066 -0.033608359376161356 0.9798969920812839 -0.15856107393940802 -1.0471137108336066 -0.7416737419012258 -0.17244470889087987 0.021926180429726053 0.5217370386827127 1.0909660716930587 0 
0 2.0489368833446164 1.6601951047034047 1.2992205959651364 -0.0197247244246895 -1.1304155205424378 -1.1165318855909658 -1.0609973457850785 -1.0748809807365503 -0.8805100914159444 0.6466897532459595 1.5630096600431016 1.0493151668386431 0.2995988794591631 -0.29739742345412656 -0.6028373923865074 -0.10302653413352061 1.4519405804313268 1.340871500819552 -0.21409561374529543 -0.3806992331629577 -0.47788467782326066 -0.5195355826776762 -0.6861392020953384 -0.6861392020953384 0 
0 1.2020351513048335 0.07746072023561347 -0.6028373923865074 -1.1304155205424378 -1.2276009652027406 -1.185950060348325 -1.1165318855909658 -1.0748809807365503 -0.005841089473217651 1.5074751202372143 1.6740787396548764 1.4935914852857424 0.8271770076150935 0.25794797460474755 -0.32516469335707027 0.09134435518708532 1.3825224056739676 1.8267987241210666 1.0076642619842275 -0.8943937263674162 -1.1165318855909658 -1.185950060348325 -1.2276009652027406 -1.2553682351056843 0 
0 -0.06137562927910506 -0.824975551610057 -0.5611864875320918 -0.8527428215130006 -1.1720664253968534 -1.1581827904453814 -1.1442991554939095 -1.0887646156880222 0.46620249887682536 1.257569691110721 1.4241733105283831 1.438056945479855 1.1326169765474743 0.6744570231489031 0.1885297998473883 -0.07525926423057691 0.8410606425665653 1.4797078503342707 1.715729644509292 -0.4084665030659014 -1.019346440930663 -0.9499282661733036 -0.9499282661733036 -0.9638119011247754 0 
0 -1.0887646156880222 -0.8805100914159444 0.5495043085856565 0.4523188639253535 -0.255746518599711 -1.1304155205424378 -1.1442991554939095 -1.102648250639494 0.14687889499297271 0.9798969920812839 0.8132933726636217 0.8965951823724527 0.9798969920812839 0.9104788173239247 0.6466897532459595 0.13299526004150086 0.4800861338282972 0.9521297221783401 1.340871500819552 -0.15856107393940802 -0.9360446312218318 -0.630604662289451 -0.6861392020953384 -0.9360446312218318 0 
0 -0.54730285258062 -0.6167210273379792 0.8271770076150935 0.6605733881974313 0.43843522897388165 -1.1442991554939095 -1.185950060348325 -1.1581827904453814 -0.5195355826776762 0.41066795907093795 0.216297069750332 0.2718316095562194 0.5495043085856565 0.8410606425665653 0.6189224833430157 0.39678432411946607 0.11911162509002902 0.7022242930518469 0.9382460872268683 -0.10302653413352061 -0.9915791710277192 -0.3945828681144295 -0.35293196326001397 -0.7555573768526976 0 
0 -0.6444882972409228 -0.4362337729688451 0.8965951823724527 0.34124978431357866 0.25794797460474755 -0.908277361318888 -0.9776955360762474 -1.0748809807365503 -0.8527428215130006 -0.3945828681144295 -0.3390483283085421 -0.5195355826776762 -0.3668155982114858 -0.033608359376161356 -0.24186288364823913 -0.2835137885026547 -0.8527428215130006 -0.3806992331629577 0.8132933726636217 0.8132933726636217 -0.6167210273379792 -0.54730285258062 -0.6167210273379792 -0.54730285258062 0 
0 -1.1304155205424378 -0.5611864875320918 0.7022242930518469 0.14687889499297271 -0.2835137885026547 -0.7416737419012258 -0.6722555671438666 -0.8943937263674162 -1.0471137108336066 -0.824975551610057 -0.6167210273379792 -0.7833246467556414 -0.8943937263674162 -0.9360446312218318 -1.005462805979191 -0.9776955360762474 -1.199833695299797 -0.7000228370468102 0.04969345033266976 0.13299526004150086 -0.7972082817071132 -0.8388591865615288 -0.5750701224835636 -0.533419217629148 0 
0 -1.005462805979191 -0.4084665030659014 0.34124978431357866 -0.10302653413352061 -0.7416737419012258 -0.7000228370468102 -0.6444882972409228 -0.8666264564644726 -1.0748809807365503 -1.1581827904453814 -0.7972082817071132 -0.3668155982114858 -0.7694410118041696 -1.0887646156880222 -1.1165318855909658 -1.1304155205424378 -0.92216099627036 -0.9499282661733036 -0.6861392020953384 -0.727790106949754 -1.2553682351056843 -1.1581827904453814 -0.727790106949754 -0.6583719321923948 0 
0 -0.5195355826776762 -0.10302653413352061 -0.21409561374529543 -0.7000228370468102 -1.005462805979191 -0.9915791710277192 -0.630604662289451 -0.4223501380173732 -0.811091916658585 -0.8666264564644726 -0.9915791710277192 -0.47788467782326066 -0.4084665030659014 -0.9915791710277192 -1.199833695299797 -1.1442991554939095 -0.7555573768526976 -0.8388591865615288 -0.7833246467556414 -0.6583719321923948 -0.8388591865615288 -0.9776955360762474 -0.7555573768526976 -0.7694410118041696 0 
0 -0.32516469335707027 -0.4640010428717888 -0.7000228370468102 -0.9638119011247754 -0.9915791710277192 -0.92216099627036 -0.8805100914159444 -0.811091916658585 -0.6861392020953384 -0.6583719321923948 -1.0332300758821347 -0.8527428215130006 -0.54730285258062 -0.9638119011247754 -1.2276009652027406 -1.1442991554939095 -1.0748809807365503 -0.9776955360762474 -0.8666264564644726 -0.7139064719982822 -0.6444882972409228 -0.6028373923865074 -0.54730285258062 -1.0471137108336066 0 
0 -0.04749199432763321 -0.824975551610057 -0.9360446312218318 -0.6583719321923948 -0.7694410118041696 -0.8943937263674162 -1.185950060348325 -1.2276009652027406 -1.199833695299797 -1.1720664253968534 -1.0887646156880222 -1.102648250639494 -0.9638119011247754 -0.9915791710277192 -1.1720664253968534 -1.1304155205424378 -1.199833695299797 -1.2137173302512687 -1.2414846001542126 -1.2553682351056843 -1.2414846001542126 -0.6167210273379792 -0.04749199432763321 -0.9499282661733036 0 
0 -0.04749199432763321 -0.5750701224835636 -0.4640010428717888 -0.4223501380173732 -0.5889537574350354 -0.7555573768526976 -1.0609973457850785 -1.1304155205424378 -0.9360446312218318 -1.0748809807365503 -1.0332300758821347 -1.1581827904453814 -1.199833695299797 -1.1165318855909658 -1.185950060348325 -1.185950060348325 -1.1165318855909658 -1.1720664253968534 -1.1442991554939095 -0.8527428215130006 -0.8666264564644726 -0.47788467782326066 -0.5889537574350354 -0.4917683127747325 0 
0 0.13299526004150086 -0.6583719321923948 -0.21409561374529543 -0.18632834384235172 -0.24186288364823913 -0.3390483283085421 -0.3945828681144295 -0.24186288364823913 -0.08914289918204876 -0.533419217629148 -0.9915791710277192 -0.9499282661733036 -0.8805100914159444 -1.2137173302512687 -1.2276009652027406 -1.1304155205424378 -0.4223501380173732 -0.3390483283085421 -0.255746518599711 0.03580981538119791 -0.11691016908499247 -0.24186288364823913 -0.908277361318888 -0.08914289918204876 0 
0 -0.3390483283085421 -0.908277361318888 0.06357708528414162 0.13299526004150086 0.11911162509002902 -0.08914289918204876 0.20241343479886015 0.3551334192650505 0.1607625299444446 0.11911162509002902 -0.824975551610057 -0.5195355826776762 -0.6583719321923948 -1.2414846001542126 -1.185950060348325 -0.8666264564644726 -0.255746518599711 -0.22797924869676728 -0.20021197879382358 -0.3112810584055984 -0.7972082817071132 -1.0332300758821347 -0.9638119011247754 -0.6444882972409228 0 
0 -0.8388591865615288 -1.0748809807365503 -0.8805100914159444 -0.8805100914159444 -0.8666264564644726 -0.824975551610057 -0.811091916658585 -0.908277361318888 -0.7694410118041696 -0.8527428215130006 -1.0471137108336066 -0.21409561374529543 -0.8805100914159444 -1.1304155205424378 -1.0332300758821347 -0.908277361318888 -0.824975551610057 -1.0332300758821347 -1.0609973457850785 -0.9638119011247754 -1.1304155205424378 -1.2553682351056843 -1.2553682351056843 -1.1442991554939095 0 
0 0 0 0 0 0 0 0 0 0 0 0 0 0 0 0 0 0 0 0 0 0 0 0 0 0 

