0 0 0 0 0 0 0 0 0 0 0 0 0 0 0 0 0 0 0 0 0 0 0 0 0 0 
0 -1.3804547861697172 -1.5718062702226983 -1.533535973412102 -1.2847790441432267 -1.1891033021167363 -1.131697856900842 -1.0360221148743514 -1.0934275600902457 -1.131697856900842 -1.3995899345750153 -1.342184489359121 -1.361319637764419 -1.15083300530614 -1.0551572632796495 -1.1125627084955438 -1.0551572632796495 -0.9977518180637552 -0.5959137015524952 -1.15083300530614 -1.15083300530614 -1.15083300530614 -1.1699681537114381 -1.2273735989273324 -1.3804547861697172 0 
0 -1.2465087473326306 -1.4569953797909097 -1.3995899345750153 -1.2273735989273324 -1.2656438957379286 -1.1891033021167363 -1.0360221148743514 -1.1891033021167363 -1.3230493409538229 -1.361319637764419 -1.0742924116849477 -1.1699681537114381 -1.1125627084955438 -1.2082384505220343 -0.8255354824160724 -0.09839984301474478 -0.21321073344653335 -0.30888647547302384 -0.6915894435789858 -1.2082384505220343 -1.342184489359121 -1.361319637764419 -1.3995899345750153 -1.4761305281962076 0 
0 -1.2273735989273324 -1.4378602313856115 -1.342184489359121 -1.1699681537114381 -1.2465087473326306 -1.2656438957379286 -1.1891033021167363 -1.3995899345750153 -1.533535973412102 -1.15083300530614 -0.8829409276319667 -1.2273735989273324 -1.3230493409538229 -1.131697856900842 0.05468134422763998 0.7626818352236695 0.5713303511706885 0.24603282828062095 -0.15580528823063908 -1.131697856900842 -1.361319637764419 -1.4569953797909097 -1.4952656766015058 -1.4187250829803133 0 
0 -1.2465087473326306 -1.4569953797909097 -1.2465087473326306 -0.6724542951736876 -0.4619676627154086 -0.5002379595260048 -0.6341839983630915 -0.9977518180637552 -1.0742924116849477 -0.7872651856054762 -0.7681300372001781 -0.9977518180637552 -0.9786166696584572 -0.19407558504123526 0.7818169836289677 0.7052763900077752 0.3608437187124095 0.07381649263293807 -0.15580528823063908 -0.5959137015524952 -0.7489948887948801 -0.7681300372001781 -0.6724542951736876 -0.6150488499577934 0 
0 -0.7681300372001781 -0.7681300372001781 -0.4619676627154086 0.20776253147002474 0.265167976685919 0.09295164103823618 -0.002724100988254303 -0.002724100988254303 0.15035708625413047 0.24603282828062095 0.265167976685919 0.34170857030711144 0.3991140155230057 0.6861412416024771 0.8009521320342657 0.3799788671177076 0.3608437187124095 0.07381649263293807 0.07381649263293807 0.18862738306472665 0.13122193784883238 0.13122193784883238 0.15035708625413047 0.18862738306472665 0 
0 0.20776253147002474 0.4373843123336019 0.5330600543600924 0.4756546091441981 0.24603282828062095 0.22689767987532283 0.07381649263293807 0.15035708625413047 0.4182491639283038 0.6096006479812848 0.8009521320342657 0.8392224288448619 0.5330600543600924 0.6670060931971791 0.49478975754949617 0.16949223465942856 0.49478975754949617 0.34170857030711144 0.5904654995759867 0.9923036160872467 0.8774927256554581 0.9923036160872467 1.1836551001402276 1.26019569376142 0 
0 0.85835757725016 0.8774927256554581 0.6096006479812848 0.3799788671177076 0.18862738306472665 0.4182491639283038 0.3608437187124095 0.20776253147002474 0.22689767987532283 0.30343827349651525 0.3608437187124095 0.30343827349651525 0.30343827349651525 0.3225734219018133 0.30343827349651525 0.30343827349651525 0.22689767987532283 0.28430312509121713 1.0879793581137371 1.7768447007044685 1.5663580682461895 1.7003041070832763 1.853385294325661 1.872520442730959 0 
0 1.6237635134620838 1.0114387644925447 0.4756546091441981 0.30343827349651525 0.265167976685919 0.5521952027653905 0.4756546091441981 0.28430312509121713 0.24603282828062095 0.24603282828062095 0.20776253147002474 0.16949223465942856 0.20776253147002474 0.05468134422763998 0.24603282828062095 0.13122193784883238 -0.36629192068891814 -0.21321073344653335 0.8009521320342657 1.9490610363521514 1.872520442730959 1.8916555911362571 1.9107907395415553 1.9299258879468533 0 
0 0.85835757725016 0.6096006479812848 0.3225734219018133 0.265167976685919 0.3799788671177076 0.7052763900077752 0.5713303511706885 0.3225734219018133 0.24603282828062095 0.22689767987532283 0.30343827349651525 0.4182491639283038 0.265167976685919 0.05468134422763998 0.09295164103823618 -0.15580528823063908 -0.4428325143101105 -0.5959137015524952 0.3225734219018133 1.2027902485455257 1.049709061303141 1.1645199517349296 1.4898174746249973 1.5663580682461895 0 
0 -0.3854270690942162 0.28430312509121713 0.265167976685919 0.13122193784883238 0.3799788671177076 0.7052763900077752 0.4565194607389 0.265167976685919 0.16949223465942856 0.22689767987532283 0.49478975754949617 0.6670060931971791 0.3608437187124095 0.11208678944353427 -0.0218592493935524 -0.25148103025712953 -0.15580528823063908 0.16949223465942856 0.9540333192766505 0.7435466868183714 0.6096006479812848 0.5330600543600924 0.6861412416024771 0.8200872804395638 0 
0 0.05468134422763998 0.18862738306472665 -0.002724100988254303 -0.17494043663593717 0.09295164103823618 0.4756546091441981 0.20776253147002474 0.15035708625413047 0.13122193784883238 0.15035708625413047 0.3799788671177076 0.7435466868183714 0.34170857030711144 0.11208678944353427 -0.09839984301474478 -0.21321073344653335 -0.040994397798850495 0.8009521320342657 1.470682326219699 1.451547177814401 1.5089526230302952 1.2793308421667182 0.8966278740607562 0.6670060931971791 0 
0 0.3608437187124095 0.265167976685919 -0.36629192068891814 -0.5767785531471972 -0.7107245919842838 -0.27061617866242765 -0.002724100988254303 -0.040994397798850495 0.016411047417043793 0.03554619582234189 0.09295164103823618 0.4756546091441981 0.18862738306472665 0.016411047417043793 -0.11753499142004288 -0.15580528823063908 -0.30888647547302384 0.5330600543600924 1.451547177814401 1.5472229198408916 1.642898661867382 1.5854932166514877 1.5280877714355934 1.4132768810038048 0 
0 0.9731684676819485 0.6670060931971791 -0.5193731079313029 -0.7681300372001781 -1.0551572632796495 -0.9786166696584572 -0.23234588185183144 -0.30888647547302384 -0.19407558504123526 0.03554619582234189 0.03554619582234189 0.13122193784883238 -0.09839984301474478 -0.19407558504123526 -0.17494043663593717 -0.07926469460944668 -0.23234588185183144 0.5521952027653905 1.1836551001402276 1.2793308421667182 1.3750065841932086 1.470682326219699 1.5663580682461895 1.6237635134620838 0 
0 1.1836551001402276 0.8009521320342657 -0.3854270690942162 -0.6724542951736876 -1.131697856900842 -0.6724542951736876 0.49478975754949617 0.05468134422763998 -0.25148103025712953 -0.21321073344653335 -0.11753499142004288 0.07381649263293807 0.03554619582234189 -0.17494043663593717 -0.4811028111207067 -0.30888647547302384 -0.06012954620414859 0.4565194607389 0.9923036160872467 1.1071145065190353 1.1836551001402276 1.3176011389773143 1.451547177814401 1.5089526230302952 0 
0 1.1645199517349296 1.1071145065190353 0.20776253147002474 -0.32802162387832196 -1.0742924116849477 0.24603282828062095 1.432412029409103 1.4132768810038048 0.7818169836289677 -0.34715677228362 -0.34715677228362 -0.002724100988254303 0.3608437187124095 -0.06012954620414859 -0.7681300372001781 -0.3854270690942162 -0.07926469460944668 0.28430312509121713 1.0879793581137371 1.3750065841932086 1.3941417325985066 1.3750065841932086 1.4132768810038048 1.432412029409103 0 
0 1.2984659905720162 1.3941417325985066 0.8009521320342657 -0.3854270690942162 -0.9020760760372648 0.7052763900077752 1.470682326219699 1.5280877714355934 1.3176011389773143 0.016411047417043793 -0.21321073344653335 0.05468134422763998 0.016411047417043793 -0.2897513270677257 -0.7107245919842838 -0.0218592493935524 0.3799788671177076 0.6096006479812848 1.3367362873826123 1.5663580682461895 1.5854932166514877 1.470682326219699 1.4898174746249973 1.4898174746249973 0 
0 1.2410605453561219 1.3558714357879105 0.8966278740607562 -0.6533191467683895 -0.6915894435789858 1.1645199517349296 1.5089526230302952 1.5089526230302952 1.2984659905720162 0.13122193784883238 -0.19407558504123526 -0.06012954620414859 -0.2897513270677257 -0.4045622174995143 -0.3854270690942162 0.30343827349651525 0.22689767987532283 0.5904654995759867 1.451547177814401 1.5663580682461895 1.5472229198408916 1.451547177814401 1.451547177814401 1.451547177814401 0 
0 1.2984659905720162 1.3750065841932086 0.8200872804395638 -0.6150488499577934 -0.32802162387832196 1.2984659905720162 1.26019569376142 1.2793308421667182 1.0305739128978428 0.28430312509121713 0.016411047417043793 0.20776253147002474 -0.07926469460944668 -0.34715677228362 -0.17494043663593717 0.265167976685919 -0.17494043663593717 0.6478709447918809 1.5089526230302952 1.5089526230302952 1.5663580682461895 1.5089526230302952 1.5280877714355934 1.5089526230302952 0 
0 1.26019569376142 1.221925396950824 0.7052763900077752 -0.5385082563366009 0.07381649263293807 1.1071145065190353 0.9540333192766505 0.9923036160872467 0.7818169836289677 0.5713303511706885 0.3608437187124095 0.30343827349651525 0.07381649263293807 -0.21321073344653335 -0.040994397798850495 0.22689767987532283 -0.23234588185183144 0.6670060931971791 1.4898174746249973 1.4898174746249973 1.5472229198408916 1.5472229198408916 1.6046283650567856 1.681168958677978 0 
0 1.1262496549243333 1.1645199517349296 0.9923036160872467 -0.27061617866242765 0.5330600543600924 1.2793308421667182 1.1645199517349296 1.2984659905720162 1.1262496549243333 0.5330600543600924 0.3225734219018133 0.18862738306472665 -0.002724100988254303 -0.4811028111207067 -0.30888647547302384 0.15035708625413047 -0.07926469460944668 0.4373843123336019 1.2027902485455257 1.3558714357879105 1.470682326219699 1.4898174746249973 1.5280877714355934 1.6046283650567856 0 
0 1.2793308421667182 1.2984659905720162 1.432412029409103 0.30343827349651525 0.7052763900077752 1.5472229198408916 1.3750065841932086 1.5089526230302952 1.3367362873826123 0.24603282828062095 -0.0218592493935524 0.18862738306472665 -0.11753499142004288 -0.7681300372001781 -0.4045622174995143 0.13122193784883238 -0.13667013982534099 0.28430312509121713 1.068844209708439 1.1836551001402276 1.3941417325985066 1.4132768810038048 1.432412029409103 1.432412029409103 0 
0 1.2984659905720162 1.3176011389773143 1.4898174746249973 0.5713303511706885 0.5521952027653905 1.5472229198408916 1.4132768810038048 1.5280877714355934 1.3367362873826123 0.3225734219018133 -0.07926469460944668 -0.32802162387832196 -0.27061617866242765 -0.5385082563366009 -0.040994397798850495 0.3225734219018133 -0.4236973659048124 -0.002724100988254303 1.0879793581137371 0.7244115384130734 1.0879793581137371 1.2793308421667182 1.3176011389773143 1.3176011389773143 0 
0 0.85835757725016 0.6096006479812848 0.8200872804395638 0.4182491639283038 0.15035708625413047 1.0305739128978428 0.8200872804395638 0.9540333192766505 1.1262496549243333 0.4565194607389 0.03554619582234189 -0.34715677228362 -0.11753499142004288 -0.27061617866242765 -0.040994397798850495 0.09295164103823618 -0.5767785531471972 -0.4428325143101105 0.4756546091441981 0.22689767987532283 0.4373843123336019 0.4756546091441981 0.49478975754949617 0.6096006479812848 0 
0 0.03554619582234189 -0.25148103025712953 -0.19407558504123526 -0.13667013982534099 -0.4811028111207067 -0.11753499142004288 -0.23234588185183144 -0.11753499142004288 0.24603282828062095 0.265167976685919 0.18862738306472665 -0.36629192068891814 -0.09839984301474478 -0.11753499142004288 -0.19407558504123526 -0.13667013982534099 -0.6915894435789858 -0.7872651856054762 -0.2897513270677257 0.016411047417043793 -0.11753499142004288 -0.3854270690942162 -0.32802162387832196 -0.23234588185183144 0 
0 0 0 0 0 0 0 0 0 0 0 0 0 0 0 0 0 0 0 0 0 0 0 0 0 0 

0 0 0 0 0 0 0 0 0 0 0 0 0 0 0 0 0 0 0 0 0 0 0 0 0 0 
0 -0.940346372847861 -1.2082384505220343 -1.0934275600902457 -0.7681300372001781 -0.8064003340107744 -0.8446706308213705 -0.7489948887948801 -0.7107245919842838 -0.6724542951736876 -0.9594815212531591 -0.9594815212531591 -0.9977518180637552 -0.8446706308213705 -0.7872651856054762 -0.8638057792266686 -0.9977518180637552 -1.131697856900842 -0.7872651856054762 -1.15083300530614 -0.9020760760372648 -0.7872651856054762 -0.7872651856054762 -0.8638057792266686 -1.0360221148743514 0 
0 -0.8446706308213705 -1.131697856900842 -0.9212112244425629 -0.6341839983630915 -0.8446706308213705 -0.8446706308213705 -0.6915894435789858 -0.7681300372001781 -0.8446706308213705 -1.0168869664690534 -0.8064003340107744 -0.8064003340107744 -0.6915894435789858 -0.8446706308213705 -0.7298597403895819 -0.36629192068891814 -0.6915894435789858 -0.7872651856054762 -0.8829409276319667 -0.9020760760372648 -0.9212112244425629 -0.9594815212531591 -1.0168869664690534 -1.1125627084955438 0 
0 -0.7872651856054762 -0.940346372847861 -0.8064003340107744 -0.7107245919842838 -0.940346372847861 -0.9594815212531591 -0.8064003340107744 -0.9020760760372648 -1.0168869664690534 -0.8064003340107744 -0.5959137015524952 -0.8446706308213705 -0.7872651856054762 -0.8446706308213705 -0.21321073344653335 0.03554619582234189 -0.27061617866242765 -0.5002379595260048 -0.5385082563366009 -0.9212112244425629 -1.0168869664690534 -1.131697856900842 -1.1699681537114381 -1.15083300530614 0 
0 -0.7681300372001781 -0.8255354824160724 -0.7872651856054762 -0.5576434047418991 -0.5385082563366009 -0.5385082563366009 -0.5002379595260048 -0.6915894435789858 -0.7107245919842838 -0.5193731079313029 -0.5767785531471972 -0.7298597403895819 -0.7107245919842838 -0.34715677228362 0.03554619582234189 -0.27061617866242765 -0.5385082563366009 -0.6915894435789858 -0.5385082563366009 -0.2897513270677257 -0.25148103025712953 -0.30888647547302384 -0.23234588185183144 -0.21321073344653335 0 
0 -0.32802162387832196 -0.2897513270677257 -0.32802162387832196 -0.11753499142004288 -0.2897513270677257 -0.4236973659048124 -0.36629192068891814 -0.17494043663593717 0.11208678944353427 0.16949223465942856 0.13122193784883238 0.22689767987532283 0.11208678944353427 -0.040994397798850495 -0.21321073344653335 -0.5576434047418991 -0.34715677228362 -0.5576434047418991 -0.15580528823063908 0.6861412416024771 0.8009521320342657 0.7626818352236695 0.7626818352236695 0.7626818352236695 0 
0 0.5904654995759867 0.5713303511706885 0.22689767987532283 -0.19407558504123526 -0.5002379595260048 -0.5767785531471972 -0.6724542951736876 -0.4811028111207067 -0.13667013982534099 0.05468134422763998 0.20776253147002474 0.24603282828062095 -0.21321073344653335 -0.2897513270677257 -0.5576434047418991 -0.7681300372001781 -0.23234588185183144 -0.27061617866242765 0.34170857030711144 1.3558714357879105 1.4132768810038048 1.4898174746249973 1.642898661867382 1.681168958677978 0 
0 1.1071145065190353 0.6670060931971791 -0.040994397798850495 -0.4045622174995143 -0.5385082563366009 -0.4236973659048124 -0.4811028111207067 -0.5576434047418991 -0.5767785531471972 -0.5385082563366009 -0.5002379595260048 -0.5767785531471972 -0.5385082563366009 -0.5767785531471972 -0.6915894435789858 -0.6533191467683895 -0.5767785531471972 -0.2897513270677257 0.85835757725016 1.9107907395415553 1.7768447007044685 1.8916555911362571 2.0256016299733437 2.0256016299733437 0 
0 1.7003041070832763 0.5521952027653905 -0.3854270690942162 -0.5002379595260048 -0.5193731079313029 -0.30888647547302384 -0.34715677228362 -0.4428325143101105 -0.5385082563366009 -0.6533191467683895 -0.7298597403895819 -0.7298597403895819 -0.6341839983630915 -0.8638057792266686 -0.7489948887948801 -0.7107245919842838 -1.0551572632796495 -0.5576434047418991 0.8392224288448619 2.06387192678394 2.0256016299733437 2.044736778378642 2.044736778378642 2.044736778378642 0 
0 0.8966278740607562 0.07381649263293807 -0.5959137015524952 -0.5767785531471972 -0.4619676627154086 -0.17494043663593717 -0.25148103025712953 -0.4236973659048124 -0.5576434047418991 -0.6533191467683895 -0.5959137015524952 -0.4619676627154086 -0.5767785531471972 -0.8638057792266686 -0.8638057792266686 -0.9594815212531591 -1.0360221148743514 -0.7681300372001781 0.5521952027653905 1.451547177814401 1.3176011389773143 1.3941417325985066 1.681168958677978 1.7577095522991706 0 
0 -0.30888647547302384 -0.19407558504123526 -0.6341839983630915 -0.7107245919842838 -0.4428325143101105 -0.17494043663593717 -0.3854270690942162 -0.5002379595260048 -0.6150488499577934 -0.5959137015524952 -0.36629192068891814 -0.19407558504123526 -0.5002379595260048 -0.7681300372001781 -0.9020760760372648 -0.9977518180637552 -0.7681300372001781 -0.040994397798850495 1.1453848033296314 0.8966278740607562 0.7818169836289677 0.7818169836289677 0.9540333192766505 1.068844209708439 0 
0 0.24603282828062095 -0.19407558504123526 -0.8064003340107744 -0.9212112244425629 -0.6150488499577934 -0.34715677228362 -0.6341839983630915 -0.6724542951736876 -0.6915894435789858 -0.6341839983630915 -0.4045622174995143 -0.11753499142004288 -0.4811028111207067 -0.7107245919842838 -0.8638057792266686 -0.9020760760372648 -0.6915894435789858 0.5139249059547942 1.5472229198408916 1.432412029409103 1.4898174746249973 1.470682326219699 1.1262496549243333 0.8966278740607562 0 
0 0.6670060931971791 -0.0218592493935524 -1.0742924116849477 -1.1891033021167363 -1.2656438957379286 -0.9977518180637552 -0.8446706308213705 -0.9212112244425629 -0.8064003340107744 -0.7107245919842838 -0.6341839983630915 -0.36629192068891814 -0.6533191467683895 -0.7681300372001781 -0.8255354824160724 -0.8446706308213705 -0.9020760760372648 0.3799788671177076 1.6046283650567856 1.5854932166514877 1.6046283650567856 1.642898661867382 1.6237635134620838 1.5089526230302952 0 
0 1.1836551001402276 0.4373843123336019 -1.131697856900842 -1.4569953797909097 -1.5718062702226983 -1.4761305281962076 -0.8829409276319667 -1.1125627084955438 -1.0168869664690534 -0.8064003340107744 -0.7298597403895819 -0.6915894435789858 -0.940346372847861 -0.9594815212531591 -0.8638057792266686 -0.7298597403895819 -0.8064003340107744 0.3991140155230057 1.3750065841932086 1.4132768810038048 1.4898174746249973 1.5663580682461895 1.6237635134620838 1.681168958677978 0 
0 1.2410605453561219 0.6670060931971791 -0.9020760760372648 -1.4187250829803133 -1.5909414186279962 -0.8829409276319667 0.265167976685919 -0.4236973659048124 -0.940346372847861 -1.0934275600902457 -0.940346372847861 -0.7107245919842838 -0.8064003340107744 -0.9212112244425629 -1.131697856900842 -0.940346372847861 -0.6533191467683895 0.18862738306472665 1.0879793581137371 1.2410605453561219 1.3941417325985066 1.4898174746249973 1.5854932166514877 1.6046283650567856 0 
0 1.1836551001402276 1.0305739128978428 -0.19407558504123526 -0.9786166696584572 -1.4761305281962076 0.15035708625413047 1.470682326219699 1.3367362873826123 0.3799788671177076 -1.0742924116849477 -1.131697856900842 -0.8064003340107744 -0.5193731079313029 -0.8064003340107744 -1.3804547861697172 -0.9594815212531591 -0.6341839983630915 -0.040994397798850495 1.1262496549243333 1.432412029409103 1.5280877714355934 1.5280877714355934 1.5472229198408916 1.5280877714355934 0 
0 1.3176011389773143 1.3750065841932086 0.49478975754949617 -0.9786166696584572 -1.3804547861697172 0.5521952027653905 1.5280877714355934 1.6046283650567856 1.1453848033296314 -0.5767785531471972 -0.9786166696584572 -0.7489948887948801 -0.8446706308213705 -1.0168869664690534 -1.2847790441432267 -0.5193731079313029 -0.11753499142004288 0.30343827349651525 1.3367362873826123 1.5663580682461895 1.66203381027268 1.6046283650567856 1.6046283650567856 1.5854932166514877 0 
0 1.3176011389773143 1.432412029409103 0.6096006479812848 -1.2273735989273324 -1.15083300530614 0.9731684676819485 1.5089526230302952 1.5854932166514877 1.1836551001402276 -0.4236973659048124 -0.940346372847861 -0.8446706308213705 -1.131697856900842 -1.1125627084955438 -0.9212112244425629 -0.11753499142004288 -0.21321073344653335 0.34170857030711144 1.470682326219699 1.5472229198408916 1.6046283650567856 1.5663580682461895 1.5472229198408916 1.5280877714355934 0 
0 1.470682326219699 1.5089526230302952 0.5139249059547942 -1.1699681537114381 -0.5767785531471972 1.221925396950824 1.3176011389773143 1.3750065841932086 0.8966278740607562 -0.30888647547302384 -0.7489948887948801 -0.5193731079313029 -0.8638057792266686 -1.0360221148743514 -0.6915894435789858 -0.11753499142004288 -0.5576434047418991 0.4182491639283038 1.5854932166514877 1.5472229198408916 1.6237635134620838 1.6046283650567856 1.6046283650567856 1.5663580682461895 0 
0 1.3558714357879105 1.2984659905720162 0.4565194607389 -1.0551572632796495 -0.13667013982534099 1.1071145065190353 1.0305739128978428 1.0114387644925447 0.5521952027653905 -0.0218592493935524 -0.2897513270677257 -0.30888647547302384 -0.5576434047418991 -0.8638057792266686 -0.6533191467683895 -0.27061617866242765 -0.6724542951736876 0.4182491639283038 1.6046283650567856 1.5472229198408916 1.5854932166514877 1.5854932166514877 1.6237635134620838 1.7003041070832763 0 
0 1.1453848033296314 1.1645199517349296 0.7626818352236695 -0.8255354824160724 0.22689767987532283 1.2410605453561219 1.1836551001402276 1.2410605453561219 0.85835757725016 -0.0218592493935524 -0.23234588185183144 -0.30888647547302384 -0.5576434047418991 -1.1125627084955438 -0.9977518180637552 -0.3854270690942162 -0.4811028111207067 0.22689767987532283 1.3367362873826123 1.451547177814401 1.5089526230302952 1.5089526230302952 1.5280877714355934 1.5854932166514877 0 
0 1.2410605453561219 1.3176011389773143 1.2410605453561219 -0.23234588185183144 0.3991140155230057 1.4898174746249973 1.3941417325985066 1.451547177814401 1.068844209708439 -0.2897513270677257 -0.5576434047418991 -0.25148103025712953 -0.6533191467683895 -1.3995899345750153 -1.0360221148743514 -0.30888647547302384 -0.4236973659048124 0.22689767987532283 1.2793308421667182 1.2793308421667182 1.451547177814401 1.451547177814401 1.432412029409103 1.432412029409103 0 
0 1.26019569376142 1.3558714357879105 1.3558714357879105 0.09295164103823618 0.24603282828062095 1.4898174746249973 1.432412029409103 1.470682326219699 1.0879793581137371 -0.19407558504123526 -0.5576434047418991 -0.6915894435789858 -0.7489948887948801 -1.15083300530614 -0.6341839983630915 -0.06012954620414859 -0.5576434047418991 0.09295164103823618 1.3176011389773143 0.7818169836289677 1.1071145065190353 1.3367362873826123 1.3750065841932086 1.3750065841932086 0 
0 0.8966278740607562 0.7818169836289677 0.85835757725016 0.07381649263293807 -0.13667013982534099 0.9731684676819485 0.85835757725016 0.9157630224660543 0.8966278740607562 -0.002724100988254303 -0.36629192068891814 -0.6341839983630915 -0.5576434047418991 -0.8446706308213705 -0.5767785531471972 -0.21321073344653335 -0.5959137015524952 -0.25148103025712953 0.7052763900077752 0.18862738306472665 0.3799788671177076 0.6287357963865828 0.7052763900077752 0.8200872804395638 0 
0 0.15035708625413047 0.016411047417043793 -0.0218592493935524 -0.34715677228362 -0.7872651856054762 -0.17494043663593717 -0.21321073344653335 -0.17494043663593717 0.016411047417043793 -0.17494043663593717 -0.15580528823063908 -0.5767785531471972 -0.5002379595260048 -0.6915894435789858 -0.6915894435789858 -0.3854270690942162 -0.6724542951736876 -0.6150488499577934 -0.15580528823063908 -0.13667013982534099 -0.23234588185183144 -0.13667013982534099 -0.002724100988254303 0.07381649263293807 0 
0 0 0 0 0 0 0 0 0 0 0 0 0 0 0 0 0 0 0 0 0 0 0 0 0 0 

0 0 0 0 0 0 0 0 0 0 0 0 0 0 0 0 0 0 0 0 0 0 0 0 0 0 
0 -1.514400825006804 -1.744022605870381 -1.6100765670332944 -1.2273735989273324 -1.0742924116849477 -1.1125627084955438 -0.9977518180637552 -0.9594815212531591 -0.940346372847861 -1.2082384505220343 -1.15083300530614 -1.131697856900842 -1.0168869664690534 -0.9786166696584572 -1.0551572632796495 -1.1891033021167363 -1.3230493409538229 -0.9786166696584572 -1.3804547861697172 -1.1699681537114381 -1.1125627084955438 -1.2273735989273324 -1.303914192548525 -1.3804547861697172 0 
0 -1.514400825006804 -1.8014280510862752 -1.6100765670332944 -1.1699681537114381 -1.0742924116849477 -1.1891033021167363 -1.0360221148743514 -1.0168869664690534 -1.0934275600902457 -1.2465087473326306 -1.0168869664690534 -1.0551572632796495 -0.9977518180637552 -1.131697856900842 -0.9977518180637552 -0.7681300372001781 -1.1891033021167363 -1.15083300530614 -1.0934275600902457 -1.15083300530614 -1.2465087473326306 -1.3230493409538229 -1.342184489359121 -1.3804547861697172 0 
0 -1.4952656766015058 -1.6866171606544866 -1.533535973412102 -1.1891033021167363 -1.1125627084955438 -1.2273735989273324 -1.0551572632796495 -1.0360221148743514 -1.1891033021167363 -0.9786166696584572 -0.7681300372001781 -1.0742924116849477 -1.1125627084955438 -1.2273735989273324 -0.6533191467683895 -0.4619676627154086 -0.7872651856054762 -0.8638057792266686 -0.6915894435789858 -1.0934275600902457 -1.2273735989273324 -1.303914192548525 -1.303914192548525 -1.2847790441432267 0 
0 -1.3995899345750153 -1.5718062702226983 -1.4569953797909097 -0.9786166696584572 -0.7872651856054762 -0.8255354824160724 -0.7489948887948801 -0.8446706308213705 -0.8829409276319667 -0.6915894435789858 -0.7489948887948801 -0.9594815212531591 -0.9786166696584572 -0.7872651856054762 -0.5767785531471972 -0.9020760760372648 -1.0360221148743514 -0.9786166696584572 -0.7489948887948801 -0.7107245919842838 -0.8064003340107744 -0.7681300372001781 -0.6915894435789858 -0.7107245919842838 0 
0 -0.7872651856054762 -0.940346372847861 -0.9212112244425629 -0.5576434047418991 -0.6915894435789858 -0.8064003340107744 -0.7298597403895819 -0.5002379595260048 -0.17494043663593717 -0.09839984301474478 -0.15580528823063908 -0.07926469460944668 -0.17494043663593717 -0.4811028111207067 -0.9020760760372648 -1.2847790441432267 -0.8829409276319667 -0.8064003340107744 -0.4619676627154086 -0.0218592493935524 -0.15580528823063908 -0.11753499142004288 -0.09839984301474478 -0.11753499142004288 0 
0 0.30343827349651525 0.11208678944353427 -0.27061617866242765 -0.6341839983630915 -0.9594815212531591 -0.9977518180637552 -1.0742924116849477 -0.9212112244425629 -0.5767785531471972 -0.3854270690942162 -0.27061617866242765 -0.25148103025712953 -0.6724542951736876 -0.8064003340107744 -1.1891033021167363 -1.4569953797909097 -0.8064003340107744 -0.5576434047418991 0.11208678944353427 0.9348981708713524 0.8200872804395638 0.9540333192766505 1.1645199517349296 1.2410605453561219 0 
0 1.0114387644925447 0.28430312509121713 -0.5385082563366009 -0.8446706308213705 -0.9594815212531591 -0.8255354824160724 -0.9020760760372648 -0.9977518180637552 -1.0742924116849477 -1.0934275600902457 -1.0934275600902457 -1.1891033021167363 -1.1699681537114381 -1.1699681537114381 -1.2465087473326306 -1.2273735989273324 -1.0742924116849477 -0.5385082563366009 0.8774927256554581 1.9681961847574496 1.8342501459203628 1.9681961847574496 2.1404125204051323 2.1786828172157287 0 
0 1.7959798491097667 0.22689767987532283 -0.8638057792266686 -0.9020760760372648 -0.9977518180637552 -0.8255354824160724 -0.8446706308213705 -0.9212112244425629 -1.0168869664690534 -1.2082384505220343 -1.361319637764419 -1.361319637764419 -1.2847790441432267 -1.4187250829803133 -1.2847790441432267 -1.2465087473326306 -1.3995899345750153 -0.6915894435789858 0.9923036160872467 2.197817965621027 2.121277371999834 2.121277371999834 2.121277371999834 2.1404125204051323 0 
0 0.9348981708713524 -0.23234588185183144 -0.9786166696584572 -0.8829409276319667 -1.0551572632796495 -0.8255354824160724 -0.8638057792266686 -0.940346372847861 -1.0360221148743514 -1.2082384505220343 -1.2465087473326306 -1.1125627084955438 -1.2273735989273324 -1.3804547861697172 -1.3804547861697172 -1.4761305281962076 -1.342184489359121 -0.8638057792266686 0.6096006479812848 1.3558714357879105 1.1262496549243333 1.221925396950824 1.5472229198408916 1.681168958677978 0 
0 -0.5767785531471972 -0.6533191467683895 -1.0934275600902457 -1.0934275600902457 -1.0742924116849477 -0.8638057792266686 -1.0551572632796495 -1.0742924116849477 -1.1125627084955438 -1.1699681537114381 -1.0168869664690534 -0.8446706308213705 -1.1125627084955438 -1.2465087473326306 -1.3804547861697172 -1.4952656766015058 -0.9786166696584572 -0.0218592493935524 1.1645199517349296 0.6670060931971791 0.4182491639283038 0.34170857030711144 0.5330600543600924 0.7244115384130734 0 
0 -0.2897513270677257 -0.8255354824160724 -1.3995899345750153 -1.342184489359121 -1.15083300530614 -0.9594815212531591 -1.2656438957379286 -1.2656438957379286 -1.1699681537114381 -1.2082384505220343 -1.0742924116849477 -0.7681300372001781 -1.0934275600902457 -1.1699681537114381 -1.342184489359121 -1.3804547861697172 -0.8064003340107744 0.6861412416024771 1.66203381027268 1.2984659905720162 1.2410605453561219 1.0305739128978428 0.6478709447918809 0.4373843123336019 0 
0 0.16949223465942856 -0.5767785531471972 -1.6100765670332944 -1.533535973412102 -1.5909414186279962 -1.4569953797909097 -1.3804547861697172 -1.4569953797909097 -1.303914192548525 -1.303914192548525 -1.3230493409538229 -1.0168869664690534 -1.2273735989273324 -1.2082384505220343 -1.303914192548525 -1.2847790441432267 -0.9786166696584572 0.5713303511706885 1.7577095522991706 1.5854932166514877 1.642898661867382 1.6237635134620838 1.5472229198408916 1.3750065841932086 0 
0 1.068844209708439 0.20776253147002474 -1.533535973412102 -1.6483468638438905 -1.6674820122491887 -1.724887457465083 -1.2465087473326306 -1.533535973412102 -1.4761305281962076 -1.3804547861697172 -1.361319637764419 -1.342184489359121 -1.5718062702226983 -1.4187250829803133 -1.2847790441432267 -1.1125627084955438 -0.9212112244425629 0.5713303511706885 1.5854932166514877 1.5089526230302952 1.66203381027268 1.8342501459203628 1.872520442730959 1.853385294325661 0 
0 1.4132768810038048 0.6478709447918809 -1.2273735989273324 -1.5909414186279962 -1.6483468638438905 -0.9977518180637552 0.05468134422763998 -0.6915894435789858 -1.342184489359121 -1.6100765670332944 -1.4378602313856115 -1.303914192548525 -1.4378602313856115 -1.3995899345750153 -1.4569953797909097 -1.2082384505220343 -0.8064003340107744 0.3225734219018133 1.2984659905720162 1.3367362873826123 1.5280877714355934 1.7385744038938724 1.8151149975150649 1.8151149975150649 0 
0 1.3176011389773143 1.0305739128978428 -0.4619676627154086 -1.2273735989273324 -1.6292117154385923 0.03554619582234189 1.3750065841932086 1.2410605453561219 0.15035708625413047 -1.4378602313856115 -1.4761305281962076 -1.2082384505220343 -0.9977518180637552 -1.2082384505220343 -1.6483468638438905 -1.15083300530614 -0.7872651856054762 0.03554619582234189 1.26019569376142 1.432412029409103 1.5854932166514877 1.66203381027268 1.66203381027268 1.6237635134620838 0 
0 1.4132768810038048 1.3941417325985066 0.30343827349651525 -1.2656438957379286 -1.5526711218174 0.5139249059547942 1.5854932166514877 1.681168958677978 1.068844209708439 -0.8446706308213705 -1.2082384505220343 -1.0168869664690534 -1.2656438957379286 -1.361319637764419 -1.514400825006804 -0.7107245919842838 -0.27061617866242765 0.28430312509121713 1.3941417325985066 1.5280877714355934 1.66203381027268 1.642898661867382 1.6237635134620838 1.5854932166514877 0 
0 1.3367362873826123 1.451547177814401 0.5330600543600924 -1.533535973412102 -1.2847790441432267 0.9731684676819485 1.6046283650567856 1.7003041070832763 1.1645199517349296 -0.6724542951736876 -1.1891033021167363 -1.131697856900842 -1.533535973412102 -1.4952656766015058 -1.1699681537114381 -0.34715677228362 -0.3854270690942162 0.30343827349651525 1.5089526230302952 1.5089526230302952 1.6046283650567856 1.5663580682461895 1.5472229198408916 1.5089526230302952 0 
0 1.4132768810038048 1.5472229198408916 0.5330600543600924 -1.4569953797909097 -0.7107245919842838 1.221925396950824 1.3367362873826123 1.3750065841932086 0.8392224288448619 -0.5959137015524952 -1.0742924116849477 -0.8829409276319667 -1.3230493409538229 -1.4569953797909097 -0.9977518180637552 -0.3854270690942162 -0.7681300372001781 0.3799788671177076 1.642898661867382 1.5089526230302952 1.642898661867382 1.642898661867382 1.6046283650567856 1.5472229198408916 0 
0 1.432412029409103 1.3941417325985066 0.4182491639283038 -1.2656438957379286 -0.21321073344653335 1.1071145065190353 1.0305739128978428 0.9923036160872467 0.4565194607389 -0.34715677228362 -0.6724542951736876 -0.6724542951736876 -1.0168869664690534 -1.303914192548525 -0.9977518180637552 -0.4428325143101105 -0.7681300372001781 0.3799788671177076 1.66203381027268 1.5280877714355934 1.6237635134620838 1.66203381027268 1.7003041070832763 1.7577095522991706 0 
0 1.2027902485455257 1.2027902485455257 0.6096006479812848 -0.9977518180637552 0.20776253147002474 1.26019569376142 1.221925396950824 1.2410605453561219 0.7626818352236695 -0.32802162387832196 -0.5959137015524952 -0.6341839983630915 -0.9594815212531591 -1.533535973412102 -1.2847790441432267 -0.5385082563366009 -0.5767785531471972 0.16949223465942856 1.4132768810038048 1.3941417325985066 1.470682326219699 1.5663580682461895 1.6046283650567856 1.7003041070832763 0 
0 1.221925396950824 1.2410605453561219 1.0305739128978428 -0.4236973659048124 0.3608437187124095 1.451547177814401 1.3558714357879105 1.3750065841932086 0.9923036160872467 -0.5767785531471972 -0.8638057792266686 -0.5385082563366009 -1.0168869664690534 -1.744022605870381 -1.342184489359121 -0.5959137015524952 -0.6533191467683895 0.15035708625413047 1.2984659905720162 1.1453848033296314 1.3176011389773143 1.4132768810038048 1.432412029409103 1.470682326219699 0 
0 1.2027902485455257 1.221925396950824 1.1836551001402276 -0.040994397798850495 0.11208678944353427 1.3367362873826123 1.26019569376142 1.26019569376142 0.9731684676819485 -0.4811028111207067 -0.9020760760372648 -1.0168869664690534 -1.131697856900842 -1.4761305281962076 -0.9212112244425629 -0.4236973659048124 -0.9594815212531591 -0.13667013982534099 1.2410605453561219 0.5521952027653905 0.8392224288448619 1.1071145065190353 1.1453848033296314 1.1836551001402276 0 
0 0.5713303511706885 0.3799788671177076 0.4756546091441981 -0.19407558504123526 -0.4236973659048124 0.6670060931971791 0.4565194607389 0.49478975754949617 0.6670060931971791 -0.3854270690942162 -0.8064003340107744 -1.0551572632796495 -1.0360221148743514 -1.2273735989273324 -0.8829409276319667 -0.5767785531471972 -1.1125627084955438 -0.7107245919842838 0.4373843123336019 -0.11753499142004288 0.016411047417043793 0.07381649263293807 0.09295164103823618 0.24603282828062095 0 
0 -0.5193731079313029 -0.7298597403895819 -0.7298597403895819 -0.8829409276319667 -1.1699681537114381 -0.6150488499577934 -0.7489948887948801 -0.6915894435789858 -0.2897513270677257 -0.6150488499577934 -0.6724542951736876 -1.0934275600902457 -1.0551572632796495 -1.131697856900842 -0.9977518180637552 -0.7107245919842838 -1.2465087473326306 -1.2273735989273324 -0.5193731079313029 -0.5002379595260048 -0.6533191467683895 -0.940346372847861 -0.8829409276319667 -0.7681300372001781 0 
0 0 0 0 0 0 0 0 0 0 0 0 0 0 0 0 0 0 0 0 0 0 0 0 0 0 

