0 0 0 0 0 0 0 0 0 0 0 0 0 0 0 0 0 0 0 0 0 0 0 0 0 0 
0 -0.08353561826269232 -0.33609566787892475 -1.1167358212381886 -1.0478558077064888 -0.8871357761325227 0.39862447645920596 1.1563046253079032 0.16902443135354012 -0.49681569945289084 -0.9789757941747891 -0.6345757265162904 -0.7952957580902564 -1.6677759294917867 -1.6677759294917867 -1.5759359114495202 -1.530015902428387 -0.7264157445585566 -0.33609566787892475 -0.818255762600823 -0.49681569945289084 -0.4049756814106245 -0.9100957806430894 -1.093775816727622 -0.7723357535796899 0 
0 0.00830439977957402 -0.542735708474024 -1.1856158347698884 -1.0708158122170555 0.4675044899909057 1.0874246117762034 -0.2442556498366584 -0.17537563630495864 -0.1064956227732589 -0.4279356859211911 -0.45089569043175765 -0.4279356859211911 -0.6575357310268569 -1.0019357986853556 -1.3233758618332878 -1.4611358888966874 -0.47385569494232427 -0.12945562728382548 -0.9100957806430894 -0.70345574004799 -0.6116157220057238 -1.1856158347698884 -1.2315358437910215 -0.6345757265162904 0 
0 -0.08353561826269232 -0.9789757941747891 -1.3463358663438545 0.05422440880070719 1.1563046253079032 -0.6345757265162904 -0.3590556723894913 0.7659845486282713 1.0874246117762034 1.0874246117762034 0.7659845486282713 0.4675044899909057 0.3756644719486394 -0.933055785153656 -1.6218559204706535 -1.5529759069389537 -0.7493757490691233 -0.49681569945289084 -1.3922558753649876 -1.415215879875554 -1.2315358437910215 -1.2085758392804549 -0.9560157896642225 -0.6575357310268569 0 
0 -0.2442556498366584 -1.369295870854421 -0.33609566787892475 1.2940646523713026 -0.19833564081552524 -0.9789757941747891 0.23790444488523985 0.7659845486282713 1.0415046027550703 1.2711046478607362 1.3629446659030025 1.6384647200298015 1.2481446433501695 -0.4279356859211911 -1.484095893407254 -1.254495848301588 -1.0019357986853556 -1.1167358212381886 -1.484095893407254 -1.5529759069389537 -1.4611358888966874 -1.0248958031959223 -0.6345757265162904 -0.3820156769000579 0 
0 -0.47385569494232427 -0.5886557174951572 1.0874246117762034 0.16902443135354012 -0.49681569945289084 0.00830439977957402 0.07718441331127378 0.0312644042901406 0.7659845486282713 0.9037445756916708 0.9037445756916708 1.2940646523713026 1.3629446659030025 0.7659845486282713 -0.6804957355374235 -1.2315358437910215 -1.1856158347698884 -1.3004158573227214 -1.369295870854421 -1.1856158347698884 -1.093775816727622 -1.0708158122170555 -0.8871357761325227 -0.542735708474024 0 
0 0.26086444939580644 1.2940646523713026 0.283824453906373 -1.3233758618332878 -1.1856158347698884 -0.8641757716219561 0.05422440880070719 0.8578245666705376 0.9267045802022373 0.6052645170543052 0.6282245215648717 0.9037445756916708 1.11038461628677 1.0874246117762034 0.26086444939580644 -1.1856158347698884 -1.530015902428387 -1.3922558753649876 -1.3463358663438545 -0.9789757941747891 0.07718441331127378 -0.31313566336835813 -1.369295870854421 -1.1167358212381886 0 
0 1.2711046478607362 0.6971045350965716 -1.1626558302593217 -1.5759359114495202 -1.3463358663438545 -1.3004158573227214 0.21494444037467328 1.2940646523713026 0.7200645396071381 0.39862447645920596 0.559344508033172 0.8578245666705376 0.9955845937339372 1.1333446207973366 0.9496645847128039 0.16902443135354012 -0.7723357535796899 -1.2315358437910215 -1.254495848301588 -1.3463358663438545 -0.6345757265162904 -0.4279356859211911 -1.1626558302593217 -1.3233758618332878 0 
0 0.9037445756916708 -0.7952957580902564 -1.5759359114495202 -1.5988959159600868 -1.2774558528121547 -1.0248958031959223 0.16902443135354012 1.2022246343290364 0.9496645847128039 0.3297444629275062 0.4215844809697725 0.6971045350965716 0.7200645396071381 0.9496645847128039 1.11038461628677 1.2711046478607362 0.7430245441177047 -0.5197757039634574 -0.933055785153656 -1.1396958257487553 -1.254495848301588 -0.933055785153656 -1.0708158122170555 -0.9100957806430894 0 
0 0.26086444939580644 -0.9789757941747891 -1.2085758392804549 -1.3463358663438545 -1.1167358212381886 -1.0708158122170555 0.14606442684297352 1.4777446884558354 1.4547846839452687 0.8578245666705376 0.7430245441177047 0.9037445756916708 0.9955845937339372 1.2711046478607362 1.6384647200298015 1.5466247019875352 1.3170246568818693 0.674144530586005 -0.5886557174951572 -1.2085758392804549 -1.369295870854421 -1.2774558528121547 -1.0248958031959223 -0.818255762600823 0 
0 -0.49681569945289084 -1.2774558528121547 -1.6218559204706535 -1.254495848301588 -0.5886557174951572 -0.7493757490691233 0.3756644719486394 1.3629446659030025 1.2711046478607362 0.9037445756916708 0.9037445756916708 1.2022246343290364 1.4318246794347023 1.6614247245403682 1.6843847290509346 1.3859046704135691 0.6511845260754384 0.7430245441177047 -0.1064956227732589 -1.1626558302593217 -0.542735708474024 -0.49681569945289084 -0.6575357310268569 -0.8871357761325227 0 
0 -0.8871357761325227 -0.7493757490691233 -0.8641757716219561 -0.6804957355374235 0.05422440880070719 -0.49681569945289084 -0.014655604730992564 0.9726245892233706 0.8119045576494045 0.39862447645920596 0.7430245441177047 1.1333446207973366 1.339984661392436 1.3170246568818693 1.1563046253079032 1.064464607265637 0.6971045350965716 0.4445444854803391 0.26086444939580644 -0.3820156769000579 0.3297444629275062 1.0874246117762034 0.05422440880070719 -1.3004158573227214 0 
0 -0.45089569043175765 0.21494444037467328 0.559344508033172 0.35270446743807277 -0.2442556498366584 -0.5886557174951572 -0.17537563630495864 0.8578245666705376 0.7430245441177047 0.26086444939580644 0.5134244990120389 0.8807845711811042 1.1333446207973366 0.8807845711811042 0.7200645396071381 0.7200645396071381 0.3297444629275062 -0.22129564532609183 -0.03761560924155915 0.16902443135354012 0.23790444488523985 0.4215844809697725 -0.4279356859211911 -1.5070558979178206 0 
0 0.00830439977957402 0.00830439977957402 -0.17537563630495864 -0.33609566787892475 -0.6804957355374235 -0.818255762600823 -0.29017565885779156 0.5363845035226055 0.7430245441177047 0.559344508033172 0.4215844809697725 0.7200645396071381 0.7659845486282713 0.674144530586005 0.3756644719486394 0.559344508033172 0.6282245215648717 0.19198443586410668 -0.17537563630495864 0.26086444939580644 0.4445444854803391 -0.542735708474024 -1.0478558077064888 -1.0248958031959223 0 
0 2.005824792198867 1.11038461628677 -0.014655604730992564 -0.7493757490691233 -0.9100957806430894 -0.7264157445585566 -0.3590556723894913 0.16902443135354012 0.4904644945014723 0.6511845260754384 0.6052645170543052 0.5823045125437386 0.5363845035226055 0.4675044899909057 0.4904644945014723 0.5363845035226055 0.5134244990120389 0.5823045125437386 0.6511845260754384 0.00830439977957402 -0.22129564532609183 -0.47385569494232427 -1.0478558077064888 -1.1396958257487553 0 
0 2.5109448914313317 1.5236646974769685 1.225184638839603 0.8807845711811042 0.10014441782184036 -0.47385569494232427 -0.6116157220057238 -0.22129564532609183 0.23790444488523985 0.5134244990120389 0.4904644945014723 0.12310442233240694 0.07718441331127378 0.05422440880070719 0.07718441331127378 0.26086444939580644 0.30678445841693963 0.16902443135354012 0.4445444854803391 0.19198443586410668 -1.0478558077064888 -1.1396958257487553 -0.8871357761325227 -0.22129564532609183 0 
0 0.00830439977957402 0.00830439977957402 0.4675044899909057 0.9726245892233706 1.7762247470932009 1.2940646523713026 -0.3590556723894913 -0.8871357761325227 -0.31313566336835813 0.283824453906373 0.19198443586410668 -0.12945562728382548 -0.31313566336835813 -0.17537563630495864 -0.15241563179439208 -0.12945562728382548 -0.03761560924155915 0.16902443135354012 0.16902443135354012 -0.06057561375212573 -0.6116157220057238 -0.8641757716219561 -0.6575357310268569 0.8578245666705376 0 
0 -0.47385569494232427 0.0312644042901406 -0.06057561375212573 -0.6345757265162904 -0.1064956227732589 0.3297444629275062 -0.9560157896642225 -0.8641757716219561 0.0312644042901406 0.283824453906373 0.39862447645920596 -0.15241563179439208 -0.3590556723894913 -0.542735708474024 -0.4279356859211911 -0.19833564081552524 -0.2442556498366584 -0.33609566787892475 -0.17537563630495864 -0.2442556498366584 -0.49681569945289084 -0.7264157445585566 -0.8641757716219561 -0.6116157220057238 0 
0 0.00830439977957402 0.9267045802022373 0.9037445756916708 0.16902443135354012 -0.49681569945289084 -0.1064956227732589 0.21494444037467328 1.1563046253079032 1.5695847064981017 1.225184638839603 0.6511845260754384 0.0312644042901406 -0.3590556723894913 -0.5656957129845905 -0.5656957129845905 -0.45089569043175765 -0.2442556498366584 -0.3820156769000579 -0.6345757265162904 -0.542735708474024 -0.6116157220057238 -0.7264157445585566 -1.0019357986853556 -1.093775816727622 0 
0 1.4547846839452687 1.8910247696460338 2.1895048282833995 2.212464832793966 2.212464832793966 2.3502248598573656 2.281344846325666 1.3859046704135691 0.26086444939580644 0.14606442684297352 0.21494444037467328 0.05422440880070719 -0.19833564081552524 -0.5197757039634574 -0.70345574004799 -0.7264157445585566 -0.6575357310268569 -0.6116157220057238 -0.6804957355374235 -0.9789757941747891 -0.8871357761325227 -0.4279356859211911 -0.9789757941747891 -1.1396958257487553 0 
0 1.9139847741566005 2.2354248373045325 2.602784909473598 2.5109448914313317 2.3043048508362323 2.442064877899632 2.1895048282833995 2.005824792198867 1.5695847064981017 0.7889445531388378 0.3756644719486394 0.5823045125437386 0.4675044899909057 -0.2442556498366584 -0.6116157220057238 -0.6116157220057238 -0.15241563179439208 0.0312644042901406 -0.5886557174951572 -1.3233758618332878 -1.3922558753649876 -1.0478558077064888 -0.8641757716219561 -0.6116157220057238 0 
0 0.19198443586410668 -0.08353561826269232 0.10014441782184036 0.12310442233240694 0.26086444939580644 0.4215844809697725 0.4904644945014723 1.1563046253079032 1.6155047155192348 1.11038461628677 1.3170246568818693 1.2022246343290364 0.5134244990120389 -0.03761560924155915 0.9037445756916708 0.6971045350965716 0.9496645847128039 0.8119045576494045 -0.19833564081552524 -1.1167358212381886 -1.254495848301588 -1.3922558753649876 -1.2315358437910215 -0.4049756814106245 0 
0 0.9496645847128039 0.3297444629275062 0.30678445841693963 0.4675044899909057 1.4318246794347023 1.339984661392436 1.1792646298184697 1.2022246343290364 0.9726245892233706 0.35270446743807277 0.6282245215648717 1.2022246343290364 1.2940646523713026 1.064464607265637 1.9139847741566005 1.5236646974769685 0.7889445531388378 -0.7723357535796899 -0.818255762600823 -0.5886557174951572 -0.8871357761325227 -1.1626558302593217 -1.093775816727622 -1.2085758392804549 0 
0 1.6843847290509346 2.1895048282833995 2.212464832793966 2.166544823772833 1.7532647425826344 1.5466247019875352 2.1895048282833995 1.8680647651354674 1.2022246343290364 0.21494444037467328 0.0312644042901406 0.559344508033172 1.6155047155192348 2.1206248147516997 2.2354248373045325 1.7073447335615013 0.35270446743807277 -0.267215654347225 -0.15241563179439208 0.6052645170543052 0.39862447645920596 -0.542735708474024 -0.9100957806430894 -1.0248958031959223 0 
0 1.4777446884558354 1.500704692966402 1.8451047606249007 1.7073447335615013 1.3629446659030025 1.6384647200298015 2.1895048282833995 1.4318246794347023 0.6971045350965716 0.6282245215648717 0.283824453906373 0.10014441782184036 0.674144530586005 1.6843847290509346 2.143584819262266 1.11038461628677 -0.3820156769000579 1.0415046027550703 1.9828647876883003 2.0747048057305664 2.1206248147516997 0.12310442233240694 -1.1396958257487553 -0.6575357310268569 0 
0 0 0 0 0 0 0 0 0 0 0 0 0 0 0 0 0 0 0 0 0 0 0 0 0 0 

0 0 0 0 0 0 0 0 0 0 0 0 0 0 0 0 0 0 0 0 0 0 0 0 0 0 
0 0.12310442233240694 -0.2442556498366584 -1.2315358437910215 -1.1856158347698884 -0.818255762600823 0.6052645170543052 1.2481446433501695 0.674144530586005 0.559344508033172 0.19198443586410668 0.283824453906373 -0.15241563179439208 -1.2315358437910215 -1.4381758843861208 -1.3004158573227214 -0.9789757941747891 0.14606442684297352 0.6971045350965716 0.16902443135354012 0.5134244990120389 0.6282245215648717 0.16902443135354012 -0.19833564081552524 -0.29017565885779156 0 
0 0.14606442684297352 -0.5886557174951572 -1.3004158573227214 -1.1626558302593217 0.4904644945014723 1.2481446433501695 0.0312644042901406 0.30678445841693963 0.6282245215648717 0.4445444854803391 0.4675044899909057 0.6282245215648717 0.14606442684297352 -0.8641757716219561 -1.4381758843861208 -1.093775816727622 0.4445444854803391 0.9955845937339372 0.05422440880070719 0.05422440880070719 0.12310442233240694 -0.3820156769000579 -0.3820156769000579 -0.12945562728382548 0 
0 0.00830439977957402 -1.0708158122170555 -1.3922558753649876 0.07718441331127378 1.2022246343290364 -0.5197757039634574 -0.19833564081552524 0.9267045802022373 1.2711046478607362 1.339984661392436 1.0874246117762034 0.9496645847128039 0.8119045576494045 -0.7493757490691233 -1.5529759069389537 -1.369295870854421 -0.33609566787892475 0.16902443135354012 -0.818255762600823 -0.9100957806430894 -0.6575357310268569 -0.4279356859211911 -0.08353561826269232 0.00830439977957402 0 
0 -0.19833564081552524 -1.484095893407254 -0.29017565885779156 1.4777446884558354 -0.06057561375212573 -0.9560157896642225 0.16902443135354012 0.5363845035226055 0.674144530586005 0.9037445756916708 1.0874246117762034 1.4088646749241356 1.1563046253079032 -0.2442556498366584 -1.2315358437910215 -1.2085758392804549 -1.0478558077064888 -0.9100957806430894 -1.2315358437910215 -1.254495848301588 -0.9100957806430894 -0.17537563630495864 0.283824453906373 0.39862447645920596 0 
0 -0.47385569494232427 -0.7264157445585566 1.2711046478607362 0.5363845035226055 -0.267215654347225 -0.014655604730992564 -0.12945562728382548 -0.4279356859211911 0.12310442233240694 0.283824453906373 0.4904644945014723 0.9267045802022373 1.064464607265637 0.7889445531388378 -0.5197757039634574 -1.2085758392804549 -1.2774558528121547 -1.1396958257487553 -1.1396958257487553 -0.8871357761325227 -0.542735708474024 -0.19833564081552524 -0.03761560924155915 0.19198443586410668 0 
0 0.21494444037467328 1.1792646298184697 0.5823045125437386 -0.7952957580902564 -0.8871357761325227 -0.9100957806430894 -0.22129564532609183 0.3297444629275062 0.26086444939580644 0.12310442233240694 0.5363845035226055 0.8807845711811042 0.9267045802022373 0.9037445756916708 0.16902443135354012 -1.0708158122170555 -1.2315358437910215 -0.933055785153656 -0.9100957806430894 -0.542735708474024 0.6971045350965716 0.5363845035226055 -0.6575357310268569 -0.542735708474024 0 
0 1.2481446433501695 0.6971045350965716 -0.6575357310268569 -0.7723357535796899 -0.7723357535796899 -1.0478558077064888 0.3297444629275062 1.0185445982445036 0.3297444629275062 0.30678445841693963 0.6282245215648717 0.9037445756916708 0.8578245666705376 0.674144530586005 0.4445444854803391 -0.06057561375212573 -0.49681569945289084 -0.47385569494232427 -0.542735708474024 -0.7264157445585566 0.10014441782184036 0.5134244990120389 -0.47385569494232427 -0.8641757716219561 0 
0 0.8578245666705376 -0.7264157445585566 -0.9789757941747891 -0.70345574004799 -0.5197757039634574 -0.47385569494232427 0.6971045350965716 1.1792646298184697 0.8119045576494045 0.5134244990120389 0.4675044899909057 0.5823045125437386 0.4675044899909057 0.30678445841693963 0.30678445841693963 0.6511845260754384 0.559344508033172 -0.06057561375212573 -0.267215654347225 -0.4049756814106245 -0.3820156769000579 0.00830439977957402 -0.33609566787892475 -0.49681569945289084 0 
0 0.14606442684297352 -0.8871357761325227 -0.7493757490691233 -0.6575357310268569 -0.5197757039634574 -0.5886557174951572 0.674144530586005 1.4777446884558354 1.2940646523713026 1.0415046027550703 0.7889445531388378 0.7430245441177047 0.674144530586005 0.6511845260754384 0.8348645621599711 0.8578245666705376 0.7659845486282713 0.3297444629275062 -0.4279356859211911 -0.5197757039634574 -0.49681569945289084 -0.5656957129845905 -0.4049756814106245 -0.33609566787892475 0 
0 -0.45089569043175765 -1.0248958031959223 -1.1856158347698884 -0.6575357310268569 -0.03761560924155915 -0.19833564081552524 0.9726245892233706 1.4088646749241356 1.1333446207973366 1.0874246117762034 0.9726245892233706 0.9955845937339372 1.11038461628677 1.1333446207973366 0.9955845937339372 0.674144530586005 -0.12945562728382548 -0.17537563630495864 -0.45089569043175765 -0.818255762600823 0.10014441782184036 0.00830439977957402 -0.12945562728382548 -0.3820156769000579 0 
0 -0.29017565885779156 -0.12945562728382548 -0.22129564532609183 -0.014655604730992564 0.7430245441177047 0.283824453906373 0.674144530586005 1.0185445982445036 0.674144530586005 0.6052645170543052 0.8119045576494045 0.9496645847128039 1.0874246117762034 0.9955845937339372 0.7430245441177047 0.5363845035226055 0.0312644042901406 -0.31313566336835813 -0.3590556723894913 -0.6345757265162904 0.4675044899909057 1.500704692966402 0.674144530586005 -0.7723357535796899 0 
0 0.559344508033172 1.0415046027550703 1.3629446659030025 1.1563046253079032 0.6282245215648717 0.3756644719486394 0.5823045125437386 0.9267045802022373 0.5823045125437386 0.39862447645920596 0.6052645170543052 0.7889445531388378 0.9955845937339372 0.7659845486282713 0.5134244990120389 0.30678445841693963 -0.12945562728382548 -0.6116157220057238 -0.6804957355374235 -0.5886557174951572 -0.1064956227732589 0.7430245441177047 0.14606442684297352 -1.0708158122170555 0 
0 0.3297444629275062 0.19198443586410668 0.39862447645920596 0.559344508033172 0.21494444037467328 -0.014655604730992564 0.4904644945014723 0.7889445531388378 0.5823045125437386 0.4215844809697725 0.4445444854803391 0.7430245441177047 0.7430245441177047 0.6282245215648717 0.19198443586410668 0.12310442233240694 0.10014441782184036 -0.15241563179439208 -0.70345574004799 -0.47385569494232427 -0.17537563630495864 -0.8412157671113896 -1.093775816727622 -0.7493757490691233 0 
0 1.5925447110086683 0.6971045350965716 0.14606442684297352 -0.12945562728382548 -0.22129564532609183 -0.08353561826269232 0.5363845035226055 0.7430245441177047 0.4904644945014723 0.4904644945014723 0.5823045125437386 0.6282245215648717 0.5363845035226055 0.4445444854803391 0.3297444629275062 0.10014441782184036 -0.06057561375212573 0.10014441782184036 0.07718441331127378 -0.6345757265162904 -0.7952957580902564 -0.8412157671113896 -0.8412157671113896 -0.31313566336835813 0 
0 1.9828647876883003 0.9726245892233706 1.0415046027550703 1.0874246117762034 0.4904644945014723 0.07718441331127378 0.4215844809697725 0.6282245215648717 0.5363845035226055 0.5134244990120389 0.4675044899909057 0.12310442233240694 0.07718441331127378 0.07718441331127378 0.00830439977957402 -0.03761560924155915 -0.19833564081552524 -0.45089569043175765 -0.22129564532609183 -0.4279356859211911 -1.415215879875554 -1.2085758392804549 -0.5197757039634574 0.6052645170543052 0 
0 0.00830439977957402 -0.19833564081552524 0.4215844809697725 1.1333446207973366 2.0747048057305664 1.7532647425826344 0.4445444854803391 -0.15241563179439208 0.05422440880070719 0.4445444854803391 0.23790444488523985 -0.12945562728382548 -0.29017565885779156 -0.1064956227732589 -0.15241563179439208 -0.31313566336835813 -0.4049756814106245 -0.3820156769000579 -0.4049756814106245 -0.5197757039634574 -0.7952957580902564 -0.7723357535796899 -0.8412157671113896 0.8119045576494045 0 
0 0.21494444037467328 0.559344508033172 0.4215844809697725 -0.19833564081552524 0.26086444939580644 0.674144530586005 -0.6116157220057238 -0.542735708474024 0.30678445841693963 0.5134244990120389 0.5363845035226055 -0.12945562728382548 -0.3820156769000579 -0.45089569043175765 -0.33609566787892475 -0.267215654347225 -0.47385569494232427 -0.70345574004799 -0.5886557174951572 -0.5886557174951572 -0.5886557174951572 -0.542735708474024 -0.9100957806430894 -0.47385569494232427 0 
0 0.8578245666705376 1.8451047606249007 1.7073447335615013 0.7889445531388378 -0.08353561826269232 0.10014441782184036 0.10014441782184036 1.0874246117762034 1.6614247245403682 1.3170246568818693 0.6511845260754384 0.07718441331127378 -0.22129564532609183 -0.47385569494232427 -0.5197757039634574 -0.49681569945289084 -0.33609566787892475 -0.5197757039634574 -0.8412157671113896 -0.70345574004799 -0.5886557174951572 -0.49681569945289084 -0.31313566336835813 -0.03761560924155915 0 
0 1.9599047831777336 2.442064877899632 2.671664923005298 2.533904895941898 2.373184864367932 2.327264855346799 1.9828647876883003 1.11038461628677 0.07718441331127378 -0.1064956227732589 -0.22129564532609183 0.07718441331127378 0.26086444939580644 -0.29017565885779156 -0.6575357310268569 -0.7493757490691233 -0.70345574004799 -0.70345574004799 -0.7952957580902564 -1.0478558077064888 -0.8412157671113896 -0.22129564532609183 -0.19833564081552524 -0.15241563179439208 0 
0 2.143584819262266 2.4650248824101983 2.8094249500686974 2.6487049184947313 2.327264855346799 2.442064877899632 2.2583848418150994 1.7991847516037676 1.0185445982445036 0.16902443135354012 -0.1064956227732589 0.5823045125437386 0.9267045802022373 0.3297444629275062 -0.12945562728382548 -0.45089569043175765 -0.2442556498366584 -0.12945562728382548 -0.7493757490691233 -1.4611358888966874 -1.4611358888966874 -1.0019357986853556 -0.6804957355374235 -0.19833564081552524 0 
0 0.35270446743807277 0.16902443135354012 0.35270446743807277 0.3756644719486394 0.4904644945014723 0.7200645396071381 0.9726245892233706 1.1563046253079032 0.9955845937339372 0.4215844809697725 1.0415046027550703 1.2481446433501695 0.8578245666705376 0.674144530586005 1.6155047155192348 0.9726245892233706 0.9037445756916708 0.9726245892233706 0.05422440880070719 -0.8641757716219561 -0.933055785153656 -1.0478558077064888 -1.1167358212381886 -0.06057561375212573 0 
0 1.225184638839603 0.5823045125437386 0.5823045125437386 0.7889445531388378 1.8221447561143342 1.8221447561143342 1.7532647425826344 1.4088646749241356 0.7430245441177047 0.14606442684297352 0.7659845486282713 1.4547846839452687 1.5236646974769685 1.4318246794347023 2.3043048508362323 1.7303047380720677 0.9726245892233706 -0.2442556498366584 -0.17537563630495864 0.10014441782184036 -0.15241563179439208 -0.4049756814106245 -0.6804957355374235 -0.6575357310268569 0 
0 2.327264855346799 2.6257449139841644 2.6946249275158642 2.717584932026431 2.442064877899632 2.2583848418150994 2.5798249049630315 2.2354248373045325 1.6843847290509346 0.7889445531388378 0.6511845260754384 1.0415046027550703 1.7762247470932009 1.8910247696460338 1.9139847741566005 1.7303047380720677 0.6971045350965716 0.05422440880070719 0.19198443586410668 1.0185445982445036 0.9037445756916708 -0.014655604730992564 -0.47385569494232427 -0.6345757265162904 0 
0 2.166544823772833 2.0747048057305664 2.4879848869207652 2.442064877899632 2.212464832793966 2.4191048733890654 2.5568649004524646 1.9828647876883003 1.6155047155192348 1.6155047155192348 1.064464607265637 0.6052645170543052 0.7200645396071381 1.1792646298184697 1.4318246794347023 0.8119045576494045 -0.267215654347225 1.2481446433501695 2.212464832793966 2.3502248598573656 2.3961448688784985 0.35270446743807277 -1.0708158122170555 -0.47385569494232427 0 
0 0 0 0 0 0 0 0 0 0 0 0 0 0 0 0 0 0 0 0 0 0 0 0 0 0 

0 0 0 0 0 0 0 0 0 0 0 0 0 0 0 0 0 0 0 0 0 0 0 0 0 0 
0 -0.8412157671113896 -1.1626558302593217 -1.6677759294917867 -1.369295870854421 -1.1856158347698884 -0.03761560924155915 0.6052645170543052 -0.1064956227732589 -0.542735708474024 -1.1167358212381886 -1.1396958257487553 -1.2085758392804549 -1.759615947534053 -1.7825759520446196 -1.7366559430234862 -1.7366559430234862 -1.0019357986853556 -0.6575357310268569 -1.1396958257487553 -0.7264157445585566 -0.5886557174951572 -1.093775816727622 -1.3463358663438545 -1.1626558302593217 0 
0 -0.818255762600823 -1.3463358663438545 -1.7825759520446196 -1.484095893407254 0.0312644042901406 0.5363845035226055 -0.7952957580902564 -0.5197757039634574 -0.2442556498366584 -0.6345757265162904 -0.8871357761325227 -0.6345757265162904 -0.6575357310268569 -1.254495848301588 -1.7136959385129198 -1.7366559430234862 -0.6345757265162904 -0.22129564532609183 -1.0708158122170555 -0.9789757941747891 -0.8641757716219561 -1.369295870854421 -1.3004158573227214 -0.8412157671113896 0 
0 -0.8871357761325227 -1.5988959159600868 -1.7825759520446196 -0.2442556498366584 0.8578245666705376 -1.0019357986853556 -0.7723357535796899 0.4215844809697725 0.7889445531388378 0.7430245441177047 0.283824453906373 0.14606442684297352 0.23790444488523985 -1.1626558302593217 -1.8973759745974526 -1.920335979108019 -1.1167358212381886 -0.70345574004799 -1.6218559204706535 -1.6907359340023531 -1.4381758843861208 -1.2774558528121547 -0.8871357761325227 -0.70345574004799 0 
0 -1.0019357986853556 -1.805535956555186 -0.6116157220057238 1.1563046253079032 -0.31313566336835813 -1.1626558302593217 -0.03761560924155915 0.39862447645920596 0.5823045125437386 0.8119045576494045 0.9267045802022373 1.2711046478607362 1.0185445982445036 -0.5656957129845905 -1.6677759294917867 -1.7136959385129198 -1.5759359114495202 -1.4381758843861208 -1.7825759520446196 -1.8514559655763192 -1.64481592498122 -1.0478558077064888 -0.542735708474024 -0.33609566787892475 0 
0 -1.2085758392804549 -0.9789757941747891 0.8578245666705376 0.07718441331127378 -0.5656957129845905 -0.1064956227732589 -0.12945562728382548 -0.3820156769000579 0.21494444037467328 0.4215844809697725 0.6971045350965716 1.2022246343290364 1.2481446433501695 0.6052645170543052 -0.9100957806430894 -1.6218559204706535 -1.6677759294917867 -1.5759359114495202 -1.6677759294917867 -1.530015902428387 -1.369295870854421 -1.2085758392804549 -0.8641757716219561 -0.5197757039634574 0 
0 -0.542735708474024 0.8578245666705376 -0.014655604730992564 -1.4611358888966874 -1.3004158573227214 -1.0019357986853556 -0.15241563179439208 0.3756644719486394 0.30678445841693963 0.23790444488523985 0.7659845486282713 1.2481446433501695 1.2481446433501695 0.8578245666705376 -0.15241563179439208 -1.484095893407254 -1.6907359340023531 -1.530015902428387 -1.5988959159600868 -1.3463358663438545 -0.33609566787892475 -0.6345757265162904 -1.5070558979178206 -1.1856158347698884 0 
0 0.5823045125437386 0.23790444488523985 -1.484095893407254 -1.7825759520446196 -1.5070558979178206 -1.4611358888966874 0.00830439977957402 0.9955845937339372 0.39862447645920596 0.283824453906373 0.8348645621599711 1.3859046704135691 1.2481446433501695 0.7430245441177047 0.16902443135354012 -0.542735708474024 -1.1856158347698884 -1.369295870854421 -1.4611358888966874 -1.6677759294917867 -0.9560157896642225 -0.6345757265162904 -1.3922558753649876 -1.484095893407254 0 
0 0.4215844809697725 -1.2774558528121547 -1.8744159700868859 -1.805535956555186 -1.5070558979178206 -1.254495848301588 -0.06057561375212573 1.0415046027550703 0.9267045802022373 0.39862447645920596 0.6511845260754384 1.0415046027550703 0.7659845486282713 0.30678445841693963 0.00830439977957402 0.12310442233240694 -0.15241563179439208 -0.9560157896642225 -1.2315358437910215 -1.415215879875554 -1.4381758843861208 -1.093775816727622 -1.4381758843861208 -1.2085758392804549 0 
0 -0.22129564532609183 -1.4381758843861208 -1.5759359114495202 -1.64481592498122 -1.5070558979178206 -1.5529759069389537 -0.31313566336835813 1.225184638839603 1.4088646749241356 0.9267045802022373 0.9037445756916708 0.9496645847128039 0.6052645170543052 0.39862447645920596 0.4445444854803391 0.39862447645920596 0.30678445841693963 -0.19833564081552524 -1.1856158347698884 -1.5529759069389537 -1.7366559430234862 -1.8284959610657527 -1.64481592498122 -1.2315358437910215 0 
0 -1.0019357986853556 -1.759615947534053 -1.9892159926397188 -1.6218559204706535 -1.2085758392804549 -1.530015902428387 -0.3590556723894913 0.9496645847128039 1.2022246343290364 0.9726245892233706 0.9955845937339372 1.0185445982445036 0.8119045576494045 0.7200645396071381 0.5363845035226055 0.30678445841693963 -0.3820156769000579 -0.4049756814106245 -0.9789757941747891 -1.6677759294917867 -1.093775816727622 -1.2774558528121547 -1.415215879875554 -1.3463358663438545 0 
0 -1.4611358888966874 -1.3004158573227214 -1.3463358663438545 -1.2774558528121547 -0.8412157671113896 -1.5988959159600868 -1.0248958031959223 0.4215844809697725 0.6971045350965716 0.4675044899909057 0.7659845486282713 0.9955845937339372 0.9267045802022373 0.6282245215648717 0.283824453906373 0.16902443135354012 -0.22129564532609183 -0.5656957129845905 -0.7264157445585566 -1.2315358437910215 -0.3590556723894913 0.5134244990120389 -0.47385569494232427 -1.64481592498122 0 
0 -1.0708158122170555 -0.4049756814106245 -0.06057561375212573 -0.45089569043175765 -1.3004158573227214 -1.8973759745974526 -1.3463358663438545 0.19198443586410668 0.5823045125437386 0.283824453906373 0.5134244990120389 0.8807845711811042 1.0415046027550703 0.559344508033172 0.14606442684297352 -0.06057561375212573 -0.47385569494232427 -1.0248958031959223 -1.0248958031959223 -0.8871357761325227 -0.542735708474024 0.10014441782184036 -0.7723357535796899 -1.759615947534053 0 
0 -0.5886557174951572 -0.6116157220057238 -0.7723357535796899 -0.9789757941747891 -1.530015902428387 -1.8514559655763192 -1.3004158573227214 -0.22129564532609183 0.3756644719486394 0.4215844809697725 0.3756644719486394 0.7200645396071381 0.8348645621599711 0.6282245215648717 0.0312644042901406 -0.19833564081552524 -0.33609566787892475 -0.6116157220057238 -1.0708158122170555 -0.7952957580902564 -0.542735708474024 -1.3463358663438545 -1.7366559430234862 -1.369295870854421 0 
0 1.1333446207973366 0.21494444037467328 -0.5656957129845905 -1.1626558302593217 -1.5529759069389537 -1.6907359340023531 -1.3233758618332878 -0.5886557174951572 0.00830439977957402 0.4445444854803391 0.5134244990120389 0.5363845035226055 0.5363845035226055 0.4445444854803391 0.21494444037467328 -0.19833564081552524 -0.542735708474024 -0.33609566787892475 -0.29017565885779156 -0.9100957806430894 -1.0708158122170555 -1.1396958257487553 -1.415215879875554 -1.0478558077064888 0 
0 1.4547846839452687 0.35270446743807277 0.674144530586005 0.6511845260754384 -0.45089569043175765 -1.4611358888966874 -1.5070558979178206 -0.9100957806430894 -0.22129564532609183 0.283824453906373 0.39862447645920596 0.00830439977957402 -0.03761560924155915 -0.03761560924155915 -0.17537563630495864 -0.4049756814106245 -0.70345574004799 -0.9100957806430894 -0.542735708474024 -0.6116157220057238 -1.530015902428387 -1.3004158573227214 -0.9100957806430894 0.00830439977957402 0 
0 -0.7493757490691233 -1.0248958031959223 -0.17537563630495864 0.5823045125437386 1.2711046478607362 0.5363845035226055 -1.0478558077064888 -1.4611358888966874 -0.7264157445585566 0.05422440880070719 0.07718441331127378 -0.3590556723894913 -0.5656957129845905 -0.33609566787892475 -0.4279356859211911 -0.70345574004799 -0.933055785153656 -0.8412157671113896 -0.7493757490691233 -0.7493757490691233 -0.9789757941747891 -0.9560157896642225 -1.0708158122170555 0.4904644945014723 0 
0 -0.7952957580902564 -0.5197757039634574 -0.7952957580902564 -1.415215879875554 -0.6575357310268569 -0.03761560924155915 -1.3463358663438545 -1.254495848301588 -0.31313566336835813 0.05422440880070719 0.26086444939580644 -0.45089569043175765 -0.7493757490691233 -0.7493757490691233 -0.6575357310268569 -0.70345574004799 -1.0019357986853556 -1.1626558302593217 -1.0019357986853556 -0.9789757941747891 -1.0248958031959223 -1.0248958031959223 -1.369295870854421 -0.9560157896642225 0 
0 -0.29017565885779156 0.4215844809697725 -0.06057561375212573 -0.9560157896642225 -1.2085758392804549 -0.3820156769000579 -0.06057561375212573 0.8348645621599711 1.2940646523713026 0.9037445756916708 0.283824453906373 -0.4049756814106245 -0.7723357535796899 -0.8412157671113896 -0.8412157671113896 -0.9100957806430894 -0.8641757716219561 -1.0248958031959223 -1.254495848301588 -1.1167358212381886 -1.1856158347698884 -1.3004158573227214 -1.369295870854421 -1.1396958257487553 0 
0 0.9037445756916708 1.225184638839603 1.3629446659030025 1.4088646749241356 1.7073447335615013 2.1206248147516997 2.005824792198867 1.064464607265637 -0.1064956227732589 -0.4049756814106245 -0.5656957129845905 -0.5656957129845905 -0.5656957129845905 -0.8641757716219561 -1.0478558077064888 -1.2085758392804549 -1.254495848301588 -1.254495848301588 -1.093775816727622 -1.2315358437910215 -1.254495848301588 -1.0708158122170555 -1.5529759069389537 -1.6218559204706535 0 
0 1.1792646298184697 1.9599047831777336 2.2354248373045325 2.143584819262266 2.05174480122 2.3043048508362323 2.005824792198867 1.5695847064981017 0.8578245666705376 0.00830439977957402 -0.33609566787892475 -0.1064956227732589 -0.03761560924155915 -0.49681569945289084 -0.8412157671113896 -1.093775816727622 -0.933055785153656 -0.7952957580902564 -1.1396958257487553 -1.64481592498122 -1.7366559430234862 -1.5988959159600868 -1.64481592498122 -1.3922558753649876 0 
0 -0.6575357310268569 -0.6116157220057238 -0.47385569494232427 -0.5197757039634574 -0.4279356859211911 -0.17537563630495864 0.21494444037467328 0.6511845260754384 0.7430245441177047 0.23790444488523985 0.7659845486282713 0.5363845035226055 -0.17537563630495864 -0.29017565885779156 0.7430245441177047 0.19198443586410668 0.12310442233240694 0.14606442684297352 -0.5886557174951572 -1.3004158573227214 -1.3463358663438545 -1.5529759069389537 -1.7136959385129198 -0.9789757941747891 0 
0 0.5823045125437386 0.14606442684297352 0.21494444037467328 0.3756644719486394 1.2711046478607362 1.11038461628677 0.9496645847128039 0.7430245441177047 0.23790444488523985 -0.3590556723894913 0.14606442684297352 0.5823045125437386 0.5823045125437386 0.6282245215648717 1.5695847064981017 0.9955845937339372 0.19198443586410668 -1.0708158122170555 -0.933055785153656 -0.5656957129845905 -0.7952957580902564 -1.0708158122170555 -1.2085758392804549 -1.3922558753649876 0 
0 1.5236646974769685 1.9599047831777336 2.212464832793966 2.3043048508362323 1.8680647651354674 1.5466247019875352 1.9599047831777336 1.5695847064981017 0.9037445756916708 -0.12945562728382548 -0.4049756814106245 0.0312644042901406 0.9955845937339372 1.4318246794347023 1.5925447110086683 1.2022246343290364 0.0312644042901406 -0.47385569494232427 -0.33609566787892475 0.39862447645920596 0.19198443586410668 -0.7264157445585566 -1.0019357986853556 -1.1626558302593217 0 
0 1.225184638839603 1.0185445982445036 1.3859046704135691 1.339984661392436 1.1792646298184697 1.5466247019875352 1.8680647651354674 1.2711046478607362 0.6971045350965716 0.4904644945014723 -0.2442556498366584 -0.45089569043175765 0.14606442684297352 0.8807845711811042 1.2711046478607362 0.4904644945014723 -0.8412157671113896 0.5134244990120389 1.5466247019875352 1.7532647425826344 1.7991847516037676 -0.267215654347225 -1.415215879875554 -0.818255762600823 0 
0 0 0 0 0 0 0 0 0 0 0 0 0 0 0 0 0 0 0 0 0 0 0 0 0 0 

