0 0 0 0 0 0 0 0 0 0 0 0 0 0 0 0 0 0 0 0 0 0 0 0 0 0 
0 -0.31581391113079443 -0.38510370778315767 -0.3620071088990366 -0.15413771894194694 -0.15413771894194694 -0.13104112005782587 -0.06175132340546266 -0.03865472452134159 -0.13104112005782587 -0.13104112005782587 -0.13104112005782587 -0.15413771894194694 -0.08484792228958374 -0.06175132340546266 -0.15413771894194694 -0.3620071088990366 -0.5467798999720052 -0.8701322843497001 -0.1079445211737048 0.8621126319593803 1.3471412085259227 1.3240446096418017 1.093078620800591 0.3770840553928377 0 
0 -0.2003309167101891 -0.08484792228958374 0.07682826989926377 -0.03865472452134159 0.007538473246900555 0.19231126431986914 0.4463738520452009 0.3308908576245956 -0.08484792228958374 -0.015558125637220517 0.07682826989926377 -0.015558125637220517 0.23850446208811127 0.6773398408864116 0.49256704981344307 0.5156636486975641 0.8159194341911381 1.2085616152211962 1.439527604062407 1.4626242029465282 1.4857208018306491 1.06998202191647 0.7466296375387749 0.16921466543574806 0 
0 -0.22342751559431018 -0.13104112005782587 0.35398745650871666 0.5849534453499273 0.5387602475816852 1.0237888241482278 1.5319139995988913 1.8783629828607074 1.7397833895559809 1.2085616152211962 0.6542432420022906 0.6542432420022906 1.162368417452954 1.439527604062407 1.5550105984830125 1.2778514118735596 1.093078620800591 1.5319139995988913 1.6243003951353756 1.7397833895559809 1.9245561806289495 1.71668679067186 0.8621126319593803 -0.15413771894194694 0 
0 -0.5698764988561262 -0.29271731224667336 1.093078620800591 1.6243003951353756 1.416431005178286 1.785976587324223 1.8552663839765864 1.8552663839765864 2.15552216947016 2.432681356079613 2.455777954963734 2.016942576165434 2.016942576165434 1.8090731862083442 1.7397833895559809 1.71668679067186 1.416431005178286 1.3240446096418017 1.6704935929036178 2.0631357739336758 2.016942576165434 1.439527604062407 0.2846976598563534 -0.500586702203763 0 
0 -0.9856152787703055 -0.7084560921608527 1.0237888241482278 1.6704935929036178 1.8090731862083442 2.2248119661225236 2.1786187683542813 1.785976587324223 1.9938459772813129 2.2941017627748868 2.8253235371096714 2.6867439438049447 2.3402949605431287 1.9938459772813129 1.71668679067186 1.8321697850924652 1.9014595817448285 1.5781071973671335 1.6473969940194966 1.9476527795130707 1.439527604062407 0.3308908576245956 -0.1079445211737048 -0.500586702203763 0 
0 -0.8932288832338212 -0.29271731224667336 1.2547548129894384 1.9938459772813129 2.2017153672384024 2.2941017627748868 2.109328971701918 2.2017153672384024 2.317198361659008 2.36339155942725 3.01009632818264 2.7560337404573083 2.4095847571954923 2.016942576165434 1.8090731862083442 1.9245561806289495 2.2941017627748868 2.109328971701918 1.8090731862083442 1.5319139995988913 0.49256704981344307 -0.08484792228958374 -0.15413771894194694 -0.015558125637220517 0 
0 -0.5698764988561262 -0.03865472452134159 1.5550105984830125 2.3402949605431287 2.5250677516160973 2.2479085650066444 2.2479085650066444 2.36339155942725 1.9245561806289495 2.4095847571954923 3.033192927066761 2.8715167348779134 2.7560337404573083 2.2479085650066444 2.016942576165434 1.9707493783971917 2.432681356079613 2.455777954963734 1.9245561806289495 0.9544990274958645 0.16921466543574806 0.12302146766750592 0.09992486878338484 0.16921466543574806 0 
0 -0.22342751559431018 -0.38510370778315767 1.4857208018306491 2.455777954963734 2.5712609493843397 2.2479085650066444 2.15552216947016 2.2017153672384024 1.8321697850924652 2.5943575482684604 2.779130339341429 2.8022269382255502 2.8484201359937926 2.4095847571954923 2.1324255705860393 2.109328971701918 2.5943575482684604 2.455777954963734 1.7397833895559809 0.8390160330752592 0.26160106097223235 0.2846976598563534 0.26160106097223235 0.14611806655162698 0 
0 0.007538473246900555 -0.7315526910449738 1.2316582141053174 2.040039175049555 2.2941017627748868 2.317198361659008 2.086232372817797 1.8321697850924652 1.8552663839765864 2.4788745538478554 2.455777954963734 2.779130339341429 2.640550746036703 2.2248119661225236 1.9707493783971917 2.2479085650066444 2.5481643505002185 2.2710051638907656 1.4626242029465282 0.6773398408864116 0.3770840553928377 0.42327725316107984 0.3770840553928377 0.2154078632039902 0 
0 -0.24652411447843123 -0.477490103319642 0.8159194341911381 1.9245561806289495 2.016942576165434 2.3402949605431287 2.1324255705860393 1.71668679067186 1.6473969940194966 2.1324255705860393 2.432681356079613 2.5481643505002185 2.386488158311371 1.9476527795130707 2.016942576165434 2.455777954963734 1.9476527795130707 1.8090731862083442 1.416431005178286 0.769726236422896 0.3077942587404745 0.469470450929322 0.4463738520452009 0.3077942587404745 0 
0 -0.7084560921608527 0.23850446208811127 0.23850446208811127 2.0631357739336758 1.9014595817448285 2.2710051638907656 2.086232372817797 1.4626242029465282 1.06998202191647 1.6704935929036178 2.2248119661225236 2.2248119661225236 2.040039175049555 1.762879988440102 1.6704935929036178 1.9707493783971917 1.71668679067186 1.6243003951353756 1.0006922252641066 0.8159194341911381 0.26160106097223235 0.4463738520452009 0.4463738520452009 0.3308908576245956 0 
0 -0.8470356854655791 1.0237888241482278 -0.3620071088990366 1.093078620800591 1.9014595817448285 2.2248119661225236 2.0631357739336758 1.0468854230323488 0.14611806655162698 0.2154078632039902 0.6080500442340484 0.9544990274958645 0.9314024286117434 0.6311466431181695 -0.3389105100149155 0.5618568464658062 2.2479085650066444 1.6935901917877387 0.35398745650871666 0.2846976598563534 0.2846976598563534 0.3308908576245956 0.40018065427695876 0.3308908576245956 0 
0 -0.6160696966243684 1.2778514118735596 -0.2003309167101891 0.14611806655162698 1.6012037962512544 2.040039175049555 1.7397833895559809 0.7004364397705327 0.26160106097223235 0.007538473246900555 -0.03865472452134159 0.09992486878338484 0.16921466543574806 -0.13104112005782587 -1.101098273190911 0.3077942587404745 2.040039175049555 1.0237888241482278 0.14611806655162698 0.19231126431986914 0.3308908576245956 0.3308908576245956 0.26160106097223235 0.3077942587404745 0 
0 0.14611806655162698 1.762879988440102 0.7235330386546538 0.35398745650871666 1.3240446096418017 2.016942576165434 1.4626242029465282 0.35398745650871666 0.09992486878338484 0.19231126431986914 0.23850446208811127 0.2154078632039902 0.2846976598563534 0.030635072131021627 -0.9394220810020634 0.469470450929322 1.5550105984830125 0.4463738520452009 0.16921466543574806 0.19231126431986914 0.2154078632039902 0.19231126431986914 0.14611806655162698 0.26160106097223235 0 
0 1.1161752196847121 2.2479085650066444 0.769726236422896 0.3308908576245956 1.3471412085259227 2.086232372817797 1.162368417452954 0.07682826989926377 0.007538473246900555 0.2154078632039902 0.3308908576245956 0.3077942587404745 0.3308908576245956 -0.015558125637220517 -1.170388069843274 0.4463738520452009 1.0237888241482278 0.12302146766750592 0.19231126431986914 0.2154078632039902 0.2154078632039902 0.19231126431986914 0.16921466543574806 0.19231126431986914 0 
0 1.8783629828607074 1.9245561806289495 0.19231126431986914 -0.015558125637220517 1.1854650163370752 1.785976587324223 -0.015558125637220517 -1.147291470959153 -1.0087118776544266 -0.800842487697337 -0.500586702203763 -0.15413771894194694 0.16921466543574806 -0.03865472452134159 -1.3551608609162427 0.14611806655162698 0.6080500442340484 0.23850446208811127 0.3770840553928377 0.3077942587404745 0.3077942587404745 0.26160106097223235 0.16921466543574806 0.12302146766750592 0 
0 1.8552663839765864 0.7235330386546538 -1.0780016743067897 -0.5698764988561262 0.9314024286117434 0.8621126319593803 -1.147291470959153 -1.72470644306218 -1.3089676631480005 -0.4543935044355209 -0.500586702203763 -0.5929730977402473 -0.26962071336255233 -0.24652411447843123 -1.101098273190911 -0.08484792228958374 0.49256704981344307 0.5849534453499273 0.5156636486975641 0.40018065427695876 0.3308908576245956 0.23850446208811127 0.12302146766750592 0.09992486878338484 0 
0 1.1854650163370752 -0.6622628943926105 -1.72470644306218 -0.24652411447843123 0.769726236422896 0.007538473246900555 -1.72470644306218 -1.770899640830422 -1.51683705310509 -0.3389105100149155 0.469470450929322 0.2154078632039902 0.07682826989926377 -0.3389105100149155 -0.6853594932767316 0.2154078632039902 0.4463738520452009 0.49256704981344307 0.40018065427695876 0.2846976598563534 0.26160106097223235 0.2154078632039902 0.14611806655162698 0.12302146766750592 0 
0 0.7235330386546538 -1.170388069843274 -1.6323200475256956 -0.8239390865814581 0.19231126431986914 -0.5236833010878841 -1.2858710642638795 -0.9163254821179423 -1.1934846687273952 -1.170388069843274 -0.08484792228958374 0.40018065427695876 0.4463738520452009 0.007538473246900555 -0.40820030666727875 0.5849534453499273 0.5156636486975641 0.469470450929322 0.35398745650871666 0.23850446208811127 0.19231126431986914 0.19231126431986914 0.2154078632039902 0.26160106097223235 0 
0 0.2154078632039902 -0.7777458888132159 -0.6622628943926105 -0.7777458888132159 -0.29271731224667336 0.14611806655162698 0.07682826989926377 0.26160106097223235 0.14611806655162698 -0.7315526910449738 -1.1241948720750319 -0.1079445211737048 0.42327725316107984 -0.03865472452134159 -0.3389105100149155 0.7235330386546538 0.5849534453499273 0.4463738520452009 0.23850446208811127 0.19231126431986914 0.19231126431986914 0.19231126431986914 0.19231126431986914 0.19231126431986914 0 
0 0.030635072131021627 0.09992486878338484 0.3770840553928377 0.0537316710151427 -0.03865472452134159 0.6311466431181695 0.5156636486975641 0.40018065427695876 0.49256704981344307 0.3770840553928377 -0.2003309167101891 -0.6622628943926105 -0.5236833010878841 -0.477490103319642 0.0537316710151427 0.49256704981344307 0.40018065427695876 0.14611806655162698 0.030635072131021627 0.07682826989926377 0.23850446208811127 0.3308908576245956 0.2846976598563534 0.12302146766750592 0 
0 -0.3389105100149155 0.16921466543574806 0.5156636486975641 0.4463738520452009 0.2154078632039902 0.5156636486975641 0.769726236422896 0.5618568464658062 0.6080500442340484 0.6311466431181695 0.5156636486975641 0.2846976598563534 -0.4543935044355209 -1.147291470959153 -0.31581391113079443 0.5618568464658062 0.8621126319593803 0.2154078632039902 0.09992486878338484 0.12302146766750592 0.16921466543574806 0.2846976598563534 0.2846976598563534 0.07682826989926377 0 
0 -0.9625186798861844 -0.5467798999720052 0.42327725316107984 0.3308908576245956 0.49256704981344307 0.49256704981344307 0.40018065427695876 0.3077942587404745 0.469470450929322 0.49256704981344307 0.40018065427695876 0.4463738520452009 0.4463738520452009 0.26160106097223235 0.007538473246900555 0.16921466543574806 0.8621126319593803 0.35398745650871666 0.16921466543574806 0.26160106097223235 0.35398745650871666 0.19231126431986914 0.19231126431986914 0.12302146766750592 0 
0 -0.3620071088990366 -1.2165812676115162 -0.5929730977402473 0.12302146766750592 0.6773398408864116 0.6080500442340484 -0.015558125637220517 -0.015558125637220517 0.2846976598563534 0.3077942587404745 0.23850446208811127 0.2846976598563534 0.16921466543574806 0.3077942587404745 0.3770840553928377 0.2154078632039902 0.2154078632039902 0.23850446208811127 0.12302146766750592 0.14611806655162698 0.26160106097223235 0.3077942587404745 0.19231126431986914 0.12302146766750592 0 
0 0 0 0 0 0 0 0 0 0 0 0 0 0 0 0 0 0 0 0 0 0 0 0 0 0 

0 0 0 0 0 0 0 0 0 0 0 0 0 0 0 0 0 0 0 0 0 0 0 0 0 0 
0 -0.5698764988561262 -0.5929730977402473 -0.5698764988561262 -0.31581391113079443 -0.26962071336255233 -0.26962071336255233 -0.24652411447843123 -0.2003309167101891 -0.24652411447843123 -0.31581391113079443 -0.38510370778315767 -0.38510370778315767 -0.24652411447843123 -0.15413771894194694 -0.3389105100149155 -0.7084560921608527 -1.0087118776544266 -1.3551608609162427 -0.7084560921608527 0.07682826989926377 0.49256704981344307 0.40018065427695876 0.07682826989926377 -0.6391662955084895 0 
0 -0.38510370778315767 -0.29271731224667336 -0.15413771894194694 -0.29271731224667336 -0.22342751559431018 -0.1079445211737048 0.007538473246900555 -0.08484792228958374 -0.3620071088990366 -0.31581391113079443 -0.29271731224667336 -0.38510370778315767 -0.15413771894194694 0.23850446208811127 -0.15413771894194694 -0.24652411447843123 -0.06175132340546266 0.23850446208811127 0.469470450929322 0.5156636486975641 0.4463738520452009 -0.1079445211737048 -0.5698764988561262 -1.0549050754226688 0 
0 -0.2003309167101891 -0.22342751559431018 0.0537316710151427 0.14611806655162698 -0.03865472452134159 0.23850446208811127 0.6542432420022906 1.0468854230323488 1.06998202191647 0.6311466431181695 0.0537316710151427 0.007538473246900555 0.5156636486975641 0.7004364397705327 0.5387602475816852 0.14611806655162698 -0.13104112005782587 0.23850446208811127 0.3770840553928377 0.5156636486975641 0.6311466431181695 0.3077942587404745 -0.5929730977402473 -1.447547256452727 0 
0 -0.5236833010878841 -0.477490103319642 0.6080500442340484 0.8159194341911381 0.4463738520452009 0.7466296375387749 0.6773398408864116 0.6773398408864116 1.139271818568833 1.5781071973671335 1.6012037962512544 1.1161752196847121 1.06998202191647 0.8390160330752592 0.769726236422896 0.6773398408864116 0.2846976598563534 0.12302146766750592 0.35398745650871666 0.7004364397705327 0.7466296375387749 0.3077942587404745 -0.7315526910449738 -1.4706438553368482 0 
0 -1.101098273190911 -1.101098273190911 0.2154078632039902 0.4463738520452009 0.5387602475816852 1.0006922252641066 0.8159194341911381 0.3770840553928377 0.7466296375387749 1.2316582141053174 1.8321697850924652 1.6473969940194966 1.2085616152211962 0.8852092308435013 0.6542432420022906 0.7004364397705327 0.6542432420022906 0.26160106097223235 0.26160106097223235 0.6080500442340484 0.4463738520452009 -0.17723431782606802 -0.26962071336255233 -0.9394220810020634 0 
0 -1.101098273190911 -0.9394220810020634 0.14611806655162698 0.6080500442340484 0.792822835307017 0.9083058297276224 0.7235330386546538 0.8852092308435013 1.1161752196847121 1.1161752196847121 1.9014595817448285 1.762879988440102 1.3009480107576805 0.769726236422896 0.469470450929322 0.5849534453499273 0.9083058297276224 0.5849534453499273 0.3308908576245956 0.5156636486975641 0.12302146766750592 -0.1079445211737048 0.07682826989926377 -0.03865472452134159 0 
0 -0.7777458888132159 -0.800842487697337 0.3077942587404745 0.9775956263799855 1.093078620800591 0.792822835307017 0.9544990274958645 1.1854650163370752 0.7235330386546538 0.9775956263799855 1.762879988440102 1.9014595817448285 1.6704935929036178 0.8621126319593803 0.5387602475816852 0.6080500442340484 1.1161752196847121 0.9775956263799855 0.469470450929322 0.3077942587404745 0.2846976598563534 0.26160106097223235 0.2154078632039902 0.3077942587404745 0 
0 -0.4543935044355209 -1.0780016743067897 0.35398745650871666 1.139271818568833 1.2316582141053174 0.8159194341911381 0.7004364397705327 0.769726236422896 0.40018065427695876 1.093078620800591 1.416431005178286 1.6243003951353756 1.6243003951353756 0.9544990274958645 0.6773398408864116 0.7466296375387749 1.2778514118735596 1.06998202191647 0.49256704981344307 0.26160106097223235 0.3308908576245956 0.2846976598563534 0.26160106097223235 0.3077942587404745 0 
0 -0.29271731224667336 -1.3551608609162427 0.23850446208811127 0.8390160330752592 1.0237888241482278 0.9544990274958645 0.5387602475816852 0.2846976598563534 0.4463738520452009 1.06998202191647 1.093078620800591 1.4857208018306491 1.2778514118735596 0.769726236422896 0.5387602475816852 0.8621126319593803 1.2085616152211962 1.0237888241482278 0.4463738520452009 0.23850446208811127 0.3770840553928377 0.2846976598563534 0.26160106097223235 0.3077942587404745 0 
0 -0.6160696966243684 -1.0318084765385478 -0.03865472452134159 0.792822835307017 0.769726236422896 0.9544990274958645 0.5618568464658062 0.23850446208811127 0.4463738520452009 0.9775956263799855 1.1854650163370752 1.2316582141053174 1.0237888241482278 0.5849534453499273 0.6080500442340484 1.0006922252641066 0.6080500442340484 0.6773398408864116 0.5849534453499273 0.49256704981344307 0.26160106097223235 0.19231126431986914 0.2154078632039902 0.26160106097223235 0 
0 -1.101098273190911 -0.3389105100149155 -0.500586702203763 1.06998202191647 0.7466296375387749 0.8621126319593803 0.49256704981344307 0.14611806655162698 0.14611806655162698 0.7004364397705327 1.093078620800591 1.0006922252641066 0.8159194341911381 0.5387602475816852 0.42327725316107984 0.6311466431181695 0.3077942587404745 0.5849534453499273 0.469470450929322 0.6773398408864116 0.19231126431986914 0.12302146766750592 0.19231126431986914 0.19231126431986914 0 
0 -1.3089676631480005 0.40018065427695876 -0.9394220810020634 0.3770840553928377 0.9083058297276224 0.769726236422896 0.40018065427695876 0.030635072131021627 -0.40820030666727875 -0.477490103319642 -0.15413771894194694 0.2154078632039902 0.19231126431986914 -0.17723431782606802 -1.1934846687273952 -0.4312969055513998 0.8852092308435013 0.8621126319593803 0.3077942587404745 0.2846976598563534 0.23850446208811127 0.16921466543574806 0.19231126431986914 0.2154078632039902 0 
0 -1.2165812676115162 0.6542432420022906 -0.6160696966243684 -0.38510370778315767 0.6080500442340484 0.6080500442340484 0.3308908576245956 0.12302146766750592 0.16921466543574806 -0.1079445211737048 -0.15413771894194694 -0.015558125637220517 0.07682826989926377 -0.38510370778315767 -1.72470644306218 -0.5236833010878841 0.9544990274958645 0.49256704981344307 0.23850446208811127 0.2846976598563534 0.35398745650871666 0.3308908576245956 0.2154078632039902 0.2846976598563534 0 
0 -0.5929730977402473 1.162368417452954 0.5387602475816852 0.030635072131021627 0.3770840553928377 0.6773398408864116 0.49256704981344307 0.2846976598563534 0.40018065427695876 0.3308908576245956 0.3077942587404745 0.2846976598563534 0.3308908576245956 -0.03865472452134159 -1.424450657568606 -0.26962071336255233 0.8621126319593803 0.23850446208811127 0.26160106097223235 0.2846976598563534 0.2846976598563534 0.2846976598563534 0.23850446208811127 0.2846976598563534 0 
0 0.26160106097223235 1.6704935929036178 0.769726236422896 0.19231126431986914 0.42327725316107984 0.8621126319593803 0.4463738520452009 0.2154078632039902 0.26160106097223235 0.26160106097223235 0.3308908576245956 0.3077942587404745 0.3308908576245956 -0.08484792228958374 -1.6092234486415744 -0.3389105100149155 0.5618568464658062 0.09992486878338484 0.12302146766750592 0.14611806655162698 0.23850446208811127 0.23850446208811127 0.26160106097223235 0.2154078632039902 0 
0 0.9775956263799855 1.3933344062941648 0.3077942587404745 -0.1079445211737048 0.2846976598563534 0.6311466431181695 -0.6160696966243684 -1.0780016743067897 -0.9856152787703055 -0.8239390865814581 -0.4312969055513998 -0.06175132340546266 0.2846976598563534 0.030635072131021627 -1.770899640830422 -0.7084560921608527 0.2154078632039902 0.16921466543574806 0.12302146766750592 0.09992486878338484 0.16921466543574806 0.2154078632039902 0.16921466543574806 0.12302146766750592 0 
0 1.0237888241482278 0.42327725316107984 -1.0780016743067897 -0.9163254821179423 0.030635072131021627 0.07682826989926377 -1.3782574598003638 -1.7016098441780587 -1.4706438553368482 -0.7084560921608527 -0.6853594932767316 -0.7084560921608527 -0.29271731224667336 -0.29271731224667336 -1.4937404542209691 -0.7084560921608527 -0.015558125637220517 0.2154078632039902 0.16921466543574806 0.09992486878338484 0.12302146766750592 0.09992486878338484 0.0537316710151427 0.007538473246900555 0 
0 0.42327725316107984 -0.9163254821179423 -1.8170928385986642 -0.7315526910449738 -0.06175132340546266 -0.6160696966243684 -1.8170928385986642 -1.7478030419463009 -1.6785132452939378 -0.5236833010878841 0.3308908576245956 0.030635072131021627 -0.13104112005782587 -0.6160696966243684 -1.101098273190911 -0.3389105100149155 -0.1079445211737048 0.07682826989926377 0.07682826989926377 0.007538473246900555 0.030635072131021627 0.0537316710151427 0.007538473246900555 -0.03865472452134159 0 
0 0.07682826989926377 -1.4013540586844848 -1.770899640830422 -1.2858710642638795 -0.5236833010878841 -1.0318084765385478 -1.3782574598003638 -0.8701322843497001 -1.2858710642638795 -1.2627744653797583 -0.15413771894194694 0.23850446208811127 0.19231126431986914 -0.31581391113079443 -0.9163254821179423 0.007538473246900555 0.007538473246900555 0.14611806655162698 0.12302146766750592 0.030635072131021627 -0.03865472452134159 0.007538473246900555 0.030635072131021627 0.07682826989926377 0 
0 -0.24652411447843123 -0.9163254821179423 -0.7777458888132159 -1.2165812676115162 -0.9163254821179423 -0.29271731224667336 -0.08484792228958374 0.2154078632039902 0.030635072131021627 -0.8932288832338212 -1.2858710642638795 -0.29271731224667336 0.26160106097223235 -0.29271731224667336 -0.8932288832338212 0.12302146766750592 0.09992486878338484 0.19231126431986914 0.07682826989926377 0.0537316710151427 0.007538473246900555 -0.06175132340546266 -0.06175132340546266 -0.03865472452134159 0 
0 -0.29271731224667336 0.030635072131021627 0.2846976598563534 -0.31581391113079443 -0.6391662955084895 0.07682826989926377 0.16921466543574806 0.14611806655162698 0.19231126431986914 0.09992486878338484 -0.4543935044355209 -0.8701322843497001 -0.6622628943926105 -0.7084560921608527 -0.5467798999720052 -0.13104112005782587 -0.06175132340546266 -0.06175132340546266 -0.06175132340546266 -0.03865472452134159 0.07682826989926377 0.09992486878338484 -0.03865472452134159 -0.08484792228958374 0 
0 -0.6391662955084895 -0.06175132340546266 0.26160106097223235 0.16921466543574806 -0.29271731224667336 -0.1079445211737048 0.26160106097223235 0.09992486878338484 0.14611806655162698 0.26160106097223235 0.19231126431986914 -0.015558125637220517 -0.7315526910449738 -1.4706438553368482 -0.8470356854655791 -0.06175132340546266 0.3308908576245956 -0.015558125637220517 0.007538473246900555 -0.06175132340546266 -0.03865472452134159 0.030635072131021627 0.030635072131021627 -0.06175132340546266 0 
0 -1.147291470959153 -0.7315526910449738 0.19231126431986914 0.09992486878338484 -0.06175132340546266 -0.15413771894194694 0.12302146766750592 0.07682826989926377 0.07682826989926377 0.09992486878338484 0.07682826989926377 0.12302146766750592 0.12302146766750592 -0.08484792228958374 -0.40820030666727875 -0.3389105100149155 0.3770840553928377 0.09992486878338484 0.007538473246900555 0.030635072131021627 0.12302146766750592 -0.03865472452134159 -0.03865472452134159 -0.015558125637220517 0 
0 -0.38510370778315767 -1.147291470959153 -0.6160696966243684 -0.06175132340546266 0.007538473246900555 -0.03865472452134159 -0.03865472452134159 0.07682826989926377 0.09992486878338484 0.0537316710151427 0.030635072131021627 0.07682826989926377 -0.03865472452134159 0.07682826989926377 0.12302146766750592 -0.08484792228958374 -0.08484792228958374 -0.015558125637220517 -0.08484792228958374 -0.03865472452134159 0.07682826989926377 0.09992486878338484 -0.015558125637220517 -0.1079445211737048 0 
0 0 0 0 0 0 0 0 0 0 0 0 0 0 0 0 0 0 0 0 0 0 0 0 0 0 

0 0 0 0 0 0 0 0 0 0 0 0 0 0 0 0 0 0 0 0 0 0 0 0 0 0 
0 -1.6554166464098166 -1.7016098441780587 -1.7478030419463009 -1.5399336519892113 -1.5399336519892113 -1.5630302508733322 -1.51683705310509 -1.4937404542209691 -1.6092234486415744 -1.51683705310509 -1.51683705310509 -1.6323200475256956 -1.5861268497574534 -1.4937404542209691 -1.3551608609162427 -1.3782574598003638 -1.4013540586844848 -1.6092234486415744 -0.8932288832338212 -0.08484792228958374 0.14611806655162698 -0.22342751559431018 -0.7315526910449738 -1.101098273190911 0 
0 -1.6092234486415744 -1.4706438553368482 -1.2858710642638795 -1.3782574598003638 -1.2396778664956374 -1.0318084765385478 -0.8701322843497001 -0.9625186798861844 -1.3089676631480005 -1.4013540586844848 -1.3551608609162427 -1.3320642620321217 -1.0318084765385478 -0.5698764988561262 -0.7546492899290949 -0.7084560921608527 -0.4543935044355209 -0.24652411447843123 -0.06175132340546266 0.007538473246900555 -0.15413771894194694 -0.8239390865814581 -1.3089676631480005 -1.4937404542209691 0 
0 -1.6554166464098166 -1.51683705310509 -0.9856152787703055 -0.7084560921608527 -0.6853594932767316 -0.24652411447843123 0.19231126431986914 0.5849534453499273 0.5387602475816852 -0.17723431782606802 -0.800842487697337 -0.6160696966243684 0.07682826989926377 0.35398745650871666 0.16921466543574806 -0.17723431782606802 -0.5698764988561262 -0.4312969055513998 -0.40820030666727875 -0.2003309167101891 -0.06175132340546266 -0.3389105100149155 -1.2165812676115162 -1.9325758330192695 0 
0 -1.6554166464098166 -1.4937404542209691 -0.24652411447843123 0.12302146766750592 -0.24652411447843123 0.030635072131021627 0.007538473246900555 -0.015558125637220517 0.42327725316107984 0.792822835307017 0.9083058297276224 0.6080500442340484 0.792822835307017 0.5849534453499273 0.3077942587404745 0.19231126431986914 -0.3620071088990366 -0.800842487697337 -0.6160696966243684 -0.2003309167101891 -0.13104112005782587 -0.5698764988561262 -1.5861268497574534 -2.2097350196287224 0 
0 -1.5630302508733322 -1.5861268497574534 -0.38510370778315767 -0.24652411447843123 -0.26962071336255233 0.14611806655162698 0.007538473246900555 -0.4543935044355209 -0.1079445211737048 0.4463738520452009 1.162368417452954 1.06998202191647 0.7235330386546538 0.40018065427695876 0.007538473246900555 0.0537316710151427 -0.06175132340546266 -0.6853594932767316 -0.7315526910449738 -0.3389105100149155 -0.6160696966243684 -1.424450657568606 -1.6323200475256956 -2.0018656296716326 0 
0 -1.1241948720750319 -1.2165812676115162 -0.4543935044355209 -0.17723431782606802 -0.06175132340546266 0.09992486878338484 0.030635072131021627 0.2154078632039902 0.3308908576245956 0.3077942587404745 1.1161752196847121 1.0237888241482278 0.5849534453499273 0.0537316710151427 -0.31581391113079443 -0.2003309167101891 0.09992486878338484 -0.26962071336255233 -0.6391662955084895 -0.6391662955084895 -1.2627744653797583 -1.6323200475256956 -1.5630302508733322 -1.4937404542209691 0 
0 -0.7315526910449738 -1.170388069843274 -0.4312969055513998 0.09992486878338484 0.2154078632039902 -0.015558125637220517 0.2846976598563534 0.5156636486975641 -0.1079445211737048 0.030635072131021627 0.8621126319593803 1.0468854230323488 0.8621126319593803 0.0537316710151427 -0.3389105100149155 -0.31581391113079443 0.19231126431986914 0.09992486878338484 -0.477490103319642 -1.0087118776544266 -1.2858710642638795 -1.3089676631480005 -1.3551608609162427 -1.3320642620321217 0 
0 -0.477490103319642 -1.447547256452727 -0.3620071088990366 0.2846976598563534 0.3770840553928377 0.030635072131021627 -0.03865472452134159 -0.06175132340546266 -0.5698764988561262 0.07682826989926377 0.469470450929322 0.7235330386546538 0.7235330386546538 0.0537316710151427 -0.22342751559431018 -0.17723431782606802 0.35398745650871666 0.14611806655162698 -0.4543935044355209 -0.8932288832338212 -1.0318084765385478 -1.0549050754226688 -1.0780016743067897 -1.2165812676115162 0 
0 -0.4312969055513998 -1.6785132452939378 -0.40820030666727875 -0.015558125637220517 0.19231126431986914 0.16921466543574806 -0.26962071336255233 -0.6391662955084895 -0.5698764988561262 0.07682826989926377 0.16921466543574806 0.5849534453499273 0.3308908576245956 -0.22342751559431018 -0.38510370778315767 -0.03865472452134159 0.2846976598563534 0.0537316710151427 -0.5236833010878841 -0.8239390865814581 -0.8470356854655791 -0.8701322843497001 -0.9163254821179423 -1.0318084765385478 0 
0 -0.8239390865814581 -1.3320642620321217 -0.6160696966243684 -0.06175132340546266 -0.06175132340546266 0.19231126431986914 -0.26962071336255233 -0.6160696966243684 -0.38510370778315767 0.07682826989926377 0.3308908576245956 0.42327725316107984 0.12302146766750592 -0.4312969055513998 -0.3389105100149155 0.09992486878338484 -0.31581391113079443 -0.3389105100149155 -0.4543935044355209 -0.5929730977402473 -0.9163254821179423 -0.9163254821179423 -0.9163254821179423 -0.9163254821179423 0 
0 -1.424450657568606 -0.7777458888132159 -1.0087118776544266 0.3308908576245956 -0.1079445211737048 0.030635072131021627 -0.38510370778315767 -0.7084560921608527 -0.5929730977402473 -0.015558125637220517 0.3770840553928377 0.2846976598563534 -0.015558125637220517 -0.38510370778315767 -0.477490103319642 -0.24652411447843123 -0.5698764988561262 -0.4312969055513998 -0.6391662955084895 -0.500586702203763 -1.0087118776544266 -1.0087118776544266 -0.9625186798861844 -0.9394220810020634 0 
0 -1.7016098441780587 -0.29271731224667336 -1.4013540586844848 -0.17723431782606802 0.030635072131021627 -0.06175132340546266 -0.4543935044355209 -0.9394220810020634 -1.3089676631480005 -1.170388069843274 -0.9163254821179423 -0.6853594932767316 -0.7315526910449738 -0.9625186798861844 -1.8632860363669064 -1.2165812676115162 0.0537316710151427 -0.15413771894194694 -0.9394220810020634 -0.9856152787703055 -1.0087118776544266 -1.0318084765385478 -1.0087118776544266 -0.9856152787703055 0 
0 -1.4937404542209691 0.030635072131021627 -1.2627744653797583 -1.1934846687273952 -0.24652411447843123 -0.06175132340546266 -0.477490103319642 -1.0087118776544266 -1.0318084765385478 -1.2396778664956374 -1.3551608609162427 -1.2858710642638795 -1.101098273190911 -1.2627744653797583 -2.1866384207446012 -1.147291470959153 0.07682826989926377 -0.7084560921608527 -1.147291470959153 -1.0318084765385478 -0.9394220810020634 -0.9625186798861844 -1.0549050754226688 -0.9856152787703055 0 
0 -0.8470356854655791 0.6080500442340484 -0.40820030666727875 -1.1241948720750319 -0.5929730977402473 -0.15413771894194694 -0.5467798999720052 -1.170388069843274 -1.2396778664956374 -1.147291470959153 -1.1241948720750319 -1.147291470959153 -0.9625186798861844 -0.9625186798861844 -1.72470644306218 -0.7546492899290949 -0.08484792228958374 -1.101098273190911 -1.170388069843274 -1.0780016743067897 -1.0549050754226688 -1.0780016743067897 -1.1241948720750319 -1.0087118776544266 0 
0 -0.13104112005782587 1.093078620800591 -0.4312969055513998 -1.1241948720750319 -0.5236833010878841 -0.015558125637220517 -0.5467798999720052 -1.1241948720750319 -1.2165812676115162 -1.101098273190911 -1.0318084765385478 -1.0780016743067897 -0.9856152787703055 -1.0318084765385478 -1.8401894374827852 -0.7315526910449738 -0.3389105100149155 -1.1934846687273952 -1.2165812676115162 -1.1934846687273952 -1.147291470959153 -1.147291470959153 -1.147291470959153 -1.0780016743067897 0 
0 0.35398745650871666 0.792822835307017 -0.9163254821179423 -1.3320642620321217 -0.4543935044355209 0.030635072131021627 -1.170388069843274 -1.793996239714543 -1.793996239714543 -1.770899640830422 -1.5630302508733322 -1.3551608609162427 -1.0780016743067897 -1.0549050754226688 -2.094252025208117 -1.0780016743067897 -0.6391662955084895 -0.9394220810020634 -1.0318084765385478 -1.2165812676115162 -1.170388069843274 -1.147291470959153 -1.2165812676115162 -1.1934846687273952 0 
0 0.3077942587404745 -0.13104112005782587 -1.6554166464098166 -1.51683705310509 -0.5698764988561262 -0.5236833010878841 -1.8170928385986642 -2.0711554263239957 -1.8632860363669064 -1.3551608609162427 -1.5630302508733322 -1.7016098441780587 -1.424450657568606 -1.2627744653797583 -1.8632860363669064 -1.1934846687273952 -0.8239390865814581 -0.7546492899290949 -0.8932288832338212 -1.0780016743067897 -1.101098273190911 -1.147291470959153 -1.2165812676115162 -1.3320642620321217 0 
0 -0.13104112005782587 -1.3320642620321217 -2.094252025208117 -0.9856152787703055 -0.4543935044355209 -1.0318084765385478 -2.117348624092238 -1.9325758330192695 -1.8632860363669064 -1.4013540586844848 -0.8239390865814581 -0.9625186798861844 -1.0087118776544266 -1.3089676631480005 -1.4706438553368482 -0.8932288832338212 -0.9625186798861844 -0.8932288832338212 -0.9625186798861844 -1.147291470959153 -1.147291470959153 -1.147291470959153 -1.1934846687273952 -1.2858710642638795 0 
0 -0.29271731224667336 -1.8401894374827852 -2.1404452229763593 -1.51683705310509 -0.8470356854655791 -1.4937404542209691 -1.9094792341351485 -1.3782574598003638 -1.770899640830422 -2.094252025208117 -1.2165812676115162 -0.8470356854655791 -0.9625186798861844 -1.3089676631480005 -1.3320642620321217 -0.5698764988561262 -0.8932288832338212 -0.8932288832338212 -0.9856152787703055 -1.147291470959153 -1.2165812676115162 -1.1934846687273952 -1.170388069843274 -1.0780016743067897 0 
0 -0.6853594932767316 -1.6092234486415744 -1.51683705310509 -1.6554166464098166 -1.4013540586844848 -1.0780016743067897 -1.101098273190911 -0.8701322843497001 -0.9394220810020634 -1.5399336519892113 -1.9556724319033905 -1.3089676631480005 -1.1241948720750319 -1.5399336519892113 -1.3551608609162427 -0.5236833010878841 -0.8470356854655791 -0.9394220810020634 -1.101098273190911 -1.147291470959153 -1.1934846687273952 -1.2396778664956374 -1.2396778664956374 -1.147291470959153 0 
0 -0.9163254821179423 -1.0318084765385478 -0.8701322843497001 -1.101098273190911 -1.2165812676115162 -0.6853594932767316 -0.8932288832338212 -1.0318084765385478 -0.8470356854655791 -0.8239390865814581 -1.3551608609162427 -1.7478030419463009 -1.6092234486415744 -1.5399336519892113 -0.9625186798861844 -0.7777458888132159 -1.0549050754226688 -1.2396778664956374 -1.2858710642638795 -1.2396778664956374 -1.1241948720750319 -1.0780016743067897 -1.170388069843274 -1.2627744653797583 0 
0 -1.3782574598003638 -1.101098273190911 -0.9394220810020634 -0.9394220810020634 -1.0549050754226688 -0.800842487697337 -0.7084560921608527 -0.9625186798861844 -0.8701322843497001 -0.7546492899290949 -0.800842487697337 -0.8932288832338212 -1.51683705310509 -2.117348624092238 -1.4013540586844848 -0.800842487697337 -0.6622628943926105 -1.2396778664956374 -1.2627744653797583 -1.2165812676115162 -1.1934846687273952 -1.101098273190911 -1.101098273190911 -1.2396778664956374 0 
0 -1.8632860363669064 -1.6785132452939378 -0.8932288832338212 -1.0087118776544266 -0.8932288832338212 -0.8932288832338212 -0.9394220810020634 -1.0780016743067897 -0.9625186798861844 -0.8701322843497001 -0.8932288832338212 -0.8470356854655791 -0.8470356854655791 -1.0318084765385478 -1.2858710642638795 -1.2396778664956374 -0.6160696966243684 -1.0549050754226688 -1.1934846687273952 -1.101098273190911 -1.0087118776544266 -1.170388069843274 -1.170388069843274 -1.170388069843274 0 
0 -1.170388069843274 -2.1404452229763593 -1.6785132452939378 -1.0549050754226688 -0.7084560921608527 -0.7777458888132159 -1.1934846687273952 -1.1934846687273952 -1.0318084765385478 -1.0087118776544266 -1.0549050754226688 -1.0087118776544266 -1.1241948720750319 -1.0318084765385478 -1.0549050754226688 -1.2165812676115162 -1.147291470959153 -1.0549050754226688 -1.147291470959153 -1.170388069843274 -1.0549050754226688 -1.0318084765385478 -1.147291470959153 -1.2396778664956374 0 
0 0 0 0 0 0 0 0 0 0 0 0 0 0 0 0 0 0 0 0 0 0 0 0 0 0 

