0 0 0 0 0 0 0 0 0 0 0 0 0 0 0 0 0 0 0 0 0 0 0 0 0 0 
0 0.8075230668032244 0.874664473695202 0.9082351771411908 0.9753765840331684 0.7403816599112467 0.5389574392353138 0.6060988461272914 0.40467462545135846 0.5389574392353138 1.0089472874791572 1.042517990925146 1.042517990925146 1.076088694371135 0.9753765840331684 0.9418058805871796 0.9082351771411908 0.9418058805871796 0.47181603234333613 -0.03174451934649623 -0.06531522279248506 -1.0052949192801721 -1.408143360632038 -1.206719139956105 -0.9717242158341832 0 
0 0.874664473695202 0.874664473695202 0.9418058805871796 0.9753765840331684 0.8410937702492132 0.6396695495732803 0.6396695495732803 0.5389574392353138 0.40467462545135846 0.9753765840331684 0.8410937702492132 0.8410937702492132 0.874664473695202 0.874664473695202 0.9418058805871796 1.042517990925146 0.47181603234333613 0.06896759099147023 0.47181603234333613 0.20325040477542552 -0.9717242158341832 -1.408143360632038 -1.1731484365101161 -0.9381535123881944 0 
0 0.874664473695202 0.9082351771411908 0.9418058805871796 0.9418058805871796 0.9082351771411908 0.673240253019269 0.7739523633572355 0.6396695495732803 0.47181603234333613 0.16967970132943672 -0.266739443468418 -0.5688757744823174 -0.5017343675903397 -0.30031014691440683 0.20325040477542552 0.5389574392353138 0.10253829443745906 0.33753321855938084 0.5053867357893249 0.16967970132943672 -0.8710121054962168 -1.4417140640780268 -1.206719139956105 -0.9045828089422057 0 
0 0.8410937702492132 0.9082351771411908 0.9082351771411908 0.9753765840331684 0.9082351771411908 0.7403816599112467 0.6396695495732803 0.6396695495732803 0.874664473695202 0.303962515113392 0.0018261840994925889 -0.4010222572523733 -0.46816366414435095 -0.1324566296844627 -0.03174451934649623 0.06896759099147023 0.03539688754548141 0.40467462545135846 0.5725281426813026 0.3711039220053696 -0.8038706986042392 -1.408143360632038 -1.1731484365101161 -0.8710121054962168 0 
0 0.8410937702492132 0.9082351771411908 0.9082351771411908 0.9418058805871796 0.9082351771411908 0.5725281426813026 0.4382453288973473 0.9082351771411908 0.9082351771411908 0.5389574392353138 -0.09888592623847388 -0.4010222572523733 -0.5688757744823174 -0.36745155380638445 0.16967970132943672 0.47181603234333613 0.5389574392353138 0.13610899788344788 0.16967970132943672 0.673240253019269 -0.7367292917122615 -1.408143360632038 -1.1395777330641275 -0.8710121054962168 0 
0 0.8410937702492132 0.9082351771411908 0.9082351771411908 0.9082351771411908 0.9082351771411908 0.7403816599112467 0.9753765840331684 0.9753765840331684 0.874664473695202 0.7403816599112467 0.10253829443745906 0.0018261840994925889 -0.266739443468418 -0.23316874002242918 0.20325040477542552 0.4382453288973473 0.5725281426813026 0.7739523633572355 0.4382453288973473 0.874664473695202 -0.7031585882662726 -1.3745726571860493 -1.1395777330641275 -0.837441402050228 0 
0 0.8410937702492132 0.9082351771411908 0.9082351771411908 0.9082351771411908 0.8410937702492132 0.4382453288973473 0.8075230668032244 1.0089472874791572 1.042517990925146 0.9082351771411908 0.27039181166740317 0.23682110822141436 0.10253829443745906 -0.1324566296844627 0.47181603234333613 0.6396695495732803 0.6060988461272914 0.5389574392353138 0.47181603234333613 0.9753765840331684 -0.6360171813742951 -1.3745726571860493 -1.1395777330641275 -0.837441402050228 0 
0 0.8075230668032244 0.874664473695202 0.874664473695202 0.874664473695202 0.874664473695202 0.5725281426813026 0.9753765840331684 1.042517990925146 0.8075230668032244 0.8075230668032244 0.47181603234333613 -0.03174451934649623 -0.09888592623847388 -0.1324566296844627 0.6396695495732803 0.673240253019269 0.7068109564652578 0.5053867357893249 0.16967970132943672 0.9418058805871796 -0.5688757744823174 -1.3745726571860493 -1.1395777330641275 -0.837441402050228 0 
0 0.8075230668032244 0.8410937702492132 0.874664473695202 0.874664473695202 0.8410937702492132 0.6060988461272914 0.9418058805871796 1.1432301012631125 1.1096593978171239 0.8075230668032244 0.673240253019269 -0.16602733313045154 -0.03174451934649623 0.23682110822141436 0.5389574392353138 0.673240253019269 0.8410937702492132 0.673240253019269 0.6060988461272914 0.874664473695202 -0.5353050710363286 -1.3745726571860493 -1.1731484365101161 -0.837441402050228 0 
0 0.8075230668032244 0.8410937702492132 0.8410937702492132 0.874664473695202 0.673240253019269 0.23682110822141436 0.13610899788344788 0.13610899788344788 0.13610899788344788 1.243942211601079 0.9082351771411908 0.4382453288973473 0.47181603234333613 0.4382453288973473 1.1432301012631125 0.8410937702492132 0.5725281426813026 0.47181603234333613 0.303962515113392 0.9418058805871796 -0.4345929606983621 -1.3745726571860493 -1.1731484365101161 -0.837441402050228 0 
0 0.7739523633572355 0.8075230668032244 0.8410937702492132 0.8075230668032244 0.5053867357893249 -0.06531522279248506 -0.23316874002242918 0.6396695495732803 -1.5759968778619822 -0.5017343675903397 1.1096593978171239 0.7403816599112467 0.5389574392353138 0.8075230668032244 -0.30031014691440683 -1.4752847675240157 0.03539688754548141 -0.4345929606983621 -0.23316874002242918 0.9753765840331684 -0.36745155380638445 -1.3745726571860493 -1.206719139956105 -0.8038706986042392 0 
0 0.7403816599112467 0.8075230668032244 0.8075230668032244 0.8410937702492132 0.5053867357893249 -0.46816366414435095 0.303962515113392 0.7068109564652578 0.13610899788344788 -0.837441402050228 0.303962515113392 0.6396695495732803 0.23682110822141436 0.13610899788344788 -1.3410019537400604 -0.46816366414435095 1.0089472874791572 -0.19959803657644035 -0.30031014691440683 1.076088694371135 -0.30031014691440683 -1.3745726571860493 -1.206719139956105 -0.8038706986042392 0 
0 0.7068109564652578 0.7403816599112467 0.7739523633572355 0.8075230668032244 0.47181603234333613 0.27039181166740317 0.5389574392353138 -0.06531522279248506 0.7739523633572355 1.1432301012631125 0.03539688754548141 0.3711039220053696 0.06896759099147023 -0.4010222572523733 0.7739523633572355 0.8075230668032244 -0.19959803657644035 -0.23316874002242918 -0.46816366414435095 0.9753765840331684 -0.23316874002242918 -1.3745726571860493 -1.206719139956105 -0.8038706986042392 0 
0 0.673240253019269 0.673240253019269 0.7068109564652578 0.7403816599112467 0.5053867357893249 0.33753321855938084 0.7403816599112467 0.40467462545135846 0.20325040477542552 0.16967970132943672 -0.4010222572523733 0.16967970132943672 -0.1324566296844627 -0.8710121054962168 0.20325040477542552 0.16967970132943672 -0.03174451934649623 0.13610899788344788 -0.03174451934649623 0.9753765840331684 -0.16602733313045154 -1.3745726571860493 -1.240289843402094 -0.837441402050228 0 
0 0.5725281426813026 0.6060988461272914 0.6396695495732803 0.7068109564652578 0.5053867357893249 -0.266739443468418 -0.4010222572523733 -0.266739443468418 0.3711039220053696 0.5725281426813026 -0.33388085036039566 -0.09888592623847388 -0.30031014691440683 -0.9381535123881944 0.10253829443745906 0.13610899788344788 -0.33388085036039566 -0.6024464779283062 -0.33388085036039566 0.9753765840331684 -0.1324566296844627 -1.3410019537400604 -1.240289843402094 -0.837441402050228 0 
0 0.5389574392353138 0.6060988461272914 0.6060988461272914 0.6060988461272914 0.23682110822141436 0.10253829443745906 -0.19959803657644035 -0.09888592623847388 0.5053867357893249 0.7739523633572355 0.4382453288973473 0.27039181166740317 0.13610899788344788 -0.30031014691440683 0.33753321855938084 0.06896759099147023 -0.6360171813742951 -0.837441402050228 -0.06531522279248506 1.076088694371135 -0.1324566296844627 -1.3745726571860493 -1.2738605468480826 -0.9045828089422057 0 
0 0.5053867357893249 0.5389574392353138 0.6060988461272914 0.5053867357893249 0.20325040477542552 0.40467462545135846 0.03539688754548141 0.40467462545135846 0.5389574392353138 0.7403816599112467 0.7739523633572355 0.27039181166740317 0.0018261840994925889 0.20325040477542552 0.23682110822141436 0.03539688754548141 -0.19959803657644035 -0.36745155380638445 0.5725281426813026 1.042517990925146 -0.09888592623847388 -1.3745726571860493 -1.3074312502940715 -0.9381535123881944 0 
0 0.47181603234333613 0.5053867357893249 0.6060988461272914 0.40467462545135846 0.16967970132943672 0.47181603234333613 0.303962515113392 0.06896759099147023 0.7739523633572355 0.673240253019269 1.1432301012631125 0.7403816599112467 0.10253829443745906 1.3446543219390454 0.33753321855938084 0.23682110822141436 0.16967970132943672 0.27039181166740317 0.7403816599112467 0.9418058805871796 -0.09888592623847388 -1.3745726571860493 -1.3410019537400604 -0.9717242158341832 0 
0 0.40467462545135846 0.47181603234333613 0.5389574392353138 0.13610899788344788 0.27039181166740317 0.5053867357893249 0.9082351771411908 0.874664473695202 0.7068109564652578 0.5725281426813026 0.7403816599112467 0.6396695495732803 0.4382453288973473 1.2103715081550903 0.6060988461272914 0.27039181166740317 0.5053867357893249 0.47181603234333613 0.7068109564652578 0.8410937702492132 -0.06531522279248506 -1.3745726571860493 -1.3745726571860493 -1.0052949192801721 0 
0 0.3711039220053696 0.4382453288973473 0.3711039220053696 -0.06531522279248506 0.40467462545135846 0.8410937702492132 1.2775129150470679 1.5460785426149783 1.2775129150470679 0.6396695495732803 0.27039181166740317 0.06896759099147023 -0.06531522279248506 0.10253829443745906 0.16967970132943672 0.303962515113392 0.5389574392353138 0.6060988461272914 0.6060988461272914 0.7739523633572355 -0.06531522279248506 -1.3745726571860493 -1.408143360632038 -1.0724363261721497 0 
0 0.303962515113392 0.33753321855938084 0.27039181166740317 -0.03174451934649623 0.27039181166740317 1.076088694371135 1.6132199495069561 1.5125078391689897 1.3782250253850343 1.042517990925146 0.9082351771411908 0.7068109564652578 0.47181603234333613 0.40467462545135846 0.3711039220053696 0.8075230668032244 1.042517990925146 1.042517990925146 0.6396695495732803 0.673240253019269 -0.09888592623847388 -1.3745726571860493 -1.4417140640780268 -1.1395777330641275 0 
0 0.23682110822141436 0.303962515113392 0.16967970132943672 0.03539688754548141 0.4382453288973473 1.1096593978171239 1.7810734667369001 1.848214873628878 1.7139320598449226 1.5125078391689897 1.1096593978171239 0.7403816599112467 0.6396695495732803 0.7739523633572355 0.9418058805871796 1.243942211601079 1.3446543219390454 1.3446543219390454 0.7739523633572355 0.5725281426813026 -0.06531522279248506 -1.3410019537400604 -1.4752847675240157 -1.206719139956105 0 
0 0.20325040477542552 0.20325040477542552 -0.03174451934649623 -0.1324566296844627 0.5053867357893249 1.3110836184930568 1.9153562805208555 2.0832097977507997 2.0496390943048106 1.9153562805208555 1.646790652952945 1.243942211601079 1.076088694371135 1.1768008047091014 1.3446543219390454 1.3782250253850343 1.5460785426149783 1.445366432277012 0.6396695495732803 0.47181603234333613 -0.03174451934649623 -1.3410019537400604 -1.5424261744159933 -1.2738605468480826 0 
0 0.13610899788344788 0.16967970132943672 -0.09888592623847388 -0.33388085036039566 0.47181603234333613 1.5796492460609672 1.9153562805208555 2.1167805011967884 2.150351204642777 2.0496390943048106 1.9153562805208555 1.7139320598449226 1.5460785426149783 1.5125078391689897 1.5125078391689897 1.445366432277012 1.5796492460609672 1.4117957288310232 0.4382453288973473 0.3711039220053696 -0.09888592623847388 -1.3410019537400604 -1.5759968778619822 -1.3410019537400604 0 
0 0 0 0 0 0 0 0 0 0 0 0 0 0 0 0 0 0 0 0 0 0 0 0 0 0 

0 0 0 0 0 0 0 0 0 0 0 0 0 0 0 0 0 0 0 0 0 0 0 0 0 0 
0 0.8410937702492132 0.9082351771411908 0.9418058805871796 0.9753765840331684 0.3711039220053696 -0.09888592623847388 0.13610899788344788 -0.30031014691440683 0.13610899788344788 1.042517990925146 1.0089472874791572 1.1096593978171239 1.042517990925146 1.0089472874791572 0.9418058805871796 0.9418058805871796 0.9082351771411908 -0.03174451934649623 -0.4345929606983621 -0.7367292917122615 -1.3074312502940715 -1.6095675813079708 -1.2738605468480826 -0.9045828089422057 0 
0 0.9082351771411908 0.9082351771411908 0.9753765840331684 1.0089472874791572 0.5725281426813026 -0.06531522279248506 0.10253829443745906 -0.06531522279248506 -0.5017343675903397 0.7068109564652578 0.8075230668032244 0.5725281426813026 0.673240253019269 0.8075230668032244 1.042517990925146 0.9753765840331684 -0.03174451934649623 -0.5017343675903397 -0.06531522279248506 -0.33388085036039566 -1.1731484365101161 -1.5759968778619822 -1.240289843402094 -0.8710121054962168 0 
0 0.9082351771411908 0.9418058805871796 0.9753765840331684 1.0089472874791572 0.7403816599112467 -0.06531522279248506 0.16967970132943672 0.10253829443745906 -0.30031014691440683 -0.6360171813742951 -1.0724363261721497 -1.5759968778619822 -1.5088554709700044 -1.1395777330641275 -0.46816366414435095 -0.1324566296844627 -0.7031585882662726 -0.19959803657644035 -0.03174451934649623 -0.30031014691440683 -1.0052949192801721 -1.6095675813079708 -1.240289843402094 -0.837441402050228 0 
0 0.874664473695202 0.9418058805871796 0.9753765840331684 0.9418058805871796 0.874664473695202 0.0018261840994925889 -0.06531522279248506 0.16967970132943672 0.303962515113392 -0.5353050710363286 -1.0724363261721497 -1.4417140640780268 -1.5759968778619822 -1.1395777330641275 -1.038865622726161 -0.8038706986042392 -0.5688757744823174 -0.16602733313045154 0.06896759099147023 0.06896759099147023 -0.9381535123881944 -1.5759968778619822 -1.240289843402094 -0.8038706986042392 0 
0 0.874664473695202 0.9418058805871796 0.9418058805871796 0.9418058805871796 0.874664473695202 -0.06531522279248506 -0.1324566296844627 0.5053867357893249 0.33753321855938084 -0.1324566296844627 -0.9381535123881944 -1.3410019537400604 -1.5424261744159933 -1.3074312502940715 -0.6695878848202839 -0.266739443468418 0.06896759099147023 -0.4010222572523733 -0.46816366414435095 0.4382453288973473 -0.8710121054962168 -1.5759968778619822 -1.240289843402094 -0.7702999951582503 0 
0 0.874664473695202 0.9418058805871796 0.9418058805871796 0.9418058805871796 0.9418058805871796 0.20325040477542552 0.4382453288973473 0.5389574392353138 0.27039181166740317 0.13610899788344788 -0.6695878848202839 -0.8710121054962168 -1.0724363261721497 -1.1060070296181386 -0.5353050710363286 -0.19959803657644035 0.13610899788344788 0.40467462545135846 -0.09888592623847388 0.7403816599112467 -0.8038706986042392 -1.5759968778619822 -1.206719139956105 -0.7702999951582503 0 
0 0.874664473695202 0.9418058805871796 0.9418058805871796 0.9753765840331684 0.9418058805871796 -0.03174451934649623 0.16967970132943672 0.47181603234333613 0.40467462545135846 0.27039181166740317 -0.5017343675903397 -0.5688757744823174 -0.6024464779283062 -0.9717242158341832 -0.23316874002242918 0.0018261840994925889 0.03539688754548141 0.06896759099147023 -0.1324566296844627 0.9418058805871796 -0.7367292917122615 -1.5424261744159933 -1.206719139956105 -0.7367292917122615 0 
0 0.8410937702492132 0.9082351771411908 0.9082351771411908 0.9418058805871796 0.874664473695202 0.0018261840994925889 0.303962515113392 0.40467462545135846 0.06896759099147023 0.06896759099147023 -0.266739443468418 -0.837441402050228 -0.8038706986042392 -0.9717242158341832 -0.1324566296844627 -0.09888592623847388 0.0018261840994925889 -0.06531522279248506 -0.4345929606983621 0.9753765840331684 -0.6695878848202839 -1.5759968778619822 -1.240289843402094 -0.7702999951582503 0 
0 0.8410937702492132 0.874664473695202 0.9082351771411908 0.9082351771411908 0.8075230668032244 0.03539688754548141 0.303962515113392 0.5389574392353138 0.47181603234333613 0.06896759099147023 0.10253829443745906 -0.9381535123881944 -0.7031585882662726 -0.5353050710363286 -0.23316874002242918 -0.23316874002242918 0.10253829443745906 0.03539688754548141 -0.03174451934649623 0.874664473695202 -0.6024464779283062 -1.5759968778619822 -1.240289843402094 -0.7702999951582503 0 
0 0.8410937702492132 0.8410937702492132 0.874664473695202 0.9082351771411908 0.5725281426813026 -0.4010222572523733 -0.7031585882662726 -0.6360171813742951 -0.4010222572523733 0.8410937702492132 0.3711039220053696 -0.23316874002242918 -0.1324566296844627 -0.19959803657644035 0.7068109564652578 0.303962515113392 0.06896759099147023 -0.33388085036039566 -0.36745155380638445 0.9418058805871796 -0.5353050710363286 -1.5759968778619822 -1.2738605468480826 -0.7702999951582503 0 
0 0.7739523633572355 0.8075230668032244 0.8410937702492132 0.9082351771411908 0.33753321855938084 -0.7367292917122615 -0.837441402050228 0.20325040477542552 -1.5759968778619822 -0.5688757744823174 0.8075230668032244 0.06896759099147023 0.0018261840994925889 0.23682110822141436 -0.6360171813742951 -1.6431382847539597 -0.5353050710363286 -1.3074312502940715 -0.8038706986042392 1.0089472874791572 -0.46816366414435095 -1.5759968778619822 -1.2738605468480826 -0.7702999951582503 0 
0 0.7739523633572355 0.8075230668032244 0.8075230668032244 0.874664473695202 0.303962515113392 -1.1731484365101161 -0.30031014691440683 0.13610899788344788 -0.23316874002242918 -1.0052949192801721 -0.16602733313045154 0.06896759099147023 -0.36745155380638445 -0.33388085036039566 -1.4417140640780268 -0.6695878848202839 0.5053867357893249 -0.9045828089422057 -0.8710121054962168 1.1096593978171239 -0.4010222572523733 -1.5424261744159933 -1.2738605468480826 -0.7367292917122615 0 
0 0.7739523633572355 0.8075230668032244 0.8075230668032244 0.874664473695202 0.33753321855938084 -0.266739443468418 -0.06531522279248506 -0.8710121054962168 -0.16602733313045154 0.33753321855938084 -0.837441402050228 -0.5017343675903397 -0.837441402050228 -1.2738605468480826 0.13610899788344788 0.0018261840994925889 -1.0724363261721497 -1.0052949192801721 -0.9717242158341832 0.9753765840331684 -0.33388085036039566 -1.5424261744159933 -1.2738605468480826 -0.7702999951582503 0 
0 0.7403816599112467 0.7739523633572355 0.8075230668032244 0.8410937702492132 0.40467462545135846 -0.06531522279248506 0.5389574392353138 -0.06531522279248506 -0.5688757744823174 -0.7367292917122615 -1.4417140640780268 -0.7702999951582503 -1.1060070296181386 -1.8781332088758815 -0.7031585882662726 -0.7367292917122615 -0.837441402050228 -0.33388085036039566 -0.5017343675903397 0.874664473695202 -0.266739443468418 -1.5759968778619822 -1.3074312502940715 -0.7702999951582503 0 
0 0.7068109564652578 0.7403816599112467 0.7739523633572355 0.8075230668032244 0.27039181166740317 -0.9717242158341832 -1.1731484365101161 -1.0052949192801721 -0.33388085036039566 -0.09888592623847388 -1.3745726571860493 -1.0724363261721497 -1.3074312502940715 -1.8445625054298926 -0.6024464779283062 -0.5353050710363286 -1.0724363261721497 -1.2738605468480826 -0.9717242158341832 0.9753765840331684 -0.23316874002242918 -1.5424261744159933 -1.3074312502940715 -0.8038706986042392 0 
0 0.673240253019269 0.7403816599112467 0.7403816599112467 0.6060988461272914 -0.23316874002242918 -0.5688757744823174 -0.7367292917122615 -0.36745155380638445 0.23682110822141436 0.20325040477542552 -0.36745155380638445 -0.8710121054962168 -1.0052949192801721 -1.3074312502940715 -0.33388085036039566 -0.4010222572523733 -1.1731484365101161 -1.6095675813079708 -0.5353050710363286 1.1432301012631125 -0.16602733313045154 -1.5424261744159933 -1.3745726571860493 -0.837441402050228 0 
0 0.6396695495732803 0.673240253019269 0.7403816599112467 0.40467462545135846 -0.266739443468418 -0.09888592623847388 -0.46816366414435095 0.10253829443745906 0.40467462545135846 0.13610899788344788 0.16967970132943672 -0.9045828089422057 -1.3745726571860493 -0.6024464779283062 -0.46816366414435095 -0.36745155380638445 -0.6024464779283062 -0.837441402050228 0.4382453288973473 1.042517990925146 -0.1324566296844627 -1.5424261744159933 -1.3745726571860493 -0.8710121054962168 0 
0 0.6060988461272914 0.6396695495732803 0.673240253019269 0.13610899788344788 -0.36745155380638445 0.10253829443745906 -0.23316874002242918 -0.4010222572523733 0.6060988461272914 0.16967970132943672 0.7068109564652578 0.13610899788344788 -0.7031585882662726 1.2775129150470679 -0.03174451934649623 0.10253829443745906 0.0018261840994925889 0.06896759099147023 0.7739523633572355 0.9418058805871796 -0.1324566296844627 -1.5088554709700044 -1.408143360632038 -0.9045828089422057 0 
0 0.5389574392353138 0.6060988461272914 0.5725281426813026 -0.33388085036039566 -0.36745155380638445 0.16967970132943672 0.7068109564652578 0.7068109564652578 0.5725281426813026 0.33753321855938084 0.3711039220053696 0.47181603234333613 0.303962515113392 1.3782250253850343 0.673240253019269 0.33753321855938084 0.5389574392353138 0.40467462545135846 0.7403816599112467 0.8410937702492132 -0.09888592623847388 -1.5088554709700044 -1.4752847675240157 -0.9717242158341832 0 
0 0.5053867357893249 0.5725281426813026 0.303962515113392 -0.7031585882662726 -0.23316874002242918 0.5389574392353138 1.3782250253850343 1.7139320598449226 1.3110836184930568 0.673240253019269 0.10253829443745906 -0.06531522279248506 -0.23316874002242918 0.10253829443745906 0.16967970132943672 0.303962515113392 0.5725281426813026 0.5725281426813026 0.6060988461272914 0.8075230668032244 -0.06531522279248506 -1.5424261744159933 -1.5088554709700044 -1.038865622726161 0 
0 0.40467462545135846 0.5053867357893249 0.10253829443745906 -0.7367292917122615 -0.30031014691440683 0.874664473695202 1.7810734667369001 1.7475027632909115 1.5796492460609672 1.2103715081550903 0.9753765840331684 0.7068109564652578 0.5053867357893249 0.4382453288973473 0.3711039220053696 0.8075230668032244 1.042517990925146 1.042517990925146 0.6060988461272914 0.7068109564652578 -0.06531522279248506 -1.5424261744159933 -1.5759968778619822 -1.1060070296181386 0 
0 0.3711039220053696 0.4382453288973473 -0.03174451934649623 -0.6695878848202839 -0.06531522279248506 1.0089472874791572 1.9489269839668444 2.0496390943048106 1.9489269839668444 1.7475027632909115 1.3446543219390454 0.874664473695202 0.673240253019269 0.7403816599112467 1.0089472874791572 1.3110836184930568 1.3782250253850343 1.3782250253850343 0.7739523633572355 0.5725281426813026 -0.06531522279248506 -1.4752847675240157 -1.5759968778619822 -1.1731484365101161 0 
0 0.303962515113392 0.3711039220053696 -0.266739443468418 -0.837441402050228 0.03539688754548141 1.243942211601079 2.1167805011967884 2.3517754253187104 2.2846340184267326 2.150351204642777 1.9153562805208555 1.4117957288310232 1.1432301012631125 1.1768008047091014 1.445366432277012 1.4789371357230008 1.6132199495069561 1.5460785426149783 0.6396695495732803 0.4382453288973473 -0.09888592623847388 -1.4417140640780268 -1.6095675813079708 -1.240289843402094 0 
0 0.27039181166740317 0.33753321855938084 -0.36745155380638445 -1.1060070296181386 0.06896759099147023 1.5796492460609672 2.150351204642777 2.4189168322106878 2.4189168322106878 2.3182047218727213 2.183921908088766 1.982497687412833 1.7810734667369001 1.7139320598449226 1.646790652952945 1.5460785426149783 1.7139320598449226 1.5460785426149783 0.40467462545135846 0.303962515113392 -0.1324566296844627 -1.5088554709700044 -1.6767089881999486 -1.3074312502940715 0 
0 0 0 0 0 0 0 0 0 0 0 0 0 0 0 0 0 0 0 0 0 0 0 0 0 0 

0 0 0 0 0 0 0 0 0 0 0 0 0 0 0 0 0 0 0 0 0 0 0 0 0 0 
0 0.6396695495732803 0.7068109564652578 0.7403816599112467 0.7739523633572355 0.03539688754548141 -0.16602733313045154 0.20325040477542552 -0.6024464779283062 -0.4010222572523733 0.7739523633572355 0.874664473695202 0.7068109564652578 0.673240253019269 0.673240253019269 0.6060988461272914 0.673240253019269 0.6396695495732803 -0.46816366414435095 -0.837441402050228 -1.0052949192801721 -1.9117039123218704 -2.180269539889781 -1.6767089881999486 -1.1731484365101161 0 
0 0.7068109564652578 0.7068109564652578 0.7739523633572355 0.7739523633572355 0.303962515113392 -0.09888592623847388 0.23682110822141436 -0.30031014691440683 -1.038865622726161 0.27039181166740317 0.40467462545135846 0.13610899788344788 0.303962515113392 0.47181603234333613 0.7403816599112467 0.7068109564652578 -0.5017343675903397 -1.0052949192801721 -0.30031014691440683 -0.6695878848202839 -1.8109918019839037 -2.1466988364437922 -1.6767089881999486 -1.1395777330641275 0 
0 0.7068109564652578 0.7403816599112467 0.7739523633572355 0.7739523633572355 0.47181603234333613 -0.06531522279248506 0.23682110822141436 -0.16602733313045154 -0.7367292917122615 -1.3745726571860493 -1.945274615767859 -2.4824058709036803 -2.4152644640117025 -2.0459867261058258 -1.206719139956105 -0.7031585882662726 -1.3074312502940715 -0.6024464779283062 -0.16602733313045154 -0.6024464779283062 -1.5759968778619822 -2.180269539889781 -1.6767089881999486 -1.1060070296181386 0 
0 0.7068109564652578 0.7403816599112467 0.7739523633572355 0.7403816599112467 0.5725281426813026 -0.06531522279248506 0.03539688754548141 0.06896759099147023 -0.09888592623847388 -1.3074312502940715 -2.0124160226598367 -2.314552353673736 -2.381693760565714 -1.978845319213848 -1.945274615767859 -1.4752847675240157 -1.1060070296181386 -0.5688757744823174 -0.06531522279248506 -0.266739443468418 -1.4417140640780268 -2.180269539889781 -1.6767089881999486 -1.038865622726161 0 
0 0.7068109564652578 0.7739523633572355 0.7739523633572355 0.7403816599112467 0.6396695495732803 -0.23316874002242918 -0.1324566296844627 0.27039181166740317 -0.1324566296844627 -0.837441402050228 -1.8445625054298926 -2.1466988364437922 -2.314552353673736 -2.113128132997803 -1.5088554709700044 -0.9717242158341832 -0.4010222572523733 -0.5353050710363286 -0.6024464779283062 0.03539688754548141 -1.3745726571860493 -2.180269539889781 -1.6431382847539597 -1.038865622726161 0 
0 0.7403816599112467 0.7739523633572355 0.7739523633572355 0.7403816599112467 0.7068109564652578 -0.1324566296844627 0.23682110822141436 0.10253829443745906 -0.23316874002242918 -0.5017343675903397 -1.4417140640780268 -1.5759968778619822 -1.777421098537915 -1.8781332088758815 -1.3074312502940715 -0.8710121054962168 -0.5017343675903397 0.06896759099147023 -0.19959803657644035 0.5053867357893249 -1.3410019537400604 -2.1466988364437922 -1.6431382847539597 -1.0052949192801721 0 
0 0.7403816599112467 0.7739523633572355 0.7739523633572355 0.7403816599112467 0.7068109564652578 -0.5353050710363286 -0.23316874002242918 -0.06531522279248506 -0.09888592623847388 -0.266739443468418 -1.1731484365101161 -1.206719139956105 -1.2738605468480826 -1.6767089881999486 -0.9045828089422057 -0.6695878848202839 -0.6695878848202839 -0.4010222572523733 -0.4010222572523733 0.673240253019269 -1.2738605468480826 -2.1466988364437922 -1.6431382847539597 -1.0052949192801721 0 
0 0.7403816599112467 0.7403816599112467 0.7403816599112467 0.7403816599112467 0.673240253019269 -0.5353050710363286 -0.266739443468418 -0.16602733313045154 -0.6360171813742951 -0.5017343675903397 -0.9381535123881944 -1.4752847675240157 -1.4417140640780268 -1.7438503950919262 -0.7702999951582503 -0.8038706986042392 -0.6695878848202839 -0.6695878848202839 -1.0052949192801721 0.6396695495732803 -1.1731484365101161 -2.1466988364437922 -1.6431382847539597 -0.9717242158341832 0 
0 0.7739523633572355 0.7403816599112467 0.7403816599112467 0.8075230668032244 0.5389574392353138 -0.6024464779283062 -0.36745155380638445 -0.03174451934649623 -0.1324566296844627 -0.36745155380638445 -0.5353050710363286 -1.6431382847539597 -1.3745726571860493 -1.240289843402094 -0.837441402050228 -0.8710121054962168 -0.6024464779283062 -0.7367292917122615 -0.6695878848202839 0.6396695495732803 -1.1060070296181386 -2.1466988364437922 -1.6767089881999486 -0.9381535123881944 0 
0 0.7739523633572355 0.7403816599112467 0.7068109564652578 0.8075230668032244 0.23682110822141436 -1.1731484365101161 -1.4752847675240157 -1.206719139956105 -0.8038706986042392 0.5389574392353138 0.03539688754548141 -0.9045828089422057 -0.7367292917122615 -0.7702999951582503 0.303962515113392 -0.16602733313045154 -0.46816366414435095 -1.1731484365101161 -1.1060070296181386 0.7068109564652578 -1.0052949192801721 -2.1466988364437922 -1.6767089881999486 -0.9381535123881944 0 
0 0.7739523633572355 0.7403816599112467 0.7068109564652578 0.7068109564652578 -0.06531522279248506 -1.4752847675240157 -1.5424261744159933 -0.16602733313045154 -1.8109918019839037 -0.9045828089422057 0.7068109564652578 -0.36745155380638445 -0.36745155380638445 -0.19959803657644035 -0.9717242158341832 -2.0795574295518144 -0.8710121054962168 -2.0124160226598367 -1.6431382847539597 0.7739523633572355 -0.9381535123881944 -2.180269539889781 -1.6767089881999486 -0.9381535123881944 0 
0 0.7739523633572355 0.7739523633572355 0.7403816599112467 0.7403816599112467 -0.06531522279248506 -1.8445625054298926 -0.7702999951582503 -0.30031014691440683 -0.4345929606983621 -1.240289843402094 -0.266739443468418 -0.36745155380638445 -0.9045828089422057 -0.837441402050228 -1.6767089881999486 -1.0724363261721497 0.10253829443745906 -1.6431382847539597 -1.7102796916459373 0.874664473695202 -0.837441402050228 -2.1466988364437922 -1.6767089881999486 -0.8710121054962168 0 
0 0.7403816599112467 0.7739523633572355 0.7403816599112467 0.8075230668032244 0.06896759099147023 -0.8038706986042392 -0.6360171813742951 -1.6431382847539597 -0.7702999951582503 -0.16602733313045154 -1.3745726571860493 -1.1395777330641275 -1.5759968778619822 -1.8781332088758815 -0.36745155380638445 -0.6360171813742951 -1.8109918019839037 -1.8781332088758815 -1.6767089881999486 0.7403816599112467 -0.7702999951582503 -2.1466988364437922 -1.7102796916459373 -0.8710121054962168 0 
0 0.8075230668032244 0.7739523633572355 0.7403816599112467 0.8410937702492132 0.13610899788344788 -0.5017343675903397 0.23682110822141436 -0.5353050710363286 -1.1731484365101161 -1.408143360632038 -2.180269539889781 -1.5424261744159933 -1.9117039123218704 -2.616688684687636 -1.3745726571860493 -1.4752847675240157 -1.5759968778619822 -0.9045828089422057 -1.1060070296181386 0.6396695495732803 -0.6360171813742951 -2.113128132997803 -1.7438503950919262 -0.8710121054962168 0 
0 0.7403816599112467 0.7739523633572355 0.7403816599112467 0.7739523633572355 -0.09888592623847388 -1.5759968778619822 -1.7438503950919262 -1.6095675813079708 -0.9381535123881944 -0.7702999951582503 -2.0459867261058258 -1.8109918019839037 -2.0124160226598367 -2.5831179812416467 -1.3074312502940715 -1.240289843402094 -1.7438503950919262 -1.945274615767859 -1.6431382847539597 0.8075230668032244 -0.5688757744823174 -2.0459867261058258 -1.7102796916459373 -0.9045828089422057 0 
0 0.7068109564652578 0.7739523633572355 0.7739523633572355 0.5389574392353138 -0.7367292917122615 -1.206719139956105 -1.206719139956105 -0.6360171813742951 -0.1324566296844627 -0.266739443468418 -1.038865622726161 -1.5088554709700044 -1.6431382847539597 -2.0459867261058258 -0.9045828089422057 -0.9045828089422057 -1.7102796916459373 -2.4152644640117025 -1.1060070296181386 1.0089472874791572 -0.5353050710363286 -2.0459867261058258 -1.777421098537915 -0.9717242158341832 0 
0 0.7068109564652578 0.7403816599112467 0.7739523633572355 0.27039181166740317 -0.8038706986042392 -0.5688757744823174 -0.837441402050228 -0.06531522279248506 0.303962515113392 -0.36745155380638445 -0.30031014691440683 -1.3074312502940715 -1.945274615767859 -1.1060070296181386 -1.1395777330641275 -0.837441402050228 -0.9717242158341832 -1.3410019537400604 0.16967970132943672 0.9418058805871796 -0.5017343675903397 -2.0459867261058258 -1.777421098537915 -1.038865622726161 0 
0 0.7068109564652578 0.7068109564652578 0.673240253019269 -0.19959803657644035 -0.9045828089422057 -0.23316874002242918 -0.7367292917122615 -0.7367292917122615 0.5389574392353138 -0.36745155380638445 0.47181603234333613 0.16967970132943672 -0.8710121054962168 1.3446543219390454 -0.4010222572523733 -0.19959803657644035 -0.06531522279248506 -0.16602733313045154 0.7068109564652578 0.8410937702492132 -0.5017343675903397 -2.0459867261058258 -1.8109918019839037 -1.0724363261721497 0 
0 0.673240253019269 0.673240253019269 0.5389574392353138 -0.8710121054962168 -1.038865622726161 -0.03174451934649623 0.5389574392353138 0.6396695495732803 0.6396695495732803 0.0018261840994925889 0.16967970132943672 0.7739523633572355 0.7068109564652578 1.7475027632909115 0.7739523633572355 0.23682110822141436 0.6060988461272914 0.16967970132943672 0.5725281426813026 0.7403816599112467 -0.46816366414435095 -2.0124160226598367 -1.8781332088758815 -1.1395777330641275 0 
0 0.6060988461272914 0.673240253019269 0.16967970132943672 -1.408143360632038 -0.8038706986042392 0.5053867357893249 1.7139320598449226 2.1167805011967884 1.6803613563989337 0.7739523633572355 0.20325040477542552 0.33753321855938084 0.27039181166740317 0.40467462545135846 0.16967970132943672 0.20325040477542552 0.5389574392353138 0.40467462545135846 0.3711039220053696 0.6396695495732803 -0.4345929606983621 -2.0124160226598367 -1.8781332088758815 -1.1395777330641275 0 
0 0.5389574392353138 0.6060988461272914 -0.09888592623847388 -1.5424261744159933 -0.8038706986042392 0.8410937702492132 2.150351204642777 2.217492611534755 2.0832097977507997 1.6803613563989337 1.445366432277012 1.243942211601079 0.9418058805871796 0.6060988461272914 0.303962515113392 0.8410937702492132 1.1432301012631125 1.076088694371135 0.5053867357893249 0.5389574392353138 -0.4345929606983621 -2.0124160226598367 -1.9117039123218704 -1.206719139956105 0 
0 0.5053867357893249 0.5389574392353138 -0.30031014691440683 -1.4417140640780268 -0.5353050710363286 1.0089472874791572 2.3517754253187104 2.586770349440632 2.452487535656677 2.2846340184267326 1.814644170182889 1.2775129150470679 0.9418058805871796 0.8410937702492132 1.076088694371135 1.4789371357230008 1.646790652952945 1.5460785426149783 0.7403816599112467 0.40467462545135846 -0.4010222572523733 -1.945274615767859 -1.978845319213848 -1.3410019537400604 0 
0 0.5053867357893249 0.47181603234333613 -0.6024464779283062 -1.5424261744159933 -0.30031014691440683 1.3782250253850343 2.5531996459946433 2.8889066804545314 2.788194570116565 2.721053163224587 2.385346128764699 1.7475027632909115 1.3110836184930568 1.3782250253850343 1.7475027632909115 1.7810734667369001 1.8817855770748666 1.7475027632909115 0.6060988461272914 0.27039181166740317 -0.4345929606983621 -1.9117039123218704 -2.0459867261058258 -1.408143360632038 0 
0 0.40467462545135846 0.5053867357893249 -0.7031585882662726 -1.7438503950919262 -0.1324566296844627 1.9153562805208555 2.586770349440632 2.92247738390052 2.989618790792498 2.92247738390052 2.788194570116565 2.452487535656677 2.183921908088766 2.0832097977507997 2.0496390943048106 1.8817855770748666 1.982497687412833 1.7810734667369001 0.33753321855938084 0.03539688754548141 -0.5017343675903397 -1.978845319213848 -2.113128132997803 -1.4752847675240157 0 
0 0 0 0 0 0 0 0 0 0 0 0 0 0 0 0 0 0 0 0 0 0 0 0 0 0 

