0 0 0 0 0 0 0 0 0 0 0 0 0 0 0 0 0 0 0 0 0 0 0 0 0 0 
0 0.7686430473223897 -0.08721365892462819 -0.5151420120481371 -0.12442482006580288 -0.6453810760422486 -0.21745272291873963 -0.2546638840599143 -1.3337875571539806 -0.77562014003636 -0.06860807835404084 -0.3476917869128511 -0.31048062577167634 0.26629237191653143 1.3454160450105976 1.6244997535694077 1.6803164952811698 1.8849778815576306 2.2384839123987903 2.3873285569634892 1.9966113649811548 1.531471850716471 0.6942207250400404 0.43374259705181756 0.6384039833282784 0 
0 0.9360932724576759 -0.6453810760422486 -1.203548493159869 -0.7384089788951853 -0.9244647846010589 -0.6267754954716612 -0.6825922371834233 -1.3896042988657424 -1.0547038485951703 -0.9988871068834082 -0.9058592040304715 -0.7011978177540107 -0.16163598120697759 0.8430653696047392 1.4198383672929469 1.2523881421576608 1.2895993032988355 1.8849778815576306 2.2570894929693774 1.8105555592752813 1.475655109004709 0.8988821113165012 0.35932027476946815 0.08023656621065793 0 
0 1.4942606895752963 0.4895593387635796 -0.6267754954716612 -0.719803398324598 -1.3337875571539806 -1.203548493159869 -0.8686480428892968 -0.5709587537598992 -0.4221141091952004 -0.5523531731893119 -0.12442482006580288 -0.608169914901074 -0.7384089788951853 0.08023656621065793 0.8616709501753266 0.7686430473223897 1.0105155947400253 1.0849379170223747 1.364021625581185 1.643105334139995 1.6989220758517571 1.4384439478635342 0.3407146941988808 0.19187004963418203 0 
0 0.8244597890341518 0.19187004963418203 0.09884214678124528 -0.16163598120697759 -0.8128313011775348 -1.0547038485951703 -0.5523531731893119 -0.10581923949521554 -0.1988471423481523 -0.10581923949521554 0.08023656621065793 -0.08721365892462819 -0.9244647846010589 -0.9616759457422335 0.21047563020476937 0.619798402757691 0.5825872416165163 -0.3476917869128511 -0.16163598120697759 1.1965714004458987 0.563981661045929 0.9174876918870886 1.1221490781635495 1.2337825615870734 0 
0 0.3965314359106428 0.005814243928308546 0.21047563020476937 -0.12442482006580288 -0.27326946463050167 -0.8872536234598841 -0.6453810760422486 -0.23605830348932696 -0.12442482006580288 -0.08721365892462819 -0.21745272291873963 -0.8128313011775348 -1.259365234871631 -1.0733094291657577 0.005814243928308546 0.6942207250400404 0.8616709501753266 -0.10581923949521554 0.08023656621065793 0.9546988530282633 -0.03139691721286615 0.3035035330577061 0.619798402757691 1.308204883869423 0 
0 0.3965314359106428 0.7128263056106278 0.08023656621065793 -0.10581923949521554 -0.7011978177540107 -1.3896042988657424 -1.2407596543010437 -1.0733094291657577 -0.608169914901074 -0.5709587537598992 -0.719803398324598 -0.7011978177540107 -0.608169914901074 -0.38490294805402575 0.24768679134594407 0.6011928221871037 1.475655109004709 1.6989220758517571 1.6058941729988205 0.47095375819299223 0.08023656621065793 0.508164919334167 0.061630985640070586 0.7128263056106278 0 
0 0.11744772735183263 -0.21745272291873963 -0.9058592040304715 -0.5523531731893119 -0.7384089788951853 -0.8872536234598841 -1.0174926874539956 -0.9802815263128208 -0.8314368817481221 -0.2546638840599143 0.061630985640070586 0.8058542084635645 0.7872486278929771 -0.21745272291873963 -0.4221141091952004 -0.21745272291873963 0.8616709501753266 2.2012727512576156 1.7547388175635192 -0.3476917869128511 -0.7570145594657727 -0.012791336642278802 0.3221091136282935 1.2523881421576608 0 
0 1.103543497592962 -0.4407196897657878 -0.6825922371834233 -1.1105205903069324 -0.7011978177540107 0.061630985640070586 -0.10581923949521554 -0.5337475926187245 -0.47793085090696247 0.563981661045929 1.1221490781635495 1.364021625581185 0.7500374667518025 -0.663986656612836 -1.1849429125892816 -0.7384089788951853 0.3779258553400555 1.364021625581185 1.2523881421576608 -0.3476917869128511 -1.147731751448107 -0.6825922371834233 -0.27326946463050167 1.1965714004458987 0 
0 1.7733443981341066 1.1407546587341368 0.17326446906359466 -0.6267754954716612 -0.5709587537598992 -0.4035085286246131 -0.3476917869128511 -0.1988471423481523 0.508164919334167 0.7686430473223897 0.8802765307459138 0.9919100141694379 0.619798402757691 -0.3290862063422637 -0.5895643343304866 -0.050002497783453496 0.6384039833282784 1.4198383672929469 1.475655109004709 0.08023656621065793 -0.4221141091952004 -0.7384089788951853 -0.77562014003636 0.04302540506948324 0 
0 2.3129062346811398 2.015216945551742 0.675615144469453 -0.5151420120481371 -0.5709587537598992 -0.5151420120481371 -0.10581923949521554 0.8058542084635645 1.1965714004458987 0.9733044335988507 0.8058542084635645 0.8802765307459138 0.9733044335988507 0.45234817762240487 0.45234817762240487 1.308204883869423 1.3454160450105976 1.9407946232693927 2.294300654110552 1.3826272061517721 0.619798402757691 -0.12442482006580288 0.47095375819299223 0.09884214678124528 0 
0 1.531471850716471 1.6244997535694077 0.4895593387635796 -0.8128313011775348 -1.1291261708775195 -0.3290862063422637 0.675615144469453 0.9919100141694379 0.8988821113165012 0.7686430473223897 0.4151370164812302 0.3965314359106428 0.9919100141694379 1.2709937227282482 1.4942606895752963 2.126850428975266 2.164061590116441 2.4059341375340764 2.2384839123987903 0.9174876918870886 0.28489795248711874 0.675615144469453 1.5872885924282332 1.2895993032988355 0 
0 0.3221091136282935 0.8988821113165012 0.5267704999047542 -0.7011978177540107 -1.036098268024583 0.04302540506948324 0.8244597890341518 0.9174876918870886 0.6011928221871037 0.2290812107753567 -0.12442482006580288 0.024419824498895893 0.9174876918870886 2.015216945551742 2.498962040387013 2.5175676209576006 2.4245397181046635 1.791949978704694 0.4895593387635796 0.3779258553400555 0.3779258553400555 0.6570095638988657 2.015216945551742 1.0291211753106126 0 
0 0.7500374667518025 0.7314318861812151 -0.3662973674834384 -0.8872536234598841 -0.8500424623187094 0.15465888849300732 0.508164919334167 0.47095375819299223 0.3035035330577061 -0.14303040063639022 -0.27326946463050167 0.17326446906359466 1.159360239304724 2.2198783318282027 2.3687229763929016 2.015216945551742 1.8291611398458687 0.3965314359106428 -1.1291261708775195 0.3779258553400555 1.9407946232693927 1.5686830118576458 1.3268104644400103 -0.012791336642278802 0 
0 1.159360239304724 0.619798402757691 -0.8128313011775348 -1.370998718295155 -0.7942257206069474 0.5453760804753416 0.675615144469453 0.08023656621065793 0.024419824498895893 -0.08721365892462819 -0.23605830348932696 0.3779258553400555 1.3826272061517721 1.9966113649811548 1.4570495284341216 1.0477267558812 1.6244997535694077 0.43374259705181756 -0.8500424623187094 0.26629237191653143 0.9919100141694379 0.43374259705181756 0.04302540506948324 -0.29187504520108903 0 
0 1.1965714004458987 1.159360239304724 -0.9244647846010589 -1.4826322017186793 -0.47793085090696247 0.8616709501753266 0.8430653696047392 0.3035035330577061 -0.012791336642278802 -0.06860807835404084 -0.4035085286246131 0.4895593387635796 1.5686830118576458 1.4570495284341216 0.4151370164812302 0.28489795248711874 1.6803164952811698 0.8244597890341518 0.26629237191653143 -0.2546638840599143 -0.8872536234598841 -1.3337875571539806 -1.1291261708775195 -1.091915009736345 0 
0 0.7500374667518025 0.5267704999047542 -0.77562014003636 -1.464026621148092 -0.4407196897657878 0.5453760804753416 1.0663323364517874 1.215176981016486 0.563981661045929 0.061630985640070586 -0.7570145594657727 0.17326446906359466 1.475655109004709 1.1407546587341368 -0.49653643147754983 0.061630985640070586 1.8663723009870432 0.8616709501753266 -0.1988471423481523 -1.1663373320186943 -1.0733094291657577 -0.663986656612836 -0.10581923949521554 0.8244597890341518 0 
0 0.9919100141694379 0.5453760804753416 -0.8872536234598841 -1.519843362859854 -0.77562014003636 0.061630985640070586 1.1407546587341368 1.9221890426988053 1.0477267558812 -0.14303040063639022 -1.0733094291657577 0.005814243928308546 1.531471850716471 0.9733044335988507 -1.1105205903069324 -0.1988471423481523 1.5128662701458837 0.2290812107753567 -1.0174926874539956 -0.18024156177756492 1.103543497592962 1.0105155947400253 1.4942606895752963 1.95940020383998 0 
0 1.4570495284341216 1.791949978704694 0.5453760804753416 -1.091915009736345 -1.0547038485951703 -0.31048062577167634 0.45234817762240487 1.531471850716471 0.9733044335988507 -0.6825922371834233 -1.1291261708775195 -0.12442482006580288 1.6058941729988205 1.4942606895752963 -0.719803398324598 -1.0547038485951703 -0.4221141091952004 -0.9430703651716462 -0.8128313011775348 0.563981661045929 1.6617109147105824 1.4384439478635342 2.164061590116441 2.294300654110552 0 
0 1.7361332369929319 1.8663723009870432 1.8663723009870432 1.103543497592962 -0.45932527033637516 -0.9988871068834082 -0.23605830348932696 1.0105155947400253 0.6011928221871037 -0.6453810760422486 -0.9244647846010589 -0.7011978177540107 1.0663323364517874 2.0524281066929166 0.21047563020476937 -1.259365234871631 -1.2779708154422185 -0.719803398324598 -0.7384089788951853 -0.012791336642278802 1.3268104644400103 1.7733443981341066 2.1454560095458537 2.108244848404679 0 
0 1.7733443981341066 2.480356459816426 2.480356459816426 2.3501173958223145 1.475655109004709 -0.3290862063422637 -0.663986656612836 0.28489795248711874 -0.050002497783453496 -0.5151420120481371 -0.8500424623187094 -1.091915009736345 0.3035035330577061 1.7361332369929319 0.47095375819299223 -0.8686480428892968 -0.8500424623187094 -0.18024156177756492 -0.27326946463050167 0.15465888849300732 0.6011928221871037 1.103543497592962 1.0105155947400253 0.9733044335988507 0 
0 1.3826272061517721 1.9966113649811548 2.0710336872635042 1.643105334139995 1.308204883869423 1.0477267558812 0.9546988530282633 -0.03139691721286615 -0.23605830348932696 -0.1988471423481523 -0.8314368817481221 -1.091915009736345 -0.608169914901074 0.17326446906359466 -0.4407196897657878 -0.9616759457422335 -0.77562014003636 -0.4407196897657878 0.11744772735183263 -0.050002497783453496 -0.4035085286246131 0.21047563020476937 0.2290812107753567 0.4151370164812302 0 
0 1.0663323364517874 1.6617109147105824 1.4384439478635342 1.2895993032988355 1.7175276564223445 1.4012327867223595 1.8477667204164558 0.8244597890341518 0.9733044335988507 1.475655109004709 -0.06860807835404084 -0.9616759457422335 -0.9244647846010589 -0.9058592040304715 -1.1663373320186943 -1.1849429125892816 -0.6825922371834233 0.061630985640070586 -0.21745272291873963 -0.5709587537598992 0.3221091136282935 1.1965714004458987 1.0477267558812 1.8105555592752813 0 
0 1.6617109147105824 1.3826272061517721 1.4570495284341216 1.6244997535694077 2.275695073539965 2.0524281066929166 1.6058941729988205 0.8802765307459138 0.9733044335988507 1.3826272061517721 0.6011928221871037 0.3779258553400555 0.19187004963418203 -0.10581923949521554 -0.7570145594657727 -0.9058592040304715 -0.1988471423481523 0.061630985640070586 -0.5337475926187245 0.45234817762240487 1.5500774312870584 1.4384439478635342 1.4570495284341216 1.9966113649811548 0 
0 2.182667170687028 1.364021625581185 0.8244597890341518 0.8430653696047392 1.2895993032988355 1.2895993032988355 2.126850428975266 2.0710336872635042 1.2709937227282482 1.0291211753106126 0.7128263056106278 1.2523881421576608 0.7314318861812151 0.13605330792241999 -0.45932527033637516 -0.14303040063639022 0.6011928221871037 0.47095375819299223 0.5267704999047542 1.4942606895752963 1.364021625581185 1.103543497592962 0.508164919334167 1.0849379170223747 0 
0 0 0 0 0 0 0 0 0 0 0 0 0 0 0 0 0 0 0 0 0 0 0 0 0 0 

0 0 0 0 0 0 0 0 0 0 0 0 0 0 0 0 0 0 0 0 0 0 0 0 0 0 
0 0.619798402757691 -0.06860807835404084 -0.4221141091952004 0.08023656621065793 -0.3662973674834384 0.024419824498895893 -0.16163598120697759 -1.2407596543010437 -0.7384089788951853 -0.23605830348932696 -0.7942257206069474 -1.091915009736345 -0.6267754954716612 0.6384039833282784 1.0105155947400253 0.9546988530282633 1.0477267558812 1.475655109004709 1.5500774312870584 0.9360932724576759 0.3965314359106428 -0.1988471423481523 -0.06860807835404084 0.619798402757691 0 
0 0.7872486278929771 -0.5151420120481371 -1.1663373320186943 -0.7011978177540107 -0.77562014003636 -0.4035085286246131 -0.5709587537598992 -1.2779708154422185 -0.9244647846010589 -0.9802815263128208 -1.1105205903069324 -1.203548493159869 -0.9058592040304715 0.08023656621065793 0.6384039833282784 0.3779258553400555 0.4151370164812302 1.1407546587341368 1.364021625581185 0.8430653696047392 0.6942207250400404 0.4151370164812302 0.24768679134594407 0.17326446906359466 0 
0 1.364021625581185 0.5267704999047542 -0.663986656612836 -0.7570145594657727 -1.2965763960128058 -1.1291261708775195 -0.9058592040304715 -0.608169914901074 -0.4035085286246131 -0.5709587537598992 -0.2546638840599143 -0.8686480428892968 -1.147731751448107 -0.5151420120481371 0.09884214678124528 -0.1988471423481523 0.005814243928308546 0.3407146941988808 0.619798402757691 0.9733044335988507 1.308204883869423 1.2895993032988355 0.43374259705181756 0.3407146941988808 0 
0 0.7500374667518025 0.11744772735183263 0.005814243928308546 -0.2546638840599143 -0.8500424623187094 -1.0733094291657577 -0.7011978177540107 -0.2546638840599143 -0.3290862063422637 -0.21745272291873963 -0.03139691721286615 -0.18024156177756492 -1.0547038485951703 -1.3523931377245677 -0.4407196897657878 -0.3290862063422637 -0.47793085090696247 -1.0733094291657577 -0.7384089788951853 0.8244597890341518 0.508164919334167 1.0663323364517874 1.308204883869423 1.4012327867223595 0 
0 0.3965314359106428 -0.06860807835404084 0.09884214678124528 -0.23605830348932696 -0.3290862063422637 -0.9058592040304715 -0.7384089788951853 -0.38490294805402575 -0.3290862063422637 -0.27326946463050167 -0.3662973674834384 -0.9058592040304715 -1.4082098794363298 -1.4268154600069172 -0.5895643343304866 -0.16163598120697759 -0.10581923949521554 -0.8128313011775348 -0.4407196897657878 0.6942207250400404 0.024419824498895893 0.508164919334167 0.7872486278929771 1.4012327867223595 0 
0 0.47095375819299223 0.7128263056106278 0.005814243928308546 -0.1988471423481523 -0.719803398324598 -1.3337875571539806 -1.1663373320186943 -1.1105205903069324 -0.77562014003636 -0.8128313011775348 -0.9244647846010589 -0.9802815263128208 -1.0174926874539956 -0.8872536234598841 -0.31048062577167634 -0.06860807835404084 0.7128263056106278 1.0105155947400253 1.0291211753106126 0.13605330792241999 0.005814243928308546 0.563981661045929 0.11744772735183263 0.7314318861812151 0 
0 0.17326446906359466 -0.1988471423481523 -0.8686480428892968 -0.5151420120481371 -0.7570145594657727 -0.9244647846010589 -0.9616759457422335 -1.0547038485951703 -1.0733094291657577 -0.608169914901074 -0.3662973674834384 0.26629237191653143 0.21047563020476937 -0.719803398324598 -0.9058592040304715 -0.7942257206069474 0.21047563020476937 1.5500774312870584 1.2709937227282482 -0.5895643343304866 -0.8314368817481221 -0.012791336642278802 0.35932027476946815 1.2523881421576608 0 
0 0.9919100141694379 -0.49653643147754983 -0.5709587537598992 -0.9430703651716462 -0.7011978177540107 -0.10581923949521554 -0.23605830348932696 -0.77562014003636 -0.8872536234598841 0.061630985640070586 0.43374259705181756 0.6011928221871037 0.11744772735183263 -1.147731751448107 -1.6128712657127906 -1.370998718295155 -0.3662973674834384 0.7128263056106278 0.8430653696047392 -0.49653643147754983 -1.147731751448107 -0.6825922371834233 -0.2546638840599143 1.1779658198753113 0 
0 1.4942606895752963 0.9733044335988507 0.19187004963418203 -0.47793085090696247 -0.5337475926187245 -0.5523531731893119 -0.6825922371834233 -0.6453810760422486 -0.03139691721286615 0.13605330792241999 0.15465888849300732 0.17326446906359466 -0.14303040063639022 -0.9616759457422335 -1.2407596543010437 -0.8128313011775348 -0.21745272291873963 0.5825872416165163 0.9174876918870886 -0.12442482006580288 -0.4407196897657878 -0.719803398324598 -0.8314368817481221 -0.08721365892462819 0 
0 1.95940020383998 1.7547388175635192 0.6570095638988657 -0.4221141091952004 -0.5337475926187245 -0.6825922371834233 -0.6453810760422486 0.15465888849300732 0.5267704999047542 0.26629237191653143 0.04302540506948324 0.061630985640070586 0.19187004963418203 -0.27326946463050167 -0.3290862063422637 0.45234817762240487 0.43374259705181756 0.9919100141694379 1.643105334139995 1.159360239304724 0.6570095638988657 -0.012791336642278802 0.45234817762240487 -0.03139691721286615 0 
0 1.2895993032988355 1.4198383672929469 0.4895593387635796 -0.7570145594657727 -1.1849429125892816 -0.608169914901074 0.005814243928308546 0.28489795248711874 0.21047563020476937 0.005814243928308546 -0.3662973674834384 -0.3662973674834384 0.24768679134594407 0.5267704999047542 0.675615144469453 1.2709937227282482 1.308204883869423 1.5872885924282332 1.7361332369929319 0.8244597890341518 0.4151370164812302 0.8616709501753266 1.531471850716471 1.1965714004458987 0 
0 0.21047563020476937 0.7872486278929771 0.5453760804753416 -0.663986656612836 -1.203548493159869 -0.4035085286246131 0.11744772735183263 0.21047563020476937 -0.06860807835404084 -0.5337475926187245 -0.8872536234598841 -0.7011978177540107 0.17326446906359466 1.215176981016486 1.6617109147105824 1.6617109147105824 1.6244997535694077 1.2337825615870734 0.24768679134594407 0.4151370164812302 0.508164919334167 0.7500374667518025 1.9407946232693927 0.9733044335988507 0 
0 0.6384039833282784 0.6011928221871037 -0.3290862063422637 -0.8872536234598841 -1.1291261708775195 -0.4035085286246131 -0.2546638840599143 -0.23605830348932696 -0.29187504520108903 -0.77562014003636 -0.9430703651716462 -0.47793085090696247 0.4151370164812302 1.3268104644400103 1.643105334139995 1.3268104644400103 1.0849379170223747 -0.012791336642278802 -1.203548493159869 0.3779258553400555 1.8477667204164558 1.5128662701458837 1.4384439478635342 0.15465888849300732 0 
0 1.0105155947400253 0.45234817762240487 -0.8500424623187094 -1.4454210405775045 -1.147731751448107 -0.08721365892462819 -0.10581923949521554 -0.6453810760422486 -0.5709587537598992 -0.663986656612836 -0.8500424623187094 -0.21745272291873963 0.6570095638988657 1.1407546587341368 0.8430653696047392 0.4895593387635796 0.9360932724576759 0.061630985640070586 -0.8686480428892968 0.24768679134594407 0.8058542084635645 0.3035035330577061 0.19187004963418203 -0.06860807835404084 0 
0 1.0477267558812 0.9360932724576759 -1.0547038485951703 -1.6128712657127906 -0.9058592040304715 0.21047563020476937 0.08023656621065793 -0.4407196897657878 -0.6453810760422486 -0.663986656612836 -0.9802815263128208 -0.08721365892462819 0.8616709501753266 0.7128263056106278 -0.06860807835404084 -0.18024156177756492 1.0663323364517874 0.508164919334167 0.3035035330577061 -0.23605830348932696 -1.0733094291657577 -1.464026621148092 -1.0733094291657577 -0.9988871068834082 0 
0 0.5825872416165163 0.28489795248711874 -0.8872536234598841 -1.6128712657127906 -0.8872536234598841 -0.12442482006580288 0.3035035330577061 0.4151370164812302 -0.14303040063639022 -0.5523531731893119 -1.259365234871631 -0.3662973674834384 0.7872486278929771 0.508164919334167 -0.8686480428892968 -0.31048062577167634 1.3268104644400103 0.6011928221871037 -0.14303040063639022 -1.1291261708775195 -1.2407596543010437 -0.7570145594657727 -0.10581923949521554 0.8244597890341518 0 
0 0.8058542084635645 0.35932027476946815 -0.9058592040304715 -1.575660104571616 -1.147731751448107 -0.608169914901074 0.35932027476946815 1.0663323364517874 0.2290812107753567 -0.77562014003636 -1.519843362859854 -0.5709587537598992 0.8244597890341518 0.45234817762240487 -1.370998718295155 -0.5151420120481371 0.9733044335988507 -0.06860807835404084 -0.9616759457422335 -0.10581923949521554 0.9919100141694379 0.9546988530282633 1.4384439478635342 1.8663723009870432 0 
0 1.215176981016486 1.5686830118576458 0.47095375819299223 -1.1849429125892816 -1.3896042988657424 -0.8872536234598841 -0.29187504520108903 0.6942207250400404 0.11744772735183263 -1.3896042988657424 -1.6128712657127906 -0.663986656612836 0.8802765307459138 0.8988821113165012 -1.0174926874539956 -1.2779708154422185 -0.7942257206069474 -1.147731751448107 -0.7570145594657727 0.6384039833282784 1.5872885924282332 1.3268104644400103 2.0338225261223295 2.126850428975266 0 
0 1.475655109004709 1.531471850716471 1.5686830118576458 0.8058542084635645 -0.77562014003636 -1.370998718295155 -0.7570145594657727 0.3221091136282935 -0.21745272291873963 -1.4082098794363298 -1.4454210405775045 -1.1291261708775195 0.4151370164812302 1.2895993032988355 -0.23605830348932696 -1.370998718295155 -1.3337875571539806 -0.7942257206069474 -0.719803398324598 0.024419824498895893 1.2709937227282482 1.5686830118576458 1.95940020383998 1.9966113649811548 0 
0 1.6989220758517571 2.164061590116441 2.2012727512576156 2.108244848404679 1.308204883869423 -0.49653643147754983 -1.0174926874539956 -0.21745272291873963 -0.6825922371834233 -1.1291261708775195 -1.2779708154422185 -1.4082098794363298 -0.21745272291873963 1.0849379170223747 0.08023656621065793 -0.9802815263128208 -0.9616759457422335 -0.3290862063422637 -0.3290862063422637 0.17326446906359466 0.619798402757691 1.0105155947400253 1.103543497592962 1.1965714004458987 0 
0 1.3454160450105976 1.7733443981341066 1.903583462128218 1.531471850716471 1.2709937227282482 1.0105155947400253 0.7686430473223897 -0.3290862063422637 -0.6267754954716612 -0.608169914901074 -1.1105205903069324 -1.3337875571539806 -1.0174926874539956 -0.3290862063422637 -0.7011978177540107 -1.091915009736345 -1.0174926874539956 -0.6267754954716612 0.005814243928308546 -0.10581923949521554 -0.38490294805402575 0.26629237191653143 0.4151370164812302 0.6011928221871037 0 
0 0.8988821113165012 1.5500774312870584 1.3454160450105976 1.1965714004458987 1.6244997535694077 1.3268104644400103 1.7547388175635192 0.7128263056106278 0.8058542084635645 1.2523881421576608 -0.2546638840599143 -1.1105205903069324 -1.2407596543010437 -1.2965763960128058 -1.3337875571539806 -1.2965763960128058 -0.8872536234598841 -0.050002497783453496 -0.31048062577167634 -0.6825922371834233 0.28489795248711874 1.2523881421576608 1.1221490781635495 1.7547388175635192 0 
0 1.531471850716471 1.4012327867223595 1.4012327867223595 1.475655109004709 2.0338225261223295 1.791949978704694 1.4942606895752963 0.8616709501753266 0.9174876918870886 1.2709937227282482 0.47095375819299223 0.24768679134594407 -0.03139691721286615 -0.38490294805402575 -0.7942257206069474 -0.8314368817481221 -0.1988471423481523 0.13605330792241999 -0.5523531731893119 0.3035035330577061 1.4012327867223595 1.3826272061517721 1.5128662701458837 1.9966113649811548 0 
0 1.8663723009870432 1.2337825615870734 0.7872486278929771 0.8616709501753266 1.2523881421576608 1.1779658198753113 1.9966113649811548 1.9780057844105674 1.215176981016486 0.9733044335988507 0.675615144469453 1.1965714004458987 0.5825872416165163 -0.03139691721286615 -0.49653643147754983 -0.10581923949521554 0.6384039833282784 0.5825872416165163 0.5825872416165163 1.5128662701458837 1.3454160450105976 1.159360239304724 0.7500374667518025 1.308204883869423 0 
0 0 0 0 0 0 0 0 0 0 0 0 0 0 0 0 0 0 0 0 0 0 0 0 0 0 

0 0 0 0 0 0 0 0 0 0 0 0 0 0 0 0 0 0 0 0 0 0 0 0 0 0 
0 -0.27326946463050167 -0.6825922371834233 -0.5895643343304866 -0.06860807835404084 -0.7384089788951853 -0.38490294805402575 -0.4035085286246131 -1.4268154600069172 -1.036098268024583 -0.5895643343304866 -1.1291261708775195 -1.4454210405775045 -1.091915009736345 -0.10581923949521554 0.04302540506948324 -0.08721365892462819 0.061630985640070586 0.675615144469453 1.1407546587341368 0.3779258553400555 -0.6267754954716612 -1.1849429125892816 -0.6825922371834233 0.11744772735183263 0 
0 -0.03139691721286615 -1.0733094291657577 -1.3337875571539806 -0.719803398324598 -0.8872536234598841 -0.663986656612836 -0.7570145594657727 -1.464026621148092 -1.1291261708775195 -1.203548493159869 -1.3151819765833932 -1.519843362859854 -1.370998718295155 -0.6453810760422486 -0.5337475926187245 -0.9802815263128208 -0.7942257206069474 0.17326446906359466 0.7128263056106278 0.15465888849300732 -0.23605830348932696 -0.3662973674834384 -0.3290862063422637 -0.3290862063422637 0 
0 0.7872486278929771 0.024419824498895893 -1.091915009736345 -1.1105205903069324 -1.4454210405775045 -1.2221540737304564 -1.203548493159869 -1.036098268024583 -0.7942257206069474 -0.9244647846010589 -0.5337475926187245 -1.091915009736345 -1.4082098794363298 -0.9802815263128208 -0.9244647846010589 -1.464026621148092 -1.0547038485951703 -0.4035085286246131 -0.012791336642278802 0.17326446906359466 0.47095375819299223 0.8988821113165012 0.19187004963418203 0.04302540506948324 0 
0 0.3407146941988808 -0.31048062577167634 -0.6825922371834233 -0.9430703651716462 -1.1663373320186943 -1.091915009736345 -1.0733094291657577 -0.8686480428892968 -0.9058592040304715 -0.7384089788951853 -0.4221141091952004 -0.38490294805402575 -1.1291261708775195 -1.5384489434304414 -1.259365234871631 -1.4268154600069172 -1.3523931377245677 -1.4826322017186793 -1.1291261708775195 0.024419824498895893 -0.27326946463050167 0.8988821113165012 1.3454160450105976 1.308204883869423 0 
0 -0.06860807835404084 -0.5151420120481371 -0.5895643343304866 -0.9058592040304715 -0.6825922371834233 -0.9430703651716462 -1.0547038485951703 -0.9244647846010589 -0.9430703651716462 -0.8500424623187094 -0.7570145594657727 -1.091915009736345 -1.464026621148092 -1.6128712657127906 -1.4082098794363298 -1.2407596543010437 -0.9802815263128208 -1.3151819765833932 -0.8314368817481221 0.024419824498895893 -0.6825922371834233 0.24768679134594407 0.8058542084635645 1.364021625581185 0 
0 -0.18024156177756492 0.17326446906359466 -0.49653643147754983 -0.608169914901074 -0.9616759457422335 -1.4082098794363298 -1.3337875571539806 -1.3523931377245677 -1.2407596543010437 -1.2221540737304564 -1.1663373320186943 -1.1849429125892816 -1.2407596543010437 -1.2965763960128058 -1.2779708154422185 -1.2407596543010437 -0.29187504520108903 0.19187004963418203 0.563981661045929 -0.29187504520108903 -0.6453810760422486 -0.050002497783453496 -0.12442482006580288 0.6011928221871037 0 
0 -0.45932527033637516 -0.6825922371834233 -1.2221540737304564 -0.8128313011775348 -1.091915009736345 -1.3337875571539806 -1.2407596543010437 -1.1849429125892816 -1.4268154600069172 -1.2407596543010437 -0.8686480428892968 -0.2546638840599143 -0.38490294805402575 -1.1849429125892816 -1.4082098794363298 -1.4826322017186793 -0.7942257206069474 0.6011928221871037 0.7872486278929771 -0.8686480428892968 -1.3151819765833932 -0.7942257206069474 -0.12442482006580288 1.0291211753106126 0 
0 0.5453760804753416 -0.9802815263128208 -0.9616759457422335 -1.259365234871631 -1.147731751448107 -0.77562014003636 -0.7942257206069474 -0.9802815263128208 -1.3337875571539806 -0.9988871068834082 -0.608169914901074 -0.29187504520108903 -0.7384089788951853 -1.5012377822892666 -1.6128712657127906 -1.575660104571616 -1.3151819765833932 -0.4407196897657878 0.13605330792241999 -0.77562014003636 -1.3523931377245677 -1.147731751448107 -0.608169914901074 0.9546988530282633 0 
0 1.0477267558812 0.3035035330577061 -0.29187504520108903 -0.8314368817481221 -0.9430703651716462 -1.091915009736345 -1.203548493159869 -1.147731751448107 -0.8872536234598841 -1.147731751448107 -1.203548493159869 -1.036098268024583 -1.1849429125892816 -1.5570545240010287 -1.464026621148092 -1.2779708154422185 -1.259365234871631 -0.608169914901074 0.15465888849300732 -0.4221141091952004 -0.5895643343304866 -0.9988871068834082 -1.147731751448107 -0.4407196897657878 0 
0 1.4198383672929469 0.9733044335988507 0.09884214678124528 -0.8128313011775348 -0.9244647846010589 -1.1663373320186943 -1.2965763960128058 -0.77562014003636 -0.7011978177540107 -1.091915009736345 -1.3337875571539806 -1.3896042988657424 -1.2965763960128058 -1.4826322017186793 -1.1105205903069324 -0.4035085286246131 -0.6825922371834233 0.2290812107753567 1.1965714004458987 0.8616709501753266 0.28489795248711874 -0.6267754954716612 -0.3476917869128511 -0.8686480428892968 0 
0 0.508164919334167 0.619798402757691 -0.10581923949521554 -1.147731751448107 -1.4826322017186793 -1.091915009736345 -0.9058592040304715 -1.1291261708775195 -1.2407596543010437 -1.0733094291657577 -1.2965763960128058 -1.5570545240010287 -1.2221540737304564 -0.8128313011775348 -0.23605830348932696 0.45234817762240487 0.3965314359106428 1.0663323364517874 1.4012327867223595 0.47095375819299223 -0.08721365892462819 0.11744772735183263 0.6942207250400404 0.35932027476946815 0 
0 -0.7011978177540107 0.04302540506948324 0.005814243928308546 -1.036098268024583 -1.5012377822892666 -0.9430703651716462 -0.9802815263128208 -1.4082098794363298 -1.5012377822892666 -1.2779708154422185 -1.3523931377245677 -1.519843362859854 -0.9430703651716462 0.19187004963418203 0.9919100141694379 1.1779658198753113 1.0105155947400253 0.508164919334167 -0.3476917869128511 -0.03139691721286615 0.11744772735183263 0.35932027476946815 1.6244997535694077 0.619798402757691 0 
0 -0.18024156177756492 0.005814243928308546 -0.7011978177540107 -1.0174926874539956 -1.4082098794363298 -1.2407596543010437 -1.3896042988657424 -1.4454210405775045 -1.3151819765833932 -1.4826322017186793 -1.5570545240010287 -1.5012377822892666 -0.77562014003636 0.3779258553400555 0.675615144469453 0.3965314359106428 0.28489795248711874 -0.663986656612836 -1.6128712657127906 -0.10581923949521554 1.3454160450105976 1.159360239304724 1.1221490781635495 -0.23605830348932696 0 
0 0.15465888849300732 -0.31048062577167634 -1.1663373320186943 -1.370998718295155 -1.464026621148092 -1.2407596543010437 -1.3523931377245677 -1.575660104571616 -1.4268154600069172 -1.464026621148092 -1.575660104571616 -1.4082098794363298 -0.7384089788951853 0.005814243928308546 -0.3290862063422637 -0.6825922371834233 -0.06860807835404084 -0.608169914901074 -1.2779708154422185 -0.23605830348932696 0.28489795248711874 0.024419824498895893 -0.14303040063639022 -0.49653643147754983 0 
0 0.04302540506948324 -0.03139691721286615 -1.3337875571539806 -1.519843362859854 -1.3523931377245677 -1.2221540737304564 -1.3896042988657424 -1.5384489434304414 -1.575660104571616 -1.4826322017186793 -1.519843362859854 -1.1849429125892816 -0.663986656612836 -0.5523531731893119 -1.1105205903069324 -1.147731751448107 0.061630985640070586 -0.27326946463050167 -0.23605830348932696 -0.6453810760422486 -1.3523931377245677 -1.5570545240010287 -1.2221540737304564 -1.203548493159869 0 
0 -0.27326946463050167 -0.5895643343304866 -1.203548493159869 -1.5384489434304414 -1.3151819765833932 -1.4454210405775045 -1.203548493159869 -0.9058592040304715 -1.1849429125892816 -1.259365234871631 -1.5384489434304414 -1.2965763960128058 -0.77562014003636 -0.7570145594657727 -1.4454210405775045 -0.9058592040304715 0.35932027476946815 -0.12442482006580288 -0.5709587537598992 -1.370998718295155 -1.4082098794363298 -0.7942257206069474 -0.23605830348932696 0.6011928221871037 0 
0 0.3035035330577061 -0.1988471423481523 -1.203548493159869 -1.5942656851422032 -1.4454210405775045 -1.5570545240010287 -1.0547038485951703 -0.27326946463050167 -0.77562014003636 -1.259365234871631 -1.575660104571616 -1.259365234871631 -0.7011978177540107 -0.7384089788951853 -1.5570545240010287 -0.8128313011775348 0.15465888849300732 -0.5895643343304866 -1.1849429125892816 -0.3476917869128511 0.675615144469453 0.8616709501753266 1.2523881421576608 1.5686830118576458 0 
0 0.8988821113165012 1.2895993032988355 0.17326446906359466 -1.2965763960128058 -1.5570545240010287 -1.4454210405775045 -1.4454210405775045 -0.608169914901074 -0.77562014003636 -1.6128712657127906 -1.575660104571616 -1.2221540737304564 -0.4407196897657878 -0.18024156177756492 -1.259365234871631 -1.370998718295155 -1.203548493159869 -1.464026621148092 -0.9988871068834082 0.3221091136282935 1.215176981016486 1.103543497592962 1.7175276564223445 1.8477667204164558 0 
0 1.0477267558812 1.215176981016486 1.2523881421576608 0.563981661045929 -0.9244647846010589 -1.575660104571616 -1.519843362859854 -0.8686480428892968 -1.0733094291657577 -1.575660104571616 -1.519843362859854 -1.4826322017186793 -0.5151420120481371 0.3779258553400555 -0.663986656612836 -1.4826322017186793 -1.464026621148092 -1.1291261708775195 -1.091915009736345 -0.4407196897657878 0.8058542084635645 1.1407546587341368 1.4570495284341216 1.7361332369929319 0 
0 1.1779658198753113 1.7547388175635192 1.8663723009870432 1.8663723009870432 1.1407546587341368 -0.5523531731893119 -1.3896042988657424 -1.036098268024583 -1.3337875571539806 -1.3151819765833932 -1.3151819765833932 -1.5570545240010287 -0.8314368817481221 0.11744772735183263 -0.6453810760422486 -1.3151819765833932 -1.1849429125892816 -0.7942257206069474 -0.8872536234598841 -0.4221141091952004 0.024419824498895893 0.45234817762240487 0.4151370164812302 0.7872486278929771 0 
0 0.8058542084635645 1.2895993032988355 1.4942606895752963 1.2337825615870734 1.0663323364517874 0.8802765307459138 0.563981661045929 -0.7570145594657727 -0.9802815263128208 -0.7011978177540107 -1.1849429125892816 -1.3896042988657424 -1.2779708154422185 -1.0174926874539956 -1.3337875571539806 -1.4268154600069172 -1.2407596543010437 -1.1663373320186943 -0.7011978177540107 -0.7570145594657727 -1.0174926874539956 -0.3662973674834384 -0.31048062577167634 0.19187004963418203 0 
0 0.43374259705181756 1.0105155947400253 0.8430653696047392 0.7500374667518025 1.2523881421576608 1.0291211753106126 1.5686830118576458 0.3221091136282935 0.3965314359106428 0.9733044335988507 -0.608169914901074 -1.4082098794363298 -1.464026621148092 -1.6128712657127906 -1.575660104571616 -1.4826322017186793 -1.2407596543010437 -0.77562014003636 -1.0174926874539956 -1.259365234871631 -0.27326946463050167 0.6384039833282784 0.563981661045929 1.531471850716471 0 
0 1.0477267558812 0.8244597890341518 0.8244597890341518 0.8988821113165012 1.4384439478635342 1.2337825615870734 1.1407546587341368 0.3221091136282935 0.26629237191653143 0.6570095638988657 -0.4035085286246131 -0.8686480428892968 -1.1105205903069324 -1.1105205903069324 -1.147731751448107 -1.2779708154422185 -0.9802815263128208 -0.7011978177540107 -1.203548493159869 -0.23605830348932696 0.8988821113165012 0.9174876918870886 1.159360239304724 1.903583462128218 0 
0 1.3826272061517721 0.6570095638988657 0.11744772735183263 0.08023656621065793 0.4151370164812302 0.3779258553400555 1.4570495284341216 1.3826272061517721 0.5267704999047542 0.24768679134594407 -0.2546638840599143 -0.10581923949521554 -0.7942257206069474 -0.9616759457422335 -1.0547038485951703 -0.7384089788951853 -0.16163598120697759 -0.012791336642278802 0.04302540506948324 0.9546988530282633 0.8988821113165012 0.7872486278929771 0.3779258553400555 1.0477267558812 0 
0 0 0 0 0 0 0 0 0 0 0 0 0 0 0 0 0 0 0 0 0 0 0 0 0 0 

