0 0 0 0 0 0 0 0 0 0 0 0 0 0 0 0 0 0 0 0 0 0 0 0 0 0 
0 -0.2423066142448316 -0.4041622553597374 0.11083296636950825 1.6852469299417734 1.3321073493274336 -0.34530565859068074 -0.41887640455200154 -0.47773300132105817 -0.5218754488978506 0.6699706356755464 1.9795299137870566 2.008958212171585 2.038386510556113 1.832388421864415 -0.1393075698989825 0.05197636960045161 1.832388421864415 2.008958212171585 1.9942440629793206 1.9648157645947923 1.9942440629793206 2.0825289581329054 2.0531006597483774 2.111957256517434 0 
0 0.6993989340600747 0.11083296636950825 0.11083296636950825 1.6263903331727168 1.4792488412500753 0.4198300994070556 0.4345442485993198 0.4639725469838481 0.5375432929451689 1.4498205428655468 2.023672361363849 1.9795299137870566 1.9942440629793206 1.8765308694412075 0.9789677687130938 1.0378243654821504 1.832388421864415 2.008958212171585 1.4203922444810186 0.8318262767904522 1.4792488412500753 2.0825289581329054 2.038386510556113 2.1413855549019623 0 
0 0.7729696800213955 0.5375432929451689 0.27268860748441404 1.5233912888268677 1.935387466210264 1.8029601234798867 1.7735318250953584 1.7735318250953584 1.8471025710566793 1.9648157645947923 1.9942440629793206 1.9795299137870566 1.9501016154025281 1.920673317018 1.9059591678257357 1.729389377518566 1.0819668130589428 0.7141130832523388 0.5228291437529048 0.34625935344573483 0.6846847848678105 1.0378243654821504 1.3321073493274336 1.4498205428655468 0 
0 0.6405423372910181 0.5228291437529048 0.2432603090998857 1.4351063936732826 2.008958212171585 1.9942440629793206 1.9795299137870566 1.9501016154025281 1.9795299137870566 2.008958212171585 2.008958212171585 1.9942440629793206 1.9795299137870566 1.935387466210264 1.935387466210264 1.3026790509429054 -0.08045097312992584 -0.49244715051332233 -0.22759246505256744 0.3168310550612065 0.8906828735595088 1.3468214985196978 0.9495394703285654 0.8465404259827163 0 
0 0.11083296636950825 0.27268860748441404 0.12554711556177242 1.3468214985196978 1.9942440629793206 1.9795299137870566 2.008958212171585 1.9648157645947923 1.9648157645947923 1.9942440629793206 1.9795299137870566 1.9795299137870566 2.008958212171585 1.8176742726721509 0.9642536195208296 -0.2423066142448316 -0.7573018359740773 -0.6837310900127564 -0.6984452392050206 -0.1393075698989825 1.1702517082125279 1.8912450186334715 1.008396067097622 0.9495394703285654 0 
0 0.12554711556177242 0.14026126475403658 0.03726222040818744 1.2438224541738487 2.008958212171585 1.9795299137870566 1.8912450186334715 1.832388421864415 1.935387466210264 2.023672361363849 2.008958212171585 2.023672361363849 1.464534692057811 0.33154520425347067 -0.6248744932436998 -0.8750150295121906 -0.830872581935398 -0.8750150295121906 -0.9044433278967189 -0.3600198077829449 1.1113951114434713 0.5669715913296972 0.37568765183026315 0.5669715913296972 0 
0 0.03726222040818744 0.03726222040818744 -0.0215943763608692 1.2143941557893203 1.9059591678257357 1.0231102162898862 0.40511595021479146 0.33154520425347067 0.6111140389064897 1.0672526638666786 1.2879649017506412 0.9053970227517729 -0.10987927151445416 -0.6690169408204922 -0.7867301343586056 -0.830872581935398 -0.919157477088983 -0.8897291787044547 -0.1393075698989825 -0.1393075698989825 0.8318262767904522 -0.5660178964746432 0.47868669617611226 0.18440371233082906 0 
0 -0.3305915093984166 -0.2423066142448316 -0.09516512232219 1.1408234098279995 0.9642536195208296 -0.27173491262935995 -0.5218754488978506 -0.6101603440514356 -0.4335905537442657 -0.3600198077829449 -0.5218754488978506 -0.7720159851663414 -0.8161584327431339 -0.6395886424359639 -0.6543027916282281 -0.7425876867818131 -0.830872581935398 -0.4041622553597374 1.1555375590202637 0.27268860748441404 0.06669051879271576 -0.8750150295121906 0.12554711556177242 -0.44830470293652985 0 
0 -0.37473395697520906 -0.34530565859068074 -0.22759246505256744 0.6846847848678105 0.03726222040818744 -0.5218754488978506 -0.6837310900127564 -0.7867301343586056 -0.6543027916282281 -0.44830470293652985 -0.6837310900127564 -0.9632999246657755 -0.8455867311276622 -0.47773300132105817 -0.37473395697520906 -0.6395886424359639 -0.7720159851663414 0.5963998897142255 1.6558186315572452 -0.08045097312992584 -0.4335905537442657 -0.6690169408204922 -0.6248744932436998 -0.8750150295121906 0 
0 -0.463018852128794 -0.4335905537442657 -0.2864490618216241 0.18440371233082906 -0.5365895980901149 -0.7720159851663414 -0.8603008803199264 -0.9338716262812472 -0.8897291787044547 -0.5365895980901149 -0.6984452392050206 -1.022156521434832 -0.8750150295121906 -0.37473395697520906 -0.22759246505256744 -0.5807320456669073 -0.34530565859068074 1.4792488412500753 1.7588176759030942 0.6258281880987538 0.5669715913296972 -0.6395886424359639 -1.110441416588417 -1.022156521434832 0 
0 -0.18345001747577497 -0.22759246505256744 -0.15402171909124665 -0.2570207634370958 -0.9632999246657755 -0.9044433278967189 -0.8014442835508697 -0.9338716262812472 -0.8750150295121906 -0.6395886424359639 -0.8603008803199264 -1.0368706706270963 -0.9632999246657755 -0.6101603440514356 -0.2864490618216241 -0.44830470293652985 0.19911786152309321 1.7588176759030942 1.6852469299417734 1.538105438019132 0.8612545751749805 -0.9927282230503038 -1.1545838641652095 -1.0515848198193605 0 
0 0.1696895631385649 -0.00688022716860504 -0.15402171909124665 -0.5954461948591715 -1.095727267396153 -0.919157477088983 -0.727873537589549 -0.9780140738580396 -0.9632999246657755 -0.8750150295121906 -1.022156521434832 -1.110441416588417 -1.0662989690116247 -0.7867301343586056 -0.3158773602061524 -0.47773300132105817 0.3904018010225273 1.7146752283263018 1.6116761839804528 1.464534692057811 0.44925839779158394 -1.1398697149729455 -1.0662989690116247 -1.0810131182038887 0 
0 0.12554711556177242 0.022548071215923282 0.007833922023659122 -0.6984452392050206 -1.095727267396153 -0.9044433278967189 -0.7720159851663414 -0.8750150295121906 -0.8161584327431339 -0.9632999246657755 -1.2134404609342662 -1.3164395052801154 -1.2575829085110588 -0.9780140738580396 -0.5807320456669073 -0.6395886424359639 0.34625935344573483 1.4351063936732826 0.6258281880987538 -0.10987927151445416 -0.551303747282379 -1.1545838641652095 -1.0515848198193605 -0.8750150295121906 0 
0 0.05197636960045161 -0.2423066142448316 -0.7131593883972848 -1.095727267396153 -0.9780140738580396 -0.919157477088983 -0.463018852128794 0.5963998897142255 1.0525385146744146 0.6993989340600747 0.06669051879271576 -0.19816416666803913 -0.6248744932436998 -1.0515848198193605 -0.830872581935398 -0.7720159851663414 -0.44830470293652985 -0.15402171909124665 -0.727873537589549 -1.0368706706270963 -1.1251555657806813 -1.1398697149729455 -1.095727267396153 -0.7425876867818131 0 
0 0.022548071215923282 -0.2423066142448316 -0.5807320456669073 -1.0810131182038887 -0.9780140738580396 -0.8014442835508697 -0.7867301343586056 -0.30116321101388827 0.2432603090998857 0.7141130832523388 1.0378243654821504 1.1408234098279995 0.15497541394630074 -0.9485857754735113 -0.9485857754735113 -0.9632999246657755 -0.9044433278967189 -1.1251555657806813 -1.0515848198193605 -1.1251555657806813 -1.1692980133574737 -1.1545838641652095 -1.095727267396153 -1.0515848198193605 0 
0 0.11083296636950825 0.18440371233082906 -0.03630852555313336 -0.9632999246657755 -1.0515848198193605 -0.8014442835508697 -0.8603008803199264 -1.3017253560878512 -1.375296102049172 -1.2575829085110588 -0.9632999246657755 -0.6248744932436998 -0.8161584327431339 -0.9780140738580396 -1.022156521434832 -1.1251555657806813 -1.007442372242568 -0.9485857754735113 -1.095727267396153 -1.3458678036646436 -1.2722970577033228 -1.2428687593187946 -1.110441416588417 -1.022156521434832 0 
0 0.12554711556177242 0.14026126475403658 -0.10987927151445416 -1.0368706706270963 -1.0810131182038887 -0.5365895980901149 -0.00688022716860504 -0.1687358682835108 -0.44830470293652985 -0.7131593883972848 -1.0515848198193605 -1.287011206895587 -1.3017253560878512 -0.9927282230503038 -0.9632999246657755 -0.919157477088983 -0.9927282230503038 -1.095727267396153 -1.1398697149729455 -1.3017253560878512 -1.3164395052801154 -1.375296102049172 -1.2281546101265304 -0.463018852128794 0 
0 0.27268860748441404 0.30211690586894235 -0.06573682393766168 -1.095727267396153 -1.0662989690116247 -0.10987927151445416 0.2874027566766782 0.2579744582921499 0.18440371233082906 -0.06573682393766168 -0.3158773602061524 -0.49244715051332233 -0.7573018359740773 -0.9485857754735113 -0.919157477088983 -0.6837310900127564 -1.007442372242568 -1.287011206895587 -1.0662989690116247 -1.0515848198193605 -1.2134404609342662 -1.2722970577033228 -1.022156521434832 -0.15402171909124665 0 
0 0.2874027566766782 0.33154520425347067 -0.1393075698989825 -1.110441416588417 -0.9338716262812472 0.06669051879271576 0.27268860748441404 0.2432603090998857 0.18440371233082906 -0.00688022716860504 -0.09516512232219 -0.12459342070671833 -0.22759246505256744 -0.6984452392050206 -0.727873537589549 -0.3305915093984166 -0.41887640455200154 -0.8161584327431339 -1.095727267396153 -0.9485857754735113 -1.110441416588417 -1.287011206895587 -0.3600198077829449 0.30211690586894235 0 
0 0.2579744582921499 0.2874027566766782 -0.2423066142448316 -1.022156521434832 -0.6690169408204922 0.14026126475403658 0.18440371233082906 0.08140466798497993 0.09611881717724409 0.11083296636950825 0.022548071215923282 -0.03630852555313336 -0.09516512232219 -0.5365895980901149 -0.3600198077829449 -0.00688022716860504 -0.03630852555313336 -0.22759246505256744 -0.6690169408204922 -0.919157477088983 -1.2428687593187946 -1.1398697149729455 0.27268860748441404 0.5375432929451689 0 
0 0.2432603090998857 0.22854615990762153 -0.2423066142448316 -0.7573018359740773 -0.463018852128794 -0.03630852555313336 -0.09516512232219 -0.06573682393766168 -0.00688022716860504 -0.00688022716860504 0.007833922023659122 -0.03630852555313336 -0.19816416666803913 -0.4041622553597374 -0.5071612997055865 -0.2423066142448316 -0.1687358682835108 -0.21287831586030329 -0.2423066142448316 -0.44830470293652985 -1.110441416588417 -0.5218754488978506 0.6846847848678105 0.6405423372910181 0 
0 0.30211690586894235 0.27268860748441404 -0.15402171909124665 -0.6837310900127564 -0.551303747282379 -0.2864490618216241 -0.1687358682835108 -0.09516512232219 -0.03630852555313336 0.007833922023659122 0.007833922023659122 -0.03630852555313336 -0.22759246505256744 -0.44830470293652985 -0.5954461948591715 -0.2423066142448316 -0.09516512232219 -0.09516512232219 -0.06573682393766168 -0.1687358682835108 -0.41887640455200154 0.4198300994070556 0.7876838292136596 0.6258281880987538 0 
0 0.27268860748441404 0.11083296636950825 -0.27173491262935995 -0.5218754488978506 -0.3600198077829449 -0.06573682393766168 0.08140466798497993 0.06669051879271576 0.09611881717724409 0.09611881717724409 0.08140466798497993 0.03726222040818744 -0.051022674745397525 -0.463018852128794 -0.3158773602061524 -0.051022674745397525 0.022548071215923282 0.06669051879271576 0.08140466798497993 -0.03630852555313336 0.3168310550612065 0.9348253211363012 0.8318262767904522 0.6258281880987538 0 
0 0.21383201071535737 0.12554711556177242 0.022548071215923282 0.11083296636950825 0.15497541394630074 0.1696895631385649 0.2432603090998857 0.22854615990762153 0.22854615990762153 0.1696895631385649 0.11083296636950825 0.09611881717724409 0.08140466798497993 0.05197636960045161 0.08140466798497993 -0.0215943763608692 0.05197636960045161 0.18440371233082906 0.2579744582921499 0.14026126475403658 0.6258281880987538 0.8465404259827163 0.8318262767904522 0.6846847848678105 0 
0 0 0 0 0 0 0 0 0 0 0 0 0 0 0 0 0 0 0 0 0 0 0 0 0 0 

0 0 0 0 0 0 0 0 0 0 0 0 0 0 0 0 0 0 0 0 0 0 0 0 0 0 
0 0.1696895631385649 -0.0215943763608692 0.30211690586894235 1.6999610791340376 1.3909639460964902 -0.19816416666803913 -0.2570207634370958 -0.37473395697520906 -0.463018852128794 0.6993989340600747 1.9795299137870566 2.008958212171585 2.038386510556113 1.8471025710566793 -0.10987927151445416 0.09611881717724409 1.8471025710566793 2.008958212171585 2.008958212171585 1.9501016154025281 1.9501016154025281 2.038386510556113 2.0678148089406414 2.111957256517434 0 
0 0.9789677687130938 0.34625935344573483 0.21383201071535737 1.6263903331727168 1.4792488412500753 0.5081149945606406 0.5669715913296972 0.5228291437529048 0.5669715913296972 1.4792488412500753 2.0531006597483774 1.9795299137870566 1.9942440629793206 1.8765308694412075 0.9789677687130938 1.0525385146744146 1.8765308694412075 2.038386510556113 1.4498205428655468 0.9053970227517729 1.5086771396346035 2.0825289581329054 2.0825289581329054 2.1413855549019623 0 
0 0.9348253211363012 0.6552564864832822 0.3168310550612065 1.5233912888268677 1.9501016154025281 1.8471025710566793 1.8618167202489433 1.8176742726721509 1.8618167202489433 1.9795299137870566 2.008958212171585 1.9795299137870566 1.9501016154025281 1.920673317018 1.9059591678257357 1.7882459742876227 1.1555375590202637 0.7729696800213955 0.5963998897142255 0.4934008453683764 0.8023979784059239 1.0819668130589428 1.3468214985196978 1.4351063936732826 0 
0 0.7876838292136596 0.6258281880987538 0.27268860748441404 1.4351063936732826 2.008958212171585 2.023672361363849 2.008958212171585 1.9501016154025281 1.9795299137870566 2.008958212171585 1.9942440629793206 1.9942440629793206 1.9795299137870566 1.935387466210264 1.935387466210264 1.361535647711962 -0.0215943763608692 -0.4335905537442657 -0.18345001747577497 0.360973502637999 0.9053970227517729 1.2879649017506412 0.8318262767904522 0.7729696800213955 0 
0 0.33154520425347067 0.44925839779158394 0.18440371233082906 1.3468214985196978 1.9942440629793206 1.9795299137870566 1.9942440629793206 1.935387466210264 1.9501016154025281 1.9648157645947923 1.9501016154025281 1.9795299137870566 2.008958212171585 1.8176742726721509 0.9789677687130938 -0.22759246505256744 -0.7573018359740773 -0.6837310900127564 -0.727873537589549 -0.18345001747577497 1.1408234098279995 1.832388421864415 0.8906828735595088 0.8318262767904522 0 
0 0.44925839779158394 0.3904018010225273 0.12554711556177242 1.2585366033661127 2.008958212171585 1.9648157645947923 1.8471025710566793 1.8029601234798867 1.9059591678257357 2.008958212171585 2.008958212171585 1.9942440629793206 1.4498205428655468 0.30211690586894235 -0.6543027916282281 -0.919157477088983 -0.8603008803199264 -0.9044433278967189 -0.9485857754735113 -0.4041622553597374 1.1261092606357352 0.6258281880987538 0.3904018010225273 0.5081149945606406 0 
0 0.4198300994070556 0.2874027566766782 0.08140466798497993 1.2585366033661127 1.8912450186334715 0.9789677687130938 0.3168310550612065 0.27268860748441404 0.5228291437529048 0.9642536195208296 1.2291083049815845 0.817112127598188 -0.2423066142448316 -0.8014442835508697 -0.919157477088983 -0.9485857754735113 -0.9485857754735113 -0.8897291787044547 -0.1687358682835108 -0.1687358682835108 0.817112127598188 -0.5365895980901149 0.5669715913296972 0.19911786152309321 0 
0 0.03726222040818744 0.06669051879271576 0.14026126475403658 1.2291083049815845 0.9348253211363012 -0.34530565859068074 -0.6248744932436998 -0.7867301343586056 -0.6984452392050206 -0.6690169408204922 -0.8161584327431339 -0.9927282230503038 -1.022156521434832 -0.8455867311276622 -0.8603008803199264 -0.9044433278967189 -0.8897291787044547 -0.3894481061674732 1.1408234098279995 0.2579744582921499 0.06669051879271576 -0.8455867311276622 0.19911786152309321 -0.4041622553597374 0 
0 -0.08045097312992584 -0.00688022716860504 0.09611881717724409 0.8023979784059239 -0.0215943763608692 -0.6395886424359639 -0.8014442835508697 -0.9632999246657755 -0.919157477088983 -0.8014442835508697 -1.0368706706270963 -1.2428687593187946 -1.110441416588417 -0.7425876867818131 -0.6395886424359639 -0.8603008803199264 -0.8603008803199264 0.5963998897142255 1.6558186315572452 -0.06573682393766168 -0.4335905537442657 -0.6395886424359639 -0.5807320456669073 -0.8455867311276622 0 
0 -0.19816416666803913 -0.10987927151445416 0.05197636960045161 0.3168310550612065 -0.6395886424359639 -0.9338716262812472 -0.9780140738580396 -1.0662989690116247 -1.110441416588417 -0.8161584327431339 -0.9485857754735113 -1.3017253560878512 -1.1398697149729455 -0.6543027916282281 -0.5071612997055865 -0.830872581935398 -0.463018852128794 1.464534692057811 1.7735318250953584 0.6405423372910181 0.5963998897142255 -0.6101603440514356 -1.0810131182038887 -0.9927282230503038 0 
0 0.08140466798497993 0.08140466798497993 0.15497541394630074 -0.1393075698989825 -1.095727267396153 -1.095727267396153 -0.919157477088983 -1.110441416588417 -1.1251555657806813 -0.9044433278967189 -1.0810131182038887 -1.2722970577033228 -1.2134404609342662 -0.8603008803199264 -0.551303747282379 -0.727873537589549 0.05197636960045161 1.74410352671083 1.6852469299417734 1.5528195872113961 0.8906828735595088 -0.9780140738580396 -1.1398697149729455 -1.022156521434832 0 
0 0.33154520425347067 0.21383201071535737 0.11083296636950825 -0.5365895980901149 -1.2134404609342662 -1.095727267396153 -0.8750150295121906 -1.1251555657806813 -1.1545838641652095 -1.095727267396153 -1.2428687593187946 -1.3164395052801154 -1.2575829085110588 -1.007442372242568 -0.6101603440514356 -0.7573018359740773 0.27268860748441404 1.7146752283263018 1.5675337364036601 1.464534692057811 0.47868669617611226 -1.110441416588417 -1.0515848198193605 -1.022156521434832 0 
0 0.3168310550612065 0.22854615990762153 0.21383201071535737 -0.6248744932436998 -1.184012162549738 -1.095727267396153 -0.9485857754735113 -0.9780140738580396 -0.8897291787044547 -1.0810131182038887 -1.3458678036646436 -1.4488668480104927 -1.3605819528569079 -1.1398697149729455 -0.830872581935398 -0.8603008803199264 0.3168310550612065 1.5086771396346035 0.6258281880987538 -0.09516512232219 -0.5218754488978506 -1.1251555657806813 -1.0368706706270963 -0.8750150295121906 0 
0 0.37568765183026315 0.007833922023659122 -0.5218754488978506 -0.9632999246657755 -1.0368706706270963 -1.095727267396153 -0.6101603440514356 0.5816857405219614 1.0525385146744146 0.6846847848678105 0.022548071215923282 -0.2423066142448316 -0.6395886424359639 -1.110441416588417 -0.9780140738580396 -0.8750150295121906 -0.41887640455200154 -0.051022674745397525 -0.6543027916282281 -0.9927282230503038 -1.095727267396153 -1.110441416588417 -1.0810131182038887 -0.8161584327431339 0 
0 0.37568765183026315 0.05197636960045161 -0.34530565859068074 -0.9338716262812472 -1.0515848198193605 -0.9338716262812472 -0.8161584327431339 -0.22759246505256744 0.3168310550612065 0.7582555308291313 1.0672526638666786 1.1408234098279995 0.1696895631385649 -0.9632999246657755 -1.0368706706270963 -0.9927282230503038 -0.8603008803199264 -1.022156521434832 -0.9632999246657755 -1.0810131182038887 -1.1398697149729455 -1.110441416588417 -1.0662989690116247 -1.095727267396153 0 
0 0.44925839779158394 0.4934008453683764 0.2432603090998857 -0.830872581935398 -1.1398697149729455 -0.8750150295121906 -0.7425876867818131 -1.1398697149729455 -1.2428687593187946 -1.1545838641652095 -0.919157477088983 -0.6101603440514356 -0.7867301343586056 -0.9927282230503038 -1.1251555657806813 -1.1545838641652095 -0.9780140738580396 -0.9044433278967189 -1.0368706706270963 -1.3017253560878512 -1.2428687593187946 -1.2134404609342662 -1.0810131182038887 -0.9780140738580396 0 
0 0.4198300994070556 0.4198300994070556 0.12554711556177242 -0.9485857754735113 -1.1545838641652095 -0.5660178964746432 0.15497541394630074 0.05197636960045161 -0.22759246505256744 -0.5071612997055865 -0.8750150295121906 -1.184012162549738 -1.184012162549738 -0.9927282230503038 -1.022156521434832 -0.8897291787044547 -0.9338716262812472 -1.0515848198193605 -1.0810131182038887 -1.2722970577033228 -1.3311536544723794 -1.390010251241436 -1.1987263117420022 -0.37473395697520906 0 
0 0.5522574421374331 0.5669715913296972 0.12554711556177242 -1.022156521434832 -1.110441416588417 -0.09516512232219 0.4639725469838481 0.4934008453683764 0.4345442485993198 0.21383201071535737 -0.03630852555313336 -0.2864490618216241 -0.551303747282379 -0.9338716262812472 -0.9338716262812472 -0.6690169408204922 -1.022156521434832 -1.287011206895587 -1.0515848198193605 -1.0368706706270963 -1.2428687593187946 -1.3164395052801154 -1.007442372242568 -0.06573682393766168 0 
0 0.5669715913296972 0.5816857405219614 0.05197636960045161 -1.0368706706270963 -0.9780140738580396 0.11083296636950825 0.4934008453683764 0.4639725469838481 0.3904018010225273 0.21383201071535737 0.11083296636950825 0.08140466798497993 0.007833922023659122 -0.6690169408204922 -0.727873537589549 -0.37473395697520906 -0.47773300132105817 -0.8161584327431339 -1.0662989690116247 -0.9044433278967189 -1.110441416588417 -1.3017253560878512 -0.3158773602061524 0.3904018010225273 0 
0 0.5375432929451689 0.5375432929451689 -0.06573682393766168 -0.9485857754735113 -0.6984452392050206 0.21383201071535737 0.44925839779158394 0.33154520425347067 0.3168310550612065 0.3168310550612065 0.19911786152309321 0.1696895631385649 0.15497541394630074 -0.47773300132105817 -0.3158773602061524 0.12554711556177242 0.12554711556177242 -0.00688022716860504 -0.4335905537442657 -0.7720159851663414 -1.1987263117420022 -1.110441416588417 0.360973502637999 0.6258281880987538 0 
0 0.5228291437529048 0.47868669617611226 -0.08045097312992584 -0.6984452392050206 -0.47773300132105817 0.06669051879271576 0.22854615990762153 0.2579744582921499 0.2579744582921499 0.22854615990762153 0.19911786152309321 0.15497541394630074 0.03726222040818744 -0.37473395697520906 -0.463018852128794 0.022548071215923282 0.15497541394630074 0.12554711556177242 0.09611881717724409 -0.21287831586030329 -1.007442372242568 -0.463018852128794 0.8023979784059239 0.7435413816368671 0 
0 0.5669715913296972 0.4934008453683764 -0.00688022716860504 -0.6395886424359639 -0.551303747282379 -0.1687358682835108 0.14026126475403658 0.2579744582921499 0.2874027566766782 0.30211690586894235 0.2579744582921499 0.19911786152309321 0.022548071215923282 -0.37473395697520906 -0.49244715051332233 0.03726222040818744 0.21383201071535737 0.18440371233082906 0.22854615990762153 0.11083296636950825 -0.2423066142448316 0.5375432929451689 0.9348253211363012 0.7435413816368671 0 
0 0.5228291437529048 0.2874027566766782 -0.1393075698989825 -0.4041622553597374 -0.22759246505256744 0.11083296636950825 0.34625935344573483 0.3904018010225273 0.4345442485993198 0.44925839779158394 0.4345442485993198 0.360973502637999 0.22854615990762153 -0.2423066142448316 -0.09516512232219 0.27268860748441404 0.34625935344573483 0.34625935344573483 0.34625935344573483 0.2874027566766782 0.5375432929451689 1.0672526638666786 0.9936819179053579 0.7876838292136596 0 
0 0.5375432929451689 0.40511595021479146 0.27268860748441404 0.34625935344573483 0.3904018010225273 0.44925839779158394 0.5669715913296972 0.5375432929451689 0.5522574421374331 0.5228291437529048 0.47868669617611226 0.47868669617611226 0.4198300994070556 0.360973502637999 0.37568765183026315 0.34625935344573483 0.4198300994070556 0.5228291437529048 0.5669715913296972 0.4639725469838481 0.817112127598188 0.9348253211363012 0.9642536195208296 0.8612545751749805 0 
0 0 0 0 0 0 0 0 0 0 0 0 0 0 0 0 0 0 0 0 0 0 0 0 0 0 

0 0 0 0 0 0 0 0 0 0 0 0 0 0 0 0 0 0 0 0 0 0 0 0 0 0 
0 -0.551303747282379 -0.6248744932436998 0.022548071215923282 1.6705327807495094 1.376249796904226 -0.2423066142448316 -0.30116321101388827 -0.4041622553597374 -0.49244715051332233 0.6846847848678105 1.9795299137870566 2.008958212171585 2.038386510556113 1.8471025710566793 -0.12459342070671833 0.06669051879271576 1.832388421864415 1.9795299137870566 1.9648157645947923 1.9795299137870566 1.9648157645947923 2.038386510556113 2.0825289581329054 2.1266714057096983 0 
0 0.5963998897142255 0.08140466798497993 0.06669051879271576 1.6116761839804528 1.4792488412500753 0.47868669617611226 0.5228291437529048 0.5081149945606406 0.5522574421374331 1.464534692057811 2.038386510556113 1.9795299137870566 1.9942440629793206 1.8765308694412075 0.9789677687130938 1.0525385146744146 1.8471025710566793 2.008958212171585 1.4203922444810186 0.9053970227517729 1.464534692057811 2.038386510556113 2.0825289581329054 2.1266714057096983 0 
0 0.9201111719440371 0.6552564864832822 0.21383201071535737 1.4792488412500753 1.9501016154025281 1.832388421864415 1.832388421864415 1.8029601234798867 1.8618167202489433 1.9795299137870566 1.9942440629793206 1.9795299137870566 1.9501016154025281 1.920673317018 1.9059591678257357 1.7882459742876227 1.1555375590202637 0.8023979784059239 0.6111140389064897 0.4198300994070556 0.6846847848678105 0.9936819179053579 1.2879649017506412 1.376249796904226 0 
0 0.7876838292136596 0.5963998897142255 0.11083296636950825 1.376249796904226 2.008958212171585 2.008958212171585 2.008958212171585 1.9501016154025281 1.9795299137870566 2.008958212171585 1.9942440629793206 1.9942440629793206 1.9795299137870566 1.935387466210264 1.935387466210264 1.3468214985196978 -0.0215943763608692 -0.3894481061674732 -0.12459342070671833 0.30211690586894235 0.8318262767904522 1.2585366033661127 0.7876838292136596 0.7141130832523388 0 
0 -0.08045097312992584 0.03726222040818744 -0.09516512232219 1.3026790509429054 2.008958212171585 1.9795299137870566 1.9942440629793206 1.9501016154025281 1.9648157645947923 1.9795299137870566 1.9648157645947923 1.9795299137870566 2.023672361363849 1.8176742726721509 0.9642536195208296 -0.2864490618216241 -0.7867301343586056 -0.6543027916282281 -0.6543027916282281 -0.18345001747577497 1.1408234098279995 1.8765308694412075 0.8906828735595088 0.817112127598188 0 
0 -0.2864490618216241 -0.27173491262935995 -0.2423066142448316 1.1702517082125279 2.008958212171585 1.9501016154025281 1.832388421864415 1.8029601234798867 1.9059591678257357 2.008958212171585 2.023672361363849 1.9942440629793206 1.4203922444810186 0.30211690586894235 -0.6543027916282281 -1.007442372242568 -0.9338716262812472 -0.919157477088983 -0.919157477088983 -0.41887640455200154 1.1702517082125279 0.6699706356755464 0.37568765183026315 0.5375432929451689 0 
0 -0.34530565859068074 -0.37473395697520906 -0.3894481061674732 1.0378243654821504 1.8618167202489433 0.9053970227517729 0.2579744582921499 0.21383201071535737 0.4198300994070556 0.8759687243672446 1.199680006597056 0.7582555308291313 -0.2864490618216241 -0.8014442835508697 -0.9044433278967189 -1.022156521434832 -1.0515848198193605 -0.9338716262812472 -0.19816416666803913 -0.27173491262935995 0.8465404259827163 -0.463018852128794 0.5669715913296972 0.2579744582921499 0 
0 -0.8603008803199264 -0.8161584327431339 -0.6395886424359639 0.8906828735595088 0.9053970227517729 -0.4335905537442657 -0.6984452392050206 -0.8897291787044547 -0.8750150295121906 -0.8455867311276622 -0.9485857754735113 -1.0515848198193605 -1.0515848198193605 -0.8603008803199264 -0.8750150295121906 -0.9780140738580396 -0.9780140738580396 -0.44830470293652985 1.1113951114434713 0.1696895631385649 0.06669051879271576 -0.7720159851663414 0.19911786152309321 -0.3600198077829449 0 
0 -0.919157477088983 -0.9338716262812472 -0.7867301343586056 0.4198300994070556 -0.06573682393766168 -0.727873537589549 -0.8897291787044547 -1.022156521434832 -1.0515848198193605 -0.9485857754735113 -1.1692980133574737 -1.3017253560878512 -1.1545838641652095 -0.7867301343586056 -0.6837310900127564 -0.9338716262812472 -0.9338716262812472 0.5375432929451689 1.6263903331727168 -0.12459342070671833 -0.41887640455200154 -0.6101603440514356 -0.5807320456669073 -0.8161584327431339 0 
0 -0.919157477088983 -0.9485857754735113 -0.7573018359740773 -0.06573682393766168 -0.6837310900127564 -1.022156521434832 -1.0810131182038887 -1.110441416588417 -1.1987263117420022 -0.919157477088983 -1.007442372242568 -1.3458678036646436 -1.2134404609342662 -0.7425876867818131 -0.5954461948591715 -0.9044433278967189 -0.5365895980901149 1.4203922444810186 1.74410352671083 0.6258281880987538 0.5816857405219614 -0.6101603440514356 -1.095727267396153 -0.9780140738580396 0 
0 -0.6395886424359639 -0.7425876867818131 -0.6395886424359639 -0.5218754488978506 -1.1398697149729455 -1.1987263117420022 -1.0515848198193605 -1.2428687593187946 -1.287011206895587 -1.022156521434832 -1.1398697149729455 -1.3458678036646436 -1.3017253560878512 -0.9780140738580396 -0.6984452392050206 -0.8014442835508697 -0.00688022716860504 1.6852469299417734 1.6705327807495094 1.5675337364036601 0.8759687243672446 -0.9927282230503038 -1.1545838641652095 -1.022156521434832 0 
0 -0.3158773602061524 -0.5365895980901149 -0.6101603440514356 -0.8455867311276622 -1.2722970577033228 -1.2281546101265304 -1.007442372242568 -1.2722970577033228 -1.3017253560878512 -1.2134404609342662 -1.3164395052801154 -1.390010251241436 -1.3605819528569079 -1.1251555657806813 -0.727873537589549 -0.830872581935398 0.21383201071535737 1.6852469299417734 1.5969620347881885 1.4792488412500753 0.4639725469838481 -1.1251555657806813 -1.0662989690116247 -1.0368706706270963 0 
0 -0.3894481061674732 -0.34530565859068074 -0.18345001747577497 -0.8161584327431339 -1.2281546101265304 -1.1987263117420022 -1.007442372242568 -1.0662989690116247 -1.022156521434832 -1.184012162549738 -1.463580997202757 -1.5077234447795496 -1.4341526988182287 -1.2281546101265304 -0.9044433278967189 -0.919157477088983 0.2432603090998857 1.464534692057811 0.6405423372910181 -0.09516512232219 -0.5365895980901149 -1.1398697149729455 -1.0368706706270963 -0.8750150295121906 0 
0 -0.3600198077829449 -0.49244715051332233 -0.8014442835508697 -1.1398697149729455 -1.0810131182038887 -1.184012162549738 -0.6543027916282281 0.5963998897142255 1.0525385146744146 0.6552564864832822 -0.00688022716860504 -0.2570207634370958 -0.6690169408204922 -1.1545838641652095 -1.007442372242568 -0.919157477088983 -0.47773300132105817 -0.10987927151445416 -0.6690169408204922 -1.007442372242568 -1.110441416588417 -1.1251555657806813 -1.095727267396153 -0.7867301343586056 0 
0 -0.3305915093984166 -0.5954461948591715 -0.8455867311276622 -1.1398697149729455 -1.0662989690116247 -1.095727267396153 -0.9780140738580396 -0.22759246505256744 0.34625935344573483 0.8023979784059239 1.1261092606357352 1.1702517082125279 0.15497541394630074 -0.9780140738580396 -1.0662989690116247 -1.022156521434832 -0.8897291787044547 -1.0515848198193605 -0.9927282230503038 -1.095727267396153 -1.1545838641652095 -1.1398697149729455 -1.0810131182038887 -1.0810131182038887 0 
0 -0.3600198077829449 -0.30116321101388827 -0.41887640455200154 -1.0368706706270963 -1.1545838641652095 -1.1545838641652095 -1.1398697149729455 -1.4488668480104927 -1.4782951463950211 -1.3017253560878512 -0.9780140738580396 -0.6248744932436998 -0.8161584327431339 -1.0368706706270963 -1.1545838641652095 -1.1398697149729455 -0.9780140738580396 -0.919157477088983 -1.0662989690116247 -1.3164395052801154 -1.2575829085110588 -1.2281546101265304 -1.095727267396153 -0.9927282230503038 0 
0 -0.4041622553597374 -0.4041622553597374 -0.49244715051332233 -1.110441416588417 -1.184012162549738 -0.9338716262812472 -0.4335905537442657 -0.5807320456669073 -0.830872581935398 -1.022156521434832 -1.287011206895587 -1.463580997202757 -1.4194385496259645 -1.0810131182038887 -1.0368706706270963 -0.8897291787044547 -0.9485857754735113 -1.0810131182038887 -1.1398697149729455 -1.287011206895587 -1.3311536544723794 -1.390010251241436 -1.1987263117420022 -0.3894481061674732 0 
0 -0.22759246505256744 -0.2570207634370958 -0.44830470293652985 -1.1692980133574737 -1.184012162549738 -0.551303747282379 -0.2570207634370958 -0.2864490618216241 -0.3305915093984166 -0.5071612997055865 -0.6837310900127564 -0.830872581935398 -1.0368706706270963 -1.110441416588417 -1.007442372242568 -0.7425876867818131 -1.0662989690116247 -1.3164395052801154 -1.0810131182038887 -1.022156521434832 -1.2134404609342662 -1.287011206895587 -0.9927282230503038 -0.09516512232219 0 
0 -0.2570207634370958 -0.27173491262935995 -0.5365895980901149 -1.2428687593187946 -1.1251555657806813 -0.41887640455200154 -0.3158773602061524 -0.3305915093984166 -0.37473395697520906 -0.5071612997055865 -0.5365895980901149 -0.5660178964746432 -0.6248744932436998 -0.9780140738580396 -0.9632999246657755 -0.6837310900127564 -0.727873537589549 -0.9780140738580396 -1.1398697149729455 -0.919157477088983 -1.0810131182038887 -1.2575829085110588 -0.3305915093984166 0.360973502637999 0 
0 -0.30116321101388827 -0.2864490618216241 -0.6101603440514356 -1.1692980133574737 -0.8897291787044547 -0.3600198077829449 -0.3894481061674732 -0.49244715051332233 -0.463018852128794 -0.4041622553597374 -0.47773300132105817 -0.551303747282379 -0.5660178964746432 -0.8897291787044547 -0.6837310900127564 -0.5365895980901149 -0.5660178964746432 -0.5660178964746432 -0.8603008803199264 -1.007442372242568 -1.2428687593187946 -1.0810131182038887 0.34625935344573483 0.5963998897142255 0 
0 -0.27173491262935995 -0.2864490618216241 -0.551303747282379 -0.8750150295121906 -0.6543027916282281 -0.49244715051332233 -0.6101603440514356 -0.5954461948591715 -0.551303747282379 -0.5218754488978506 -0.49244715051332233 -0.5365895980901149 -0.6543027916282281 -0.727873537589549 -0.7867301343586056 -0.7425876867818131 -0.7131593883972848 -0.6837310900127564 -0.6543027916282281 -0.727873537589549 -1.2134404609342662 -0.47773300132105817 0.7876838292136596 0.6993989340600747 0 
0 -0.15402171909124665 -0.1393075698989825 -0.37473395697520906 -0.8014442835508697 -0.6984452392050206 -0.6543027916282281 -0.6543027916282281 -0.6248744932436998 -0.5660178964746432 -0.49244715051332233 -0.463018852128794 -0.49244715051332233 -0.5954461948591715 -0.7131593883972848 -0.830872581935398 -0.6395886424359639 -0.5660178964746432 -0.5954461948591715 -0.5807320456669073 -0.5954461948591715 -0.5954461948591715 0.47868669617611226 0.9201111719440371 0.7141130832523388 0 
0 -0.12459342070671833 -0.18345001747577497 -0.49244715051332233 -0.7573018359740773 -0.5807320456669073 -0.4041622553597374 -0.44830470293652985 -0.5071612997055865 -0.44830470293652985 -0.37473395697520906 -0.34530565859068074 -0.41887640455200154 -0.37473395697520906 -0.6984452392050206 -0.6101603440514356 -0.463018852128794 -0.44830470293652985 -0.41887640455200154 -0.4335905537442657 -0.44830470293652985 0.19911786152309321 1.0525385146744146 0.9936819179053579 0.7582555308291313 0 
0 -0.21287831586030329 -0.2570207634370958 -0.3305915093984166 -0.3305915093984166 -0.2864490618216241 -0.30116321101388827 -0.3600198077829449 -0.37473395697520906 -0.30116321101388827 -0.3158773602061524 -0.3305915093984166 -0.3305915093984166 -0.2423066142448316 -0.2423066142448316 -0.3158773602061524 -0.44830470293652985 -0.3894481061674732 -0.27173491262935995 -0.21287831586030329 -0.21287831586030329 0.5375432929451689 0.9936819179053579 1.0525385146744146 0.8612545751749805 0 
0 0 0 0 0 0 0 0 0 0 0 0 0 0 0 0 0 0 0 0 0 0 0 0 0 0 

