0 0 0 0 0 0 0 0 0 0 0 0 0 0 0 0 0 0 0 0 0 0 0 0 0 0 
0 0.12486138491625597 -0.2855069395392106 -0.024363460340277334 0.18082070188745594 0.7963731885706558 1.990171950622922 1.337313252625589 -0.15493519993974397 0.4046579697722559 1.0202104564554557 0.9829042451413224 1.4678849922250556 1.5424974148533224 0.9642511394842558 0.9269449281701224 1.169435301711989 1.281353935654389 1.1507821960549223 0.7963731885706558 1.337313252625589 1.0388635621125224 -0.24820072822507727 0.06890206794505598 0.2554331245157226 0 
0 -0.13628209428267732 -0.043016565997344 -0.09897588296854398 -0.22954762256801062 0.6098421319999892 1.990171950622922 2.102090584565322 1.3746194639397222 1.337313252625589 1.2440477243402557 1.6357629431386556 1.5798036261674555 1.0761697734266558 0.9455980338271891 1.3186601469685224 1.8036408940522555 1.7476815770810556 1.5798036261674555 1.3559663582826555 0.9082918225130557 -0.15493519993974397 -0.5466504187381439 -0.30416004519627726 0.012942750973855988 0 
0 0.050248962287989314 0.14351449057332263 0.06890206794505598 0.03159585663092265 0.12486138491625597 1.1880884073690556 1.8596002110234555 2.0647843732511886 1.8969064223375889 1.169435301711989 1.2067415130261223 1.4119256752538556 1.0761697734266558 1.3746194639397222 2.102090584565322 1.7849877883951888 1.3746194639397222 0.9829042451413224 0.9082918225130557 0.7031076602853225 -0.30416004519627726 -0.34146625651041057 0.14351449057332263 0.6471483433141225 0 
0 -0.043016565997344 -0.024363460340277334 0.1062082792591893 0.21812691320158928 0.2554331245157226 1.057516667769589 1.5798036261674555 1.6917222601098556 1.729028471423989 1.281353935654389 1.393272569596789 1.729028471423989 1.673069154452789 1.8409471053663888 1.8222939997093222 1.8036408940522555 1.337313252625589 0.03159585663092265 -0.15493519993974397 0.2927393358298559 -0.21089451691094396 0.06890206794505598 0.7590669772565225 1.0761697734266558 0 
0 0.06890206794505598 0.1621675962303893 0.14351449057332263 0.47927039240052255 0.7590669772565225 1.4305787809109223 1.5238443091962557 1.449231886567989 1.6171098374815889 1.729028471423989 1.6357629431386556 1.5238443091962557 1.3186601469685224 1.5424974148533224 0.5725359206858558 1.057516667769589 1.5238443091962557 0.42331107542932256 -0.06166967165441066 0.23678001885865593 -0.2855069395392106 0.4419641810863892 0.9829042451413224 0.6658014489711892 0 
0 0.3113924414869226 0.27408623017278927 0.7963731885706558 1.7476815770810556 1.2067415130261223 1.169435301711989 1.337313252625589 1.225394618683189 1.1507821960549223 1.4678849922250556 1.3186601469685224 0.5725359206858558 0.9829042451413224 1.001557350798389 0.18082070188745594 0.2554331245157226 1.2067415130261223 1.5424974148533224 0.889638716855989 1.0388635621125224 0.38600486411518925 0.6284952376570558 1.169435301711989 0.3113924414869226 0 
0 0.36735175845812257 0.08755517360212263 1.1321290903978558 2.214009218507722 1.0202104564554557 0.6844545546282558 0.7217607659423891 0.8523325055418558 0.1062082792591893 0.21812691320158928 0.42331107542932256 -0.47203799610987723 1.2440477243402557 0.9269449281701224 0.8150262942277224 0.5165766037146559 0.47927039240052255 1.7476815770810556 0.7217607659423891 1.5611505205103888 1.7849877883951888 1.1134759847407891 1.9342126336517222 1.1507821960549223 0 
0 0.2554331245157226 0.08755517360212263 0.6471483433141225 1.8782533166805222 0.7404138715994558 0.1621675962303893 0.8709856111989225 1.449231886567989 0.4979234980575892 -0.9010594262224104 -0.7331814753088105 -0.36011936216747725 0.8523325055418558 1.505191203539189 1.281353935654389 1.2440477243402557 0.36735175845812257 1.057516667769589 -0.08032277731147731 0.5725359206858558 1.766334682738122 1.5424974148533224 2.008825056279989 1.5984567318245222 0 
0 0.4419641810863892 1.2067415130261223 1.4119256752538556 1.952865739308789 0.7217607659423891 0.6844545546282558 1.4678849922250556 1.8409471053663888 1.5798036261674555 0.14351449057332263 -0.005710354683210674 0.2927393358298559 0.38600486411518925 1.1507821960549223 1.4119256752538556 1.673069154452789 0.7217607659423891 0.23678001885865593 -0.32281315085334394 0.6284952376570558 0.7777200829135891 0.5538828150287892 0.8523325055418558 0.7031076602853225 0 
0 0.42331107542932256 1.9715188449658554 2.3632340637642555 1.8409471053663888 0.38600486411518925 0.9269449281701224 1.3559663582826555 1.6357629431386556 1.505191203539189 1.057516667769589 1.4678849922250556 1.729028471423989 0.6844545546282558 0.2927393358298559 1.6357629431386556 1.766334682738122 0.9269449281701224 0.5911890263429225 0.7031076602853225 1.505191203539189 1.337313252625589 0.8523325055418558 1.169435301711989 1.337313252625589 0 
0 0.38600486411518925 2.0461312675941223 2.269968535478922 1.1134759847407891 0.2554331245157226 0.8523325055418558 0.9642511394842558 0.9829042451413224 0.9269449281701224 1.2067415130261223 1.5984567318245222 2.1393967958794553 1.5798036261674555 0.7217607659423891 1.5798036261674555 1.4119256752538556 1.0761697734266558 0.4979234980575892 1.5611505205103888 2.0274781619370557 1.5424974148533224 1.0202104564554557 1.281353935654389 1.0761697734266558 0 
0 0.3113924414869226 1.6917222601098556 2.2326623241647887 1.1134759847407891 0.9642511394842558 1.2440477243402557 0.7963731885706558 0.18082070188745594 0.8523325055418558 1.5238443091962557 1.3746194639397222 1.3559663582826555 0.9455980338271891 0.14351449057332263 0.1621675962303893 0.5538828150287892 1.0761697734266558 0.9829042451413224 1.6544160487957222 2.102090584565322 1.9342126336517222 1.0202104564554557 1.449231886567989 1.225394618683189 0 
0 1.1507821960549223 2.0274781619370557 2.0647843732511886 1.3186601469685224 1.3000070413114557 0.6098421319999892 -0.39742557348161056 -0.8264470035941438 -0.6399159470234772 -0.30416004519627726 -0.32281315085334394 -0.49069110176694386 -0.8451001092512105 -0.6026097357093438 -0.22954762256801062 -0.5279973130810772 0.2927393358298559 2.1207436902223886 2.214009218507722 1.3746194639397222 1.7849877883951888 2.0461312675941223 1.766334682738122 1.7103753657669223 0 
0 1.6357629431386556 2.512458909020789 1.5424974148533224 0.9829042451413224 0.8523325055418558 -0.8451001092512105 -1.5539181242197435 -1.5166119129056104 -1.647183652505077 -1.7964084977616102 -1.7591022864474768 -1.4606525959344103 -0.19224141125387728 1.3000070413114557 1.4305787809109223 0.9455980338271891 1.4678849922250556 2.0274781619370557 1.952865739308789 1.6917222601098556 1.766334682738122 2.158049901536522 1.7476815770810556 1.8596002110234555 0 
0 1.8596002110234555 2.437846486392522 1.4119256752538556 0.8336793998847891 -0.043016565997344 -1.6844898638192103 -1.7217960751333437 -1.5725712298768102 -1.7217960751333437 -1.8337147090757435 -1.7964084977616102 -1.7217960751333437 -0.5466504187381439 1.4678849922250556 1.8409471053663888 1.3186601469685224 1.9715188449658554 1.729028471423989 1.449231886567989 1.729028471423989 1.8782533166805222 1.8969064223375889 1.6171098374815889 1.0761697734266558 0 
0 2.102090584565322 2.0461312675941223 1.0761697734266558 0.6471483433141225 -0.6958752639946771 -1.7964084977616102 -1.647183652505077 -1.535265018562677 -1.7591022864474768 -1.8523678147328102 -1.8523678147328102 -1.7404491807904103 -1.647183652505077 -0.08032277731147731 1.6917222601098556 1.0202104564554557 1.0202104564554557 1.7103753657669223 0.7404138715994558 0.2927393358298559 0.5165766037146559 0.42331107542932256 0.14351449057332263 -0.6585690526805439 0 
0 1.337313252625589 1.3186601469685224 0.8150262942277224 0.3113924414869226 -1.0689373771360104 -1.6098774411909436 -1.5539181242197435 -1.4419994902773436 -1.7217960751333437 -1.7591022864474768 -1.4979588072485437 -1.3860401733061436 -1.7217960751333437 -1.479305701591477 0.5352297093717225 1.169435301711989 1.4305787809109223 1.729028471423989 0.06890206794505598 -1.2181622223925437 -1.2181622223925437 -1.2741215393637437 -1.367387067649077 -1.2368153280496104 0 
0 1.2067415130261223 0.6844545546282558 0.38600486411518925 -0.39742557348161056 -1.4046932789632103 -1.2181622223925437 -0.8264470035941438 -0.8451001092512105 -1.0875904827930771 -1.0502842714789438 -0.36011936216747725 -0.34146625651041057 -1.0875904827930771 -1.535265018562677 -1.255468433706677 0.27408623017278927 1.8782533166805222 1.505191203539189 0.7963731885706558 -0.9570187431936105 -1.4419994902773436 -1.2927746450208104 -0.8824063205653437 -0.43473178479574387 0 
0 1.057516667769589 0.9269449281701224 0.6098421319999892 -0.6026097357093438 -1.143549799764277 -0.21089451691094396 0.2554331245157226 0.12486138491625597 0.012942750973855988 -0.06166967165441066 -0.09897588296854398 0.14351449057332263 0.03159585663092265 -0.7145283696517438 -1.4979588072485437 -0.8824063205653437 1.5238443091962557 1.673069154452789 0.889638716855989 0.33004554714398926 -0.6772221583376105 -0.5279973130810772 0.1621675962303893 -0.08032277731147731 0 
0 0.6284952376570558 0.7217607659423891 0.5352297093717225 -0.19224141125387728 -0.17358830559681063 0.23678001885865593 0.3486986528010559 0.5725359206858558 0.1994738075445226 0.1621675962303893 0.1994738075445226 0.23678001885865593 0.1621675962303893 -0.024363460340277334 -0.8824063205653437 -0.6958752639946771 1.8036408940522555 1.337313252625589 1.001557350798389 1.3186601469685224 -0.19224141125387728 -0.2855069395392106 0.2554331245157226 0.012942750973855988 0 
0 0.42331107542932256 0.14351449057332263 0.7217607659423891 0.2927393358298559 0.42331107542932256 0.36735175845812257 0.38600486411518925 0.4979234980575892 0.2927393358298559 0.06890206794505598 0.23678001885865593 0.23678001885865593 0.050248962287989314 0.18082070188745594 -0.19224141125387728 -0.19224141125387728 1.729028471423989 1.8409471053663888 1.4865380978821223 1.3186601469685224 0.06890206794505598 -0.13628209428267732 -0.06166967165441066 -0.08032277731147731 0 
0 0.4046579697722559 0.06890206794505598 0.8150262942277224 0.5538828150287892 0.2554331245157226 0.03159585663092265 0.36735175845812257 0.42331107542932256 0.46061728674345587 0.14351449057332263 0.12486138491625597 0.14351449057332263 0.1062082792591893 0.12486138491625597 -0.005710354683210674 0.38600486411518925 1.990171950622922 2.0274781619370557 0.5911890263429225 0.6658014489711892 0.3113924414869226 -0.005710354683210674 -0.043016565997344 0.1621675962303893 0 
0 0.36735175845812257 -0.30416004519627726 0.33004554714398926 0.4419641810863892 0.012942750973855988 -0.005710354683210674 0.14351449057332263 0.33004554714398926 0.3113924414869226 0.3113924414869226 0.2554331245157226 0.23678001885865593 -0.005710354683210674 -0.06166967165441066 0.1062082792591893 1.057516667769589 2.2886216411359888 1.9155595279946556 0.5725359206858558 0.21812691320158928 0.14351449057332263 0.08755517360212263 0.2927393358298559 0.38600486411518925 0 
0 0.03159585663092265 -0.6212628413664105 -0.005710354683210674 0.3486986528010559 0.21812691320158928 0.4046579697722559 0.14351449057332263 0.33004554714398926 0.18082070188745594 0.42331107542932256 0.47927039240052255 0.2554331245157226 0.1621675962303893 0.1621675962303893 0.23678001885865593 1.0761697734266558 1.8969064223375889 1.8782533166805222 1.1321290903978558 -0.32281315085334394 -0.17358830559681063 0.3113924414869226 0.4046579697722559 0.5538828150287892 0 
0 0 0 0 0 0 0 0 0 0 0 0 0 0 0 0 0 0 0 0 0 0 0 0 0 0 

0 0 0 0 0 0 0 0 0 0 0 0 0 0 0 0 0 0 0 0 0 0 0 0 0 0 
0 -0.47203799610987723 -0.9010594262224104 -0.6772221583376105 -0.5093442074240105 0.012942750973855988 1.337313252625589 0.889638716855989 -0.6399159470234772 -0.36011936216747725 0.18082070188745594 0.33004554714398926 0.9082918225130557 1.001557350798389 0.3486986528010559 0.2554331245157226 0.38600486411518925 0.38600486411518925 0.36735175845812257 0.23678001885865593 0.7777200829135891 0.4419641810863892 -0.7704876866229438 -0.47203799610987723 -0.24820072822507727 0 
0 -0.7145283696517438 -0.6585690526805439 -0.6958752639946771 -0.8077938979370771 -0.13628209428267732 1.3186601469685224 1.6917222601098556 0.7404138715994558 0.5911890263429225 0.5911890263429225 0.9829042451413224 0.8523325055418558 0.4046579697722559 0.27408623017278927 0.4979234980575892 0.8709856111989225 0.7217607659423891 0.6658014489711892 0.5725359206858558 0.3486986528010559 -0.6585690526805439 -0.9570187431936105 -0.6958752639946771 -0.47203799610987723 0 
0 -0.5653035243952105 -0.5279973130810772 -0.6026097357093438 -0.6212628413664105 -0.5839566300522772 0.4046579697722559 1.1880884073690556 1.4305787809109223 1.169435301711989 0.4419641810863892 0.4979234980575892 0.5725359206858558 0.2927393358298559 0.6844545546282558 1.1321290903978558 0.8336793998847891 0.5165766037146559 0.1994738075445226 0.03159585663092265 0.050248962287989314 -0.8637532149082772 -0.7704876866229438 -0.2855069395392106 0.1621675962303893 0 
0 -0.6585690526805439 -0.6772221583376105 -0.5466504187381439 -0.47203799610987723 -0.45338489045281055 0.1994738075445226 0.7404138715994558 0.9082918225130557 0.9269449281701224 0.5165766037146559 0.6471483433141225 0.8709856111989225 0.7963731885706558 1.0761697734266558 0.9455980338271891 0.8150262942277224 0.4979234980575892 -0.5466504187381439 -0.7331814753088105 -0.30416004519627726 -0.8264470035941438 -0.47203799610987723 0.23678001885865593 0.5538828150287892 0 
0 -0.5653035243952105 -0.5093442074240105 -0.5279973130810772 -0.22954762256801062 0.050248962287989314 0.5352297093717225 0.6844545546282558 0.5725359206858558 0.7217607659423891 0.889638716855989 0.7777200829135891 0.6284952376570558 0.5725359206858558 0.8336793998847891 -0.09897588296854398 0.23678001885865593 0.7590669772565225 -0.024363460340277334 -0.47203799610987723 -0.2855069395392106 -0.7891407922800104 -0.09897588296854398 0.4046579697722559 0.1621675962303893 0 
0 -0.39742557348161056 -0.37877246782454393 0.03159585663092265 1.1134759847407891 0.5165766037146559 0.2554331245157226 0.47927039240052255 0.47927039240052255 0.2554331245157226 0.6098421319999892 0.5352297093717225 -0.11762898862561065 0.4046579697722559 0.2927393358298559 -0.37877246782454393 -0.34146625651041057 0.6284952376570558 1.1321290903978558 0.3113924414869226 0.4046579697722559 -0.024363460340277334 0.14351449057332263 0.6098421319999892 -0.15493519993974397 0 
0 -0.36011936216747725 -0.5653035243952105 0.42331107542932256 1.729028471423989 0.4046579697722559 0.050248962287989314 0.03159585663092265 0.1621675962303893 -0.47203799610987723 -0.30416004519627726 0.06890206794505598 -0.8264470035941438 0.7217607659423891 0.2927393358298559 0.23678001885865593 -0.08032277731147731 0.012942750973855988 1.225394618683189 0.06890206794505598 1.001557350798389 1.3559663582826555 0.6284952376570558 1.393272569596789 0.5911890263429225 0 
0 -0.45338489045281055 -0.6026097357093438 0.12486138491625597 1.5238443091962557 0.14351449057332263 -0.36011936216747725 0.3486986528010559 0.7404138715994558 0.012942750973855988 -1.2181622223925437 -1.0875904827930771 -0.7891407922800104 0.3113924414869226 0.8336793998847891 0.6658014489711892 0.6098421319999892 -0.21089451691094396 0.46061728674345587 -0.5653035243952105 0.050248962287989314 1.2627008299973224 0.9269449281701224 1.4119256752538556 1.001557350798389 0 
0 -0.2855069395392106 0.46061728674345587 0.9269449281701224 1.5798036261674555 0.03159585663092265 -0.024363460340277334 0.8150262942277224 1.1507821960549223 1.001557350798389 -0.32281315085334394 -0.5093442074240105 -0.2855069395392106 -0.09897588296854398 0.5352297093717225 0.7963731885706558 1.057516667769589 0.06890206794505598 -0.32281315085334394 -0.7704876866229438 0.06890206794505598 0.27408623017278927 0.050248962287989314 0.3113924414869226 0.1994738075445226 0 
0 -0.2855069395392106 1.3186601469685224 1.952865739308789 1.3746194639397222 -0.32281315085334394 0.06890206794505598 0.6098421319999892 0.8709856111989225 0.7963731885706558 0.5725359206858558 1.0388635621125224 1.2440477243402557 0.08755517360212263 -0.26685383388214395 1.0948228790837224 1.1880884073690556 0.3113924414869226 -0.043016565997344 0.21812691320158928 0.8523325055418558 0.6844545546282558 0.3113924414869226 0.5165766037146559 0.7031076602853225 0 
0 -0.24820072822507727 1.5798036261674555 1.8782533166805222 0.47927039240052255 -0.5466504187381439 -0.043016565997344 0.27408623017278927 0.27408623017278927 0.23678001885865593 0.6098421319999892 1.0202104564554557 1.6544160487957222 1.0761697734266558 0.1994738075445226 1.0948228790837224 0.9269449281701224 0.47927039240052255 -0.08032277731147731 1.1134759847407891 1.5238443091962557 0.9269449281701224 0.46061728674345587 0.6284952376570558 0.4979234980575892 0 
0 -0.2855069395392106 1.281353935654389 1.766334682738122 0.2927393358298559 -0.17358830559681063 0.4979234980575892 0.14351449057332263 -0.47203799610987723 0.36735175845812257 1.2067415130261223 0.9269449281701224 0.7404138715994558 0.1994738075445226 -0.5653035243952105 -0.47203799610987723 -0.06166967165441066 0.5165766037146559 0.6471483433141225 1.3000070413114557 1.7476815770810556 1.5611505205103888 0.5538828150287892 0.9269449281701224 0.7217607659423891 0 
0 0.6098421319999892 1.5984567318245222 1.5798036261674555 0.4046579697722559 0.2927393358298559 -0.11762898862561065 -1.0129780601648104 -1.3300808563349438 -1.0689373771360104 -0.6212628413664105 -0.6585690526805439 -1.0689373771360104 -1.5725712298768102 -1.3487339619920102 -0.9570187431936105 -1.143549799764277 -0.22954762256801062 1.766334682738122 1.8969064223375889 0.9642511394842558 1.3000070413114557 1.5238443091962557 1.2440477243402557 1.169435301711989 0 
0 1.1321290903978558 2.1953561128506554 0.8150262942277224 -0.043016565997344 0.06890206794505598 -1.479305701591477 -1.926980237361077 -1.8523678147328102 -1.96428644867521 -2.0015926599893437 -1.9456333430181436 -1.8710209203898769 -0.8264470035941438 0.7404138715994558 0.9455980338271891 0.47927039240052255 1.001557350798389 1.5798036261674555 1.5984567318245222 1.3000070413114557 1.2440477243402557 1.6171098374815889 1.1880884073690556 1.2440477243402557 0 
0 1.3186601469685224 2.008825056279989 0.6284952376570558 -0.06166967165441066 -0.6772221583376105 -1.96428644867521 -1.9456333430181436 -1.8896740260469436 -1.926980237361077 -1.96428644867521 -1.926980237361077 -1.926980237361077 -0.9943249545077437 0.8709856111989225 1.393272569596789 0.9269449281701224 1.5424974148533224 1.2440477243402557 0.9455980338271891 1.3000070413114557 1.3559663582826555 1.3000070413114557 0.9642511394842558 0.4419641810863892 0 
0 1.5238443091962557 1.3746194639397222 0.2927393358298559 -0.15493519993974397 -1.255468433706677 -1.96428644867521 -1.8896740260469436 -1.8523678147328102 -1.926980237361077 -1.9456333430181436 -1.96428644867521 -1.9083271317040102 -1.8710209203898769 -0.5839566300522772 1.1321290903978558 0.6471483433141225 0.6098421319999892 1.1880884073690556 0.14351449057332263 -0.19224141125387728 -0.08032277731147731 -0.19224141125387728 -0.43473178479574387 -1.0875904827930771 0 
0 0.7590669772565225 0.6098421319999892 0.06890206794505598 -0.37877246782454393 -1.6098774411909436 -1.8710209203898769 -1.8150616034186768 -1.7404491807904103 -1.9083271317040102 -1.926980237361077 -1.7404491807904103 -1.6658367581621436 -1.8710209203898769 -1.7404491807904103 0.012942750973855988 0.7217607659423891 0.889638716855989 1.1880884073690556 -0.41607867913867724 -1.535265018562677 -1.5539181242197435 -1.6098774411909436 -1.6844898638192103 -1.5725712298768102 0 
0 0.6098421319999892 0.012942750973855988 -0.30416004519627726 -0.9010594262224104 -1.7591022864474768 -1.5539181242197435 -1.2368153280496104 -1.2927746450208104 -1.4419994902773436 -1.423346384620277 -0.8824063205653437 -0.8451001092512105 -1.423346384620277 -1.7777553921045435 -1.5912243355338769 -0.26685383388214395 1.2627008299973224 0.9455980338271891 0.1621675962303893 -1.3300808563349438 -1.703142969476277 -1.5912243355338769 -1.3300808563349438 -0.975671848850677 0 
0 0.42331107542932256 0.23678001885865593 0.012942750973855988 -1.0689373771360104 -1.5166119129056104 -0.7704876866229438 -0.41607867913867724 -0.5279973130810772 -0.5653035243952105 -0.6399159470234772 -0.7331814753088105 -0.45338489045281055 -0.5466504187381439 -1.1808560110784103 -1.7777553921045435 -1.311427750677877 0.9082918225130557 1.0388635621125224 0.3113924414869226 -0.24820072822507727 -1.0875904827930771 -1.0129780601648104 -0.45338489045281055 -0.6399159470234772 0 
0 -0.005710354683210674 0.050248962287989314 -0.09897588296854398 -0.7704876866229438 -0.7704876866229438 -0.43473178479574387 -0.30416004519627726 -0.06166967165441066 -0.41607867913867724 -0.47203799610987723 -0.47203799610987723 -0.36011936216747725 -0.43473178479574387 -0.6212628413664105 -1.311427750677877 -1.1062435884501438 1.3559663582826555 0.7963731885706558 0.4419641810863892 0.6098421319999892 -0.6958752639946771 -0.8077938979370771 -0.36011936216747725 -0.5466504187381439 0 
0 -0.17358830559681063 -0.45338489045281055 0.1621675962303893 -0.32281315085334394 -0.24820072822507727 -0.26685383388214395 -0.21089451691094396 -0.09897588296854398 -0.34146625651041057 -0.5653035243952105 -0.41607867913867724 -0.36011936216747725 -0.5466504187381439 -0.43473178479574387 -0.7331814753088105 -0.6585690526805439 1.3559663582826555 1.3746194639397222 0.9082918225130557 0.6284952376570558 -0.5653035243952105 -0.7331814753088105 -0.6585690526805439 -0.6958752639946771 0 
0 -0.19224141125387728 -0.5279973130810772 0.2554331245157226 -0.09897588296854398 -0.37877246782454393 -0.5653035243952105 -0.24820072822507727 -0.19224141125387728 -0.21089451691094396 -0.5093442074240105 -0.5279973130810772 -0.49069110176694386 -0.5093442074240105 -0.47203799610987723 -0.5839566300522772 -0.13628209428267732 1.5611505205103888 1.5424974148533224 0.12486138491625597 0.08755517360212263 -0.32281315085334394 -0.5839566300522772 -0.6399159470234772 -0.47203799610987723 0 
0 -0.22954762256801062 -0.8637532149082772 -0.26685383388214395 -0.22954762256801062 -0.6026097357093438 -0.5839566300522772 -0.43473178479574387 -0.30416004519627726 -0.39742557348161056 -0.34146625651041057 -0.37877246782454393 -0.41607867913867724 -0.6026097357093438 -0.6212628413664105 -0.47203799610987723 0.5352297093717225 1.673069154452789 1.3186601469685224 0.08755517360212263 -0.2855069395392106 -0.39742557348161056 -0.49069110176694386 -0.34146625651041057 -0.30416004519627726 0 
0 -0.5466504187381439 -1.1622029054213436 -0.6399159470234772 -0.32281315085334394 -0.41607867913867724 -0.21089451691094396 -0.43473178479574387 -0.34146625651041057 -0.5093442074240105 -0.22954762256801062 -0.17358830559681063 -0.39742557348161056 -0.5093442074240105 -0.5093442074240105 -0.43473178479574387 0.4419641810863892 1.281353935654389 1.225394618683189 0.46061728674345587 -0.7891407922800104 -0.7518345809658772 -0.37877246782454393 -0.36011936216747725 -0.19224141125387728 0 
0 0 0 0 0 0 0 0 0 0 0 0 0 0 0 0 0 0 0 0 0 0 0 0 0 0 

0 0 0 0 0 0 0 0 0 0 0 0 0 0 0 0 0 0 0 0 0 0 0 0 0 0 
0 -0.9943249545077437 -1.3860401733061436 -1.1622029054213436 -0.9943249545077437 -0.6958752639946771 0.47927039240052255 0.33004554714398926 -1.0875904827930771 -0.9943249545077437 -0.5839566300522772 -0.34146625651041057 0.36735175845812257 0.2927393358298559 -0.30416004519627726 -0.36011936216747725 -0.36011936216747725 -0.43473178479574387 -0.36011936216747725 -0.34146625651041057 0.1062082792591893 -0.21089451691094396 -1.2927746450208104 -1.0689373771360104 -0.8824063205653437 0 
0 -1.199509116735477 -1.1248966941072105 -1.1808560110784103 -1.2741215393637437 -0.8824063205653437 0.36735175845812257 1.001557350798389 -0.024363460340277334 -0.17358830559681063 -0.09897588296854398 0.3113924414869226 0.14351449057332263 -0.21089451691094396 -0.24820072822507727 -0.26685383388214395 -0.11762898862561065 -0.19224141125387728 -0.24820072822507727 -0.19224141125387728 -0.24820072822507727 -1.1622029054213436 -1.4046932789632103 -1.1248966941072105 -1.0129780601648104 0 
0 -1.0689373771360104 -1.031631165821877 -1.0875904827930771 -1.1062435884501438 -1.2368153280496104 -0.5466504187381439 0.3113924414869226 0.5725359206858558 0.3113924414869226 -0.24820072822507727 -0.11762898862561065 -0.19224141125387728 -0.41607867913867724 -0.005710354683210674 0.1062082792591893 -0.19224141125387728 -0.36011936216747725 -0.6026097357093438 -0.7331814753088105 -0.6026097357093438 -1.367387067649077 -1.2927746450208104 -0.8077938979370771 -0.45338489045281055 0 
0 -1.143549799764277 -1.1622029054213436 -1.031631165821877 -0.975671848850677 -1.0875904827930771 -0.5653035243952105 -0.15493519993974397 0.03159585663092265 0.012942750973855988 -0.21089451691094396 -0.08032277731147731 -0.043016565997344 -0.09897588296854398 0.2554331245157226 -0.005710354683210674 -0.32281315085334394 -0.5093442074240105 -1.1622029054213436 -1.2927746450208104 -0.9197125318794771 -1.3300808563349438 -1.031631165821877 -0.45338489045281055 -0.21089451691094396 0 
0 -1.0502842714789438 -0.975671848850677 -1.031631165821877 -0.8264470035941438 -0.6212628413664105 -0.24820072822507727 -0.13628209428267732 -0.24820072822507727 -0.24820072822507727 -0.005710354683210674 -0.024363460340277334 -0.30416004519627726 -0.26685383388214395 0.12486138491625597 -0.7331814753088105 -0.6772221583376105 -0.26685383388214395 -0.6585690526805439 -1.0689373771360104 -0.975671848850677 -1.2368153280496104 -0.6585690526805439 -0.36011936216747725 -0.47203799610987723 0 
0 -0.8637532149082772 -0.8824063205653437 -0.6585690526805439 0.23678001885865593 -0.24820072822507727 -0.5653035243952105 -0.19224141125387728 -0.26685383388214395 -0.7891407922800104 -0.37877246782454393 -0.36011936216747725 -0.9197125318794771 -0.32281315085334394 -0.37877246782454393 -0.9010594262224104 -0.9570187431936105 -0.21089451691094396 0.46061728674345587 -0.47203799610987723 -0.45338489045281055 -0.5279973130810772 -0.45338489045281055 -0.17358830559681063 -0.6585690526805439 0 
0 -0.8824063205653437 -1.0689373771360104 -0.32281315085334394 0.7963731885706558 -0.2855069395392106 -0.5279973130810772 -0.6026097357093438 -0.6399159470234772 -1.2927746450208104 -1.031631165821877 -0.6958752639946771 -1.367387067649077 -0.15493519993974397 -0.37877246782454393 -0.39742557348161056 -0.6958752639946771 -0.6212628413664105 0.42331107542932256 -0.7145283696517438 0.12486138491625597 0.6658014489711892 -0.11762898862561065 0.5165766037146559 -0.15493519993974397 0 
0 -1.0129780601648104 -1.1062435884501438 -0.45338489045281055 0.6658014489711892 -0.49069110176694386 -0.7891407922800104 -0.26685383388214395 -0.15493519993974397 -0.6772221583376105 -1.6658367581621436 -1.6098774411909436 -1.3300808563349438 -0.30416004519627726 0.12486138491625597 -0.06166967165441066 -0.13628209428267732 -0.8637532149082772 -0.34146625651041057 -1.143549799764277 -0.6585690526805439 0.42331107542932256 0.012942750973855988 0.46061728674345587 0.14351449057332263 0 
0 -0.8637532149082772 -0.30416004519627726 0.18082070188745594 0.6658014489711892 -0.6958752639946771 -0.6772221583376105 0.06890206794505598 0.4046579697722559 0.33004554714398926 -0.7331814753088105 -0.9943249545077437 -0.7704876866229438 -0.5279973130810772 -0.09897588296854398 0.06890206794505598 0.23678001885865593 -0.6399159470234772 -1.031631165821877 -1.2368153280496104 -0.5279973130810772 -0.43473178479574387 -0.5279973130810772 -0.39742557348161056 -0.47203799610987723 0 
0 -0.9010594262224104 0.4419641810863892 1.0388635621125224 0.38600486411518925 -0.9943249545077437 -0.6212628413664105 -0.19224141125387728 0.012942750973855988 0.06890206794505598 0.1062082792591893 0.5352297093717225 0.5165766037146559 -0.45338489045281055 -0.6958752639946771 0.33004554714398926 0.42331107542932256 -0.41607867913867724 -0.8637532149082772 -0.49069110176694386 0.050248962287989314 -0.09897588296854398 -0.34146625651041057 -0.37877246782454393 -0.19224141125387728 0 
0 -0.8264470035941438 0.7404138715994558 0.9642511394842558 -0.32281315085334394 -0.9943249545077437 -0.49069110176694386 -0.19224141125387728 -0.26685383388214395 -0.45338489045281055 -0.17358830559681063 0.2554331245157226 0.7590669772565225 0.36735175845812257 -0.30416004519627726 0.3486986528010559 0.14351449057332263 -0.39742557348161056 -0.8077938979370771 0.3486986528010559 0.6098421319999892 0.06890206794505598 -0.24820072822507727 -0.26685383388214395 -0.2855069395392106 0 
0 -0.7518345809658772 0.5725359206858558 0.8150262942277224 -0.45338489045281055 -0.45338489045281055 0.42331107542932256 -0.043016565997344 -0.8077938979370771 -0.06166967165441066 0.6098421319999892 0.21812691320158928 -0.043016565997344 -0.5839566300522772 -1.1622029054213436 -1.0129780601648104 -0.7331814753088105 -0.45338489045281055 -0.024363460340277334 0.6844545546282558 0.8150262942277224 0.5538828150287892 -0.13628209428267732 0.08755517360212263 -0.06166967165441066 0 
0 -0.024363460340277334 0.889638716855989 0.7963731885706558 -0.21089451691094396 0.1062082792591893 -0.26685383388214395 -1.2927746450208104 -1.6285305468480102 -1.4419994902773436 -1.1248966941072105 -1.1622029054213436 -1.4606525959344103 -1.8896740260469436 -1.6844898638192103 -1.3860401733061436 -1.5725712298768102 -0.8077938979370771 0.9082918225130557 1.1321290903978558 0.3486986528010559 0.46061728674345587 0.6098421319999892 0.3486986528010559 0.21812691320158928 0 
0 0.36735175845812257 1.3000070413114557 0.14351449057332263 -0.37877246782454393 -0.21089451691094396 -1.7404491807904103 -2.1694706109029434 -2.1135112939317433 -2.1694706109029434 -2.2067768222170767 -2.1508175052458767 -2.13216439958881 -1.3860401733061436 -0.09897588296854398 0.06890206794505598 -0.32281315085334394 0.012942750973855988 0.6098421319999892 0.8523325055418558 0.5725359206858558 0.4419641810863892 0.6658014489711892 0.33004554714398926 0.27408623017278927 0 
0 0.5165766037146559 1.0761697734266558 0.06890206794505598 -0.34146625651041057 -1.0129780601648104 -2.1508175052458767 -2.1508175052458767 -2.13216439958881 -2.13216439958881 -2.0948581882746766 -2.0948581882746766 -2.1135112939317433 -1.535265018562677 -0.15493519993974397 0.36735175845812257 0.08755517360212263 0.4046579697722559 0.23678001885865593 0.1062082792591893 0.4419641810863892 0.42331107542932256 0.3486986528010559 0.06890206794505598 -0.39742557348161056 0 
0 0.7217607659423891 0.5352297093717225 -0.06166967165441066 -0.43473178479574387 -1.6658367581621436 -2.13216439958881 -2.0948581882746766 -2.1135112939317433 -2.13216439958881 -2.1135112939317433 -2.13216439958881 -2.0948581882746766 -2.0575519769605433 -1.2368153280496104 0.1994738075445226 -0.024363460340277334 -0.11762898862561065 0.27408623017278927 -0.6958752639946771 -0.8637532149082772 -0.7704876866229438 -0.9383656375365438 -1.1248966941072105 -1.5912243355338769 0 
0 -0.005710354683210674 -0.13628209428267732 -0.34146625651041057 -0.7518345809658772 -1.9456333430181436 -2.0948581882746766 -2.07620508261761 -2.038898871303477 -2.1135112939317433 -2.1135112939317433 -2.0015926599893437 -1.9456333430181436 -2.1135112939317433 -2.0202457656464103 -0.7704876866229438 -0.08032277731147731 0.08755517360212263 0.4046579697722559 -0.9570187431936105 -1.8710209203898769 -1.8710209203898769 -1.9456333430181436 -2.0015926599893437 -1.926980237361077 0 
0 -0.15493519993974397 -0.6026097357093438 -0.6772221583376105 -1.311427750677877 -1.9829395543322768 -1.8896740260469436 -1.6285305468480102 -1.6844898638192103 -1.7591022864474768 -1.7404491807904103 -1.255468433706677 -1.2181622223925437 -1.7964084977616102 -2.0202457656464103 -1.8896740260469436 -0.9197125318794771 0.4046579697722559 0.1994738075445226 -0.43473178479574387 -1.6844898638192103 -2.0015926599893437 -1.926980237361077 -1.703142969476277 -1.4419994902773436 0 
0 -0.26685383388214395 -0.30416004519627726 -0.26685383388214395 -1.367387067649077 -1.8337147090757435 -1.199509116735477 -0.9197125318794771 -1.031631165821877 -1.031631165821877 -1.1248966941072105 -1.199509116735477 -0.9383656375365438 -0.9943249545077437 -1.5725712298768102 -2.038898871303477 -1.7217960751333437 0.012942750973855988 0.1994738075445226 -0.24820072822507727 -0.8264470035941438 -1.5166119129056104 -1.479305701591477 -0.9943249545077437 -1.1062435884501438 0 
0 -0.5653035243952105 -0.41607867913867724 -0.43473178479574387 -1.1062435884501438 -1.199509116735477 -0.9197125318794771 -0.8077938979370771 -0.6212628413664105 -0.9197125318794771 -0.975671848850677 -0.9943249545077437 -0.8824063205653437 -0.9197125318794771 -1.0875904827930771 -1.6844898638192103 -1.5725712298768102 0.3486986528010559 0.08755517360212263 -0.17358830559681063 -0.15493519993974397 -1.143549799764277 -1.2741215393637437 -0.9010594262224104 -1.0502842714789438 0 
0 -0.6958752639946771 -0.8637532149082772 -0.08032277731147731 -0.7145283696517438 -0.7704876866229438 -0.7704876866229438 -0.7145283696517438 -0.6399159470234772 -0.8264470035941438 -1.0502842714789438 -0.9197125318794771 -0.8451001092512105 -1.031631165821877 -0.9197125318794771 -1.1622029054213436 -1.1622029054213436 0.5165766037146559 0.5911890263429225 0.18082070188745594 -0.15493519993974397 -1.0689373771360104 -1.1808560110784103 -1.1622029054213436 -1.2181622223925437 0 
0 -0.7331814753088105 -0.975671848850677 -0.043016565997344 -0.5279973130810772 -0.8824063205653437 -1.0129780601648104 -0.6958752639946771 -0.6772221583376105 -0.7331814753088105 -1.0129780601648104 -1.0129780601648104 -0.975671848850677 -0.975671848850677 -0.9570187431936105 -1.031631165821877 -0.7518345809658772 0.6471483433141225 0.8150262942277224 -0.2855069395392106 -0.5466504187381439 -0.8824063205653437 -1.031631165821877 -1.1248966941072105 -0.9943249545077437 0 
0 -0.7518345809658772 -1.2741215393637437 -0.5466504187381439 -0.6212628413664105 -1.0875904827930771 -1.0689373771360104 -0.8637532149082772 -0.7518345809658772 -0.9197125318794771 -0.8637532149082772 -0.8824063205653437 -0.9570187431936105 -1.1062435884501438 -1.1062435884501438 -0.9197125318794771 -0.19224141125387728 0.7217607659423891 0.6284952376570558 -0.43473178479574387 -0.8264470035941438 -0.8824063205653437 -0.9570187431936105 -0.8637532149082772 -0.8264470035941438 0 
0 -0.9943249545077437 -1.535265018562677 -0.975671848850677 -0.6958752639946771 -0.9010594262224104 -0.7331814753088105 -0.9383656375365438 -0.8264470035941438 -1.0129780601648104 -0.7891407922800104 -0.7331814753088105 -0.9197125318794771 -1.0689373771360104 -1.1062435884501438 -0.9570187431936105 -0.19224141125387728 0.4979234980575892 0.47927039240052255 -0.26685383388214395 -1.255468433706677 -1.1622029054213436 -0.9010594262224104 -0.9197125318794771 -0.7518345809658772 0 
0 0 0 0 0 0 0 0 0 0 0 0 0 0 0 0 0 0 0 0 0 0 0 0 0 0 

