0 0 0 0 0 0 0 0 0 0 0 0 0 0 0 0 0 0 0 0 0 0 0 0 0 0 
0 0.38562572606982354 0.41595140266429664 0.5675797856366623 1.2195818324178347 0.4614399175560064 0.5372541090421892 0.9921392579592861 1.174093317526125 1.0224649345537593 0.8253480366896839 0.7646966835007376 0.5220912707449527 0.4766027558532429 0.5220912707449527 0.613068300528372 0.6888824920145549 0.7950223600952108 0.8556737132841571 0.9769764196620495 1.067953449445469 1.1134419643371787 0.9769764196620495 0.9466507430675765 0.961813581364813 0 
0 0.4311142409615332 0.3553000494753504 1.067953449445469 0.9921392579592861 0.24916018139469445 0.37046288777258696 0.6888824920145549 0.7343710069062646 0.7192081686090279 0.6737196537173182 0.6888824920145549 0.6888824920145549 0.7646966835007376 0.6585568154200817 0.5675797856366623 0.6737196537173182 0.7192081686090279 0.7950223600952108 0.9011622281758668 0.9769764196620495 1.0831162877427054 1.0376277728509957 1.0527906111482324 1.098279126039942 0 
0 0.38562572606982354 0.4917655941504795 1.174093317526125 0.4766027558532429 0.20367166650298477 0.4311142409615332 0.29464869628640417 -0.3421905121975316 -0.6151216015477897 -0.5544702483588435 0.0975317984223288 0.5827426239338989 0.8556737132841571 0.8556737132841571 0.7192081686090279 0.5827426239338989 0.6888824920145549 0.8708365515813936 0.8708365515813936 0.961813581364813 1.0831162877427054 1.0831162877427054 1.098279126039942 1.067953449445469 0 
0 0.1430203133140385 0.5524169473394257 0.5979054622311354 0.38562572606982354 -0.31186483560305844 -0.6606101164394994 -1.024518235573177 -1.2519608100317254 -1.2822864866261985 -1.3126121632206718 -0.8577270143035748 -0.008608069658327153 0.7040453303117914 1.0527906111482324 0.8708365515813936 0.6433939771228452 0.5827426239338989 0.9921392579592861 1.0073020962565227 0.961813581364813 1.0376277728509957 1.0831162877427054 1.0527906111482324 1.0073020962565227 0 
0 0.006554768638909413 0.4007885643670601 0.37046288777258696 0.4311142409615332 -0.8425641760063383 -1.2974493249234351 -1.3884263547068545 -1.2519608100317254 -1.267123648328962 -1.2822864866261985 -1.2822864866261985 -1.1154952653565964 -0.49381889516989724 0.5220912707449527 1.204418994120598 1.174093317526125 0.7192081686090279 0.6282311388256085 1.1134419643371787 1.3560473770929637 1.1892561558233614 1.1437676409316517 1.0376277728509957 1.0224649345537593 0 
0 0.4917655941504795 0.4311142409615332 -0.22088780581963907 -0.5241445717643703 -1.160983780248306 -1.3126121632206718 -1.373263516409618 -1.267123648328962 -1.2974493249234351 -1.2367979717344888 -1.267123648328962 -1.2519608100317254 -1.2216351334372524 -1.0396810738704136 0.20367166650298477 1.204418994120598 1.0376277728509957 0.5675797856366623 1.1892561558233614 1.5986527898487488 1.2802331856067808 1.174093317526125 1.1589304792288884 1.3257217004984905 0 
0 -0.3725161887920047 -0.7060986313312091 -1.160983780248306 -1.267123648328962 -1.267123648328962 -1.3277750015179084 -1.3126121632206718 -1.2519608100317254 -1.2974493249234351 -1.2216351334372524 -1.267123648328962 -1.1913094568427791 -1.2367979717344888 -1.3581006781123814 -1.0700067504648867 0.38562572606982354 1.0224649345537593 1.204418994120598 1.3712102153902002 1.204418994120598 0.9769764196620495 1.0831162877427054 1.1892561558233614 1.310558862201254 0 
0 -1.4339148695985642 -1.267123648328962 -1.1458209419510694 -1.267123648328962 -1.2367979717344888 -1.267123648328962 -1.3126121632206718 -1.2367979717344888 -1.2216351334372524 -1.2216351334372524 -1.3126121632206718 -1.1761466185455427 -1.3277750015179084 -1.3884263547068545 -1.2519608100317254 -0.8728898526008113 0.29464869628640417 1.1437676409316517 1.2650703473095444 1.067953449445469 1.1589304792288884 1.0831162877427054 1.067953449445469 1.0073020962565227 0 
0 -1.2519608100317254 -0.6606101164394994 -0.47865605687266066 -0.5544702483588435 -1.024518235573177 -1.2216351334372524 -1.267123648328962 -1.3277750015179084 -1.3277750015179084 -1.267123648328962 -1.1761466185455427 -1.160983780248306 -1.3581006781123814 -1.373263516409618 -1.2519608100317254 -1.2822864866261985 -0.7364243079256823 0.7192081686090279 1.0224649345537593 0.8101851983924473 0.9769764196620495 1.067953449445469 0.8101851983924473 0.9466507430675765 0 
0 -0.7970756611146286 -0.03893374625280028 0.264323019691931 0.18850882820574819 -0.918378367492521 -1.2216351334372524 -1.0851695887621233 -1.1913094568427791 -1.4035891930040911 -1.373263516409618 -1.1913094568427791 -1.2216351334372524 -1.3429378398151448 -1.3126121632206718 -1.2974493249234351 -1.2519608100317254 -1.130658103653833 -0.7364243079256823 0.08236896012509223 0.6282311388256085 0.7798595217979742 0.7040453303117914 0.9163250664731033 0.9921392579592861 0 
0 0.34013721117811385 0.7040453303117914 0.8101851983924473 0.37046288777258696 -0.9790297206814673 -1.2519608100317254 -1.130658103653833 -1.2064722951400157 -1.373263516409618 -1.4339148695985642 -1.3277750015179084 -1.2974493249234351 -1.2367979717344888 -1.1458209419510694 -1.3126121632206718 -1.2216351334372524 -1.267123648328962 -1.1154952653565964 -0.8577270143035748 -0.28153915900858534 -0.44833038027818756 -0.6151216015477897 0.7040453303117914 1.4773500834708562 0 
0 0.7343710069062646 0.8405108749869205 0.8253480366896839 0.4917655941504795 -0.9790297206814673 -1.2367979717344888 -1.05484391216765 -1.2822864866261985 -1.3429378398151448 -1.3429378398151448 -1.2822864866261985 -1.3429378398151448 -1.1761466185455427 -1.1154952653565964 -1.2216351334372524 -1.2367979717344888 -1.267123648328962 -1.1913094568427791 -1.0396810738704136 -1.1003324270593597 -1.1913094568427791 -1.0700067504648867 0.18850882820574819 1.4318615685791465 0 
0 0.7040453303117914 0.7343710069062646 0.8101851983924473 0.5524169473394257 -1.024518235573177 -1.2216351334372524 -1.130658103653833 -1.3126121632206718 -1.2216351334372524 -1.373263516409618 -1.3126121632206718 -1.3126121632206718 -1.3277750015179084 -1.2367979717344888 -1.1913094568427791 -1.2822864866261985 -1.160983780248306 -1.130658103653833 -1.05484391216765 -1.0396810738704136 -1.160983780248306 -1.1458209419510694 -0.35735335049476813 1.174093317526125 0 
0 0.9769764196620495 0.8556737132841571 1.0376277728509957 0.6282311388256085 -0.6151216015477897 -0.7060986313312091 -0.12991077603621967 -0.3725161887920047 -0.8122384994118651 -1.1003324270593597 -1.3126121632206718 -1.2367979717344888 -1.3126121632206718 -1.2974493249234351 -1.2822864866261985 -1.267123648328962 -1.267123648328962 -1.1458209419510694 -0.9032155291952845 -0.9790297206814673 -1.1458209419510694 -1.024518235573177 -0.8274013377091016 0.21883450480022132 0 
0 1.2953960239040174 1.234744670715071 1.3257217004984905 0.9921392579592861 0.6585568154200817 0.38562572606982354 0.7343710069062646 0.7495338452035011 0.4007885643670601 0.11269463671956537 -0.8728898526008113 -1.2216351334372524 -1.2974493249234351 -1.2216351334372524 -1.3126121632206718 -1.2367979717344888 -1.267123648328962 -1.1154952653565964 -0.9335412057897576 -1.1913094568427791 -1.2064722951400157 -0.918378367492521 -0.6909357930339726 0.03688044523338254 0 
0 1.3560473770929637 1.310558862201254 1.3712102153902002 1.340884538795727 1.2195818324178347 1.1437676409316517 1.1286048026344153 1.2499075090123077 1.204418994120598 1.1892561558233614 0.38562572606982354 -0.7515871462229188 -1.1761466185455427 -1.267123648328962 -1.267123648328962 -1.1154952653565964 -1.2064722951400157 -1.1458209419510694 -1.05484391216765 -1.3581006781123814 -1.2064722951400157 -0.6454472781422629 0.17334598990851163 0.6433939771228452 0 
0 1.4621872451736195 1.4015358919846734 1.4470244068763831 1.4621872451736195 1.4015358919846734 1.4773500834708562 1.4925129217680928 1.4166987302819098 1.2499075090123077 1.2650703473095444 1.174093317526125 0.24916018139469445 -0.9638668823842307 -1.1761466185455427 -1.2367979717344888 -1.2064722951400157 -1.2064722951400157 -1.1761466185455427 -1.024518235573177 -1.05484391216765 -1.0700067504648867 -0.433167541980951 0.7798595217979742 1.1589304792288884 0 
0 1.4621872451736195 1.4318615685791465 1.3863730536874368 1.234744670715071 1.0376277728509957 1.2195818324178347 1.2650703473095444 1.3712102153902002 1.3863730536874368 1.3560473770929637 1.3863730536874368 0.9769764196620495 -0.35735335049476813 -1.130658103653833 -1.2367979717344888 -1.2367979717344888 -1.160983780248306 -1.0700067504648867 -0.7212614696284457 -0.8274013377091016 -1.05484391216765 -0.49381889516989724 0.8405108749869205 1.0224649345537593 0 
0 1.4470244068763831 1.1437676409316517 0.8859993898786301 0.9921392579592861 0.8101851983924473 1.1437676409316517 1.174093317526125 1.4015358919846734 1.4773500834708562 1.3712102153902002 1.2953960239040174 1.204418994120598 0.24916018139469445 -0.8425641760063383 -1.130658103653833 -1.1913094568427791 -1.0851695887621233 -1.024518235573177 -0.6606101164394994 -0.8122384994118651 -1.05484391216765 -0.5089817334671338 0.7495338452035011 0.9314879047703398 0 
0 1.4621872451736195 0.961813581364813 0.3098115345836407 0.8556737132841571 0.8405108749869205 0.9466507430675765 1.204418994120598 1.4470244068763831 1.4925129217680928 1.234744670715071 1.2650703473095444 1.3712102153902002 1.0073020962565227 -0.327027673900295 -1.1003324270593597 -1.2519608100317254 -1.0851695887621233 -1.0396810738704136 -0.918378367492521 -0.9032155291952845 -0.7515871462229188 -0.17539929092792936 0.8405108749869205 1.1437676409316517 0 
0 1.5834899515515122 1.2953960239040174 0.6888824920145549 0.8859993898786301 0.8405108749869205 1.0073020962565227 1.174093317526125 1.3712102153902002 1.4621872451736195 1.1892561558233614 1.3712102153902002 1.4166987302819098 1.1892561558233614 0.006554768638909413 -1.1761466185455427 -1.2974493249234351 -0.9032155291952845 -0.5544702483588435 -0.5089817334671338 -0.7970756611146286 -0.22088780581963907 0.17334598990851163 0.9769764196620495 1.340884538795727 0 
0 1.4166987302819098 1.1892561558233614 1.0376277728509957 0.9466507430675765 0.961813581364813 1.098279126039942 1.4166987302819098 1.3560473770929637 1.2802331856067808 1.3712102153902002 1.4621872451736195 1.4773500834708562 1.2499075090123077 0.37046288777258696 -1.1154952653565964 -1.2216351334372524 -0.22088780581963907 0.4462770792587698 0.4766027558532429 0.15818315161127505 0.7798595217979742 0.8708365515813936 0.9163250664731033 1.2650703473095444 0 
0 1.0831162877427054 0.8556737132841571 1.204418994120598 0.9314879047703398 1.1437676409316517 1.1589304792288884 1.3863730536874368 1.4318615685791465 1.4621872451736195 1.5683271132542755 1.4621872451736195 1.4925129217680928 1.3257217004984905 0.5979054622311354 -1.0700067504648867 -1.160983780248306 -0.22088780581963907 0.9921392579592861 1.0224649345537593 1.5076757600653292 1.5531642749570391 1.4166987302819098 1.0831162877427054 1.0527906111482324 0 
0 1.0224649345537593 0.9314879047703398 1.3257217004984905 1.0831162877427054 1.1134419643371787 1.4621872451736195 1.659304143037695 1.6896298196321682 1.6744669813349315 1.6441413047404585 1.4166987302819098 1.4015358919846734 1.340884538795727 0.8253480366896839 -0.9941925589787038 -1.2367979717344888 -0.6151216015477897 0.961813581364813 1.1892561558233614 1.4166987302819098 1.4470244068763831 1.2499075090123077 0.9921392579592861 0.9011622281758668 0 
0 0 0 0 0 0 0 0 0 0 0 0 0 0 0 0 0 0 0 0 0 0 0 0 0 0 

0 0 0 0 0 0 0 0 0 0 0 0 0 0 0 0 0 0 0 0 0 0 0 0 0 0 
0 -0.2057249675224025 -0.14507361433345622 0.1430203133140385 0.961813581364813 0.3553000494753504 0.41595140266429664 0.8405108749869205 1.0376277728509957 0.8859993898786301 0.7040453303117914 0.5675797856366623 0.24916018139469445 0.17334598990851163 0.12785747501680192 0.08236896012509223 0.0975317984223288 0.264323019691931 0.29464869628640417 0.38562572606982354 0.4311142409615332 0.506928432447716 0.5524169473394257 0.5524169473394257 0.5827426239338989 0 
0 -0.14507361433345622 -0.14507361433345622 0.6888824920145549 0.7343710069062646 0.08236896012509223 0.29464869628640417 0.6282311388256085 0.6737196537173182 0.6585568154200817 0.5979054622311354 0.5524169473394257 0.506928432447716 0.5979054622311354 0.38562572606982354 0.0975317984223288 0.12785747501680192 0.24916018139469445 0.29464869628640417 0.3553000494753504 0.37046288777258696 0.4766027558532429 0.5372541090421892 0.5524169473394257 0.5827426239338989 0 
0 -0.1602364526306928 0.06720612182785567 0.8556737132841571 0.23399734309745787 0.006554768638909413 0.37046288777258696 0.29464869628640417 -0.3421905121975316 -0.6151216015477897 -0.56963308665608 0.021717606936145977 0.4614399175560064 0.7798595217979742 0.6585568154200817 0.32497437288087727 0.0975317984223288 0.29464869628640417 0.4311142409615332 0.37046288777258696 0.4007885643670601 0.4917655941504795 0.4766027558532429 0.4766027558532429 0.41595140266429664 0 
0 -0.26637632071134876 0.24916018139469445 0.37046288777258696 0.24916018139469445 -0.3876790270892413 -0.6606101164394994 -0.9790297206814673 -1.2216351334372524 -1.2519608100317254 -1.2822864866261985 -0.888052690898048 -0.0692594228472734 0.6433939771228452 0.961813581364813 0.7343710069062646 0.4462770792587698 0.32497437288087727 0.6888824920145549 0.6433939771228452 0.5220912707449527 0.5675797856366623 0.5524169473394257 0.506928432447716 0.4311142409615332 0 
0 -0.31186483560305844 0.17334598990851163 0.21883450480022132 0.37046288777258696 -0.8425641760063383 -1.2519608100317254 -1.3429378398151448 -1.2064722951400157 -1.2216351334372524 -1.2367979717344888 -1.2822864866261985 -1.1761466185455427 -0.5544702483588435 0.4766027558532429 1.1437676409316517 1.098279126039942 0.5372541090421892 0.38562572606982354 0.8101851983924473 0.9921392579592861 0.7646966835007376 0.6585568154200817 0.5372541090421892 0.5220912707449527 0 
0 0.24916018139469445 0.264323019691931 -0.31186483560305844 -0.5241445717643703 -1.1003324270593597 -1.267123648328962 -1.3277750015179084 -1.2216351334372524 -1.2519608100317254 -1.1913094568427791 -1.2519608100317254 -1.2822864866261985 -1.267123648328962 -1.0851695887621233 0.15818315161127505 1.1437676409316517 0.9314879047703398 0.4007885643670601 0.9466507430675765 1.2953960239040174 0.9011622281758668 0.7040453303117914 0.6737196537173182 0.8405108749869205 0 
0 -0.47865605687266066 -0.7970756611146286 -1.1761466185455427 -1.2064722951400157 -1.160983780248306 -1.267123648328962 -1.267123648328962 -1.2064722951400157 -1.2519608100317254 -1.1761466185455427 -1.2519608100317254 -1.1913094568427791 -1.2367979717344888 -1.3581006781123814 -1.0851695887621233 0.4007885643670601 1.0376277728509957 1.1589304792288884 1.234744670715071 0.9921392579592861 0.6737196537173182 0.6585568154200817 0.7495338452035011 0.8859993898786301 0 
0 -1.4794033844902739 -1.2974493249234351 -1.1154952653565964 -1.1913094568427791 -1.160983780248306 -1.2064722951400157 -1.267123648328962 -1.1913094568427791 -1.1761466185455427 -1.1761466185455427 -1.2822864866261985 -1.1913094568427791 -1.3277750015179084 -1.4035891930040911 -1.267123648328962 -0.8425641760063383 0.4007885643670601 1.204418994120598 1.2195818324178347 0.9314879047703398 0.9466507430675765 0.7192081686090279 0.6888824920145549 0.6282311388256085 0 
0 -1.2367979717344888 -0.6606101164394994 -0.4634932185754241 -0.5393074100616069 -1.0093553972759404 -1.1913094568427791 -1.2216351334372524 -1.2822864866261985 -1.2822864866261985 -1.2216351334372524 -1.1458209419510694 -1.160983780248306 -1.3581006781123814 -1.373263516409618 -1.2519608100317254 -1.2216351334372524 -0.6151216015477897 0.7798595217979742 1.0073020962565227 0.7192081686090279 0.8101851983924473 0.7798595217979742 0.5220912707449527 0.6433939771228452 0 
0 -0.7667499845201554 -0.023770907955563716 0.24916018139469445 0.15818315161127505 -0.9487040440869942 -1.2064722951400157 -1.0396810738704136 -1.1458209419510694 -1.3581006781123814 -1.3277750015179084 -1.1458209419510694 -1.1913094568427791 -1.3126121632206718 -1.267123648328962 -1.2519608100317254 -1.2064722951400157 -1.0700067504648867 -0.7212614696284457 0.021717606936145977 0.4917655941504795 0.613068300528372 0.4917655941504795 0.6888824920145549 0.7495338452035011 0 
0 0.3553000494753504 0.7040453303117914 0.7646966835007376 0.29464869628640417 -1.0851695887621233 -1.267123648328962 -1.0851695887621233 -1.160983780248306 -1.3277750015179084 -1.3884263547068545 -1.2822864866261985 -1.2519608100317254 -1.1913094568427791 -1.1003324270593597 -1.267123648328962 -1.1913094568427791 -1.2822864866261985 -1.160983780248306 -0.9638668823842307 -0.44833038027818756 -0.6302844398450264 -0.7667499845201554 0.5220912707449527 1.2802331856067808 0 
0 0.7343710069062646 0.8405108749869205 0.8101851983924473 0.4614399175560064 -1.024518235573177 -1.2974493249234351 -1.1154952653565964 -1.3429378398151448 -1.3884263547068545 -1.373263516409618 -1.2974493249234351 -1.3277750015179084 -1.130658103653833 -1.0700067504648867 -1.1458209419510694 -1.1913094568427791 -1.2974493249234351 -1.2216351334372524 -1.1003324270593597 -1.1761466185455427 -1.2974493249234351 -1.2216351334372524 0.05204328353061911 1.2953960239040174 0 
0 0.7192081686090279 0.7495338452035011 0.8101851983924473 0.5524169473394257 -1.0396810738704136 -1.2822864866261985 -1.2216351334372524 -1.4035891930040911 -1.2974493249234351 -1.4339148695985642 -1.3581006781123814 -1.3277750015179084 -1.2974493249234351 -1.1761466185455427 -1.1003324270593597 -1.2216351334372524 -1.1761466185455427 -1.1458209419510694 -1.0700067504648867 -1.0396810738704136 -1.2064722951400157 -1.3126121632206718 -0.47865605687266066 1.0527906111482324 0 
0 0.9921392579592861 0.8556737132841571 1.0376277728509957 0.6282311388256085 -0.6302844398450264 -0.7667499845201554 -0.19056212922516594 -0.433167541980951 -0.8728898526008113 -1.1458209419510694 -1.3429378398151448 -1.2519608100317254 -1.3126121632206718 -1.2519608100317254 -1.2064722951400157 -1.2064722951400157 -1.2822864866261985 -1.160983780248306 -0.918378367492521 -0.9941925589787038 -1.1913094568427791 -1.1913094568427791 -0.9335412057897576 0.0975317984223288 0 
0 1.310558862201254 1.234744670715071 1.3257217004984905 0.9921392579592861 0.6585568154200817 0.34013721117811385 0.6888824920145549 0.6888824920145549 0.3553000494753504 0.08236896012509223 -0.918378367492521 -1.267123648328962 -1.3126121632206718 -1.2064722951400157 -1.2519608100317254 -1.1913094568427791 -1.2822864866261985 -1.1458209419510694 -0.9487040440869942 -1.2064722951400157 -1.2519608100317254 -1.0851695887621233 -0.7970756611146286 -0.0692594228472734 0 
0 1.3712102153902002 1.310558862201254 1.3712102153902002 1.340884538795727 1.2195818324178347 1.098279126039942 1.0831162877427054 1.204418994120598 1.174093317526125 1.1589304792288884 0.34013721117811385 -0.8274013377091016 -1.2064722951400157 -1.267123648328962 -1.2216351334372524 -1.0851695887621233 -1.2216351334372524 -1.160983780248306 -1.0700067504648867 -1.373263516409618 -1.2519608100317254 -0.7819128228173919 0.06720612182785567 0.5372541090421892 0 
0 1.4773500834708562 1.4015358919846734 1.4470244068763831 1.4621872451736195 1.4015358919846734 1.4470244068763831 1.4470244068763831 1.3712102153902002 1.2195818324178347 1.234744670715071 1.1134419643371787 0.15818315161127505 -1.024518235573177 -1.1913094568427791 -1.2367979717344888 -1.1913094568427791 -1.2216351334372524 -1.1913094568427791 -1.0396810738704136 -1.0700067504648867 -1.1154952653565964 -0.56963308665608 0.6888824920145549 1.0527906111482324 0 
0 1.4621872451736195 1.4166987302819098 1.3863730536874368 1.234744670715071 1.0527906111482324 1.1892561558233614 1.204418994120598 1.3257217004984905 1.340884538795727 1.3257217004984905 1.2953960239040174 0.8708365515813936 -0.433167541980951 -1.1761466185455427 -1.2519608100317254 -1.2367979717344888 -1.1761466185455427 -1.0851695887621233 -0.7364243079256823 -0.8425641760063383 -1.0851695887621233 -0.6151216015477897 0.7495338452035011 0.9314879047703398 0 
0 1.4470244068763831 1.1286048026344153 0.8708365515813936 0.9921392579592861 0.8253480366896839 1.098279126039942 1.098279126039942 1.340884538795727 1.4318615685791465 1.3257217004984905 1.204418994120598 1.098279126039942 0.15818315161127505 -0.918378367492521 -1.1458209419510694 -1.2064722951400157 -1.1003324270593597 -1.0396810738704136 -0.675772954736736 -0.8274013377091016 -1.0851695887621233 -0.6302844398450264 0.6737196537173182 0.8253480366896839 0 
0 1.4470244068763831 0.9163250664731033 0.264323019691931 0.7950223600952108 0.7646966835007376 0.8859993898786301 1.1437676409316517 1.3863730536874368 1.4318615685791465 1.174093317526125 1.204418994120598 1.2802331856067808 0.8556737132841571 -0.4634932185754241 -1.1458209419510694 -1.2519608100317254 -1.0851695887621233 -1.0396810738704136 -0.918378367492521 -0.918378367492521 -0.7819128228173919 -0.28153915900858534 0.7192081686090279 1.0073020962565227 0 
0 1.5228385983625659 1.234744670715071 0.613068300528372 0.7646966835007376 0.7040453303117914 0.9163250664731033 1.1134419643371787 1.310558862201254 1.4015358919846734 1.1286048026344153 1.340884538795727 1.340884538795727 1.0224649345537593 -0.1602364526306928 -1.2367979717344888 -1.267123648328962 -0.888052690898048 -0.5393074100616069 -0.5089817334671338 -0.8122384994118651 -0.2512134824141122 0.06720612182785567 0.8253480366896839 1.1589304792288884 0 
0 1.310558862201254 1.098279126039942 0.9466507430675765 0.8405108749869205 0.8708365515813936 1.0224649345537593 1.3560473770929637 1.2953960239040174 1.2195818324178347 1.310558862201254 1.4166987302819098 1.4015358919846734 1.0831162877427054 0.21883450480022132 -1.160983780248306 -1.2064722951400157 -0.2057249675224025 0.4614399175560064 0.4766027558532429 0.15818315161127505 0.7646966835007376 0.7950223600952108 0.7950223600952108 1.1134419643371787 0 
0 0.9314879047703398 0.7495338452035011 1.1134419643371787 0.8556737132841571 1.067953449445469 1.098279126039942 1.3257217004984905 1.3712102153902002 1.4015358919846734 1.5076757600653292 1.4166987302819098 1.4166987302819098 1.174093317526125 0.4614399175560064 -1.1003324270593597 -1.1458209419510694 -0.2057249675224025 0.9921392579592861 1.0224649345537593 1.5076757600653292 1.5380014366598025 1.3560473770929637 0.9921392579592861 0.9163250664731033 0 
0 0.8405108749869205 0.8253480366896839 1.234744670715071 1.0224649345537593 1.067953449445469 1.4166987302819098 1.5986527898487488 1.6289784664432219 1.6138156281459852 1.5834899515515122 1.3560473770929637 1.3257217004984905 1.1892561558233614 0.6888824920145549 -1.024518235573177 -1.2064722951400157 -0.6151216015477897 0.961813581364813 1.1892561558233614 1.4166987302819098 1.4470244068763831 1.2195818324178347 0.9314879047703398 0.7950223600952108 0 
0 0 0 0 0 0 0 0 0 0 0 0 0 0 0 0 0 0 0 0 0 0 0 0 0 0 

0 0 0 0 0 0 0 0 0 0 0 0 0 0 0 0 0 0 0 0 0 0 0 0 0 0 
0 -0.9790297206814673 -0.8577270143035748 -0.31186483560305844 0.7192081686090279 0.20367166650298477 0.3553000494753504 0.7950223600952108 0.961813581364813 0.7646966835007376 0.5524169473394257 0.2794858579891676 -0.1602364526306928 -0.26637632071134876 -0.433167541980951 -0.6606101164394994 -0.7060986313312091 -0.47865605687266066 -0.4634932185754241 -0.4180047036837144 -0.3725161887920047 -0.29670199730582186 -0.22088780581963907 -0.22088780581963907 -0.19056212922516594 0 
0 -0.9638668823842307 -0.7667499845201554 0.38562572606982354 0.613068300528372 -0.023770907955563716 0.17334598990851163 0.5372541090421892 0.5979054622311354 0.613068300528372 0.5827426239338989 0.4462770792587698 0.2794858579891676 0.34013721117811385 0.006554768638909413 -0.5089817334671338 -0.5847959249533166 -0.44833038027818756 -0.433167541980951 -0.4028418653864778 -0.4180047036837144 -0.31186483560305844 -0.19056212922516594 -0.1602364526306928 -0.14507361433345622 0 
0 -0.9638668823842307 -0.47865605687266066 0.6282311388256085 0.17334598990851163 -0.0692594228472734 0.24916018139469445 0.20367166650298477 -0.3876790270892413 -0.5847959249533166 -0.47865605687266066 0.03688044523338254 0.38562572606982354 0.6585568154200817 0.4311142409615332 -0.1147479377389831 -0.4634932185754241 -0.31186483560305844 -0.22088780581963907 -0.3421905121975316 -0.35735335049476813 -0.29670199730582186 -0.28153915900858534 -0.26637632071134876 -0.327027673900295 0 
0 -0.9335412057897576 -0.26637632071134876 0.03688044523338254 0.08236896012509223 -0.4634932185754241 -0.6606101164394994 -0.918378367492521 -1.1458209419510694 -1.160983780248306 -1.1761466185455427 -0.8425641760063383 -0.09958509944174654 0.613068300528372 0.9163250664731033 0.613068300528372 0.264323019691931 0.006554768638909413 0.29464869628640417 0.11269463671956537 -0.09958509944174654 -0.14507361433345622 -0.23605064411687562 -0.23605064411687562 -0.28153915900858534 0 
0 -0.7515871462229188 -0.17539929092792936 -0.03893374625280028 0.21883450480022132 -0.9032155291952845 -1.2064722951400157 -1.2367979717344888 -1.1003324270593597 -1.1154952653565964 -1.130658103653833 -1.2216351334372524 -1.160983780248306 -0.5393074100616069 0.4766027558532429 1.174093317526125 1.098279126039942 0.4614399175560064 0.264323019691931 0.5675797856366623 0.6585568154200817 0.32497437288087727 -0.008608069658327153 -0.09958509944174654 -0.1147479377389831 0 
0 0.0975317984223288 0.1430203133140385 -0.3876790270892413 -0.5544702483588435 -1.1154952653565964 -1.2064722951400157 -1.2216351334372524 -1.1154952653565964 -1.1458209419510694 -1.0851695887621233 -1.1913094568427791 -1.267123648328962 -1.2519608100317254 -1.0700067504648867 0.17334598990851163 1.174093317526125 0.9921392579592861 0.4462770792587698 0.9466507430675765 1.2499075090123077 0.7646966835007376 0.29464869628640417 0.24916018139469445 0.37046288777258696 0 
0 -0.3876790270892413 -0.6909357930339726 -1.1003324270593597 -1.1458209419510694 -1.130658103653833 -1.1913094568427791 -1.160983780248306 -1.1003324270593597 -1.1458209419510694 -1.0700067504648867 -1.1913094568427791 -1.160983780248306 -1.2064722951400157 -1.3277750015179084 -1.05484391216765 0.4311142409615332 1.067953449445469 1.1892561558233614 1.2953960239040174 1.067953449445469 0.6888824920145549 0.4462770792587698 0.506928432447716 0.5827426239338989 0 
0 -1.2519608100317254 -1.0851695887621233 -0.9638668823842307 -1.1003324270593597 -1.1003324270593597 -1.130658103653833 -1.160983780248306 -1.0851695887621233 -1.0700067504648867 -1.0700067504648867 -1.2064722951400157 -1.1154952653565964 -1.267123648328962 -1.3429378398151448 -1.2064722951400157 -0.8425641760063383 0.264323019691931 1.0831162877427054 1.1134419643371787 0.8556737132841571 0.8859993898786301 0.5827426239338989 0.5675797856366623 0.4462770792587698 0 
0 -1.0700067504648867 -0.5089817334671338 -0.3421905121975316 -0.44833038027818756 -0.9335412057897576 -1.1003324270593597 -1.1154952653565964 -1.1761466185455427 -1.1761466185455427 -1.1154952653565964 -1.05484391216765 -1.0851695887621233 -1.267123648328962 -1.2974493249234351 -1.1761466185455427 -1.2367979717344888 -0.7970756611146286 0.5827426239338989 0.7950223600952108 0.4917655941504795 0.5827426239338989 0.5979054622311354 0.4007885643670601 0.5372541090421892 0 
0 -0.7515871462229188 -0.023770907955563716 0.2794858579891676 0.20367166650298477 -0.9032155291952845 -1.130658103653833 -0.9335412057897576 -1.0396810738704136 -1.2519608100317254 -1.2216351334372524 -1.0396810738704136 -1.0851695887621233 -1.2064722951400157 -1.1761466185455427 -1.160983780248306 -1.130658103653833 -1.0700067504648867 -0.7819128228173919 -0.1147479377389831 0.2794858579891676 0.32497437288087727 0.18850882820574819 0.506928432447716 0.6433939771228452 0 
0 0.24916018139469445 0.5675797856366623 0.6888824920145549 0.2794858579891676 -1.0396810738704136 -1.1761466185455427 -0.9790297206814673 -1.05484391216765 -1.2216351334372524 -1.2822864866261985 -1.1913094568427791 -1.1458209419510694 -1.0851695887621233 -0.9941925589787038 -1.160983780248306 -1.024518235573177 -1.05484391216765 -1.0093553972759404 -0.9335412057897576 -0.5393074100616069 -0.8425641760063383 -1.1458209419510694 0.264323019691931 1.174093317526125 0 
0 0.6433939771228452 0.7343710069062646 0.7646966835007376 0.4917655941504795 -0.9335412057897576 -1.1458209419510694 -0.9335412057897576 -1.1913094568427791 -1.2822864866261985 -1.2974493249234351 -1.2216351334372524 -1.2519608100317254 -1.0396810738704136 -0.9335412057897576 -0.9941925589787038 -1.0093553972759404 -1.1003324270593597 -1.0700067504648867 -0.9790297206814673 -1.1003324270593597 -1.2216351334372524 -1.2064722951400157 -0.14507361433345622 1.1437676409316517 0 
0 0.6433939771228452 0.6737196537173182 0.7950223600952108 0.613068300528372 -0.9487040440869942 -1.1458209419510694 -1.0700067504648867 -1.2822864866261985 -1.2367979717344888 -1.4035891930040911 -1.3277750015179084 -1.2519608100317254 -1.2216351334372524 -1.05484391216765 -0.9487040440869942 -1.0700067504648867 -1.05484391216765 -1.024518235573177 -0.9487040440869942 -0.918378367492521 -1.024518235573177 -1.1003324270593597 -0.6454472781422629 0.8556737132841571 0 
0 0.9163250664731033 0.7950223600952108 1.0376277728509957 0.6585568154200817 -0.5544702483588435 -0.675772954736736 -0.14507361433345622 -0.4028418653864778 -0.9032155291952845 -1.2216351334372524 -1.373263516409618 -1.2064722951400157 -1.2367979717344888 -1.1458209419510694 -1.0700067504648867 -1.0700067504648867 -1.160983780248306 -1.0396810738704136 -0.7970756611146286 -0.8728898526008113 -1.0396810738704136 -1.05484391216765 -1.1458209419510694 -0.1147479377389831 0 
0 1.234744670715071 1.204418994120598 1.3257217004984905 0.9921392579592861 0.6888824920145549 0.3553000494753504 0.6433939771228452 0.613068300528372 0.23399734309745787 -0.0692594228472734 -1.0093553972759404 -1.2367979717344888 -1.2519608100317254 -1.1154952653565964 -1.1458209419510694 -1.05484391216765 -1.160983780248306 -1.024518235573177 -0.8274013377091016 -1.0851695887621233 -1.1003324270593597 -0.9941925589787038 -1.0700067504648867 -0.31186483560305844 0 
0 1.340884538795727 1.3257217004984905 1.3712102153902002 1.340884538795727 1.204418994120598 1.0527906111482324 1.0073020962565227 1.0831162877427054 1.0073020962565227 0.961813581364813 0.21883450480022132 -0.8122384994118651 -1.1761466185455427 -1.1913094568427791 -1.130658103653833 -0.9790297206814673 -1.1003324270593597 -1.0396810738704136 -0.9487040440869942 -1.2519608100317254 -1.1154952653565964 -0.7667499845201554 -0.2512134824141122 0.264323019691931 0 
0 1.5076757600653292 1.4318615685791465 1.4621872451736195 1.4318615685791465 1.3560473770929637 1.3863730536874368 1.3712102153902002 1.2650703473095444 1.0527906111482324 1.0376277728509957 0.9921392579592861 0.1430203133140385 -1.0093553972759404 -1.1458209419510694 -1.160983780248306 -1.1003324270593597 -1.1003324270593597 -1.0700067504648867 -0.918378367492521 -0.9487040440869942 -0.9941925589787038 -0.5999587632505532 0.32497437288087727 0.7646966835007376 0 
0 1.5531642749570391 1.4925129217680928 1.4015358919846734 1.204418994120598 0.961813581364813 1.1437676409316517 1.1892561558233614 1.2650703473095444 1.234744670715071 1.174093317526125 1.204418994120598 0.8405108749869205 -0.44833038027818756 -1.1458209419510694 -1.1913094568427791 -1.1458209419510694 -1.05484391216765 -0.9638668823842307 -0.5999587632505532 -0.7212614696284457 -0.9790297206814673 -0.7060986313312091 0.32497437288087727 0.613068300528372 0 
0 1.5834899515515122 1.204418994120598 0.9011622281758668 0.9466507430675765 0.7343710069062646 1.0831162877427054 1.1286048026344153 1.3257217004984905 1.3712102153902002 1.234744670715071 1.1437676409316517 1.0376277728509957 0.12785747501680192 -0.888052690898048 -1.1003324270593597 -1.130658103653833 -0.9790297206814673 -0.9335412057897576 -0.5544702483588435 -0.7060986313312091 -0.9790297206814673 -0.7515871462229188 0.21883450480022132 0.506928432447716 0 
0 1.4621872451736195 0.9011622281758668 0.23399734309745787 0.7495338452035011 0.7192081686090279 0.8556737132841571 1.1437676409316517 1.3560473770929637 1.3863730536874368 1.1134419643371787 1.0527906111482324 1.0831162877427054 0.7950223600952108 -0.4028418653864778 -1.05484391216765 -1.1913094568427791 -1.0851695887621233 -1.024518235573177 -0.8728898526008113 -0.8274013377091016 -0.6909357930339726 -0.35735335049476813 0.5979054622311354 0.9314879047703398 0 
0 1.4318615685791465 1.1437676409316517 0.5524169473394257 0.7192081686090279 0.6888824920145549 0.8859993898786301 1.067953449445469 1.2650703473095444 1.3560473770929637 1.0831162877427054 1.1286048026344153 1.0376277728509957 0.8859993898786301 -0.12991077603621967 -1.1458209419510694 -1.2367979717344888 -0.9941925589787038 -0.6151216015477897 -0.49381889516989724 -0.7364243079256823 -0.19056212922516594 0.03688044523338254 0.9314879047703398 1.2650703473095444 0 
0 1.174093317526125 0.9921392579592861 0.8708365515813936 0.7950223600952108 0.8405108749869205 0.9769764196620495 1.310558862201254 1.2499075090123077 1.174093317526125 1.2650703473095444 1.2195818324178347 1.067953449445469 0.8859993898786301 0.15818315161127505 -1.1458209419510694 -1.1913094568427791 -0.28153915900858534 0.41595140266429664 0.4766027558532429 0.21883450480022132 0.8101851983924473 0.7495338452035011 0.8708365515813936 1.1892561558233614 0 
0 0.7495338452035011 0.5827426239338989 0.9769764196620495 0.8101851983924473 1.0527906111482324 1.067953449445469 1.2802331856067808 1.3257217004984905 1.3560473770929637 1.4621872451736195 1.234744670715071 1.1134419643371787 0.9314879047703398 0.3098115345836407 -1.1458209419510694 -1.1458209419510694 -0.2512134824141122 0.9921392579592861 1.0224649345537593 1.5380014366598025 1.5531642749570391 1.3257217004984905 1.0527906111482324 0.961813581364813 0 
0 0.5827426239338989 0.5979054622311354 1.067953449445469 0.9466507430675765 1.0527906111482324 1.3863730536874368 1.5531642749570391 1.5834899515515122 1.5683271132542755 1.5380014366598025 1.234744670715071 1.067953449445469 0.9314879047703398 0.4917655941504795 -1.1003324270593597 -1.1913094568427791 -0.5999587632505532 0.961813581364813 1.1892561558233614 1.4015358919846734 1.4318615685791465 1.1892561558233614 0.9466507430675765 0.7950223600952108 0 
0 0 0 0 0 0 0 0 0 0 0 0 0 0 0 0 0 0 0 0 0 0 0 0 0 0 

