0 0 0 0 0 0 0 0 0 0 0 0 0 0 0 0 0 0 0 0 0 0 0 0 0 0 
0 2.07770075584252 1.8885501891655334 2.07770075584252 2.1722760391810128 2.2195636808502592 2.1486322183463895 1.7939749058270404 1.6048243391500543 1.4156737724730681 1.841262547496287 1.6993996224885475 1.4629614141423146 1.3447423099691984 1.3683861308038217 1.3683861308038217 1.061016459953719 0.8955097141113563 1.392029951638445 1.6993996224885475 1.0846602807883423 0.8482220724421098 1.2028793849614587 1.8649063683309102 2.0304131141732733 0 
0 2.1486322183463895 1.746687264157794 1.841262547496287 1.9831254725040266 2.1722760391810128 2.0304131141732733 1.675755801653924 1.2738108474653285 0.9900849974498493 1.1083041016229658 1.1792355641268355 1.297454668299952 1.297454668299952 1.392029951638445 0.9664411766152261 0.32805801408039786 0.32805801408039786 0.5644962224266306 0.5644962224266306 0.77729060993824 0.9427973557806028 0.7300029682689934 1.1792355641268355 1.9358378308347801 0 
0 2.2432075016848825 1.7230434433231707 1.6048243391500543 1.6993996224885475 1.7703310849924172 1.2738108474653285 0.6590715057651236 0.4935647599227607 0.3753456557496444 0.6590715057651236 1.297454668299952 2.0540569350078965 1.2501670266307052 0.06797598489954189 -0.050243119273574444 -0.09753076094282098 0.02068834323029536 0.09161980573416516 0.18619508907265822 0.9664411766152261 1.675755801653924 1.6048243391500543 0.9191535349459795 1.1792355641268355 0 
0 2.2432075016848825 1.7230434433231707 1.3683861308038217 1.2738108474653285 0.9191535349459795 0.3753456557496444 0.1389074474034117 0.16255126823803498 -0.21574986511593733 -0.7122701026430259 -0.050243119273574444 0.6354276849305003 -0.6886262818084027 -0.6413386401391561 -0.3576127901236769 -0.14481840261206752 0.18619508907265822 -0.07388694010819771 -0.07388694010819771 0.9191535349459795 2.1249883975117663 2.2668513225195057 1.4393175933076914 0.7063591474343701 0 
0 2.195919860015636 1.581180518315431 0.871865893276733 0.77729060993824 0.6827153265997469 0.4226332974188909 0.30441419324577457 0.16255126823803498 -0.40490043179292345 -0.806845385981519 -0.7359139234776492 -0.42854425262754675 -0.6649824609737794 -0.7122701026430259 -0.6649824609737794 -0.546763356800663 -0.19210604428131406 0.02068834323029536 0.4226332974188909 0.4935647599227607 0.5881400432612538 0.6827153265997469 0.871865893276733 1.0137288182844726 0 
0 2.101344576677143 1.6521119808193008 0.8955097141113563 1.061016459953719 1.1792355641268355 0.8009344307728632 0.23348273074190476 -0.09753076094282098 -0.21574986511593733 -0.050243119273574444 0.02068834323029536 0.4226332974188909 0.4462771182535142 0.02068834323029536 -0.21574986511593733 -0.28668132761980714 -0.1684622234466908 0.09161980573416516 0.611783864095877 1.0373726391190958 0.9191535349459795 0.16255126823803498 -0.0029554776043279087 0.7536467891036167 0 
0 2.2195636808502592 1.3683861308038217 0.9427973557806028 1.6284681599846775 1.8176187266616637 1.5102490558115613 0.7300029682689934 0.30441419324577457 0.4935647599227607 0.517208580757384 0.5408524015920072 0.9664411766152261 1.1083041016229658 0.7300029682689934 0.4699209390881374 0.18619508907265822 0.16255126823803498 0.32805801408039786 0.3753456557496444 0.6354276849305003 0.9664411766152261 0.8009344307728632 0.1389074474034117 0.044332164064918626 0 
0 1.4866052349769379 1.061016459953719 1.3447423099691984 1.581180518315431 1.6521119808193008 1.6521119808193008 1.3683861308038217 0.9900849974498493 0.9664411766152261 0.8482220724421098 0.9900849974498493 1.2028793849614587 1.2028793849614587 1.1555917432922123 1.1792355641268355 0.871865893276733 0.4935647599227607 0.5408524015920072 0.4462771182535142 0.4699209390881374 0.871865893276733 0.9191535349459795 0.4699209390881374 0.30441419324577457 0 
0 0.4699209390881374 0.8009344307728632 0.8482220724421098 0.77729060993824 1.1083041016229658 1.392029951638445 1.3683861308038217 1.3683861308038217 1.4393175933076914 1.3210984891345752 1.5102490558115613 1.297454668299952 0.8955097141113563 0.9191535349459795 1.1792355641268355 1.1083041016229658 0.9427973557806028 1.0846602807883423 0.7300029682689934 0.4462771182535142 0.77729060993824 0.8245782516074864 0.4699209390881374 1.226523205796082 0 
0 0.23348273074190476 0.3517018349150211 0.11526362656878843 0.30441419324577457 1.1083041016229658 1.5102490558115613 1.4866052349769379 1.6048243391500543 1.6521119808193008 1.4393175933076914 1.1083041016229658 1.0137288182844726 0.6354276849305003 0.5408524015920072 0.5881400432612538 0.5644962224266306 1.226523205796082 1.3447423099691984 1.0373726391190958 0.39898947658426764 0.32805801408039786 0.3517018349150211 0.8482220724421098 1.6993996224885475 0 
0 0.23348273074190476 0.25712655157652803 -0.14481840261206752 0.3517018349150211 1.2738108474653285 1.6048243391500543 1.5338928766461846 1.675755801653924 1.7230434433231707 1.4866052349769379 1.1555917432922123 0.7536467891036167 0.30441419324577457 0.1389074474034117 -0.0029554776043279087 0.25712655157652803 0.9427973557806028 1.1555917432922123 1.061016459953719 0.3517018349150211 0.06797598489954189 0.4462771182535142 1.297454668299952 2.00676929333865 0 
0 0.23348273074190476 0.2098389099072815 -0.050243119273574444 0.32805801408039786 1.0373726391190958 1.4866052349769379 1.6048243391500543 1.6993996224885475 1.4866052349769379 1.0846602807883423 0.7536467891036167 0.3753456557496444 -0.050243119273574444 0.044332164064918626 -0.026599298438951178 -0.0029554776043279087 0.4935647599227607 1.0373726391190958 0.9900849974498493 0.09161980573416516 -0.3103251484544304 0.5644962224266306 1.581180518315431 1.8649063683309102 0 
0 0.39898947658426764 0.1389074474034117 -0.12117458177744425 0.16255126823803498 0.9427973557806028 1.2738108474653285 1.297454668299952 1.581180518315431 1.6048243391500543 1.226523205796082 0.5881400432612538 0.3517018349150211 -0.026599298438951178 -0.050243119273574444 0.06797598489954189 -0.0029554776043279087 0.7300029682689934 1.392029951638445 0.871865893276733 -0.3576127901236769 -0.6649824609737794 0.25712655157652803 0.8955097141113563 1.3210984891345752 0 
0 0.4462771182535142 0.18619508907265822 -0.3103251484544304 0.25712655157652803 0.6354276849305003 0.7536467891036167 0.9664411766152261 1.226523205796082 1.746687264157794 1.746687264157794 0.9664411766152261 0.8482220724421098 0.4226332974188909 -0.0029554776043279087 -0.14481840261206752 0.32805801408039786 1.2501670266307052 0.8955097141113563 0.9664411766152261 -0.07388694010819771 -0.5940509984699096 -0.21574986511593733 0.3517018349150211 1.0137288182844726 0 
0 0.39898947658426764 0.6827153265997469 0.4226332974188909 0.4462771182535142 0.044332164064918626 0.32805801408039786 0.611783864095877 0.9900849974498493 1.5102490558115613 1.2028793849614587 0.5881400432612538 0.6354276849305003 0.7536467891036167 0.2098389099072815 -0.07388694010819771 0.3517018349150211 1.131947922457589 0.6590715057651236 0.6354276849305003 -0.3103251484544304 -0.6649824609737794 -0.3812566109583002 -0.09753076094282098 0.32805801408039786 0 
0 0.4935647599227607 0.4462771182535142 0.5408524015920072 0.2807703724111513 0.044332164064918626 0.611783864095877 0.2098389099072815 0.06797598489954189 0.32805801408039786 -0.0029554776043279087 -0.5231195359660398 -0.42854425262754675 0.6354276849305003 -0.050243119273574444 -0.7122701026430259 -0.5231195359660398 0.1389074474034117 -0.9959959526585052 -1.1142150568316216 -0.6413386401391561 -0.19210604428131406 0.23348273074190476 0.3753456557496444 0.517208580757384 0 
0 0.517208580757384 0.25712655157652803 0.4935647599227607 0.6827153265997469 0.9427973557806028 1.3683861308038217 0.9191535349459795 0.4462771182535142 -0.0029554776043279087 -1.5161600110202171 -1.4925161901855937 -0.28668132761980714 0.4226332974188909 -0.3576127901236769 -0.7122701026430259 -0.3103251484544304 0.32805801408039786 -0.7832015651468958 -0.9487083109892587 0.1389074474034117 0.6354276849305003 1.1083041016229658 1.1792355641268355 0.8009344307728632 0 
0 0.7063591474343701 0.9664411766152261 1.392029951638445 1.581180518315431 1.392029951638445 1.3447423099691984 1.2028793849614587 1.0373726391190958 1.1555917432922123 -0.5704071776352864 -0.5231195359660398 0.4226332974188909 -0.1684622234466908 -0.9959959526585052 -1.0432835943277516 -0.07388694010819771 0.9664411766152261 0.8009344307728632 -0.026599298438951178 0.611783864095877 1.3210984891345752 1.6521119808193008 0.9191535349459795 0.4935647599227607 0 
0 1.0846602807883423 1.5338928766461846 1.7703310849924172 2.0304131141732733 1.746687264157794 1.2501670266307052 0.9900849974498493 0.9427973557806028 1.3683861308038217 0.9664411766152261 0.7536467891036167 0.3517018349150211 -0.546763356800663 -1.6580229360279566 -1.8944611443741894 -1.161502698500868 0.8009344307728632 0.5408524015920072 0.18619508907265822 1.1555917432922123 1.9358378308347801 1.675755801653924 0.77729060993824 0.3517018349150211 0 
0 1.4156737724730681 1.4629614141423146 1.4629614141423146 1.8649063683309102 2.2195636808502592 2.0304131141732733 1.3447423099691984 0.9191535349459795 1.061016459953719 0.9900849974498493 0.611783864095877 0.18619508907265822 -0.1684622234466908 -1.5634476526894636 -1.9890364277126824 -1.256077981839361 0.9664411766152261 1.226523205796082 0.6590715057651236 1.4156737724730681 1.9358378308347801 1.4866052349769379 0.3517018349150211 0.2807703724111513 0 
0 1.297454668299952 1.4156737724730681 1.131947922457589 1.3210984891345752 1.7230434433231707 1.9121940100001569 1.5102490558115613 0.8245782516074864 0.871865893276733 0.7063591474343701 0.18619508907265822 0.611783864095877 0.2098389099072815 -1.0669274151623749 -1.5870914735240869 -0.8777768484853888 0.9900849974498493 1.5575366974808078 0.9664411766152261 0.9664411766152261 1.131947922457589 1.6521119808193008 0.3517018349150211 0.09161980573416516 0 
0 0.77729060993824 1.131947922457589 1.3683861308038217 1.4156737724730681 1.6521119808193008 1.9594816516694034 2.1249883975117663 1.6048243391500543 1.061016459953719 0.8955097141113563 1.1792355641268355 1.392029951638445 0.1389074474034117 -0.8541330276507656 -0.9487083109892587 -0.45218807346217 0.7300029682689934 0.7536467891036167 0.871865893276733 0.8245782516074864 0.30441419324577457 1.1792355641268355 0.5881400432612538 0.23348273074190476 0 
0 0.3753456557496444 0.9191535349459795 1.4393175933076914 1.6521119808193008 1.7230434433231707 1.9121940100001569 2.1249883975117663 1.9358378308347801 1.2501670266307052 1.0373726391190958 1.4393175933076914 1.4629614141423146 0.5644962224266306 -0.14481840261206752 -0.12117458177744425 0.4699209390881374 1.0137288182844726 0.871865893276733 1.061016459953719 1.0373726391190958 0.32805801408039786 0.6590715057651236 0.871865893276733 0.8245782516074864 0 
0 0.8482220724421098 1.0373726391190958 1.392029951638445 1.6284681599846775 1.5102490558115613 1.581180518315431 1.8885501891655334 1.392029951638445 1.392029951638445 1.6993996224885475 1.4393175933076914 1.3210984891345752 1.4156737724730681 1.1555917432922123 1.061016459953719 1.131947922457589 1.2501670266307052 1.5338928766461846 1.4629614141423146 1.061016459953719 0.5881400432612538 0.7536467891036167 0.9900849974498493 1.3683861308038217 0 
0 0 0 0 0 0 0 0 0 0 0 0 0 0 0 0 0 0 0 0 0 0 0 0 0 0 

0 0 0 0 0 0 0 0 0 0 0 0 0 0 0 0 0 0 0 0 0 0 0 0 0 0 
0 1.5338928766461846 1.226523205796082 1.4866052349769379 1.7230434433231707 1.7703310849924172 1.6284681599846775 1.4866052349769379 0.8955097141113563 0.23348273074190476 0.9191535349459795 1.131947922457589 0.9191535349459795 0.6354276849305003 0.8009344307728632 0.8482220724421098 0.611783864095877 0.517208580757384 1.0373726391190958 1.3683861308038217 0.7536467891036167 0.4935647599227607 0.8482220724421098 1.5102490558115613 1.5575366974808078 0 
0 1.6048243391500543 1.1083041016229658 1.2501670266307052 1.5102490558115613 1.746687264157794 1.6284681599846775 1.2028793849614587 0.6590715057651236 0.25712655157652803 0.4935647599227607 0.7300029682689934 0.5881400432612538 0.2098389099072815 0.4935647599227607 0.2098389099072815 -0.3812566109583002 -0.28668132761980714 0.06797598489954189 0.09161980573416516 0.25712655157652803 0.32805801408039786 0.11526362656878843 0.77729060993824 1.581180518315431 0 
0 1.7230434433231707 1.1555917432922123 1.0373726391190958 1.131947922457589 1.2501670266307052 0.7300029682689934 0.044332164064918626 -0.19210604428131406 -0.3103251484544304 0.11526362656878843 0.8955097141113563 1.5102490558115613 0.39898947658426764 -0.9250644901546353 -1.0432835943277516 -1.0669274151623749 -0.9487083109892587 -0.9014206693200121 -0.8777768484853888 -0.19210604428131406 0.39898947658426764 0.3517018349150211 0.18619508907265822 0.7300029682689934 0 
0 1.746687264157794 1.2738108474653285 0.8009344307728632 0.5881400432612538 0.2098389099072815 -0.42854425262754675 -0.7595577443122725 -0.7359139234776492 -1.1851465193354913 -1.6343791151933333 -0.6886262818084027 0.18619508907265822 -1.2324341610047378 -1.5870914735240869 -1.421584727681724 -1.2324341610047378 -0.9487083109892587 -0.9723521318238819 -0.806845385981519 0.1389074474034117 1.3447423099691984 1.3683861308038217 0.3517018349150211 0.02068834323029536 0 
0 1.7230434433231707 1.1555917432922123 0.30441419324577457 0.02068834323029536 -0.19210604428131406 -0.5940509984699096 -0.8541330276507656 -0.9959959526585052 -1.421584727681724 -1.6816667568625798 -1.5870914735240869 -1.2797218026739843 -1.5634476526894636 -1.6580229360279566 -1.6343791151933333 -1.5870914735240869 -1.3033656235086077 -0.9487083109892587 -0.3576127901236769 -0.21574986511593733 0.02068834323029536 -0.07388694010819771 -0.49947571513141653 0.09161980573416516 0 
0 1.7703310849924172 1.2028793849614587 0.18619508907265822 0.18619508907265822 0.32805801408039786 -0.12117458177744425 -0.8541330276507656 -1.2324341610047378 -1.3033656235086077 -1.0669274151623749 -1.0432835943277516 -0.7122701026430259 -0.7122701026430259 -1.0669274151623749 -1.2797218026739843 -1.3506532651778542 -1.2324341610047378 -1.0432835943277516 -0.45218807346217 0.1389074474034117 0.06797598489954189 -0.7832015651468958 -1.2324341610047378 -0.42854425262754675 0 
0 1.7939749058270404 0.7536467891036167 0.06797598489954189 0.6590715057651236 0.9427973557806028 0.611783864095877 -0.28668132761980714 -0.806845385981519 -0.6649824609737794 -0.6413386401391561 -0.6176948193045328 -0.1684622234466908 -0.050243119273574444 -0.4758318942967933 -0.7122701026430259 -0.9487083109892587 -0.9014206693200121 -0.7832015651468958 -0.6649824609737794 -0.26303750678518384 0.02068834323029536 -0.1684622234466908 -0.8541330276507656 -1.0905712359969981 0 
0 0.8009344307728632 0.23348273074190476 0.3753456557496444 0.517208580757384 0.611783864095877 0.611783864095877 0.2807703724111513 -0.12117458177744425 -0.1684622234466908 -0.3103251484544304 -0.1684622234466908 0.02068834323029536 0.02068834323029536 -0.07388694010819771 -0.026599298438951178 -0.28668132761980714 -0.6413386401391561 -0.6413386401391561 -0.7122701026430259 -0.6413386401391561 -0.21574986511593733 -0.09753076094282098 -0.42854425262754675 -0.6176948193045328 0 
0 -0.40490043179292345 -0.1684622234466908 -0.1684622234466908 -0.28668132761980714 -0.026599298438951178 0.2098389099072815 0.2098389099072815 0.23348273074190476 0.25712655157652803 0.11526362656878843 0.30441419324577457 0.09161980573416516 -0.3339689692890537 -0.3339689692890537 -0.050243119273574444 -0.09753076094282098 -0.21574986511593733 -0.050243119273574444 -0.45218807346217 -0.7122701026430259 -0.3339689692890537 -0.19210604428131406 -0.28668132761980714 0.5408524015920072 0 
0 -0.7122701026430259 -0.6176948193045328 -0.8304892068161422 -0.6649824609737794 -0.07388694010819771 0.2807703724111513 0.30441419324577457 0.4462771182535142 0.4462771182535142 0.18619508907265822 -0.14481840261206752 -0.21574986511593733 -0.5940509984699096 -0.7595577443122725 -0.6649824609737794 -0.6649824609737794 0.044332164064918626 0.2807703724111513 -0.050243119273574444 -0.7359139234776492 -0.7595577443122725 -0.5940509984699096 0.18619508907265822 1.1555917432922123 0 
0 -0.7359139234776492 -0.6649824609737794 -1.0196397734931284 -0.5231195359660398 0.1389074474034117 0.4226332974188909 0.39898947658426764 0.517208580757384 0.517208580757384 0.23348273074190476 -0.07388694010819771 -0.42854425262754675 -0.8541330276507656 -1.1378588776662448 -1.2797218026739843 -0.9250644901546353 -0.050243119273574444 0.23348273074190476 -0.0029554776043279087 -0.8304892068161422 -0.9959959526585052 -0.3576127901236769 0.77729060993824 1.5102490558115613 0 
0 -0.7359139234776492 -0.7122701026430259 -0.9014206693200121 -0.5704071776352864 -0.050243119273574444 0.3517018349150211 0.4935647599227607 0.5881400432612538 0.39898947658426764 0.02068834323029536 -0.26303750678518384 -0.5704071776352864 -0.9959959526585052 -1.1378588776662448 -1.2797218026739843 -1.1851465193354913 -0.49947571513141653 0.11526362656878843 -0.050243119273574444 -1.0196397734931284 -1.2797218026739843 -0.09753076094282098 1.131947922457589 1.4393175933076914 0 
0 -0.5940509984699096 -0.806845385981519 -1.0432835943277516 -0.7595577443122725 -0.12117458177744425 0.11526362656878843 0.11526362656878843 0.4935647599227607 0.5644962224266306 0.25712655157652803 -0.3103251484544304 -0.546763356800663 -0.9959959526585052 -1.161502698500868 -1.1378588776662448 -1.2087903401701146 -0.3812566109583002 0.4462771182535142 -0.07388694010819771 -1.327009444343231 -1.5161600110202171 -0.40490043179292345 0.39898947658426764 0.9191535349459795 0 
0 -0.5940509984699096 -0.806845385981519 -1.2797218026739843 -0.6649824609737794 -0.3812566109583002 -0.45218807346217 -0.3103251484544304 0.1389074474034117 0.7063591474343701 0.8009344307728632 0.11526362656878843 -0.07388694010819771 -0.6886262818084027 -1.0905712359969981 -1.256077981839361 -0.7595577443122725 0.25712655157652803 0.11526362656878843 0.23348273074190476 -0.8304892068161422 -1.3742970860124775 -0.9723521318238819 -0.3576127901236769 0.3753456557496444 0 
0 -0.6886262818084027 -0.3576127901236769 -0.546763356800663 -0.5231195359660398 -0.9959959526585052 -0.9014206693200121 -0.6886262818084027 -0.12117458177744425 0.6590715057651236 0.611783864095877 0.11526362656878843 0.02068834323029536 -0.14481840261206752 -0.8304892068161422 -1.1142150568316216 -0.5704071776352864 0.39898947658426764 0.11526362656878843 0.11526362656878843 -0.9723521318238819 -1.4688723693509704 -1.3033656235086077 -1.0432835943277516 -0.6649824609737794 0 
0 -0.5704071776352864 -0.5231195359660398 -0.4758318942967933 -0.806845385981519 -0.9959959526585052 -0.45218807346217 -0.8541330276507656 -0.7832015651468958 -0.2393936859505606 -0.2393936859505606 -0.7359139234776492 -0.9723521318238819 -0.12117458177744425 -0.9959959526585052 -1.5398038318548404 -1.161502698500868 -0.40490043179292345 -1.3979409068471007 -1.61073529435871 -1.4688723693509704 -1.1851465193354913 -0.7832015651468958 -0.6413386401391561 -0.5704071776352864 0 
0 -0.5704071776352864 -0.7359139234776492 -0.5231195359660398 -0.42854425262754675 -0.09753076094282098 0.3753456557496444 -0.0029554776043279087 -0.26303750678518384 -0.5231195359660398 -1.7525982193664498 -1.776242040201073 -0.9250644901546353 -0.26303750678518384 -1.0196397734931284 -1.256077981839361 -0.7595577443122725 -0.14481840261206752 -1.2324341610047378 -1.5870914735240869 -0.8541330276507656 -0.45218807346217 0.02068834323029536 0.06797598489954189 -0.3103251484544304 0 
0 -0.42854425262754675 -0.09753076094282098 0.32805801408039786 0.517208580757384 0.3517018349150211 0.30441419324577457 0.25712655157652803 0.30441419324577457 0.5881400432612538 -0.9250644901546353 -0.9014206693200121 -0.21574986511593733 -0.6886262818084027 -1.327009444343231 -1.2797218026739843 -0.3576127901236769 0.5408524015920072 0.25712655157652803 -0.7595577443122725 -0.3576127901236769 0.23348273074190476 0.4935647599227607 -0.3339689692890537 -0.7122701026430259 0 
0 -0.12117458177744425 0.32805801408039786 0.6827153265997469 1.0373726391190958 0.7063591474343701 0.16255126823803498 0.02068834323029536 0.16255126823803498 0.7063591474343701 0.4935647599227607 0.23348273074190476 -0.3103251484544304 -0.9250644901546353 -1.8235296818703195 -1.9653926068780592 -1.2797218026739843 0.4935647599227607 -0.0029554776043279087 -0.5231195359660398 0.30441419324577457 0.9664411766152261 0.5644962224266306 -0.546763356800663 -0.8304892068161422 0 
0 0.16255126823803498 0.2098389099072815 0.32805801408039786 0.8955097141113563 1.1792355641268355 0.9427973557806028 0.3517018349150211 0.11526362656878843 0.3753456557496444 0.4462771182535142 0.02068834323029536 -0.45218807346217 -0.4758318942967933 -1.7525982193664498 -2.0836117110511756 -1.3506532651778542 0.77729060993824 0.7536467891036167 0.02068834323029536 0.7300029682689934 1.131947922457589 0.4699209390881374 -0.9250644901546353 -0.8304892068161422 0 
0 -0.050243119273574444 0.11526362656878843 -0.050243119273574444 0.25712655157652803 0.7063591474343701 0.9427973557806028 0.611783864095877 0.06797598489954189 0.16255126823803498 0.09161980573416516 -0.3576127901236769 0.16255126823803498 -0.026599298438951178 -1.2324341610047378 -1.6816667568625798 -0.9723521318238819 0.77729060993824 1.0373726391190958 0.2098389099072815 0.1389074474034117 0.23348273074190476 0.6354276849305003 -0.9250644901546353 -1.0196397734931284 0 
0 -0.6176948193045328 -0.1684622234466908 0.1389074474034117 0.25712655157652803 0.6354276849305003 1.061016459953719 1.297454668299952 0.8482220724421098 0.3517018349150211 0.25712655157652803 0.6354276849305003 0.9900849974498493 -0.14481840261206752 -1.0432835943277516 -1.0905712359969981 -0.6649824609737794 0.30441419324577457 0.044332164064918626 -0.09753076094282098 -0.26303750678518384 -0.806845385981519 0.02068834323029536 -0.6649824609737794 -0.8777768484853888 0 
0 -0.9959959526585052 -0.42854425262754675 0.16255126823803498 0.4935647599227607 0.6590715057651236 0.9191535349459795 1.2501670266307052 1.1083041016229658 0.4935647599227607 0.3517018349150211 0.8245782516074864 0.9191535349459795 0.11526362656878843 -0.45218807346217 -0.42854425262754675 -0.0029554776043279087 0.2807703724111513 -0.07388694010819771 -0.026599298438951178 -0.21574986511593733 -0.9723521318238819 -0.5940509984699096 -0.3339689692890537 -0.28668132761980714 0 
0 -0.5231195359660398 -0.40490043179292345 0.09161980573416516 0.517208580757384 0.39898947658426764 0.517208580757384 0.8955097141113563 0.4935647599227607 0.5881400432612538 1.0137288182844726 0.77729060993824 0.6827153265997469 0.8245782516074864 0.611783864095877 0.517208580757384 0.4226332974188909 0.30441419324577457 0.4699209390881374 0.32805801408039786 -0.26303750678518384 -0.7832015651468958 -0.5231195359660398 -0.12117458177744425 0.30441419324577457 0 
0 0 0 0 0 0 0 0 0 0 0 0 0 0 0 0 0 0 0 0 0 0 0 0 0 0 

0 0 0 0 0 0 0 0 0 0 0 0 0 0 0 0 0 0 0 0 0 0 0 0 0 0 
0 1.392029951638445 1.061016459953719 1.297454668299952 1.5102490558115613 1.6521119808193008 1.675755801653924 1.4629614141423146 0.7300029682689934 0.18619508907265822 0.9427973557806028 1.0373726391190958 0.7536467891036167 0.4462771182535142 0.7536467891036167 0.8245782516074864 0.517208580757384 0.3753456557496444 0.9664411766152261 1.3447423099691984 0.7536467891036167 0.517208580757384 0.8482220724421098 1.3683861308038217 1.3683861308038217 0 
0 1.4629614141423146 0.9664411766152261 1.061016459953719 1.2738108474653285 1.581180518315431 1.5338928766461846 1.1083041016229658 0.39898947658426764 0.02068834323029536 0.3517018349150211 0.6354276849305003 0.5408524015920072 0.18619508907265822 0.30441419324577457 -0.050243119273574444 -0.7359139234776492 -0.6886262818084027 -0.3103251484544304 -0.1684622234466908 0.044332164064918626 0.18619508907265822 -0.0029554776043279087 0.6590715057651236 1.4393175933076914 0 
0 1.6284681599846775 1.0137288182844726 0.8009344307728632 0.8482220724421098 1.0373726391190958 0.4699209390881374 -0.3339689692890537 -0.7359139234776492 -0.7595577443122725 -0.12117458177744425 0.7536467891036167 1.4629614141423146 0.32805801408039786 -1.3506532651778542 -1.61073529435871 -1.6816667568625798 -1.61073529435871 -1.3742970860124775 -1.161502698500868 -0.3576127901236769 0.3753456557496444 0.39898947658426764 0.16255126823803498 0.6827153265997469 0 
0 1.6993996224885475 1.0846602807883423 0.517208580757384 0.25712655157652803 -0.14481840261206752 -0.9250644901546353 -1.3979409068471007 -1.421584727681724 -1.7289543985318265 -1.9653926068780592 -0.9723521318238819 -0.14481840261206752 -1.6816667568625798 -2.225474636058915 -2.107255531885799 -1.9653926068780592 -1.7053105776972033 -1.61073529435871 -1.256077981839361 -0.1684622234466908 1.1792355641268355 1.297454668299952 0.32805801408039786 0.044332164064918626 0 
0 1.7230434433231707 0.9664411766152261 -0.0029554776043279087 -0.3812566109583002 -0.7595577443122725 -1.2797218026739843 -1.5870914735240869 -1.6580229360279566 -2.012680248547306 -2.2491184568935383 -2.107255531885799 -1.8944611443741894 -2.2727622777281615 -2.320049919397408 -2.2964060985627848 -2.2964060985627848 -2.012680248547306 -1.7053105776972033 -1.1378588776662448 -0.8777768484853888 -0.5231195359660398 -0.49947571513141653 -0.6649824609737794 0.11526362656878843 0 
0 1.746687264157794 1.061016459953719 -0.14481840261206752 -0.3812566109583002 -0.42854425262754675 -0.9014206693200121 -1.5634476526894636 -1.870817323539566 -1.941748786043436 -1.7998858610356963 -1.776242040201073 -1.5398038318548404 -1.5634476526894636 -1.870817323539566 -2.0599678902165524 -2.130899352720422 -1.9890364277126824 -1.7998858610356963 -1.2324341610047378 -0.6176948193045328 -0.6413386401391561 -1.4452285485163472 -1.5870914735240869 -0.49947571513141653 0 
0 1.6284681599846775 0.5408524015920072 -0.3576127901236769 -0.0029554776043279087 0.2098389099072815 -0.12117458177744425 -1.0196397734931284 -1.5398038318548404 -1.4452285485163472 -1.4688723693509704 -1.4452285485163472 -1.0196397734931284 -0.9014206693200121 -1.3506532651778542 -1.5870914735240869 -1.776242040201073 -1.7053105776972033 -1.5634476526894636 -1.421584727681724 -1.0196397734931284 -0.7122701026430259 -0.806845385981519 -1.256077981839361 -1.2324341610047378 0 
0 0.4226332974188909 -0.14481840261206752 -0.14481840261206752 -0.1684622234466908 -0.050243119273574444 -0.07388694010819771 -0.5231195359660398 -1.0432835943277516 -1.1378588776662448 -1.2797218026739843 -1.0669274151623749 -0.7832015651468958 -0.7595577443122725 -0.9723521318238819 -0.9250644901546353 -1.1378588776662448 -1.4452285485163472 -1.3979409068471007 -1.4925161901855937 -1.421584727681724 -0.8777768484853888 -0.5940509984699096 -0.7122701026430259 -0.7359139234776492 0 
0 -0.9487083109892587 -0.6413386401391561 -0.7122701026430259 -0.9723521318238819 -0.7595577443122725 -0.546763356800663 -0.6413386401391561 -0.7359139234776492 -0.7359139234776492 -0.8541330276507656 -0.6413386401391561 -0.7832015651468958 -1.1851465193354913 -1.2797218026739843 -0.9959959526585052 -0.9959959526585052 -1.0905712359969981 -0.8541330276507656 -1.256077981839361 -1.5398038318548404 -0.9723521318238819 -0.546763356800663 -0.42854425262754675 0.4226332974188909 0 
0 -1.3033656235086077 -1.0905712359969981 -1.327009444343231 -1.327009444343231 -0.9014206693200121 -0.5940509984699096 -0.5940509984699096 -0.4758318942967933 -0.45218807346217 -0.7122701026430259 -1.0669274151623749 -1.1851465193354913 -1.5634476526894636 -1.7053105776972033 -1.61073529435871 -1.5634476526894636 -0.806845385981519 -0.5231195359660398 -0.9014206693200121 -1.6343791151933333 -1.3742970860124775 -0.8541330276507656 0.11526362656878843 1.0846602807883423 0 
0 -1.2797218026739843 -1.2087903401701146 -1.5870914735240869 -1.1851465193354913 -0.6649824609737794 -0.40490043179292345 -0.45218807346217 -0.3576127901236769 -0.40490043179292345 -0.7122701026430259 -1.0432835943277516 -1.3742970860124775 -1.7525982193664498 -2.012680248547306 -2.1781869943896686 -1.7525982193664498 -0.7832015651468958 -0.45218807346217 -0.806845385981519 -1.61073529435871 -1.5161600110202171 -0.546763356800663 0.6827153265997469 1.4393175933076914 0 
0 -1.3742970860124775 -1.327009444343231 -1.4925161901855937 -1.161502698500868 -0.8304892068161422 -0.49947571513141653 -0.42854425262754675 -0.3812566109583002 -0.5231195359660398 -0.806845385981519 -1.0669274151623749 -1.327009444343231 -1.7289543985318265 -1.8944611443741894 -2.130899352720422 -2.012680248547306 -1.256077981839361 -0.5940509984699096 -0.7832015651468958 -1.6816667568625798 -1.6816667568625798 -0.2393936859505606 1.061016459953719 1.4393175933076914 0 
0 -1.3506532651778542 -1.4688723693509704 -1.5870914735240869 -1.2797218026739843 -0.8777768484853888 -0.806845385981519 -0.8777768484853888 -0.5231195359660398 -0.3103251484544304 -0.4758318942967933 -0.9723521318238819 -1.2324341610047378 -1.7053105776972033 -1.870817323539566 -1.941748786043436 -2.0599678902165524 -1.1851465193354913 -0.2393936859505606 -0.6649824609737794 -1.870817323539566 -1.870817323539566 -0.546763356800663 0.3753456557496444 0.9664411766152261 0 
0 -1.3506532651778542 -1.4925161901855937 -1.870817323539566 -1.2324341610047378 -1.0669274151623749 -1.327009444343231 -1.256077981839361 -0.7832015651468958 -0.09753076094282098 0.1389074474034117 -0.45218807346217 -0.7122701026430259 -1.421584727681724 -1.7289543985318265 -1.9890364277126824 -1.5161600110202171 -0.45218807346217 -0.3576127901236769 -0.09753076094282098 -1.2087903401701146 -1.7289543985318265 -1.256077981839361 -0.49947571513141653 0.3517018349150211 0 
0 -1.3506532651778542 -1.0432835943277516 -1.2324341610047378 -1.1851465193354913 -1.5870914735240869 -1.6343791151933333 -1.5634476526894636 -0.8777768484853888 0.11526362656878843 0.2807703724111513 -0.12117458177744425 -0.3339689692890537 -0.6649824609737794 -1.4452285485163472 -1.7525982193664498 -1.1851465193354913 -0.12117458177744425 -0.09753076094282098 0.02068834323029536 -1.2087903401701146 -1.870817323539566 -1.776242040201073 -1.421584727681724 -0.8541330276507656 0 
0 -1.1851465193354913 -1.1142150568316216 -1.1142150568316216 -1.5161600110202171 -1.61073529435871 -1.1142150568316216 -1.5161600110202171 -1.327009444343231 -0.49947571513141653 -0.19210604428131406 -0.6886262818084027 -1.1851465193354913 -0.4758318942967933 -1.5161600110202171 -2.0836117110511756 -1.6343791151933333 -0.7359139234776492 -1.4688723693509704 -1.7289543985318265 -1.941748786043436 -1.8235296818703195 -1.3506532651778542 -1.1851465193354913 -1.0669274151623749 0 
0 -1.2324341610047378 -1.3033656235086077 -1.1378588776662448 -1.1142150568316216 -0.7832015651468958 -0.28668132761980714 -0.5704071776352864 -0.7122701026430259 -0.7359139234776492 -1.6816667568625798 -1.7525982193664498 -1.1851465193354913 -0.546763356800663 -1.3506532651778542 -1.61073529435871 -1.0669274151623749 -0.40490043179292345 -1.3033656235086077 -1.8235296818703195 -1.5161600110202171 -1.2324341610047378 -0.6176948193045328 -0.5940509984699096 -0.9959959526585052 0 
0 -1.1851465193354913 -0.806845385981519 -0.3576127901236769 -0.1684622234466908 -0.3339689692890537 -0.3812566109583002 -0.3576127901236769 -0.1684622234466908 0.2807703724111513 -0.9959959526585052 -1.0196397734931284 -0.5231195359660398 -0.9014206693200121 -1.3979409068471007 -1.3979409068471007 -0.49947571513141653 0.3753456557496444 0.1389074474034117 -1.0432835943277516 -1.0196397734931284 -0.5231195359660398 -0.19210604428131406 -1.1142150568316216 -1.4688723693509704 0 
0 -0.9959959526585052 -0.49947571513141653 -0.09753076094282098 0.32805801408039786 -0.0029554776043279087 -0.546763356800663 -0.6413386401391561 -0.3339689692890537 0.3517018349150211 0.2807703724111513 -0.026599298438951178 -0.6649824609737794 -1.0905712359969981 -1.7525982193664498 -1.9653926068780592 -1.3506532651778542 0.39898947658426764 -0.09753076094282098 -0.8304892068161422 -0.26303750678518384 0.30441419324577457 -0.09753076094282098 -1.3506532651778542 -1.5634476526894636 0 
0 -0.7595577443122725 -0.7595577443122725 -0.5231195359660398 0.2098389099072815 0.4462771182535142 0.18619508907265822 -0.3103251484544304 -0.40490043179292345 -0.050243119273574444 0.11526362656878843 -0.3339689692890537 -0.8304892068161422 -0.5940509984699096 -1.7053105776972033 -2.0836117110511756 -1.3979409068471007 0.7536467891036167 0.6827153265997469 -0.2393936859505606 0.25712655157652803 0.611783864095877 -0.12117458177744425 -1.7053105776972033 -1.4688723693509704 0 
0 -1.0196397734931284 -0.806845385981519 -0.9014206693200121 -0.5231195359660398 -0.0029554776043279087 0.25712655157652803 0.02068834323029536 -0.45218807346217 -0.26303750678518384 -0.21574986511593733 -0.6413386401391561 -0.07388694010819771 -0.09753076094282098 -1.1851465193354913 -1.61073529435871 -0.9250644901546353 0.77729060993824 0.871865893276733 -0.21574986511593733 -0.5704071776352864 -0.4758318942967933 -0.0029554776043279087 -1.5870914735240869 -1.61073529435871 0 
0 -1.5870914735240869 -1.0905712359969981 -0.6886262818084027 -0.546763356800663 -0.07388694010819771 0.39898947658426764 0.7063591474343701 0.30441419324577457 -0.09753076094282098 -0.07388694010819771 0.4462771182535142 0.9427973557806028 -0.09753076094282098 -0.9014206693200121 -0.9487083109892587 -0.6176948193045328 0.2098389099072815 -0.28668132761980714 -0.7122701026430259 -1.1142150568316216 -1.6580229360279566 -0.6649824609737794 -1.3033656235086077 -1.4688723693509704 0 
0 -1.941748786043436 -1.3742970860124775 -0.6886262818084027 -0.26303750678518384 -0.09753076094282098 0.2098389099072815 0.5881400432612538 0.517208580757384 -0.026599298438951178 -0.050243119273574444 0.611783864095877 0.9427973557806028 0.25712655157652803 -0.3339689692890537 -0.3576127901236769 -0.050243119273574444 0.02068834323029536 -0.5704071776352864 -0.7122701026430259 -1.0196397734931284 -1.7525982193664498 -1.327009444343231 -1.0432835943277516 -0.9250644901546353 0 
0 -1.4688723693509704 -1.3979409068471007 -0.806845385981519 -0.2393936859505606 -0.3812566109583002 -0.28668132761980714 0.16255126823803498 -0.1684622234466908 0.02068834323029536 0.5644962224266306 0.4462771182535142 0.5408524015920072 0.7300029682689934 0.4699209390881374 0.32805801408039786 0.11526362656878843 -0.19210604428131406 -0.2393936859505606 -0.49947571513141653 -1.0669274151623749 -1.5870914735240869 -1.3033656235086077 -0.8777768484853888 -0.40490043179292345 0 
0 0 0 0 0 0 0 0 0 0 0 0 0 0 0 0 0 0 0 0 0 0 0 0 0 0 

