0 0 0 0 0 0 0 0 0 0 0 0 0 0 0 0 0 0 0 0 0 0 0 0 0 0 
0 0.5004095281717756 0.3861813029827627 0.3404900129071575 0.31764436786935496 0.6603290434363939 0.9116311388522224 0.820248558701012 0.3404900129071575 0.8659398487766172 0.7517116235876042 0.6831746884741965 0.7288659785498016 0.6831746884741965 0.7517116235876042 0.9116311388522224 0.8659398487766172 0.7745572686254069 0.6831746884741965 0.706020333511999 0.6603290434363939 0.5232551732095783 0.5917921083229861 0.5917921083229861 0.7288659785498016 0 
0 0.5917921083229861 0.5461008182473809 0.18057049764253938 0.5689464632851835 0.7517116235876042 0.6603290434363939 0.7517116235876042 0.6374833983985913 0.6603290434363939 1.1172419441924457 0.8659398487766172 0.820248558701012 0.820248558701012 0.9116311388522224 1.0715506541168405 1.1400875892302482 0.934476783890025 0.6374833983985913 0.6831746884741965 0.7517116235876042 0.6374833983985913 0.6831746884741965 0.5917921083229861 0.24910743275594716 0 
0 0.706020333511999 0.6831746884741965 0.6603290434363939 0.5232551732095783 0.7974029136632094 0.5004095281717756 0.36333565794496014 0.9801680739656302 0.820248558701012 1.2314701693814587 0.9801680739656302 0.8887854938144198 0.8430942037388146 0.934476783890025 0.9116311388522224 0.8430942037388146 0.9116311388522224 0.9116311388522224 0.8659398487766172 0.7745572686254069 0.6146377533607886 0.6831746884741965 0.6146377533607886 0.29479872283155234 0 
0 0.9573224289278276 0.9116311388522224 1.0715506541168405 0.5232551732095783 0.36333565794496014 0.5232551732095783 0.4775638831339731 0.7745572686254069 0.8430942037388146 1.3228527495326692 1.2086245243436562 1.3000071044948665 1.3000071044948665 1.3456983945704717 1.1172419441924457 0.7974029136632094 0.6603290434363939 0.9801680739656302 0.9573224289278276 0.6603290434363939 0.820248558701012 0.7745572686254069 0.5232551732095783 0.4318725930583679 0 
0 1.048705009079038 0.8430942037388146 0.820248558701012 0.9801680739656302 0.5232551732095783 0.9573224289278276 1.0943962991546432 0.7517116235876042 0.7745572686254069 0.8887854938144198 1.2314701693814587 1.2086245243436562 1.1400875892302482 1.4142353296838794 1.277161459457064 0.9573224289278276 1.1172419441924457 0.9801680739656302 0.6603290434363939 0.8430942037388146 0.9116311388522224 0.6831746884741965 0.5004095281717756 0.6603290434363939 0 
0 1.1400875892302482 0.7745572686254069 0.9116311388522224 1.437080974721682 1.2314701693814587 1.162933234268051 1.0943962991546432 1.0030137190034327 0.5232551732095783 0.5004095281717756 1.0258593640412355 0.934476783890025 1.1857788793058535 1.2314701693814587 1.0258593640412355 0.9801680739656302 1.3685440396082742 0.7745572686254069 0.6374833983985913 0.7974029136632094 0.6374833983985913 0.4775638831339731 0.6603290434363939 0.820248558701012 0 
0 1.1857788793058535 1.0943962991546432 1.1400875892302482 1.2543158144192612 1.4142353296838794 1.391389684646077 1.4827722647972872 1.551309199910695 0.9116311388522224 1.2543158144192612 1.1172419441924457 1.1172419441924457 1.3456983945704717 0.3861813029827627 0.7745572686254069 1.1400875892302482 1.0943962991546432 0.8430942037388146 0.820248558701012 0.5917921083229861 0.089187917491329 0.36333565794496014 0.7517116235876042 0.8430942037388146 0 
0 1.162933234268051 1.437080974721682 1.5741548449484977 1.551309199910695 1.5970004899863002 1.277161459457064 1.5970004899863002 1.6883830701375107 1.2543158144192612 1.4827722647972872 1.437080974721682 1.391389684646077 1.5284635548728924 0.7745572686254069 1.1400875892302482 1.1172419441924457 1.3228527495326692 1.2543158144192612 0.6374833983985913 0.0663422724535264 -0.527644498529341 0.1577248526047368 1.0258593640412355 1.0715506541168405 0 
0 1.0030137190034327 1.0943962991546432 1.3000071044948665 1.5284635548728924 1.665537425099708 1.4599266197594847 1.437080974721682 1.5284635548728924 1.7340743602131157 1.3000071044948665 1.551309199910695 1.2543158144192612 1.2314701693814587 1.3456983945704717 1.6426917800619054 1.50561790983509 1.437080974721682 1.50561790983509 1.3456983945704717 0.6603290434363939 0.4318725930583679 0.934476783890025 1.277161459457064 1.0715506541168405 0 
0 0.4318725930583679 0.0663422724535264 0.6603290434363939 0.8659398487766172 0.22626178771814456 1.2086245243436562 1.5741548449484977 1.551309199910695 1.50561790983509 1.0943962991546432 1.2543158144192612 1.4827722647972872 1.779765650288721 1.551309199910695 1.8483025854021287 1.551309199910695 1.5970004899863002 1.5284635548728924 1.665537425099708 1.665537425099708 1.162933234268051 1.1172419441924457 0.7517116235876042 1.2314701693814587 0 
0 -0.07073159777328916 0.2719530777937498 1.7340743602131157 1.391389684646077 0.20341614268034197 -0.11642288784889435 1.0715506541168405 1.4599266197594847 1.5741548449484977 1.6883830701375107 1.8483025854021287 2.076759035780155 1.3000071044948665 1.6426917800619054 1.50561790983509 1.3685440396082742 1.8483025854021287 1.779765650288721 1.5741548449484977 1.5284635548728924 1.162933234268051 0.9116311388522224 0.8887854938144198 1.50561790983509 0 
0 0.4775638831339731 0.24910743275594716 1.0943962991546432 1.619846135024103 1.1857788793058535 0.5461008182473809 0.5004095281717756 1.277161459457064 1.7112287151753132 2.053913390742352 1.7112287151753132 1.6883830701375107 1.551309199910695 1.665537425099708 1.5741548449484977 1.9168395205155366 1.9625308105911417 1.7569200052509184 1.6883830701375107 1.437080974721682 1.50561790983509 1.5741548449484977 1.1400875892302482 1.3000071044948665 0 
0 -0.4134162733403281 -0.3905706283025255 0.7288659785498016 1.6883830701375107 1.8254569403643262 0.706020333511999 0.7745572686254069 1.391389684646077 1.7112287151753132 1.8483025854021287 1.8254569403643262 1.8483025854021287 0.6603290434363939 0.7745572686254069 0.5689464632851835 0.9573224289278276 1.8254569403643262 1.8254569403643262 1.9625308105911417 1.7340743602131157 1.6426917800619054 1.8483025854021287 1.391389684646077 1.3228527495326692 0 
0 -0.3220336931891177 -0.43626191837813066 0.36333565794496014 1.4599266197594847 1.9396851655533391 1.3228527495326692 0.9573224289278276 1.551309199910695 1.8483025854021287 1.7340743602131157 1.9396851655533391 0.6831746884741965 0.40902694802056533 1.2543158144192612 1.0258593640412355 1.0943962991546432 1.50561790983509 1.1172419441924457 1.50561790983509 1.5970004899863002 1.3456983945704717 1.3685440396082742 1.5741548449484977 1.2314701693814587 0 
0 -0.3220336931891177 -0.2306511130379073 0.11203356252913159 1.1400875892302482 1.3000071044948665 0.8887854938144198 1.437080974721682 1.7569200052509184 1.9168395205155366 1.9168395205155366 1.3685440396082742 1.4142353296838794 1.3456983945704717 1.4599266197594847 1.551309199910695 1.8711482304399314 1.6426917800619054 0.9573224289278276 0.4775638831339731 1.0715506541168405 1.277161459457064 1.0258593640412355 1.3000071044948665 1.048705009079038 0 
0 -0.36772498326472286 -0.5961814336427488 0.5004095281717756 1.162933234268051 1.437080974721682 0.9116311388522224 1.437080974721682 1.6883830701375107 1.7569200052509184 1.551309199910695 1.0943962991546432 1.779765650288721 1.9168395205155366 1.7340743602131157 1.5741548449484977 1.2314701693814587 0.7517116235876042 0.9116311388522224 0.820248558701012 0.36333565794496014 0.7288659785498016 0.7974029136632094 1.0943962991546432 1.0030137190034327 0 
0 0.40902694802056533 -0.2534967580757099 0.934476783890025 1.1172419441924457 1.3228527495326692 1.1857788793058535 1.8711482304399314 1.9396851655533391 1.6426917800619054 1.3228527495326692 1.50561790983509 1.7112287151753132 1.5741548449484977 1.4142353296838794 1.1172419441924457 0.5689464632851835 0.5689464632851835 0.9573224289278276 1.1400875892302482 1.048705009079038 0.7517116235876042 0.820248558701012 1.0715506541168405 1.0943962991546432 0 
0 0.8659398487766172 0.5461008182473809 0.706020333511999 0.7974029136632094 1.2314701693814587 1.0030137190034327 1.2543158144192612 1.4142353296838794 1.277161459457064 1.6426917800619054 1.9625308105911417 1.8026112953265236 1.5741548449484977 1.0943962991546432 0.7517116235876042 0.6146377533607886 0.5004095281717756 0.3404900129071575 0.6374833983985913 0.7974029136632094 0.7517116235876042 1.1172419441924457 0.9801680739656302 1.2086245243436562 0 
0 0.5004095281717756 -0.18495982296230212 0.04349662741572381 0.5232551732095783 0.8887854938144198 1.391389684646077 0.706020333511999 1.162933234268051 1.4142353296838794 1.6426917800619054 1.551309199910695 1.4827722647972872 1.3685440396082742 1.0030137190034327 0.9116311388522224 0.934476783890025 0.7517116235876042 0.6603290434363939 0.6146377533607886 0.5232551732095783 1.0715506541168405 1.0258593640412355 0.7974029136632094 1.1857788793058535 0 
0 0.29479872283155234 -0.3448793382269203 -0.527644498529341 -0.3220336931891177 0.5461008182473809 0.9801680739656302 0.6603290434363939 1.3456983945704717 1.619846135024103 1.4142353296838794 1.437080974721682 1.7112287151753132 1.4142353296838794 1.048705009079038 0.9573224289278276 0.5461008182473809 0.5004095281717756 0.5917921083229861 0.6374833983985913 0.9801680739656302 0.9116311388522224 0.8887854938144198 0.7288659785498016 1.2086245243436562 0 
0 0.5689464632851835 -0.36772498326472286 -1.0530943343988006 -1.1673225595878136 -0.5961814336427488 0.706020333511999 1.0943962991546432 0.8659398487766172 1.1400875892302482 1.1857788793058535 1.0943962991546432 1.3228527495326692 1.1400875892302482 0.934476783890025 0.706020333511999 0.40902694802056533 0.6146377533607886 0.8887854938144198 0.8887854938144198 0.5689464632851835 0.7517116235876042 0.8887854938144198 0.8659398487766172 1.4142353296838794 0 
0 0.5232551732095783 -0.43626191837813066 -1.2130138496634189 -1.4643159450792473 -1.8070006206462863 -0.8017922389829721 0.4547182380961705 0.7974029136632094 0.4318725930583679 0.3861813029827627 0.7517116235876042 0.6603290434363939 0.7288659785498016 0.8887854938144198 0.9116311388522224 1.1172419441924457 1.0258593640412355 0.6374833983985913 0.4775638831339731 0.6374833983985913 0.820248558701012 1.0030137190034327 0.9801680739656302 1.2543158144192612 0 
0 0.3404900129071575 -0.3220336931891177 -1.144476914550011 -1.647081105381668 -1.875537555759694 -2.1039940061377203 -1.9212288458352993 -1.3957790099658396 -1.0987856244744059 -0.7332553038695644 -0.5504901435671437 -0.2991880481513151 0.22626178771814456 0.6146377533607886 0.7745572686254069 0.40902694802056533 0.24910743275594716 0.29479872283155234 0.5917921083229861 0.7517116235876042 0.8887854938144198 1.0030137190034327 0.934476783890025 1.0715506541168405 0 
0 -0.07073159777328916 -0.2763424031135125 -0.8017922389829721 -1.3957790099658396 -1.6242354603438656 -1.7841549756084838 -1.989765780948707 -2.0354570710243123 -1.4186246550036423 -0.8931748191341825 -1.3043964298146293 -1.3043964298146293 -0.8017922389829721 -0.18495982296230212 0.04349662741572381 0.29479872283155234 0.4775638831339731 0.4775638831339731 0.4775638831339731 0.706020333511999 1.1400875892302482 0.9116311388522224 0.706020333511999 0.7288659785498016 0 
0 0 0 0 0 0 0 0 0 0 0 0 0 0 0 0 0 0 0 0 0 0 0 0 0 0 

0 0 0 0 0 0 0 0 0 0 0 0 0 0 0 0 0 0 0 0 0 0 0 0 0 0 
0 0.36333565794496014 0.20341614268034197 -0.2991880481513151 -0.6190270786805514 -0.11642288784889435 -0.025040307697683974 -0.36772498326472286 -0.7789465939451696 0.11203356252913159 0.36333565794496014 0.3861813029827627 0.4775638831339731 0.4775638831339731 0.5461008182473809 0.6374833983985913 0.5461008182473809 0.4547182380961705 0.36333565794496014 0.29479872283155234 0.29479872283155234 0.24910743275594716 0.24910743275594716 0.1577248526047368 0.1348792075669342 0 
0 0.40902694802056533 0.22626178771814456 -0.5961814336427488 -0.4134162733403281 0.020650982377921217 -0.13926853288669694 -0.3905706283025255 -0.7332553038695644 -0.641872723718354 0.22626178771814456 0.11203356252913159 0.1348792075669342 0.22626178771814456 0.5004095281717756 0.7745572686254069 0.7517116235876042 0.6374833983985913 0.4775638831339731 0.4318725930583679 0.4775638831339731 0.2719530777937498 -0.09357724281109175 -0.48195320845373585 -0.8017922389829721 0 
0 0.4775638831339731 0.24910743275594716 -0.2306511130379073 -0.5047988534915384 -0.002194662659881379 -0.2991880481513151 -0.6647183687561566 -0.3448793382269203 -0.5961814336427488 -0.09357724281109175 -0.3220336931891177 -0.3905706283025255 -0.4134162733403281 -0.16211417792449953 -0.07073159777328916 -0.11642288784889435 0.20341614268034197 0.5232551732095783 0.5004095281717756 0.18057049764253938 -0.2991880481513151 -0.4134162733403281 -0.5961814336427488 -1.0530943343988006 0 
0 0.7745572686254069 0.4775638831339731 0.0663422724535264 -0.5504901435671437 -0.43626191837813066 -0.3905706283025255 -0.6190270786805514 -0.5047988534915384 -0.6875640137939592 -0.13926853288669694 -0.18495982296230212 -0.04788595273548657 -0.002194662659881379 -0.04788595273548657 -0.36772498326472286 -0.641872723718354 -0.6190270786805514 -0.09357724281109175 -0.04788595273548657 -0.43626191837813066 -0.2991880481513151 -0.2306511130379073 -0.5504901435671437 -0.9617117542475904 0 
0 0.9116311388522224 0.4547182380961705 -0.13926853288669694 -0.025040307697683974 -0.2306511130379073 -0.04788595273548657 -0.11642288784889435 -0.5733357886049463 -0.8246378840207748 -0.6190270786805514 -0.18495982296230212 -0.11642288784889435 -0.11642288784889435 0.1348792075669342 -0.07073159777328916 -0.43626191837813066 -0.2306511130379073 -0.2534967580757099 -0.48195320845373585 -0.13926853288669694 0.020650982377921217 -0.2991880481513151 -0.6647183687561566 -0.641872723718354 0 
0 0.8659398487766172 0.20341614268034197 0.089187917491329 0.5917921083229861 0.36333565794496014 0.089187917491329 -0.025040307697683974 -0.20780546800010471 -1.0302486893609981 -0.9845573992853929 -0.36772498326472286 -0.43626191837813066 -0.13926853288669694 -0.16211417792449953 -0.4591075634159333 -0.5047988534915384 -0.04788595273548657 -0.4134162733403281 -0.2763424031135125 0.020650982377921217 -0.16211417792449953 -0.5504901435671437 -0.5733357886049463 -0.3905706283025255 0 
0 0.6831746884741965 0.22626178771814456 0.31764436786935496 0.40902694802056533 0.40902694802056533 0.2719530777937498 0.40902694802056533 0.40902694802056533 -0.5961814336427488 -0.11642288784889435 -0.16211417792449953 -0.18495982296230212 0.089187917491329 -1.0302486893609981 -0.8017922389829721 -0.36772498326472286 -0.2534967580757099 -0.2763424031135125 -0.07073159777328916 -0.18495982296230212 -0.7332553038695644 -0.7332553038695644 -0.527644498529341 -0.36772498326472286 0 
0 0.40902694802056533 0.36333565794496014 0.6374833983985913 0.6146377533607886 0.4775638831339731 0.11203356252913159 0.5461008182473809 0.6146377533607886 -0.09357724281109175 0.24910743275594716 0.2719530777937498 0.20341614268034197 0.22626178771814456 -0.6190270786805514 -0.20780546800010471 -0.13926853288669694 0.24910743275594716 0.3861813029827627 -0.18495982296230212 -0.7789465939451696 -1.4643159450792473 -0.9160204641719851 -0.20780546800010471 -0.20780546800010471 0 
0 -0.04788595273548657 -0.11642288784889435 0.1348792075669342 0.5004095281717756 0.6374833983985913 0.4547182380961705 0.4547182380961705 0.5004095281717756 0.5689464632851835 -0.11642288784889435 0.22626178771814456 0.18057049764253938 -0.002194662659881379 0.0663422724535264 0.5461008182473809 0.36333565794496014 0.40902694802056533 0.706020333511999 0.6374833983985913 -0.20780546800010471 -0.6647183687561566 -0.2306511130379073 0.11203356252913159 -0.2991880481513151 0 
0 -0.8017922389829721 -1.2358594947012214 -0.48195320845373585 0.0663422724535264 -0.3448793382269203 0.6146377533607886 0.8659398487766172 0.6146377533607886 0.3861813029827627 -0.2763424031135125 -0.07073159777328916 0.4318725930583679 0.6603290434363939 0.36333565794496014 0.7974029136632094 0.4775638831339731 0.5917921083229861 0.6831746884741965 0.9116311388522224 0.7745572686254069 -0.025040307697683974 -0.2306511130379073 -0.527644498529341 -0.07073159777328916 0 
0 -1.1673225595878136 -0.9388661092097877 0.7745572686254069 0.934476783890025 -0.07073159777328916 -0.5047988534915384 0.5689464632851835 0.7517116235876042 0.706020333511999 0.8430942037388146 0.934476783890025 1.2314701693814587 0.2719530777937498 0.4547182380961705 0.4318725930583679 0.31764436786935496 0.8430942037388146 0.820248558701012 0.7517116235876042 0.6146377533607886 -0.025040307697683974 -0.4134162733403281 -0.3905706283025255 0.2719530777937498 0 
0 -0.641872723718354 -1.0302486893609981 0.020650982377921217 1.0715506541168405 0.8887854938144198 0.11203356252913159 -0.025040307697683974 0.6603290434363939 1.0258593640412355 1.3456983945704717 0.9801680739656302 1.1400875892302482 1.048705009079038 0.934476783890025 0.7745572686254069 1.162933234268051 1.2314701693814587 1.048705009079038 0.9116311388522224 0.5232551732095783 0.4547182380961705 0.4547182380961705 0.04349662741572381 0.1348792075669342 0 
0 -1.5100072351548526 -1.5100072351548526 -0.3905706283025255 0.8887854938144198 1.437080974721682 0.04349662741572381 -0.07073159777328916 0.6146377533607886 0.9116311388522224 1.1857788793058535 1.1400875892302482 1.3228527495326692 0.2719530777937498 0.22626178771814456 -0.07073159777328916 0.29479872283155234 1.0715506541168405 0.9573224289278276 1.0943962991546432 0.8887854938144198 0.7517116235876042 0.8887854938144198 0.4318725930583679 0.1577248526047368 0 
0 -1.4414703000414448 -1.3957790099658396 -0.7332553038695644 0.3404900129071575 0.934476783890025 0.1348792075669342 -0.16211417792449953 0.706020333511999 1.048705009079038 0.9573224289278276 1.1172419441924457 0.04349662741572381 -0.04788595273548657 0.7974029136632094 0.5917921083229861 0.6603290434363939 0.6831746884741965 -0.18495982296230212 0.24910743275594716 0.5232551732095783 0.31764436786935496 0.36333565794496014 0.5689464632851835 -0.07073159777328916 0 
0 -1.3500877198902344 -1.1673225595878136 -1.0074030443231956 -0.04788595273548657 0.0663422724535264 -0.5504901435671437 0.20341614268034197 0.8887854938144198 1.048705009079038 0.8887854938144198 0.22626178771814456 0.5232551732095783 0.7745572686254069 0.9573224289278276 1.0715506541168405 1.3000071044948665 0.706020333511999 -0.3448793382269203 -0.87032917409638 -0.20780546800010471 0.04349662741572381 -0.16211417792449953 0.11203356252913159 -0.3905706283025255 0 
0 -1.2358594947012214 -1.601389815306063 -0.6647183687561566 0.1348792075669342 0.3861813029827627 -0.3448793382269203 0.40902694802056533 0.8887854938144198 0.820248558701012 0.2719530777937498 -0.2763424031135125 0.706020333511999 1.1857788793058535 0.9573224289278276 0.5232551732095783 0.020650982377921217 -0.527644498529341 -0.3220336931891177 -0.43626191837813066 -0.9617117542475904 -0.6190270786805514 -0.5961814336427488 -0.2991880481513151 -0.5504901435671437 0 
0 -0.2991880481513151 -1.1673225595878136 -0.002194662659881379 0.18057049764253938 0.29479872283155234 0.20341614268034197 0.9801680739656302 1.0258593640412355 0.5689464632851835 -0.002194662659881379 0.3404900129071575 0.7974029136632094 0.6831746884741965 0.3861813029827627 -0.07073159777328916 -0.6875640137939592 -0.6647183687561566 -0.20780546800010471 -0.025040307697683974 -0.16211417792449953 -0.5504901435671437 -0.5733357886049463 -0.36772498326472286 -0.4591075634159333 0 
0 0.29479872283155234 -0.2763424031135125 -0.13926853288669694 -0.18495982296230212 0.29479872283155234 -0.002194662659881379 0.020650982377921217 0.11203356252913159 0.04349662741572381 0.6146377533607886 1.0943962991546432 1.0030137190034327 0.6603290434363939 0.020650982377921217 -0.43626191837813066 -0.6190270786805514 -0.8017922389829721 -0.9845573992853929 -0.6190270786805514 -0.43626191837813066 -0.527644498529341 -0.18495982296230212 -0.4134162733403281 -0.3448793382269203 0 
0 -0.025040307697683974 -1.0074030443231956 -0.7789465939451696 -0.3905706283025255 -0.07073159777328916 0.36333565794496014 -0.3905706283025255 0.22626178771814456 0.706020333511999 0.934476783890025 0.8430942037388146 0.7745572686254069 0.6146377533607886 0.18057049764253938 -0.002194662659881379 -0.07073159777328916 -0.3905706283025255 -0.5961814336427488 -0.7332553038695644 -0.7789465939451696 -0.16211417792449953 -0.2991880481513151 -0.6190270786805514 -0.3905706283025255 0 
0 -0.3448793382269203 -1.1901682046256163 -1.3043964298146293 -1.0987856244744059 -0.3220336931891177 0.18057049764253938 -0.04788595273548657 0.6603290434363939 0.9116311388522224 0.5917921083229861 0.6603290434363939 1.0258593640412355 0.8430942037388146 0.40902694802056533 0.11203356252913159 -0.4591075634159333 -0.7104096588317618 -0.756100948907367 -0.7332553038695644 -0.2763424031135125 -0.3220336931891177 -0.527644498529341 -0.7789465939451696 -0.3448793382269203 0 
0 -0.04788595273548657 -1.372933364928037 -1.8526919107218915 -1.8070006206462863 -1.3043964298146293 -0.002194662659881379 0.31764436786935496 -0.002194662659881379 0.18057049764253938 0.24910743275594716 0.2719530777937498 0.5689464632851835 0.4775638831339731 0.11203356252913159 -0.3905706283025255 -0.8474835290585774 -0.641872723718354 -0.2534967580757099 -0.2306511130379073 -0.6875640137939592 -0.7104096588317618 -0.641872723718354 -0.5504901435671437 0.089187917491329 0 
0 -0.07073159777328916 -1.4414703000414448 -2.0354570710243123 -2.0354570710243123 -2.2867591664401408 -1.2815507847768266 -0.16211417792449953 0.11203356252913159 -0.3220336931891177 -0.5504901435671437 -0.16211417792449953 -0.16211417792449953 -0.11642288784889435 -0.04788595273548657 -0.07073159777328916 0.18057049764253938 0.11203356252913159 -0.36772498326472286 -0.6875640137939592 -0.7332553038695644 -0.7104096588317618 -0.5047988534915384 -0.3905706283025255 -0.13926853288669694 0 
0 -0.18495982296230212 -1.144476914550011 -2.058302716062115 -2.2639135214023383 -2.218222231326733 -2.3552961015535487 -2.2410678763645357 -1.8526919107218915 -1.715618040495076 -1.4414703000414448 -1.2130138496634189 -0.9388661092097877 -0.43626191837813066 -0.2991880481513151 -0.3220336931891177 -0.527644498529341 -0.87032917409638 -1.1216312695122086 -0.9160204641719851 -0.7104096588317618 -0.527644498529341 -0.36772498326472286 -0.48195320845373585 -0.43626191837813066 0 
0 -0.36772498326472286 -0.87032917409638 -1.8298462656840888 -2.1953765862889303 -2.1268396511755228 -2.218222231326733 -2.3096048114779433 -2.4466786817047588 -1.989765780948707 -1.4186246550036423 -1.8070006206462863 -1.8070006206462863 -1.3957790099658396 -0.9845573992853929 -1.0074030443231956 -0.9845573992853929 -1.0530943343988006 -1.1216312695122086 -1.0302486893609981 -0.6190270786805514 -0.04788595273548657 -0.3448793382269203 -0.6647183687561566 -0.6647183687561566 0 
0 0 0 0 0 0 0 0 0 0 0 0 0 0 0 0 0 0 0 0 0 0 0 0 0 0 

0 0 0 0 0 0 0 0 0 0 0 0 0 0 0 0 0 0 0 0 0 0 0 0 0 0 
0 0.29479872283155234 0.089187917491329 -0.6190270786805514 -0.9160204641719851 -0.4134162733403281 -0.5733357886049463 -1.0987856244744059 -1.4186246550036423 -0.2763424031135125 0.18057049764253938 0.2719530777937498 0.36333565794496014 0.40902694802056533 0.4318725930583679 0.5004095281717756 0.4318725930583679 0.3404900129071575 0.18057049764253938 0.11203356252913159 0.1577248526047368 0.1348792075669342 0.1577248526047368 -0.002194662659881379 -0.20780546800010471 0 
0 0.36333565794496014 0.11203356252913159 -0.9160204641719851 -0.6647183687561566 -0.16211417792449953 -0.5504901435671437 -1.0530943343988006 -1.5556985252304578 -1.4414703000414448 -0.3905706283025255 -0.36772498326472286 -0.2991880481513151 -0.16211417792449953 0.11203356252913159 0.5232551732095783 0.820248558701012 0.6603290434363939 0.29479872283155234 0.31764436786935496 0.3404900129071575 -0.04788595273548657 -0.43626191837813066 -0.87032917409638 -1.4186246550036423 0 
0 0.5004095281717756 0.11203356252913159 -0.5733357886049463 -0.7104096588317618 -0.20780546800010471 -0.6875640137939592 -1.258705139739024 -1.1216312695122086 -1.532852880192655 -1.0530943343988006 -1.258705139739024 -1.3043964298146293 -1.3043964298146293 -1.0074030443231956 -0.7789465939451696 -0.6647183687561566 -0.18495982296230212 0.22626178771814456 0.2719530777937498 -0.13926853288669694 -0.7789465939451696 -0.9845573992853929 -1.1673225595878136 -1.715618040495076 0 
0 0.7745572686254069 0.31764436786935496 -0.16211417792449953 -0.6647183687561566 -0.6875640137939592 -0.8474835290585774 -1.3272420748524318 -1.4414703000414448 -1.6927723954572733 -1.1216312695122086 -1.1673225595878136 -1.0302486893609981 -0.9845573992853929 -0.9388661092097877 -1.3272420748524318 -1.7384636855328786 -1.4643159450792473 -0.6647183687561566 -0.5961814336427488 -0.9617117542475904 -0.7789465939451696 -0.6647183687561566 -1.0074030443231956 -1.5556985252304578 0 
0 0.9116311388522224 0.20341614268034197 -0.4134162733403281 -0.2991880481513151 -0.6190270786805514 -0.641872723718354 -1.0074030443231956 -1.715618040495076 -1.9669201359109045 -1.6242354603438656 -1.1673225595878136 -1.0987856244744059 -1.0759399794366034 -0.7789465939451696 -1.0987856244744059 -1.4643159450792473 -0.9845573992853929 -0.9388661092097877 -1.0759399794366034 -0.5961814336427488 -0.3448793382269203 -0.5961814336427488 -0.9617117542475904 -1.0987856244744059 0 
0 0.820248558701012 -0.13926853288669694 -0.5047988534915384 -0.09357724281109175 -0.3220336931891177 -0.6647183687561566 -0.9617117542475904 -1.3500877198902344 -2.1496852962133253 -1.989765780948707 -1.3957790099658396 -1.4643159450792473 -1.1673225595878136 -1.2815507847768266 -1.6699267504194708 -1.4186246550036423 -0.5733357886049463 -1.0074030443231956 -0.8017922389829721 -0.2991880481513151 -0.4134162733403281 -0.7332553038695644 -0.7332553038695644 -0.6647183687561566 0 
0 0.5004095281717756 -0.2534967580757099 -0.48195320845373585 -0.4591075634159333 -0.5047988534915384 -0.641872723718354 -0.5733357886049463 -0.7104096588317618 -1.6927723954572733 -1.0759399794366034 -1.144476914550011 -1.2130138496634189 -0.9845573992853929 -2.0811483610999173 -1.9669201359109045 -1.3957790099658396 -0.87032917409638 -0.8017922389829721 -0.48195320845373585 -0.4591075634159333 -0.9388661092097877 -0.8931748191341825 -0.7104096588317618 -0.641872723718354 0 
0 -0.025040307697683974 -0.2534967580757099 -0.20780546800010471 -0.2763424031135125 -0.5047988534915384 -0.8931748191341825 -0.4134162733403281 -0.3905706283025255 -1.0759399794366034 -0.7104096588317618 -0.6647183687561566 -0.6875640137939592 -0.756100948907367 -1.6242354603438656 -1.3043964298146293 -1.3957790099658396 -0.6647183687561566 -0.18495982296230212 -0.5733357886049463 -1.0302486893609981 -1.6242354603438656 -1.144476914550011 -0.527644498529341 -0.756100948907367 0 
0 -0.8246378840207748 -0.9388661092097877 -0.7332553038695644 -0.3448793382269203 -0.20780546800010471 -0.36772498326472286 -0.2991880481513151 -0.2534967580757099 -0.2763424031135125 -1.0759399794366034 -0.7104096588317618 -0.6190270786805514 -1.0302486893609981 -1.0302486893609981 -0.4591075634159333 -0.7332553038695644 -0.527644498529341 0.089187917491329 0.20341614268034197 -0.4591075634159333 -0.8017922389829721 -0.527644498529341 -0.43626191837813066 -1.1216312695122086 0 
0 -1.647081105381668 -2.0811483610999173 -1.2358594947012214 -0.527644498529341 -0.87032917409638 0.1348792075669342 0.40902694802056533 0.04349662741572381 -0.4134162733403281 -1.1901682046256163 -1.0074030443231956 -0.4134162733403281 -0.36772498326472286 -0.7104096588317618 -0.16211417792449953 -0.5961814336427488 -0.36772498326472286 -0.04788595273548657 0.36333565794496014 0.3404900129071575 -0.4591075634159333 -0.8246378840207748 -1.3272420748524318 -1.0302486893609981 0 
0 -1.9212288458352993 -1.6699267504194708 0.22626178771814456 0.6146377533607886 -0.5504901435671437 -1.0302486893609981 0.20341614268034197 0.24910743275594716 -0.002194662659881379 0.04349662741572381 0.11203356252913159 0.5461008182473809 -0.4591075634159333 -0.43626191837813066 -0.5504901435671437 -0.7332553038695644 -0.20780546800010471 -0.11642288784889435 -0.07073159777328916 -0.18495982296230212 -0.8474835290585774 -1.3272420748524318 -1.372933364928037 -0.8017922389829721 0 
0 -1.3957790099658396 -1.8298462656840888 -0.641872723718354 0.6603290434363939 0.29479872283155234 -0.5504901435671437 -0.48195320845373585 0.1577248526047368 0.40902694802056533 0.7974029136632094 0.40902694802056533 0.6831746884741965 0.4775638831339731 0.24910743275594716 0.11203356252913159 0.3861813029827627 0.40902694802056533 0.20341614268034197 -0.04788595273548657 -0.48195320845373585 -0.5733357886049463 -0.5733357886049463 -0.9617117542475904 -0.9617117542475904 0 
0 -2.172530941251128 -2.218222231326733 -1.2358594947012214 0.24910743275594716 1.0715506541168405 -0.3220336931891177 -0.6190270786805514 -0.025040307697683974 0.3861813029827627 0.5917921083229861 0.6146377533607886 1.1400875892302482 -0.13926853288669694 -0.36772498326472286 -0.4591075634159333 -0.18495982296230212 0.3861813029827627 0.089187917491329 0.24910743275594716 -0.002194662659881379 -0.18495982296230212 0.04349662741572381 -0.36772498326472286 -0.87032917409638 0 
0 -2.1268396511755228 -2.0126114259865098 -1.5556985252304578 -0.5504901435671437 0.22626178771814456 -0.48195320845373585 -0.9160204641719851 -0.07073159777328916 0.4547182380961705 0.36333565794496014 0.5232551732095783 -0.16211417792449953 -0.3448793382269203 0.1577248526047368 0.04349662741572381 0.18057049764253938 -0.002194662659881379 -1.1673225595878136 -0.6190270786805514 -0.3220336931891177 -0.641872723718354 -0.527644498529341 -0.2991880481513151 -1.1673225595878136 0 
0 -1.9440744908731018 -1.761309330570681 -1.8526919107218915 -1.0074030443231956 -0.8474835290585774 -1.3957790099658396 -0.6190270786805514 0.11203356252913159 0.40902694802056533 0.1348792075669342 -0.6647183687561566 0.020650982377921217 0.3861813029827627 0.3404900129071575 0.5004095281717756 0.7517116235876042 0.020650982377921217 -1.2358594947012214 -1.761309330570681 -1.1216312695122086 -0.9617117542475904 -1.1216312695122086 -0.8474835290585774 -1.6242354603438656 0 
0 -1.647081105381668 -2.2410678763645357 -1.532852880192655 -0.6647183687561566 -0.43626191837813066 -1.144476914550011 -0.2991880481513151 0.18057049764253938 0.1348792075669342 -0.7104096588317618 -1.48716159011705 -0.13926853288669694 0.5461008182473809 0.22626178771814456 -0.20780546800010471 -0.8474835290585774 -1.48716159011705 -1.258705139739024 -1.3272420748524318 -1.9440744908731018 -1.647081105381668 -1.5556985252304578 -1.3043964298146293 -1.875537555759694 0 
0 -0.5047988534915384 -1.761309330570681 -0.7104096588317618 -0.527644498529341 -0.4591075634159333 -0.3905706283025255 0.5461008182473809 0.4775638831339731 -0.2306511130379073 -0.9845573992853929 -0.7104096588317618 -0.16211417792449953 -0.09357724281109175 -0.43626191837813066 -0.9160204641719851 -1.48716159011705 -1.5556985252304578 -1.1673225595878136 -0.9388661092097877 -1.0987856244744059 -1.532852880192655 -1.5556985252304578 -1.3957790099658396 -1.761309330570681 0 
0 -0.025040307697683974 -0.8931748191341825 -0.8017922389829721 -0.8931748191341825 -0.36772498326472286 -0.4591075634159333 -0.36772498326472286 -0.2991880481513151 -0.43626191837813066 0.020650982377921217 0.4547182380961705 0.2719530777937498 -0.04788595273548657 -0.7104096588317618 -1.2130138496634189 -1.3500877198902344 -1.5556985252304578 -1.8526919107218915 -1.601389815306063 -1.4186246550036423 -1.48716159011705 -1.1673225595878136 -1.4414703000414448 -1.6242354603438656 0 
0 -0.4591075634159333 -1.601389815306063 -1.372933364928037 -1.0759399794366034 -0.641872723718354 -0.002194662659881379 -0.756100948907367 -0.16211417792449953 0.22626178771814456 0.3404900129071575 0.18057049764253938 0.04349662741572381 -0.16211417792449953 -0.5733357886049463 -0.756100948907367 -0.8931748191341825 -1.258705139739024 -1.48716159011705 -1.715618040495076 -1.761309330570681 -1.0987856244744059 -1.3043964298146293 -1.761309330570681 -1.6699267504194708 0 
0 -0.6647183687561566 -1.647081105381668 -1.761309330570681 -1.6927723954572733 -0.9845573992853929 -0.2306511130379073 -0.2534967580757099 0.40902694802056533 0.3861813029827627 -0.09357724281109175 -0.002194662659881379 0.4318725930583679 0.2719530777937498 -0.18495982296230212 -0.5961814336427488 -1.3043964298146293 -1.5785441702682603 -1.5785441702682603 -1.601389815306063 -1.1673225595878136 -1.2815507847768266 -1.647081105381668 -2.058302716062115 -1.6242354603438656 0 
0 -0.3448793382269203 -1.8526919107218915 -2.4466786817047588 -2.332450456515746 -1.8526919107218915 -0.4591075634159333 0.04349662741572381 -0.36772498326472286 -0.4591075634159333 -0.48195320845373585 -0.3220336931891177 0.11203356252913159 -0.002194662659881379 -0.527644498529341 -1.1673225595878136 -1.6242354603438656 -1.4643159450792473 -1.0987856244744059 -1.0302486893609981 -1.601389815306063 -1.8526919107218915 -1.9440744908731018 -1.8298462656840888 -1.0987856244744059 0 
0 -0.4134162733403281 -2.0126114259865098 -2.6979807771205877 -2.4695243267425617 -2.6294438420071797 -1.715618040495076 -0.5733357886049463 -0.4591075634159333 -1.0987856244744059 -1.2130138496634189 -0.641872723718354 -0.641872723718354 -0.756100948907367 -0.8474835290585774 -0.8931748191341825 -0.6875640137939592 -0.8246378840207748 -1.3043964298146293 -1.647081105381668 -1.8298462656840888 -1.9669201359109045 -1.7841549756084838 -1.601389815306063 -1.3272420748524318 0 
0 -0.527644498529341 -1.7384636855328786 -2.6522894870449822 -2.6522894870449822 -2.4466786817047588 -2.4923699717803642 -2.3552961015535487 -2.1268396511755228 -2.1496852962133253 -1.761309330570681 -1.4414703000414448 -1.1901682046256163 -0.9388661092097877 -0.9617117542475904 -1.0759399794366034 -1.4186246550036423 -1.8298462656840888 -2.1039940061377203 -2.0811483610999173 -1.9212288458352993 -1.6699267504194708 -1.5100072351548526 -1.601389815306063 -1.647081105381668 0 
0 -0.5733357886049463 -1.4186246550036423 -2.3781417465913512 -2.6065981969693772 -2.4009873916291538 -2.332450456515746 -2.332450456515746 -2.5152156168181667 -2.218222231326733 -1.7841549756084838 -2.058302716062115 -2.0354570710243123 -1.8298462656840888 -1.647081105381668 -1.875537555759694 -1.9212288458352993 -2.1039940061377203 -2.3096048114779433 -2.3096048114779433 -1.7841549756084838 -1.0302486893609981 -1.3500877198902344 -1.7384636855328786 -1.8070006206462863 0 
0 0 0 0 0 0 0 0 0 0 0 0 0 0 0 0 0 0 0 0 0 0 0 0 0 0 

