0 0 0 0 0 0 0 0 0 0 0 0 0 0 0 0 0 0 0 0 0 0 0 0 0 0 
0 -0.2623063679565579 0.17538062118478792 0.5968569810986765 0.629278239553591 0.564435722643762 0.8724376779654498 1.1642290040596803 1.212860891742052 0.7913845318281635 0.07811684582004441 -0.716203986325361 -0.6675720986429892 -1.0728378293294205 -1.2835760092863648 -0.8296783909175618 -0.01914692954469911 0.888648307192907 0.8724376779654498 0.5968569810986765 -0.08398944645452812 0.24022313809461693 1.537073476291197 2.201709274616945 1.8126541731579704 0 
0 -0.4406232894585877 -0.06777881722707087 0.6130676103261338 0.5158038349613903 0.2888550257769887 0.6454888687810483 1.018333341012565 0.8562270487379925 0.953490824102736 1.0345439702400223 0.3212762842319032 -0.3433595140938442 -1.2187334923765358 -1.3646291554236512 -0.8783102785999335 0.07811684582004441 0.823805790283078 1.0993864871498513 0.8724376779654498 0.02948495813767265 0.0456955873651299 1.0669652286949367 2.153077386934573 2.2989730499816883 0 
0 -0.5054658063684166 -0.2298851095016434 0.629278239553591 0.6616994980085055 0.30506565500444593 0.7265420149183345 1.1642290040596803 0.564435722643762 0.8075951610556208 1.261492779424424 1.0021227117851077 -0.2298851095016434 -1.0404165708745061 -1.1376803462392495 -0.5703083232782457 0.14295936272987342 0.5968569810986765 0.9859120825576505 1.1804396332871376 0.5806463518712193 0.07811684582004441 0.3212762842319032 1.0507545994674796 1.731601027020684 0 
0 -0.5703083232782457 -0.39199140177621594 0.15916999195733067 0.8075951610556208 0.8075951610556208 0.9210695656478215 1.34254592556171 0.823805790283078 0.7265420149183345 1.2452821501969666 1.3101246671067956 0.3861188011417322 -0.14883196336435714 -0.35957014332130144 -0.08398944645452812 0.36990817191427494 0.823805790283078 1.083175857922394 1.407388442471539 1.277703408651881 0.49959320573393295 0.06190621659258715 0.888648307192907 1.5046522178362827 0 
0 -0.7972571324626473 -0.4730445479135022 0.013274328910215396 0.888648307192907 1.326335296334253 1.2290715209695093 1.5046522178362827 1.407388442471539 1.0345439702400223 1.407388442471539 1.1642290040596803 0.7265420149183345 0.6616994980085055 0.43475068882410395 0.30506565500444593 0.40232943036918944 0.7103313856908773 1.0345439702400223 1.34254592556171 1.5532841055186544 1.2452821501969666 0.8075951610556208 1.4884415886088254 1.391177813244082 0 
0 -1.0404165708745061 -0.6837827278704465 -0.1326213341368999 0.629278239553591 1.7640222854755987 1.261492779424424 0.49959320573393295 1.196650262514595 1.5532841055186544 1.3587565547891673 0.7103313856908773 0.9859120825576505 0.9372801948752788 0.8075951610556208 0.46717194727901845 0.40232943036918944 0.4833825765064757 0.69412075646342 0.69412075646342 1.0993864871498513 1.148018374832223 0.8724376779654498 1.585705363973569 1.537073476291197 0 
0 -1.1863122339216212 -0.910731537054848 -0.10020007568198537 0.09432747504750166 0.9048589364203643 1.1642290040596803 -0.5540976940507885 0.9372801948752788 1.5694947347461117 0.564435722643762 0.30506565500444593 0.7913845318281635 0.953490824102736 0.758963273373249 0.5806463518712193 0.5482250934163048 0.5158038349613903 0.5320144641888475 0.46717194727901845 0.7265420149183345 0.7913845318281635 0.20780187963970242 1.0345439702400223 1.585705363973569 0 
0 -0.975574053964677 -0.9593634247372198 -0.21367448027418615 -0.035357558772156364 0.27264439654953143 1.083175857922394 0.2564337673220742 1.131807745604766 1.261492779424424 0.20780187963970242 0.013274328910215396 0.33748691345936044 0.6779101272359628 0.6779101272359628 0.7427526441457918 0.6616994980085055 0.6616994980085055 0.6779101272359628 0.5968569810986765 0.6130676103261338 0.7103313856908773 0.17538062118478792 0.22401250886715968 0.9048589364203643 0 
0 -0.5378870648233312 -0.6675720986429892 -0.4406232894585877 -0.18125322181927164 0.36990817191427494 1.391177813244082 0.953490824102736 1.5046522178362827 1.472230959381368 0.3861188011417322 -0.035357558772156364 0.013274328910215396 0.11053810427495891 0.40232943036918944 0.69412075646342 0.6779101272359628 0.629278239553591 0.6130676103261338 0.4833825765064757 0.40232943036918944 0.4509613180515612 0.11053810427495891 0.02948495813767265 -0.0029363003172418567 0 
0 -0.2298851095016434 -0.3109382556389297 -0.42441266023113045 -0.35957014332130144 0.3536975426868177 1.537073476291197 0.6130676103261338 1.6181266224284834 1.4398097009264537 0.9048589364203643 1.0345439702400223 0.7913845318281635 0.2564337673220742 0.14295936272987342 0.5482250934163048 0.6779101272359628 0.5482250934163048 0.5158038349613903 0.5158038349613903 0.24022313809461693 -0.035357558772156364 0.013274328910215396 -0.0029363003172418567 -0.35957014332130144 0 
0 -0.08398944645452812 -0.1650425925918144 -0.3109382556389297 -0.4730445479135022 0.12674873350241617 1.212860891742052 0.6616994980085055 1.326335296334253 1.0993864871498513 0.7751739026007063 1.8288648023854277 2.3962368253464317 2.1368667577071156 1.9423392069776284 2.0720242407972864 2.0720242407972864 1.99097109466 1.8288648023854277 1.3749671840166247 0.888648307192907 0.02948495813767265 -0.051568187999613616 0.07811684582004441 -0.051568187999613616 0 
0 -0.051568187999613616 0.0456955873651299 0.0456955873651299 -0.2785169971840151 0.15916999195733067 0.9859120825576505 0.6130676103261338 0.8562270487379925 0.9210695656478215 0.6779101272359628 1.601915993201026 2.461079342256261 2.623185634530833 2.5259218591660897 2.5259218591660897 2.5583431176210043 2.6556068929857477 2.6393962637582904 2.3151836792091456 1.8126541731579704 1.0993864871498513 0.19159125041224517 0.14295936272987342 0.17538062118478792 0 
0 -0.0029363003172418567 0.013274328910215396 0.24022313809461693 0.24022313809461693 0.49959320573393295 0.9210695656478215 0.49959320573393295 0.564435722643762 0.6130676103261338 0.6454888687810483 1.5532841055186544 2.2665517915267737 2.5097112299386324 2.3800261961189744 2.331394308436603 2.412447454573889 2.461079342256261 2.5097112299386324 2.3800261961189744 1.8774966900677994 1.537073476291197 0.629278239553591 0.07811684582004441 0.27264439654953143 0 
0 0.3536975426868177 0.27264439654953143 0.20780187963970242 0.5806463518712193 0.7751739026007063 0.5320144641888475 0.09432747504750166 0.27264439654953143 0.36990817191427494 0.43475068882410395 1.456020330153911 2.2503411622993164 2.493500600711175 2.412447454573889 2.2503411622993164 2.4286580838013463 2.4286580838013463 2.4448687130288036 2.34760493766406 2.0233923531149145 1.0345439702400223 0.36990817191427494 0.46717194727901845 0.5482250934163048 0 
0 0.5482250934163048 0.7103313856908773 0.3536975426868177 0.2888550257769887 0.5158038349613903 0.2564337673220742 -0.18125322181927164 0.19159125041224517 0.17538062118478792 0.33748691345936044 1.261492779424424 2.153077386934573 2.412447454573889 2.34760493766406 2.1368667577071156 2.1854986453894876 2.363815566891517 2.363815566891517 2.088234870024744 1.7640222854755987 0.8400164195105353 0.0456955873651299 0.20780187963970242 0.24022313809461693 0 
0 0.629278239553591 0.49959320573393295 0.4185400595966467 0.20780187963970242 0.3536975426868177 0.4509613180515612 -0.08398944645452812 0.09432747504750166 -0.10020007568198537 0.3861188011417322 1.261492779424424 2.0720242407972864 2.2989730499816883 2.2503411622993164 2.0720242407972864 2.039602982342372 2.201709274616945 2.1854986453894876 1.780232914703056 1.2290715209695093 0.4509613180515612 0.09432747504750166 0.24022313809461693 0.2564337673220742 0 
0 0.7913845318281635 0.6130676103261338 1.0345439702400223 0.8400164195105353 0.43475068882410395 0.6454888687810483 -0.035357558772156364 -0.3109382556389297 -0.3433595140938442 0.5482250934163048 1.391177813244082 2.039602982342372 2.217919903844402 2.0720242407972864 1.926128577750171 1.974760465432543 2.0233923531149145 1.926128577750171 1.5694947347461117 0.7913845318281635 0.013274328910215396 0.17538062118478792 0.629278239553591 0.823805790283078 0 
0 0.7103313856908773 0.8724376779654498 1.0021227117851077 1.1155971163773086 0.9210695656478215 0.8400164195105353 0.06190621659258715 -0.5540976940507885 -0.2623063679565579 0.5806463518712193 1.261492779424424 2.0720242407972864 2.217919903844402 1.6991797685657697 1.5532841055186544 1.845075431612885 1.7478116562481414 1.5046522178362827 1.131807745604766 0.27264439654953143 -0.35957014332130144 0.3536975426868177 0.758963273373249 0.9048589364203643 0 
0 0.36990817191427494 0.5806463518712193 0.4509613180515612 0.49959320573393295 0.5482250934163048 0.7913845318281635 0.20780187963970242 -0.3433595140938442 -0.14883196336435714 0.15916999195733067 0.6130676103261338 1.601915993201026 2.088234870024744 1.585705363973569 1.407388442471539 1.4398097009264537 1.277703408651881 1.0993864871498513 0.4833825765064757 -0.3433595140938442 -0.1974638510467289 0.9048589364203643 0.9697014533301933 0.7913845318281635 0 
0 0.09432747504750166 0.36990817191427494 0.3536975426868177 0.2564337673220742 0.3212762842319032 0.7427526441457918 0.46717194727901845 -0.24609573872910065 -0.32714888486638694 -0.4730445479135022 -0.18125322181927164 0.5806463518712193 1.3101246671067956 0.8562270487379925 0.6779101272359628 0.6616994980085055 0.6779101272359628 0.5968569810986765 -0.21367448027418615 -0.6027295817331602 0.2564337673220742 1.148018374832223 1.1804396332871376 0.953490824102736 0 
0 0.24022313809461693 0.15916999195733067 0.27264439654953143 0.3212762842319032 0.30506565500444593 0.629278239553591 0.7103313856908773 -0.18125322181927164 -0.7972571324626473 -1.0404165708745061 -0.8945209078273908 -0.3757807725487587 0.40232943036918944 -0.14883196336435714 -0.24609573872910065 -0.01914692954469911 0.06190621659258715 -0.3109382556389297 -0.9269421662823053 -0.5378870648233312 0.40232943036918944 1.0021227117851077 1.0021227117851077 0.8562270487379925 0 
0 0.4509613180515612 0.2564337673220742 0.22401250886715968 0.33748691345936044 0.3212762842319032 0.33748691345936044 0.629278239553591 -0.11641070490944262 -1.1538909754667068 -1.3159972677412792 -1.1538909754667068 -0.9593634247372198 -0.2947276264114724 -0.845889020145019 -0.9593634247372198 -0.5540976940507885 -0.6027295817331602 -1.0566272001019632 -1.1538909754667068 -0.7486252447802755 0.22401250886715968 0.9859120825576505 0.629278239553591 0.46717194727901845 0 
0 0.6616994980085055 0.33748691345936044 0.2564337673220742 0.46717194727901845 0.43475068882410395 0.19159125041224517 0.4833825765064757 0.013274328910215396 -1.0728378293294205 -1.1052590877843351 -0.3433595140938442 -0.651361469415532 -0.4406232894585877 -0.5054658063684166 -0.716203986325361 -0.39199140177621594 -0.39199140177621594 -1.0404165708745061 -1.2187334923765358 -1.0404165708745061 -0.08398944645452812 1.0021227117851077 0.8400164195105353 0.629278239553591 0 
0 0.629278239553591 0.3536975426868177 0.3212762842319032 0.4185400595966467 0.5968569810986765 0.49959320573393295 0.49959320573393295 0.24022313809461693 -0.716203986325361 -0.6999933570979037 0.8400164195105353 -0.10020007568198537 -0.1650425925918144 0.7427526441457918 0.4185400595966467 0.20780187963970242 0.20780187963970242 -0.2298851095016434 -1.0079953124195915 -1.1863122339216212 -0.5703083232782457 0.7751739026007063 1.1155971163773086 0.9048589364203643 0 
0 0 0 0 0 0 0 0 0 0 0 0 0 0 0 0 0 0 0 0 0 0 0 0 0 0 

0 0 0 0 0 0 0 0 0 0 0 0 0 0 0 0 0 0 0 0 0 0 0 0 0 0 
0 -1.0728378293294205 -0.7648358740077327 -0.4406232894585877 -0.5054658063684166 -0.4730445479135022 -0.01914692954469911 0.3861188011417322 0.49959320573393295 0.24022313809461693 -0.2947276264114724 -1.2673653800589075 -1.1376803462392495 -1.2349441216039931 -1.3970504138785655 -1.3646291554236512 -0.9917846831921343 -0.11641070490944262 -0.035357558772156364 -0.2947276264114724 -0.8134677616901045 -0.2947276264114724 1.196650262514595 1.9585498362050857 1.4884415886088254 0 
0 -1.2349441216039931 -0.9917846831921343 -0.521676435595874 -0.5703083232782457 -0.716203986325361 -0.32714888486638694 0.12674873350241617 -0.035357558772156364 0.17538062118478792 0.40232943036918944 -0.4406232894585877 -0.910731537054848 -1.3808397846511082 -1.4132610431060229 -1.3484185261961938 -0.910731537054848 -0.2785169971840151 0.07811684582004441 -0.1326213341368999 -0.7972571324626473 -0.5540976940507885 0.6779101272359628 1.926128577750171 2.088234870024744 0 
0 -1.2997866385138221 -1.1701016046941641 -0.651361469415532 -0.45683391868604495 -0.716203986325361 -0.3109382556389297 0.17538062118478792 -0.45683391868604495 -0.1326213341368999 0.46717194727901845 0.22401250886715968 -0.8620996493724763 -1.4132610431060229 -1.3970504138785655 -1.2025228631490785 -0.9269421662823053 -0.5540976940507885 -0.08398944645452812 0.12674873350241617 -0.3433595140938442 -0.6351508401880747 -0.2298851095016434 0.7427526441457918 1.5694947347461117 0 
0 -1.2673653800589075 -1.2187334923765358 -1.0890484585568778 -0.3109382556389297 -0.18125322181927164 -0.08398944645452812 0.36990817191427494 -0.18125322181927164 -0.11641070490944262 0.6616994980085055 0.5968569810986765 -0.39199140177621594 -0.8620996493724763 -1.0079953124195915 -0.9593634247372198 -0.78104650323519 -0.32714888486638694 0.0456955873651299 0.3536975426868177 0.3536975426868177 -0.24609573872910065 -0.5378870648233312 0.5806463518712193 1.3749671840166247 0 
0 -1.3322078969687365 -1.1863122339216212 -1.1701016046941641 -0.18125322181927164 0.5482250934163048 0.4833825765064757 0.758963273373249 0.6454888687810483 0.40232943036918944 0.9210695656478215 0.43475068882410395 -0.1974638510467289 -0.3109382556389297 -0.5378870648233312 -0.7972571324626473 -0.8134677616901045 -0.4406232894585877 -0.0029363003172418567 0.2888550257769887 0.5968569810986765 0.43475068882410395 0.12674873350241617 1.1155971163773086 1.196650262514595 0 
0 -1.4132610431060229 -1.2673653800589075 -1.2187334923765358 -0.32714888486638694 1.212860891742052 0.8075951610556208 0.02948495813767265 0.7265420149183345 1.0669652286949367 0.758963273373249 -0.1326213341368999 -0.035357558772156364 -0.11641070490944262 -0.32714888486638694 -0.716203986325361 -0.7972571324626473 -0.6351508401880747 -0.35957014332130144 -0.35957014332130144 0.12674873350241617 0.2888550257769887 0.11053810427495891 1.0507545994674796 1.1155971163773086 0 
0 -1.4132610431060229 -1.3646291554236512 -1.0890484585568778 -0.78104650323519 0.36990817191427494 0.6779101272359628 -1.0566272001019632 0.4185400595966467 0.9697014533301933 -0.2947276264114724 -0.6999933570979037 -0.24609573872910065 -0.035357558772156364 -0.32714888486638694 -0.5540976940507885 -0.5540976940507885 -0.5703083232782457 -0.5703083232782457 -0.586518952505703 -0.2623063679565579 -0.11641070490944262 -0.6351508401880747 0.30506565500444593 0.8562270487379925 0 
0 -1.2835760092863648 -1.3808397846511082 -1.0728378293294205 -0.8783102785999335 -0.39199140177621594 0.4185400595966467 -0.42441266023113045 0.46717194727901845 0.5158038349613903 -0.78104650323519 -1.0242059416470488 -0.651361469415532 -0.2298851095016434 -0.35957014332130144 -0.35957014332130144 -0.4082020310036732 -0.4406232894585877 -0.45683391868604495 -0.4730445479135022 -0.4082020310036732 -0.24609573872910065 -0.716203986325361 -0.651361469415532 0.013274328910215396 0 
0 -1.1701016046941641 -1.2187334923765358 -1.1376803462392495 -1.0404165708745061 -0.4082020310036732 0.69412075646342 0.24022313809461693 0.8562270487379925 0.7751739026007063 -0.4730445479135022 -0.9269421662823053 -0.8620996493724763 -0.7486252447802755 -0.586518952505703 -0.3757807725487587 -0.3757807725487587 -0.4406232894585877 -0.4730445479135022 -0.586518952505703 -0.651361469415532 -0.5540976940507885 -0.8620996493724763 -0.8296783909175618 -0.8296783909175618 0 
0 -1.1052590877843351 -1.0566272001019632 -1.1701016046941641 -1.2187334923765358 -0.42441266023113045 0.823805790283078 -0.08398944645452812 0.9697014533301933 0.7751739026007063 0.14295936272987342 0.2888550257769887 0.07811684582004441 -0.45683391868604495 -0.651361469415532 -0.3109382556389297 -0.18125322181927164 -0.2947276264114724 -0.3433595140938442 -0.39199140177621594 -0.716203986325361 -1.0566272001019632 -1.0566272001019632 -0.8945209078273908 -1.1376803462392495 0 
0 -1.1214697170117922 -1.1052590877843351 -1.1701016046941641 -1.2835760092863648 -0.6351508401880747 0.49959320573393295 -0.035357558772156364 0.6779101272359628 0.46717194727901845 0.09432747504750166 1.1804396332871376 1.8126541731579704 1.601915993201026 1.391177813244082 1.52086284706374 1.537073476291197 1.472230959381368 1.2452821501969666 0.69412075646342 0.06190621659258715 -0.9593634247372198 -1.1701016046941641 -0.9917846831921343 -1.0404165708745061 0 
0 -1.0890484585568778 -0.975574053964677 -0.8783102785999335 -1.1052590877843351 -0.586518952505703 0.27264439654953143 -0.08398944645452812 0.19159125041224517 0.27264439654953143 0.013274328910215396 1.0021227117851077 1.9585498362050857 2.201709274616945 2.088234870024744 2.088234870024744 2.1368667577071156 2.2665517915267737 2.1854986453894876 1.780232914703056 1.0993864871498513 0.19159125041224517 -0.8783102785999335 -1.0728378293294205 -1.0728378293294205 0 
0 -0.8620996493724763 -0.975574053964677 -0.7324146155528182 -0.586518952505703 -0.24609573872910065 0.20780187963970242 -0.1974638510467289 -0.08398944645452812 -0.051568187999613616 -0.08398944645452812 0.9372801948752788 1.780232914703056 2.1206561284796583 1.9585498362050857 1.861286060840342 1.9423392069776284 1.99097109466 2.039602982342372 1.8937073192952567 1.2290715209695093 0.7265420149183345 -0.2785169971840151 -0.975574053964677 -0.8620996493724763 0 
0 -0.35957014332130144 -0.651361469415532 -0.7486252447802755 -0.24609573872910065 0.02948495813767265 -0.1974638510467289 -0.586518952505703 -0.3757807725487587 -0.3109382556389297 -0.35957014332130144 0.7751739026007063 1.7478116562481414 2.104445499252201 1.9423392069776284 1.6991797685657697 1.8937073192952567 1.8774966900677994 1.926128577750171 1.861286060840342 1.4235990716989964 0.3212762842319032 -0.39199140177621594 -0.3109382556389297 -0.2298851095016434 0 
0 -0.42441266023113045 -0.2298851095016434 -0.4730445479135022 -0.42441266023113045 -0.2623063679565579 -0.48925517714095945 -0.8296783909175618 -0.45683391868604495 -0.5540976940507885 -0.4730445479135022 0.564435722643762 1.6181266224284834 1.99097109466 1.8288648023854277 1.537073476291197 1.585705363973569 1.7478116562481414 1.8288648023854277 1.6829691393383124 1.261492779424424 0.15916999195733067 -0.8296783909175618 -0.7486252447802755 -0.6351508401880747 0 
0 -0.521676435595874 -0.48925517714095945 -0.3433595140938442 -0.4406232894585877 -0.42441266023113045 -0.2947276264114724 -0.6837827278704465 -0.5054658063684166 -0.7972571324626473 -0.39199140177621594 0.5968569810986765 1.52086284706374 1.861286060840342 1.6991797685657697 1.456020330153911 1.4235990716989964 1.585705363973569 1.585705363973569 1.261492779424424 0.6616994980085055 -0.2785169971840151 -0.8783102785999335 -0.8620996493724763 -0.7486252447802755 0 
0 -0.4082020310036732 -0.4082020310036732 0.22401250886715968 0.15916999195733067 -0.39199140177621594 -0.11641070490944262 -0.6027295817331602 -0.845889020145019 -0.975574053964677 -0.1974638510467289 0.7427526441457918 1.4884415886088254 1.7478116562481414 1.5046522178362827 1.3101246671067956 1.3587565547891673 1.407388442471539 1.261492779424424 0.823805790283078 0.06190621659258715 -0.8134677616901045 -0.8134677616901045 -0.45683391868604495 -0.2298851095016434 0 
0 -0.4730445479135022 -0.18125322181927164 0.12674873350241617 0.3536975426868177 0.013274328910215396 -0.01914692954469911 -0.5703083232782457 -1.0890484585568778 -0.8620996493724763 -0.11641070490944262 0.6130676103261338 1.5046522178362827 1.6991797685657697 1.083175857922394 0.888648307192907 1.1804396332871376 1.0993864871498513 0.7913845318281635 0.27264439654953143 -0.5378870648233312 -1.2349441216039931 -0.651361469415532 -0.35957014332130144 -0.24609573872910065 0 
0 -0.6837827278704465 -0.4406232894585877 -0.521676435595874 -0.48925517714095945 -0.5540976940507885 -0.1974638510467289 -0.5378870648233312 -0.975574053964677 -0.78104650323519 -0.45683391868604495 -0.0029363003172418567 1.018333341012565 1.5046522178362827 0.9210695656478215 0.6779101272359628 0.7103313856908773 0.564435722643762 0.3536975426868177 -0.2947276264114724 -1.1376803462392495 -1.0890484585568778 -0.14883196336435714 -0.21367448027418615 -0.45683391868604495 0 
0 -0.845889020145019 -0.6189402109606175 -0.7324146155528182 -0.910731537054848 -0.9431527955097625 -0.39199140177621594 -0.4082020310036732 -0.9917846831921343 -1.0079953124195915 -1.0404165708745061 -0.7648358740077327 -0.01914692954469911 0.69412075646342 0.14295936272987342 -0.08398944645452812 -0.11641070490944262 -0.08398944645452812 -0.11641070490944262 -0.8296783909175618 -1.2673653800589075 -0.6027295817331602 0.06190621659258715 -0.06777881722707087 -0.3433595140938442 0 
0 -0.8620996493724763 -0.975574053964677 -0.8783102785999335 -0.845889020145019 -0.9593634247372198 -0.651361469415532 -0.4082020310036732 -1.0079953124195915 -1.2835760092863648 -1.3484185261961938 -1.3322078969687365 -0.845889020145019 -0.2298851095016434 -0.7972571324626473 -0.9269421662823053 -0.8134677616901045 -0.6351508401880747 -0.8134677616901045 -1.2997866385138221 -1.1701016046941641 -0.5378870648233312 -0.11641070490944262 -0.18125322181927164 -0.3109382556389297 0 
0 -0.8620996493724763 -1.0242059416470488 -0.975574053964677 -0.8134677616901045 -0.8134677616901045 -0.910731537054848 -0.5540976940507885 -0.8783102785999335 -1.3970504138785655 -1.3970504138785655 -1.4456823015609372 -1.2997866385138221 -0.9593634247372198 -1.3484185261961938 -1.4132610431060229 -1.2511547508314502 -1.1701016046941641 -1.3159972677412792 -1.3484185261961938 -1.3159972677412792 -0.716203986325361 -0.1326213341368999 -0.45683391868604495 -0.586518952505703 0 
0 -0.5378870648233312 -0.910731537054848 -1.0404165708745061 -0.7972571324626473 -0.651361469415532 -0.8945209078273908 -0.5540976940507885 -0.6999933570979037 -1.3646291554236512 -1.3159972677412792 -0.8296783909175618 -1.1052590877843351 -1.1701016046941641 -1.0728378293294205 -1.2187334923765358 -1.1052590877843351 -1.0079953124195915 -1.3484185261961938 -1.3646291554236512 -1.4132610431060229 -0.8296783909175618 -0.01914692954469911 -0.2947276264114724 -0.5054658063684166 0 
0 -0.45683391868604495 -0.8296783909175618 -0.9431527955097625 -0.8620996493724763 -0.5378870648233312 -0.6027295817331602 -0.5703083232782457 -0.651361469415532 -1.2673653800589075 -1.1214697170117922 0.19159125041224517 -0.6999933570979037 -0.9917846831921343 -0.11641070490944262 -0.42441266023113045 -0.7486252447802755 -0.716203986325361 -0.910731537054848 -1.2835760092863648 -1.4456823015609372 -1.1214697170117922 -0.1974638510467289 -0.051568187999613616 -0.2947276264114724 0 
0 0 0 0 0 0 0 0 0 0 0 0 0 0 0 0 0 0 0 0 0 0 0 0 0 0 

0 0 0 0 0 0 0 0 0 0 0 0 0 0 0 0 0 0 0 0 0 0 0 0 0 0 
0 -0.9917846831921343 -0.78104650323519 -0.9593634247372198 -1.0728378293294205 -0.8134677616901045 -0.3757807725487587 0.0456955873651299 0.40232943036918944 0.3536975426868177 -0.18125322181927164 -1.2187334923765358 -1.1376803462392495 -1.2349441216039931 -1.3970504138785655 -1.3970504138785655 -1.2349441216039931 -0.6999933570979037 -0.7972571324626473 -0.9431527955097625 -1.2673653800589075 -0.5378870648233312 1.1155971163773086 1.909917948522714 1.3749671840166247 0 
0 -1.2511547508314502 -1.1052590877843351 -0.9269421662823053 -1.0566272001019632 -1.0566272001019632 -0.7324146155528182 -0.3757807725487587 -0.3757807725487587 0.11053810427495891 0.5320144641888475 -0.3757807725487587 -0.910731537054848 -1.3970504138785655 -1.3970504138785655 -1.4132610431060229 -1.2349441216039931 -0.9917846831921343 -0.8620996493724763 -0.9269421662823053 -1.3484185261961938 -0.8945209078273908 0.5158038349613903 1.9585498362050857 2.2503411622993164 0 
0 -1.4294716723334802 -1.3484185261961938 -0.8620996493724763 -0.7972571324626473 -1.0242059416470488 -0.7324146155528182 -0.45683391868604495 -1.0566272001019632 -0.42441266023113045 0.564435722643762 0.19159125041224517 -0.9431527955097625 -1.4456823015609372 -1.4456823015609372 -1.3808397846511082 -1.3322078969687365 -1.2835760092863648 -1.0079953124195915 -0.6837827278704465 -0.9917846831921343 -1.1376803462392495 -0.6027295817331602 0.6454888687810483 1.796443543930513 0 
0 -1.3808397846511082 -1.3322078969687365 -1.1701016046941641 -0.48925517714095945 -0.45683391868604495 -0.48925517714095945 -0.1650425925918144 -0.6999933570979037 -0.4082020310036732 0.6454888687810483 0.40232943036918944 -0.6999933570979037 -1.1701016046941641 -1.3484185261961938 -1.3646291554236512 -1.2997866385138221 -1.0566272001019632 -0.8134677616901045 -0.4082020310036732 -0.2947276264114724 -0.7648358740077327 -0.9269421662823053 0.49959320573393295 1.6181266224284834 0 
0 -1.4132610431060229 -1.2835760092863648 -1.1701016046941641 -0.2623063679565579 0.3861188011417322 0.2888550257769887 0.5482250934163048 0.4509613180515612 0.2564337673220742 0.7913845318281635 0.09432747504750166 -0.6999933570979037 -0.8783102785999335 -1.1214697170117922 -1.3646291554236512 -1.3970504138785655 -1.1538909754667068 -0.7972571324626473 -0.42441266023113045 -0.035357558772156364 -0.08398944645452812 -0.2785169971840151 1.018333341012565 1.391177813244082 0 
0 -1.4456823015609372 -1.3646291554236512 -1.2835760092863648 -0.5054658063684166 1.1155971163773086 0.8562270487379925 0.14295936272987342 0.8400164195105353 1.083175857922394 0.5806463518712193 -0.5378870648233312 -0.6351508401880747 -0.7972571324626473 -0.9917846831921343 -1.3484185261961938 -1.4456823015609372 -1.3484185261961938 -1.1052590877843351 -1.0242059416470488 -0.45683391868604495 -0.21367448027418615 -0.32714888486638694 0.8400164195105353 1.131807745604766 0 
0 -1.4132610431060229 -1.4294716723334802 -1.3159972677412792 -1.2025228631490785 0.11053810427495891 0.7103313856908773 -0.8945209078273908 0.5806463518712193 0.9859120825576505 -0.48925517714095945 -1.1052590877843351 -0.8620996493724763 -0.716203986325361 -0.9593634247372198 -1.1863122339216212 -1.2349441216039931 -1.3159972677412792 -1.2835760092863648 -1.1863122339216212 -0.8134677616901045 -0.6027295817331602 -1.0566272001019632 -0.06777881722707087 0.629278239553591 0 
0 -1.2835760092863648 -1.4294716723334802 -1.3322078969687365 -1.3646291554236512 -0.7324146155528182 0.36990817191427494 -0.3433595140938442 0.5320144641888475 0.4509613180515612 -0.975574053964677 -1.3646291554236512 -1.1701016046941641 -0.8296783909175618 -0.9593634247372198 -0.975574053964677 -1.0890484585568778 -1.1701016046941641 -1.1538909754667068 -1.0890484585568778 -0.975574053964677 -0.78104650323519 -1.1376803462392495 -1.0728378293294205 -0.39199140177621594 0 
0 -1.2835760092863648 -1.3808397846511082 -1.3808397846511082 -1.3322078969687365 -0.6189402109606175 0.6616994980085055 0.3536975426868177 0.9210695656478215 0.69412075646342 -0.6675720986429892 -1.1863122339216212 -1.2349441216039931 -1.2187334923765358 -1.1863122339216212 -1.0566272001019632 -1.0566272001019632 -1.1214697170117922 -1.1376803462392495 -1.2025228631490785 -1.1863122339216212 -1.0728378293294205 -1.2673653800589075 -1.2511547508314502 -1.2025228631490785 0 
0 -1.3159972677412792 -1.3159972677412792 -1.3808397846511082 -1.4132610431060229 -0.5703083232782457 0.823805790283078 0.02948495813767265 1.0345439702400223 0.7427526441457918 0.02948495813767265 0.09432747504750166 -0.2298851095016434 -0.8296783909175618 -1.1376803462392495 -0.910731537054848 -0.78104650323519 -0.8945209078273908 -0.9431527955097625 -0.9269421662823053 -1.1701016046941641 -1.3646291554236512 -1.3322078969687365 -1.2349441216039931 -1.3808397846511082 0 
0 -1.3970504138785655 -1.3484185261961938 -1.3484185261961938 -1.4132610431060229 -0.7324146155528182 0.4833825765064757 0.07811684582004441 0.7427526441457918 0.46717194727901845 0.11053810427495891 1.0993864871498513 1.601915993201026 1.277703408651881 0.953490824102736 1.0345439702400223 1.0669652286949367 0.9859120825576505 0.758963273373249 0.2564337673220742 -0.24609573872910065 -1.0890484585568778 -1.3322078969687365 -1.2025228631490785 -1.2997866385138221 0 
0 -1.4294716723334802 -1.2835760092863648 -1.1538909754667068 -1.3159972677412792 -0.7486252447802755 0.27264439654953143 0.02948495813767265 0.2564337673220742 0.30506565500444593 0.09432747504750166 0.9859120825576505 1.8126541731579704 1.9423392069776284 1.7478116562481414 1.715390397793227 1.780232914703056 1.8937073192952567 1.8126541731579704 1.4235990716989964 0.953490824102736 0.12674873350241617 -1.0404165708745061 -1.2511547508314502 -1.2835760092863648 0 
0 -1.2511547508314502 -1.3484185261961938 -1.1214697170117922 -1.0079953124195915 -0.45683391868604495 0.20780187963970242 -0.06777881722707087 -0.01914692954469911 -0.01914692954469911 0.013274328910215396 0.9210695656478215 1.6181266224284834 1.8288648023854277 1.650547880883398 1.5532841055186544 1.6343372516559407 1.6829691393383124 1.715390397793227 1.5694947347461117 1.1642290040596803 0.6616994980085055 -0.5540976940507885 -1.3159972677412792 -1.2349441216039931 0 
0 -0.7972571324626473 -1.0566272001019632 -1.2187334923765358 -0.7648358740077327 -0.2298851095016434 -0.1974638510467289 -0.48925517714095945 -0.32714888486638694 -0.2947276264114724 -0.2947276264114724 0.7427526441457918 1.5532841055186544 1.7640222854755987 1.6343372516559407 1.4398097009264537 1.6181266224284834 1.6181266224284834 1.601915993201026 1.537073476291197 1.3587565547891673 0.22401250886715968 -0.8134677616901045 -0.9431527955097625 -0.845889020145019 0 
0 -0.8620996493724763 -0.6351508401880747 -0.8620996493724763 -0.8296783909175618 -0.521676435595874 -0.586518952505703 -0.8296783909175618 -0.4730445479135022 -0.5703083232782457 -0.4082020310036732 0.5158038349613903 1.407388442471539 1.666758510110855 1.52086284706374 1.261492779424424 1.326335296334253 1.4884415886088254 1.5046522178362827 1.3101246671067956 1.083175857922394 -0.035357558772156364 -1.2835760092863648 -1.2835760092863648 -1.0566272001019632 0 
0 -0.9917846831921343 -0.8945209078273908 -0.6837827278704465 -0.716203986325361 -0.651361469415532 -0.4082020310036732 -0.6837827278704465 -0.5054658063684166 -0.8134677616901045 -0.3433595140938442 0.5320144641888475 1.326335296334253 1.537073476291197 1.3587565547891673 1.1155971163773086 1.083175857922394 1.261492779424424 1.212860891742052 0.8562270487379925 0.43475068882410395 -0.4730445479135022 -1.2511547508314502 -1.3159972677412792 -1.1538909754667068 0 
0 -0.9269421662823053 -0.845889020145019 -0.06777881722707087 -0.035357558772156364 -0.5703083232782457 -0.1974638510467289 -0.5703083232782457 -0.7972571324626473 -0.9269421662823053 -0.14883196336435714 0.6779101272359628 1.2939140378793383 1.4235990716989964 1.1155971163773086 0.8724376779654498 0.9210695656478215 0.9859120825576505 0.8075951610556208 0.40232943036918944 -0.11641070490944262 -0.9431527955097625 -1.1214697170117922 -0.975574053964677 -0.8134677616901045 0 
0 -0.9917846831921343 -0.586518952505703 -0.1326213341368999 0.17538062118478792 -0.18125322181927164 -0.11641070490944262 -0.5054658063684166 -0.9917846831921343 -0.7972571324626473 -0.08398944645452812 0.5482250934163048 1.3101246671067956 1.391177813244082 0.6779101272359628 0.43475068882410395 0.7427526441457918 0.6454888687810483 0.3212762842319032 -0.10020007568198537 -0.6837827278704465 -1.3159972677412792 -0.9431527955097625 -0.9593634247372198 -0.9269421662823053 0 
0 -1.1376803462392495 -0.8296783909175618 -0.8134677616901045 -0.716203986325361 -0.8296783909175618 -0.3757807725487587 -0.5378870648233312 -0.8945209078273908 -0.716203986325361 -0.45683391868604495 -0.08398944645452812 0.823805790283078 1.2290715209695093 0.5806463518712193 0.30506565500444593 0.3536975426868177 0.19159125041224517 -0.0029363003172418567 -0.5703083232782457 -1.2187334923765358 -1.2025228631490785 -0.5540976940507885 -0.8783102785999335 -1.1538909754667068 0 
0 -1.1863122339216212 -0.9593634247372198 -1.0566272001019632 -1.2349441216039931 -1.3159972677412792 -0.6837827278704465 -0.48925517714095945 -0.975574053964677 -0.975574053964677 -1.0404165708745061 -0.845889020145019 -0.21367448027418615 0.43475068882410395 -0.10020007568198537 -0.32714888486638694 -0.35957014332130144 -0.3433595140938442 -0.35957014332130144 -0.975574053964677 -1.3322078969687365 -0.8296783909175618 -0.48925517714095945 -0.7648358740077327 -1.0079953124195915 0 
0 -1.1863122339216212 -1.2349441216039931 -1.1863122339216212 -1.2349441216039931 -1.3159972677412792 -0.9431527955097625 -0.5540976940507885 -1.0728378293294205 -1.3322078969687365 -1.3484185261961938 -1.3484185261961938 -1.0079953124195915 -0.3109382556389297 -0.845889020145019 -1.0566272001019632 -0.9593634247372198 -0.7972571324626473 -0.975574053964677 -1.3808397846511082 -1.2025228631490785 -0.7486252447802755 -0.6837827278704465 -0.8783102785999335 -0.9593634247372198 0 
0 -1.2187334923765358 -1.2511547508314502 -1.2511547508314502 -1.2025228631490785 -1.0728378293294205 -1.0728378293294205 -0.716203986325361 -0.975574053964677 -1.4456823015609372 -1.3970504138785655 -1.4456823015609372 -1.3808397846511082 -0.8783102785999335 -1.2349441216039931 -1.4294716723334802 -1.2835760092863648 -1.2187334923765358 -1.3808397846511082 -1.4132610431060229 -1.3159972677412792 -0.8945209078273908 -0.6675720986429892 -1.1214697170117922 -1.2025228631490785 0 
0 -0.8945209078273908 -1.1214697170117922 -1.2511547508314502 -1.1214697170117922 -0.8620996493724763 -1.0566272001019632 -0.716203986325361 -0.7972571324626473 -1.3970504138785655 -1.3484185261961938 -0.910731537054848 -1.2025228631490785 -1.1538909754667068 -1.1376803462392495 -1.3646291554236512 -1.2187334923765358 -1.0566272001019632 -1.3484185261961938 -1.3970504138785655 -1.3970504138785655 -0.9917846831921343 -0.6027295817331602 -0.9593634247372198 -1.0566272001019632 0 
0 -0.8134677616901045 -1.0242059416470488 -1.1376803462392495 -1.1538909754667068 -0.845889020145019 -0.9269421662823053 -0.910731537054848 -0.9269421662823053 -1.3322078969687365 -1.1863122339216212 -0.06777881722707087 -0.8134677616901045 -1.0566272001019632 -0.5378870648233312 -0.9917846831921343 -1.1863122339216212 -0.975574053964677 -1.0404165708745061 -1.3484185261961938 -1.4456823015609372 -1.2511547508314502 -0.78104650323519 -0.7324146155528182 -0.845889020145019 0 
0 0 0 0 0 0 0 0 0 0 0 0 0 0 0 0 0 0 0 0 0 0 0 0 0 0 

