0 0 0 0 0 0 0 0 0 0 0 0 0 0 0 0 0 0 0 0 0 0 0 0 0 0 
0 -1.2754356561913072 -1.3236426799103396 -1.3236426799103396 -1.2995391680508235 -1.3477461917698557 -1.3477461917698557 -1.3236426799103396 -1.2754356561913072 -1.106711073174694 -1.0102970257366295 -0.5282267885463063 -0.0702600632154994 -0.1184670869345317 -0.19077762251308017 -0.26308815809162867 -0.8897794664390487 -1.1308145850342104 -1.2031251206127587 -1.106711073174694 -1.2031251206127587 -1.2995391680508235 -1.227228632472275 -1.106711073174694 -1.082607561315178 0 
0 -1.3477461917698557 -1.2995391680508235 -1.3477461917698557 -1.3477461917698557 -1.371849703629372 -1.4923672629269527 -1.4923672629269527 -1.371849703629372 -1.227228632472275 -1.1790216087532426 -0.624640835984371 0.050257496082081396 0.07436100794159756 -0.14257059879404788 -0.38360571738920946 -1.058504049455662 -1.227228632472275 -1.251332144331791 -1.1790216087532426 -1.2031251206127587 -1.251332144331791 -1.2031251206127587 -1.227228632472275 -1.227228632472275 0 
0 -1.371849703629372 -1.4200567273484042 -1.395953215488888 -1.3477461917698557 -0.9138829782985649 -0.14257059879404788 -0.48001976482727404 -1.1308145850342104 -1.3477461917698557 -1.2754356561913072 -1.227228632472275 -1.1308145850342104 -1.1549180968937265 -1.251332144331791 -1.251332144331791 -1.2031251206127587 -1.227228632472275 -1.2995391680508235 -1.3236426799103396 -1.227228632472275 -1.2031251206127587 -1.251332144331791 -1.3236426799103396 -1.3477461917698557 0 
0 -1.3477461917698557 -1.4682637510674366 -1.4441602392079202 -1.395953215488888 -0.38360571738920946 0.7733628518675661 1.1349155297603084 0.36360315025579143 -0.9861935138771134 -1.3477461917698557 -1.371849703629372 -1.395953215488888 -1.4200567273484042 -1.4441602392079202 -1.3236426799103396 -1.2754356561913072 -1.2995391680508235 -1.2995391680508235 -1.2754356561913072 -1.2754356561913072 -1.2995391680508235 -1.3236426799103396 -0.9861935138771134 -0.5523303004058225 0 
0 -1.227228632472275 -1.3236426799103396 -1.4441602392079202 -1.395953215488888 -0.31129518181066096 1.06260499418176 1.5687787432315994 1.4482611839340185 0.8938804111651469 -0.3353986936701771 -1.227228632472275 -1.4200567273484042 -1.4200567273484042 -1.3477461917698557 -1.2995391680508235 -1.2995391680508235 -1.227228632472275 -1.227228632472275 -1.2754356561913072 -1.3236426799103396 -1.1549180968937265 -0.4077092292487256 0.7251558281485337 1.0143979704627277 0 
0 -1.2754356561913072 -1.251332144331791 -1.2754356561913072 -1.2754356561913072 -0.3353986936701771 0.9902944586032115 1.4723646957935346 1.665192790669664 1.6410892788101477 1.231329577198373 0.36360315025579143 -0.6005373241248548 -0.9861935138771134 -0.9861935138771134 -1.0102970257366295 -1.058504049455662 -1.106711073174694 -1.106711073174694 -0.9861935138771134 -0.5041232766867902 0.5082242214128884 1.37595064835547 1.665192790669664 1.4482611839340185 0 
0 -1.371849703629372 -1.2754356561913072 -1.2031251206127587 -1.2995391680508235 -0.6487443478438871 0.6769488044295014 1.0385014823222438 1.3036401127769215 1.351847136495954 1.6410892788101477 1.7375033262482125 0.7251558281485337 -0.2871916699511448 -0.21488113437259634 -0.1184670869345317 -0.16667411065356402 -0.09436357507501555 0.07436100794159756 0.8456733874461145 1.2554330890578893 1.5687787432315994 1.809813861826761 1.7133998143886962 1.2554330890578893 0 
0 -1.4200567273484042 -1.2995391680508235 -1.3236426799103396 -1.371849703629372 -0.624640835984371 0.6287417807104692 0.6287417807104692 1.0143979704627277 1.5928822550911155 1.68929630252918 1.5687787432315994 0.7010523162890177 0.0020504723630490793 -0.19077762251308017 0.07436100794159756 -0.1184670869345317 1.3036401127769215 2.00264195670289 2.0267454685624062 0.917983923024663 0.9661909467436953 1.1349155297603084 0.8938804111651469 0.7974663637270822 0 
0 -1.540574286645985 -1.540574286645985 -1.4923672629269527 -1.3477461917698557 -0.7692619071414679 0.3394996383962753 1.207226065338857 2.00264195670289 1.978538444843374 1.9303314211243416 1.5687787432315994 1.1349155297603084 0.3394996383962753 0.12256803166062986 0.5805347569914369 0.7733628518675661 1.4964682076530509 1.665192790669664 1.7133998143886962 1.6169857669506316 0.8697768993056307 0.3394996383962753 0.4600171976938561 0.5082242214128884 0 
0 -1.5646777985055011 -1.6369883340840496 -1.540574286645985 -1.2031251206127587 -0.31129518181066096 0.917983923024663 2.147263027859987 2.605229753190794 2.2195735634385354 2.3882981464551487 2.0267454685624062 1.4964682076530509 0.19487856723917835 0.050257496082081396 1.06260499418176 1.544675231372083 2.0267454685624062 2.0508489804219225 1.9062279092648255 2.00264195670289 1.833917373686277 0.8456733874461145 0.4359136858343399 0.4600171976938561 0 
0 -1.4682637510674366 -1.4682637510674366 -1.5164707747864687 -0.6487443478438871 0.7974663637270822 1.8580208855457931 2.123159516000471 1.1349155297603084 0.4600171976938561 0.7010523162890177 1.231329577198373 1.1831225534793408 1.1108120179007923 0.9661909467436953 1.231329577198373 1.2795366009174054 1.6410892788101477 1.68929630252918 2.171366539719503 2.3400911227361165 2.1954700515790195 1.4482611839340185 0.74925934000805 0.2671891028177268 0 
0 -1.4923672629269527 -1.395953215488888 -1.395953215488888 -0.5041232766867902 0.3394996383962753 1.4241576720745024 1.9062279092648255 0.2671891028177268 -1.1790216087532426 -0.8415724427200164 0.6287417807104692 1.4241576720745024 1.9062279092648255 1.5687787432315994 1.0385014823222438 0.3877066621153076 -0.2871916699511448 -0.3353986936701771 0.4359136858343399 1.6169857669506316 1.978538444843374 1.7133998143886962 1.1590190416198247 0.8456733874461145 0 
0 -1.4682637510674366 -1.2995391680508235 -1.2754356561913072 -0.9861935138771134 -0.0702600632154994 0.917983923024663 1.4000541602149863 1.1831225534793408 0.5564312451319207 0.31539612653675914 1.1349155297603084 2.2195735634385354 2.1954700515790195 1.833917373686277 0.917983923024663 -0.48001976482727404 -0.6969513715629195 -0.7451583952819518 0.4118101739748237 1.68929630252918 1.4241576720745024 0.4600171976938561 0.4600171976938561 0.6769488044295014 0 
0 -1.4200567273484042 -1.2995391680508235 -1.251332144331791 -1.106711073174694 0.050257496082081396 0.604638268850953 0.4841207095533722 0.8938804111651469 1.833917373686277 2.1954700515790195 1.8580208855457931 2.3641946345956324 2.484712193893213 1.7133998143886962 1.351847136495954 1.520571719512567 1.0385014823222438 0.8456733874461145 1.4482611839340185 1.207226065338857 0.74925934000805 -0.02205303949646708 -0.5764338122653387 -0.26308815809162867 0 
0 -1.3477461917698557 -1.3477461917698557 -1.2754356561913072 -1.1308145850342104 -0.5523303004058225 0.31539612653675914 0.7251558281485337 1.3036401127769215 1.9062279092648255 2.4124016583146646 1.6169857669506316 0.7733628518675661 0.5805347569914369 0.917983923024663 2.291884099017084 2.0267454685624062 1.2795366009174054 0.6528452925699854 0.7010523162890177 0.604638268850953 0.4359136858343399 0.6287417807104692 -0.16667411065356402 -1.1790216087532426 0 
0 -1.106711073174694 -1.0102970257366295 -1.0344005375961456 -0.9620900020175972 -0.4559162529677579 0.3877066621153076 1.06260499418176 1.9303314211243416 1.9303314211243416 2.0267454685624062 1.8821243974053092 -0.0702600632154994 -0.0702600632154994 1.7375033262482125 2.0267454685624062 1.7616068381077286 1.8821243974053092 0.9420874348841792 0.6287417807104692 0.6528452925699854 0.36360315025579143 0.2189820790986945 -0.5523303004058225 -1.2754356561913072 0 
0 -1.227228632472275 -1.1549180968937265 -1.1308145850342104 -0.9861935138771134 -0.8174689308605002 -0.26308815809162867 0.8697768993056307 1.351847136495954 1.207226065338857 0.917983923024663 0.604638268850953 -0.19077762251308017 0.050257496082081396 0.9661909467436953 1.4000541602149863 1.544675231372083 1.4241576720745024 1.351847136495954 1.4000541602149863 1.0385014823222438 0.3877066621153076 -0.43181274110824175 -1.3477461917698557 -1.4682637510674366 0 
0 -1.2995391680508235 -1.058504049455662 -1.058504049455662 -1.1790216087532426 -0.9861935138771134 -0.48001976482727404 0.4118101739748237 0.7733628518675661 0.74925934000805 0.604638268850953 0.7974663637270822 0.8456733874461145 0.7733628518675661 0.7251558281485337 0.8697768993056307 1.207226065338857 1.1590190416198247 0.8215698755865984 0.5323277332724046 0.3877066621153076 -0.2871916699511448 -0.8415724427200164 -0.7933654190009841 -0.43181274110824175 0 
0 -1.2754356561913072 -1.251332144331791 -1.3236426799103396 -1.2754356561913072 -1.106711073174694 0.026153984222565235 0.14667154352014602 0.026153984222565235 0.4841207095533722 0.604638268850953 0.74925934000805 0.7010523162890177 0.7010523162890177 0.7010523162890177 0.5805347569914369 0.5564312451319207 0.291292614677243 0.291292614677243 -0.1184670869345317 -0.43181274110824175 -0.21488113437259634 -0.0702600632154994 -0.09436357507501555 -0.09436357507501555 0 
0 -1.395953215488888 -1.395953215488888 -1.3477461917698557 -1.4682637510674366 -1.2031251206127587 -0.14257059879404788 0.3394996383962753 0.24308559095821064 0.7974663637270822 1.1349155297603084 1.3036401127769215 1.351847136495954 1.1349155297603084 0.7974663637270822 0.5564312451319207 0.17077505537966217 -0.2389846462321125 -0.04615655135598323 0.19487856723917835 0.2671891028177268 0.3877066621153076 0.19487856723917835 -0.21488113437259634 -0.6728478597034033 0 
0 -0.5764338122653387 -0.5523303004058225 -0.6487443478438871 -0.624640835984371 -0.6005373241248548 -0.2871916699511448 0.4600171976938561 0.4118101739748237 0.9902944586032115 1.37595064835547 1.4723646957935346 1.4723646957935346 1.0867085060412762 0.6528452925699854 0.31539612653675914 -0.02205303949646708 -0.1184670869345317 -0.02205303949646708 0.17077505537966217 -0.14257059879404788 -0.43181274110824175 -0.6728478597034033 -0.8415724427200164 -0.7933654190009841 0 
0 0.4600171976938561 0.5082242214128884 0.4841207095533722 0.5564312451319207 0.3394996383962753 -0.04615655135598323 0.2671891028177268 0.291292614677243 0.4600171976938561 0.7974663637270822 0.6528452925699854 0.4600171976938561 0.0984645198011137 -0.02205303949646708 0.12256803166062986 0.0020504723630490793 -0.2389846462321125 -0.5041232766867902 -0.8415724427200164 -1.0102970257366295 -0.5764338122653387 -0.2389846462321125 -0.21488113437259634 -0.5282267885463063 0 
0 0.5323277332724046 0.604638268850953 0.4118101739748237 0.31539612653675914 0.36360315025579143 0.3877066621153076 0.3877066621153076 0.9902944586032115 1.1831225534793408 0.917983923024663 1.06260499418176 1.0385014823222438 0.8697768993056307 0.6769488044295014 0.2189820790986945 -0.5523303004058225 -1.0102970257366295 -1.3236426799103396 -1.4923672629269527 -1.106711073174694 -0.624640835984371 -0.48001976482727404 -0.35950220552969325 -0.4559162529677579 0 
0 0.14667154352014602 0.17077505537966217 0.24308559095821064 0.7010523162890177 1.4482611839340185 1.9544349329838577 1.5687787432315994 1.1108120179007923 1.37595064835547 1.4964682076530509 1.520571719512567 0.9661909467436953 0.6287417807104692 0.5323277332724046 0.5323277332724046 -0.14257059879404788 -1.1790216087532426 -1.1790216087532426 -1.4200567273484042 -1.5887813103650172 -1.7816094052411466 -1.5164707747864687 -0.7210548834224356 -0.02205303949646708 0 
0 0 0 0 0 0 0 0 0 0 0 0 0 0 0 0 0 0 0 0 0 0 0 0 0 0 

0 0 0 0 0 0 0 0 0 0 0 0 0 0 0 0 0 0 0 0 0 0 0 0 0 0 
0 -1.0102970257366295 -1.082607561315178 -1.0102970257366295 -0.9861935138771134 -1.0102970257366295 -1.0102970257366295 -0.9861935138771134 -0.9620900020175972 -0.8415724427200164 -0.6969513715629195 -0.21488113437259634 0.24308559095821064 0.2189820790986945 0.12256803166062986 0.050257496082081396 -0.5523303004058225 -0.7692619071414679 -0.7692619071414679 -0.6487443478438871 -0.7692619071414679 -0.8656759545795326 -0.8174689308605002 -0.6969513715629195 -0.6728478597034033 0 
0 -1.082607561315178 -1.106711073174694 -1.082607561315178 -1.058504049455662 -1.058504049455662 -1.1308145850342104 -1.106711073174694 -1.0102970257366295 -0.9138829782985649 -0.8897794664390487 -0.4077092292487256 0.19487856723917835 0.17077505537966217 0.0020504723630490793 -0.0702600632154994 -0.6969513715629195 -0.8415724427200164 -0.8415724427200164 -0.7451583952819518 -0.7692619071414679 -0.8415724427200164 -0.7933654190009841 -0.8174689308605002 -0.8415724427200164 0 
0 -1.106711073174694 -1.2031251206127587 -1.1790216087532426 -1.1549180968937265 -0.7692619071414679 -0.04615655135598323 -0.43181274110824175 -1.0102970257366295 -1.082607561315178 -1.0102970257366295 -0.9620900020175972 -0.8897794664390487 -0.9138829782985649 -0.9861935138771134 -0.937986490158081 -0.8656759545795326 -0.8656759545795326 -0.8897794664390487 -0.8897794664390487 -0.7933654190009841 -0.7933654190009841 -0.8415724427200164 -0.9138829782985649 -0.937986490158081 0 
0 -1.0344005375961456 -1.227228632472275 -1.1790216087532426 -1.251332144331791 -0.4559162529677579 0.5323277332724046 0.8938804111651469 0.3394996383962753 -0.7692619071414679 -1.082607561315178 -1.0344005375961456 -1.0102970257366295 -0.9861935138771134 -1.058504049455662 -0.9861935138771134 -0.937986490158081 -0.937986490158081 -0.8897794664390487 -0.8415724427200164 -0.8415724427200164 -0.8415724427200164 -0.8897794664390487 -0.6969513715629195 -0.38360571738920946 0 
0 -0.9138829782985649 -1.082607561315178 -1.1549180968937265 -1.2031251206127587 -0.5041232766867902 0.6287417807104692 1.2554330890578893 1.3036401127769215 0.8215698755865984 -0.26308815809162867 -1.0344005375961456 -1.1549180968937265 -1.1308145850342104 -1.058504049455662 -0.9861935138771134 -0.9861935138771134 -0.9138829782985649 -0.8897794664390487 -0.937986490158081 -0.9861935138771134 -0.8415724427200164 -0.14257059879404788 0.6769488044295014 0.6528452925699854 0 
0 -1.0102970257366295 -1.0344005375961456 -1.0102970257366295 -1.082607561315178 -0.5041232766867902 0.4841207095533722 0.9902944586032115 1.231329577198373 1.231329577198373 1.0143979704627277 0.3394996383962753 -0.5282267885463063 -0.8656759545795326 -0.8415724427200164 -0.8174689308605002 -0.8415724427200164 -0.8897794664390487 -0.8656759545795326 -0.7451583952819518 -0.35950220552969325 0.4118101739748237 1.1831225534793408 1.231329577198373 0.74925934000805 0 
0 -1.1549180968937265 -1.1308145850342104 -0.9620900020175972 -1.058504049455662 -0.7933654190009841 0.07436100794159756 0.36360315025579143 0.7251558281485337 0.9420874348841792 1.37595064835547 1.6169857669506316 0.6528452925699854 -0.38360571738920946 -0.3353986936701771 -0.19077762251308017 -0.21488113437259634 -0.14257059879404788 0.026153984222565235 0.8215698755865984 1.1349155297603084 1.231329577198373 1.4241576720745024 1.1590190416198247 0.5323277332724046 0 
0 -1.227228632472275 -1.1549180968937265 -1.082607561315178 -1.1790216087532426 -0.7692619071414679 0.07436100794159756 -0.0702600632154994 0.5564312451319207 1.4723646957935346 1.6169857669506316 1.4964682076530509 0.5564312451319207 -0.26308815809162867 -0.5523303004058225 -0.2871916699511448 -0.4559162529677579 0.9902944586032115 1.68929630252918 1.7616068381077286 0.6287417807104692 0.604638268850953 0.7251558281485337 0.36360315025579143 0.2189820790986945 0 
0 -1.371849703629372 -1.2754356561913072 -1.227228632472275 -1.3477461917698557 -0.937986490158081 0.0984645198011137 0.917983923024663 1.8580208855457931 2.0749524922814384 1.9544349329838577 1.4964682076530509 0.9420874348841792 0.050257496082081396 -0.2389846462321125 0.19487856723917835 0.4118101739748237 1.231329577198373 1.4964682076530509 1.6169857669506316 1.4964682076530509 0.5082242214128884 -0.3353986936701771 -0.38360571738920946 -0.16667411065356402 0 
0 -1.371849703629372 -1.3477461917698557 -1.251332144331791 -1.1549180968937265 -0.35950220552969325 0.8215698755865984 2.0508489804219225 2.5570227294717616 2.2195735634385354 2.3400911227361165 1.8821243974053092 1.2795366009174054 -0.0702600632154994 -0.26308815809162867 0.7733628518675661 1.2795366009174054 1.8580208855457931 2.00264195670289 1.9303314211243416 2.0508489804219225 1.7375033262482125 0.4359136858343399 -0.2389846462321125 -0.19077762251308017 0 
0 -1.2995391680508235 -1.2754356561913072 -1.371849703629372 -0.6728478597034033 0.7251558281485337 1.7616068381077286 2.0508489804219225 1.0143979704627277 0.291292614677243 0.5082242214128884 1.0143979704627277 0.9420874348841792 0.8697768993056307 0.6769488044295014 0.8938804111651469 0.9902944586032115 1.4482611839340185 1.5687787432315994 2.123159516000471 2.3882981464551487 2.2436770752980517 1.2795366009174054 0.291292614677243 -0.2389846462321125 0 
0 -1.3236426799103396 -1.371849703629372 -1.4682637510674366 -0.7210548834224356 0.07436100794159756 1.1590190416198247 1.68929630252918 0.026153984222565235 -1.4682637510674366 -1.082607561315178 0.4118101739748237 1.231329577198373 1.7133998143886962 1.3036401127769215 0.604638268850953 -0.04615655135598323 -0.6487443478438871 -0.6005373241248548 0.24308559095821064 1.520571719512567 1.9544349329838577 1.5687787432315994 0.7974663637270822 0.4359136858343399 0 
0 -1.2754356561913072 -1.3236426799103396 -1.4200567273484042 -1.227228632472275 -0.5523303004058225 0.3394996383962753 1.1108120179007923 0.8697768993056307 0.19487856723917835 0.291292614677243 1.1349155297603084 2.0749524922814384 2.0749524922814384 1.7375033262482125 0.7251558281485337 -0.7210548834224356 -0.9138829782985649 -0.9620900020175972 0.19487856723917835 1.520571719512567 1.231329577198373 0.14667154352014602 0.0020504723630490793 0.24308559095821064 0 
0 -1.2031251206127587 -1.2031251206127587 -1.1308145850342104 -1.1308145850342104 -0.43181274110824175 -0.14257059879404788 -0.02205303949646708 0.5564312451319207 1.6410892788101477 2.267780587157568 1.833917373686277 2.0267454685624062 2.147263027859987 1.520571719512567 1.207226065338857 1.351847136495954 0.8215698755865984 0.5805347569914369 1.1590190416198247 0.8456733874461145 0.24308559095821064 -0.5764338122653387 -1.082607561315178 -0.624640835984371 0 
0 -1.1308145850342104 -1.1308145850342104 -0.9620900020175972 -0.9620900020175972 -0.8656759545795326 -0.4077092292487256 0.07436100794159756 0.9420874348841792 1.809813861826761 2.4124016583146646 1.3277436246364378 0.12256803166062986 -0.02205303949646708 0.5805347569914369 2.0749524922814384 1.7857103499672446 0.9420874348841792 0.2189820790986945 0.17077505537966217 -0.02205303949646708 -0.3353986936701771 -0.04615655135598323 -0.624640835984371 -1.4200567273484042 0 
0 -0.9138829782985649 -0.8897794664390487 -0.8174689308605002 -0.7210548834224356 -0.624640835984371 -0.19077762251308017 0.5082242214128884 1.5687787432315994 1.7133998143886962 1.833917373686277 1.37595064835547 -0.8415724427200164 -0.6487443478438871 1.4482611839340185 1.809813861826761 1.4723646957935346 1.4482611839340185 0.3394996383962753 -0.09436357507501555 -0.1184670869345317 -0.43181274110824175 -0.38360571738920946 -0.8897794664390487 -1.4441602392079202 0 
0 -1.082607561315178 -1.082607561315178 -0.9861935138771134 -0.7933654190009841 -0.8174689308605002 -0.5764338122653387 0.3877066621153076 0.7974663637270822 0.6528452925699854 0.3394996383962753 -0.1184670869345317 -1.0102970257366295 -0.6969513715629195 0.36360315025579143 0.8697768993056307 1.0143979704627277 0.8938804111651469 0.7733628518675661 0.6769488044295014 0.31539612653675914 -0.16667411065356402 -0.8656759545795326 -1.6369883340840496 -1.6851953578030818 0 
0 -1.1308145850342104 -0.937986490158081 -0.9138829782985649 -1.0102970257366295 -0.9138829782985649 -0.6487443478438871 -0.0702600632154994 0.026153984222565235 -0.16667411065356402 -0.3353986936701771 -0.19077762251308017 -0.19077762251308017 -0.31129518181066096 -0.3353986936701771 -0.0702600632154994 0.4359136858343399 0.5564312451319207 0.31539612653675914 0.0020504723630490793 -0.14257059879404788 -0.7933654190009841 -1.3477461917698557 -1.227228632472275 -0.8174689308605002 0 
0 -1.058504049455662 -1.1308145850342104 -1.1790216087532426 -1.106711073174694 -1.0102970257366295 -0.19077762251308017 -0.35950220552969325 -0.7933654190009841 -0.5523303004058225 -0.4559162529677579 -0.35950220552969325 -0.43181274110824175 -0.5041232766867902 -0.48001976482727404 -0.48001976482727404 -0.2871916699511448 -0.31129518181066096 -0.16667411065356402 -0.5041232766867902 -0.8897794664390487 -0.8415724427200164 -0.7210548834224356 -0.6969513715629195 -0.6487443478438871 0 
0 -1.251332144331791 -1.251332144331791 -1.1308145850342104 -1.251332144331791 -1.082607561315178 -0.31129518181066096 -0.16667411065356402 -0.4559162529677579 0.0020504723630490793 0.31539612653675914 0.4359136858343399 0.4359136858343399 0.19487856723917835 -0.14257059879404788 -0.35950220552969325 -0.5764338122653387 -0.8174689308605002 -0.5523303004058225 -0.3353986936701771 -0.31129518181066096 -0.21488113437259634 -0.4077092292487256 -0.7933654190009841 -1.1790216087532426 0 
0 -1.3477461917698557 -1.251332144331791 -1.251332144331791 -1.2754356561913072 -1.251332144331791 -0.937986490158081 -0.16667411065356402 -0.21488113437259634 0.3394996383962753 0.74925934000805 0.8456733874461145 0.8456733874461145 0.4359136858343399 0.026153984222565235 -0.35950220552969325 -0.7210548834224356 -0.7692619071414679 -0.6728478597034033 -0.5041232766867902 -0.7451583952819518 -0.8897794664390487 -1.106711073174694 -1.2754356561913072 -1.227228632472275 0 
0 -1.5887813103650172 -1.5164707747864687 -1.4923672629269527 -1.395953215488888 -1.4441602392079202 -1.371849703629372 -0.6005373241248548 -0.35950220552969325 -0.21488113437259634 0.14667154352014602 0.0020504723630490793 -0.16667411065356402 -0.5282267885463063 -0.6005373241248548 -0.5041232766867902 -0.6969513715629195 -0.937986490158081 -1.1308145850342104 -1.2995391680508235 -1.4200567273484042 -1.1549180968937265 -0.8415724427200164 -0.6969513715629195 -0.8897794664390487 0 
0 -1.7575058933816303 -1.7334023815221142 -1.7092988696625981 -1.6128848222245336 -1.227228632472275 -0.8174689308605002 -0.5041232766867902 0.36360315025579143 0.6528452925699854 0.3394996383962753 0.4359136858343399 0.3394996383962753 0.0984645198011137 -0.0702600632154994 -0.48001976482727404 -1.1790216087532426 -1.4682637510674366 -1.6128848222245336 -1.6128848222245336 -1.2754356561913072 -1.082607561315178 -0.9861935138771134 -0.7692619071414679 -0.7933654190009841 0 
0 -1.7575058933816303 -1.7092988696625981 -1.2754356561913072 -0.4559162529677579 0.6528452925699854 1.351847136495954 0.9902944586032115 0.5323277332724046 0.7733628518675661 0.8938804111651469 0.8938804111651469 0.291292614677243 -0.0702600632154994 -0.19077762251308017 -0.1184670869345317 -0.6487443478438871 -1.5164707747864687 -1.4200567273484042 -1.6369883340840496 -1.7334023815221142 -1.7575058933816303 -1.540574286645985 -0.9138829782985649 -0.4077092292487256 0 
0 0 0 0 0 0 0 0 0 0 0 0 0 0 0 0 0 0 0 0 0 0 0 0 0 0 

0 0 0 0 0 0 0 0 0 0 0 0 0 0 0 0 0 0 0 0 0 0 0 0 0 0 
0 0.050257496082081396 -0.02205303949646708 -0.04615655135598323 0.0020504723630490793 -0.02205303949646708 0.0020504723630490793 0.026153984222565235 0.026153984222565235 0.0984645198011137 0.14667154352014602 0.5323277332724046 0.8697768993056307 0.74925934000805 0.7733628518675661 0.8938804111651469 0.3394996383962753 0.17077505537966217 0.2189820790986945 0.3394996383962753 0.2671891028177268 0.19487856723917835 0.24308559095821064 0.36360315025579143 0.3877066621153076 0 
0 -0.02205303949646708 -0.0702600632154994 -0.16667411065356402 -0.14257059879404788 -0.16667411065356402 -0.26308815809162867 -0.26308815809162867 -0.09436357507501555 0.07436100794159756 0.0020504723630490793 0.3877066621153076 0.917983923024663 0.7974663637270822 0.6528452925699854 0.6528452925699854 0.12256803166062986 0.050257496082081396 0.19487856723917835 0.3877066621153076 0.36360315025579143 0.24308559095821064 0.2671891028177268 0.24308559095821064 0.2189820790986945 0 
0 -0.0702600632154994 -0.14257059879404788 -0.21488113437259634 -0.31129518181066096 -0.0702600632154994 0.4841207095533722 0.0020504723630490793 -0.3353986936701771 -0.09436357507501555 -0.02205303949646708 0.0020504723630490793 0.0984645198011137 0.07436100794159756 -0.04615655135598323 -0.04615655135598323 0.026153984222565235 0.07436100794159756 0.0984645198011137 0.14667154352014602 0.24308559095821064 0.2671891028177268 0.2189820790986945 0.17077505537966217 0.14667154352014602 0 
0 0.026153984222565235 -0.1184670869345317 -0.16667411065356402 -0.4559162529677579 -0.02205303949646708 0.6769488044295014 0.9661909467436953 0.604638268850953 -0.2389846462321125 -0.35950220552969325 -0.16667411065356402 -0.04615655135598323 -0.02205303949646708 -0.0702600632154994 0.026153984222565235 0.050257496082081396 0.026153984222565235 0.026153984222565235 0.026153984222565235 0.07436100794159756 0.2189820790986945 0.12256803166062986 0.17077505537966217 0.36360315025579143 0 
0 0.19487856723917835 0.026153984222565235 -0.14257059879404788 -0.4077092292487256 -0.19077762251308017 0.5805347569914369 1.207226065338857 1.3277436246364378 0.9902944586032115 0.2189820790986945 -0.21488113437259634 -0.19077762251308017 -0.2389846462321125 -0.1184670869345317 0.17077505537966217 0.17077505537966217 0.19487856723917835 0.17077505537966217 0.07436100794159756 0.0020504723630490793 0.07436100794159756 0.5805347569914369 1.06260499418176 0.7974663637270822 0 
0 0.050257496082081396 0.0020504723630490793 -0.02205303949646708 -0.26308815809162867 -0.09436357507501555 0.5082242214128884 0.9661909467436953 1.1590190416198247 1.1590190416198247 1.1831225534793408 0.74925934000805 0.050257496082081396 -0.2871916699511448 -0.14257059879404788 0.0984645198011137 0.07436100794159756 -0.04615655135598323 -0.0702600632154994 0.026153984222565235 0.31539612653675914 0.8215698755865984 1.4000541602149863 1.207226065338857 0.604638268850953 0 
0 -0.14257059879404788 -0.19077762251308017 -0.04615655135598323 -0.16667411065356402 -0.26308815809162867 0.19487856723917835 0.36360315025579143 0.7251558281485337 0.917983923024663 1.37595064835547 1.665192790669664 0.7733628518675661 -0.19077762251308017 -0.09436357507501555 0.050257496082081396 0.0020504723630490793 0.0020504723630490793 0.14667154352014602 0.8938804111651469 1.1590190416198247 1.207226065338857 1.351847136495954 0.9420874348841792 0.291292614677243 0 
0 -0.2871916699511448 -0.26308815809162867 -0.16667411065356402 -0.21488113437259634 -0.16667411065356402 0.24308559095821064 -0.0702600632154994 0.6528452925699854 1.5928822550911155 1.6410892788101477 1.4241576720745024 0.5082242214128884 -0.2871916699511448 -0.5041232766867902 -0.19077762251308017 -0.38360571738920946 1.0143979704627277 1.68929630252918 1.68929630252918 0.5564312451319207 0.5082242214128884 0.604638268850953 0.14667154352014602 0.0984645198011137 0 
0 -0.5523303004058225 -0.4077092292487256 -0.2389846462321125 -0.3353986936701771 -0.3353986936701771 0.19487856723917835 0.917983923024663 1.8821243974053092 2.00264195670289 1.9062279092648255 1.4723646957935346 0.9420874348841792 0.07436100794159756 -0.19077762251308017 0.24308559095821064 0.4359136858343399 1.207226065338857 1.4482611839340185 1.544675231372083 1.4000541602149863 0.4359136858343399 -0.4559162529677579 -0.5041232766867902 -0.09436357507501555 0 
0 -0.5764338122653387 -0.5282267885463063 -0.4077092292487256 -0.3353986936701771 0.026153984222565235 0.7733628518675661 2.00264195670289 2.5329192176122457 2.123159516000471 2.267780587157568 1.8580208855457931 1.2795366009174054 -0.0702600632154994 -0.26308815809162867 0.7251558281485337 1.231329577198373 1.7616068381077286 1.8821243974053092 1.7857103499672446 1.9062279092648255 1.5928822550911155 0.2671891028177268 -0.35950220552969325 -0.14257059879404788 0 
0 -0.5041232766867902 -0.5041232766867902 -0.624640835984371 -0.04615655135598323 0.8456733874461145 1.5687787432315994 2.00264195670289 1.0385014823222438 0.19487856723917835 0.4118101739748237 0.9420874348841792 0.8697768993056307 0.7974663637270822 0.604638268850953 0.8215698755865984 0.8697768993056307 1.3036401127769215 1.4000541602149863 1.9303314211243416 2.1954700515790195 2.0749524922814384 1.1108120179007923 0.17077505537966217 -0.2389846462321125 0 
0 -0.5041232766867902 -0.5764338122653387 -0.7692619071414679 -0.2389846462321125 0.0984645198011137 0.9420874348841792 1.68929630252918 0.07436100794159756 -1.5646777985055011 -1.2031251206127587 0.291292614677243 1.0867085060412762 1.5687787432315994 1.1831225534793408 0.5082242214128884 -0.16667411065356402 -0.7933654190009841 -0.7692619071414679 0.026153984222565235 1.3277436246364378 1.809813861826761 1.4482611839340185 0.7251558281485337 0.4118101739748237 0 
0 -0.35950220552969325 -0.3353986936701771 -0.6005373241248548 -0.8174689308605002 -0.5041232766867902 0.24308559095821064 0.9902944586032115 0.8215698755865984 0.12256803166062986 0.0984645198011137 0.9420874348841792 1.9303314211243416 1.9303314211243416 1.5928822550911155 0.604638268850953 -0.8415724427200164 -1.106711073174694 -1.1549180968937265 -0.04615655135598323 1.2795366009174054 1.1108120179007923 0.07436100794159756 0.0020504723630490793 0.2671891028177268 0 
0 -0.26308815809162867 -0.19077762251308017 -0.35950220552969325 -0.7451583952819518 -0.2871916699511448 -0.09436357507501555 -0.1184670869345317 0.4359136858343399 1.4964682076530509 2.0508489804219225 1.6410892788101477 1.9544349329838577 2.0749524922814384 1.4000541602149863 1.1108120179007923 1.231329577198373 0.6769488044295014 0.4118101739748237 0.9420874348841792 0.6528452925699854 0.19487856723917835 -0.5764338122653387 -1.058504049455662 -0.6005373241248548 0 
0 -0.21488113437259634 -0.19077762251308017 -0.2389846462321125 -0.5041232766867902 -0.6005373241248548 -0.26308815809162867 0.050257496082081396 0.8215698755865984 1.665192790669664 2.2195735634385354 1.231329577198373 0.14667154352014602 -0.02205303949646708 0.5082242214128884 2.00264195670289 1.68929630252918 0.8215698755865984 0.0984645198011137 0.026153984222565235 -0.1184670869345317 -0.2871916699511448 0.0020504723630490793 -0.624640835984371 -1.4200567273484042 0 
0 0.026153984222565235 0.050257496082081396 -0.04615655135598323 -0.16667411065356402 -0.2389846462321125 0.0020504723630490793 0.4600171976938561 1.4241576720745024 1.5928822550911155 1.7133998143886962 1.351847136495954 -0.7692619071414679 -0.6487443478438871 1.37595064835547 1.7375033262482125 1.4000541602149863 1.37595064835547 0.2671891028177268 -0.16667411065356402 -0.16667411065356402 -0.38360571738920946 -0.35950220552969325 -0.9138829782985649 -1.4923672629269527 0 
0 -0.16667411065356402 -0.14257059879404788 -0.1184670869345317 -0.0702600632154994 -0.26308815809162867 -0.2871916699511448 0.3394996383962753 0.6769488044295014 0.5805347569914369 0.2671891028177268 -0.14257059879404788 -0.9861935138771134 -0.6969513715629195 0.3394996383962753 0.8215698755865984 0.9420874348841792 0.7974663637270822 0.6769488044295014 0.604638268850953 0.2671891028177268 -0.16667411065356402 -0.8656759545795326 -1.6851953578030818 -1.7334023815221142 0 
0 -0.26308815809162867 -0.02205303949646708 -0.02205303949646708 -0.16667411065356402 -0.26308815809162867 -0.31129518181066096 -0.0702600632154994 -0.04615655135598323 -0.16667411065356402 -0.31129518181066096 -0.16667411065356402 -0.14257059879404788 -0.2389846462321125 -0.2871916699511448 -0.04615655135598323 0.4118101739748237 0.4600171976938561 0.19487856723917835 -0.1184670869345317 -0.2389846462321125 -0.8174689308605002 -1.3477461917698557 -1.251332144331791 -0.8656759545795326 0 
0 -0.26308815809162867 -0.31129518181066096 -0.38360571738920946 -0.31129518181066096 -0.38360571738920946 0.19487856723917835 -0.26308815809162867 -0.7933654190009841 -0.5041232766867902 -0.4077092292487256 -0.2871916699511448 -0.35950220552969325 -0.38360571738920946 -0.38360571738920946 -0.4077092292487256 -0.2871916699511448 -0.4077092292487256 -0.31129518181066096 -0.6728478597034033 -1.0344005375961456 -0.8656759545795326 -0.7451583952819518 -0.7210548834224356 -0.6969513715629195 0 
0 -0.48001976482727404 -0.5041232766867902 -0.43181274110824175 -0.5041232766867902 -0.43181274110824175 0.12256803166062986 0.026153984222565235 -0.43181274110824175 -0.02205303949646708 0.291292614677243 0.4359136858343399 0.4600171976938561 0.2189820790986945 -0.1184670869345317 -0.35950220552969325 -0.624640835984371 -0.9138829782985649 -0.6728478597034033 -0.4559162529677579 -0.4077092292487256 -0.31129518181066096 -0.5282267885463063 -0.8897794664390487 -1.3236426799103396 0 
0 -0.6969513715629195 -0.5764338122653387 -0.6005373241248548 -0.6005373241248548 -0.6487443478438871 -0.5523303004058225 -0.02205303949646708 -0.2389846462321125 0.2671891028177268 0.6528452925699854 0.74925934000805 0.74925934000805 0.36360315025579143 -0.0702600632154994 -0.43181274110824175 -0.7692619071414679 -0.8415724427200164 -0.7210548834224356 -0.5282267885463063 -0.7692619071414679 -1.0102970257366295 -1.251332144331791 -1.4200567273484042 -1.371849703629372 0 
0 -1.1790216087532426 -1.0344005375961456 -0.9861935138771134 -0.9138829782985649 -1.0344005375961456 -1.1308145850342104 -0.5523303004058225 -0.43181274110824175 -0.2871916699511448 0.07436100794159756 -0.0702600632154994 -0.26308815809162867 -0.6005373241248548 -0.7210548834224356 -0.6005373241248548 -0.7451583952819518 -0.9620900020175972 -1.1549180968937265 -1.2995391680508235 -1.4200567273484042 -1.1549180968937265 -0.8415724427200164 -0.7451583952819518 -0.9620900020175972 0 
0 -1.395953215488888 -1.4200567273484042 -1.4923672629269527 -1.395953215488888 -1.058504049455662 -0.7210548834224356 -0.4559162529677579 0.31539612653675914 0.5323277332724046 0.24308559095821064 0.3394996383962753 0.2671891028177268 0.07436100794159756 -0.14257059879404788 -0.5764338122653387 -1.2754356561913072 -1.5646777985055011 -1.7334023815221142 -1.7092988696625981 -1.371849703629372 -1.1308145850342104 -1.0102970257366295 -0.8174689308605002 -0.8656759545795326 0 
0 -1.4923672629269527 -1.4923672629269527 -1.227228632472275 -0.48001976482727404 0.5323277332724046 1.207226065338857 0.8697768993056307 0.4118101739748237 0.6769488044295014 0.7974663637270822 0.7974663637270822 0.2189820790986945 -0.14257059879404788 -0.26308815809162867 -0.21488113437259634 -0.7692619071414679 -1.6369883340840496 -1.540574286645985 -1.7334023815221142 -1.8298164289601788 -1.9503339882577597 -1.7092988696625981 -1.058504049455662 -0.48001976482727404 0 
0 0 0 0 0 0 0 0 0 0 0 0 0 0 0 0 0 0 0 0 0 0 0 0 0 0 

