0 0 0 0 0 0 0 0 0 0 0 0 0 0 0 0 0 0 0 0 0 0 0 0 0 0 
0 -1.1212078883185341 -1.4065619735610073 -1.1212078883185341 -1.0498693670079158 -0.7288460211101335 -0.5148304571782787 -0.2651456325911146 0.8049321870681597 1.7680022247615066 0.5195781018256865 -0.4791611965229695 -0.2294763719358055 -0.5861689784888969 -0.3008148932464238 -0.5861689784888969 -0.7645152817654427 0.3412317985491408 0.02020845265135852 -0.9428615850419884 -1.2638849309397706 -1.834593101424717 -1.1568771489738432 -0.7288460211101335 -1.0142001063526067 0 
0 -0.8001845424207518 -1.4422312342163164 -1.335223452250389 -0.9428615850419884 -0.7288460211101335 -0.2294763719358055 -0.6931767604548243 -0.12246858996987806 1.6609944427955792 -0.08679932931456892 0.055877713306667666 0.19855475592790425 -0.4434919358676604 -0.015460808003950624 0.055877713306667666 0.3412317985491408 0.9119399690340871 0.19855475592790425 -0.6931767604548243 -1.3708927129056983 -1.6919160588034805 -1.2282156702844615 -0.4434919358676604 -0.8715230637313701 0 
0 -0.4078226752123512 -0.4078226752123512 -0.7288460211101335 -0.8001845424207518 -0.2294763719358055 -0.3008148932464238 -0.8715230637313701 -0.2294763719358055 1.5183174001743427 0.19855475592790425 0.5552473624809957 1.375640357553106 0.3412317985491408 0.2342240165832134 0.6979244051022323 1.1616247936212512 1.4826481395190334 0.8049321870681597 0.02020845265135852 -0.8001845424207518 -1.1212078883185341 -1.2282156702844615 -0.4434919358676604 -0.8358538030760609 0 
0 0.12721623461728596 0.19855475592790425 -0.015460808003950624 -0.6575074997995153 -0.7288460211101335 -0.7288460211101335 -0.4791611965229695 0.12721623461728596 1.5896559214849608 0.626585883791614 0.8049321870681597 2.0176870493486705 1.339971096897797 1.1616247936212512 1.6966637034508882 1.375640357553106 1.1616247936212512 0.9119399690340871 0.7692629264128505 0.4839088411703774 -0.4791611965229695 -1.1212078883185341 -0.3721534145570421 -0.7288460211101335 0 
0 0.4839088411703774 -0.19380711128049635 -0.4791611965229695 -0.8358538030760609 -0.9428615850419884 -0.5504997178335878 -0.12246858996987806 0.055877713306667666 0.055877713306667666 0.1628854952725951 1.1616247936212512 1.9820177886933614 1.4469788788637243 1.1972940542765602 1.4826481395190334 1.375640357553106 0.9832784903447055 0.626585883791614 0.5195781018256865 0.5909166231363049 -0.4791611965229695 -1.1212078883185341 -0.4434919358676604 -0.5504997178335878 0 
0 -0.015460808003950624 -0.5861689784888969 -1.0142001063526067 -0.9428615850419884 -0.2651456325911146 -0.3364841539017329 -0.3008148932464238 -0.3364841539017329 -0.9071923243866793 -0.4434919358676604 0.9832784903447055 1.6966637034508882 1.2329633149318695 1.1616247936212512 1.0189477510000147 1.2686325755871786 1.4826481395190334 1.0546170116553237 0.626585883791614 0.2698932772385225 -0.8001845424207518 -1.335223452250389 -1.1568771489738432 -0.7645152817654427 0 
0 -0.7288460211101335 -0.9428615850419884 -0.9428615850419884 -0.7645152817654427 -0.6218382391442061 -0.4434919358676604 -0.6575074997995153 -0.5148304571782787 -0.7645152817654427 -1.1925464096291525 0.37690105920445 0.9832784903447055 1.0546170116553237 1.2686325755871786 0.7692629264128505 0.37690105920445 0.7335936657575415 1.0546170116553237 0.7335936657575415 0.2698932772385225 -0.6575074997995153 -1.1925464096291525 -1.29955419159508 -0.8715230637313701 0 
0 -0.8001845424207518 -1.1925464096291525 -0.9785308456972975 -0.9785308456972975 -0.9428615850419884 -0.5861689784888969 -0.8001845424207518 -0.12246858996987806 -0.5504997178335878 -1.6562467981481712 -0.3364841539017329 0.3412317985491408 0.4839088411703774 0.9119399690340871 0.626585883791614 -0.12246858996987806 0.055877713306667666 0.6622551444469231 0.3412317985491408 -0.1581378506251872 -0.9785308456972975 -1.2638849309397706 -1.3708927129056983 -1.0498693670079158 0 
0 -0.3008148932464238 -0.5504997178335878 -0.5861689784888969 -1.0498693670079158 -1.2638849309397706 -0.8001845424207518 -0.6575074997995153 -0.015460808003950624 -0.5504997178335878 -1.834593101424717 -1.0498693670079158 -0.1581378506251872 0.2698932772385225 0.8049321870681597 0.2698932772385225 -0.3364841539017329 -0.4078226752123512 0.37690105920445 0.02020845265135852 -0.6575074997995153 -1.5492390161822438 -1.7275853194587896 -1.4065619735610073 -1.584908276837553 0 
0 -0.6218382391442061 -0.4078226752123512 -0.4434919358676604 -1.085538627663225 -1.3708927129056983 -0.8358538030760609 -1.0142001063526067 -0.5148304571782787 -1.085538627663225 -1.9059316227353353 -1.6205775374928622 -0.8001845424207518 -0.015460808003950624 0.626585883791614 -0.08679932931456892 -0.7288460211101335 -0.6931767604548243 -0.19380711128049635 -0.7645152817654427 -1.2638849309397706 -1.5135697555269347 -1.9772701440459537 -1.584908276837553 -2.012939404701263 0 
0 -0.9428615850419884 -0.9071923243866793 -0.8001845424207518 -0.9785308456972975 -0.8715230637313701 -0.9428615850419884 -1.2282156702844615 -0.9428615850419884 -1.4779004948716257 -1.8702623620800263 -1.9772701440459537 -1.584908276837553 -0.8715230637313701 0.055877713306667666 -0.3008148932464238 -0.9785308456972975 -0.9428615850419884 -0.9428615850419884 -1.7632545801140986 -1.9059316227353353 -1.335223452250389 -1.4779004948716257 -1.584908276837553 -1.584908276837553 0 
0 -0.9785308456972975 -0.8358538030760609 -0.6931767604548243 -1.1568771489738432 -1.085538627663225 -1.1212078883185341 -0.9428615850419884 -0.7645152817654427 -1.085538627663225 -1.9416008833906444 -2.1912857079778085 -1.9059316227353353 -1.7275853194587896 -0.8358538030760609 -0.7288460211101335 -1.3708927129056983 -1.5135697555269347 -1.1568771489738432 -1.6919160588034805 -2.512309053875591 -1.0498693670079158 -0.12246858996987806 -0.3364841539017329 -0.08679932931456892 0 
0 -1.0142001063526067 -0.6575074997995153 -0.6931767604548243 -0.9785308456972975 -0.8715230637313701 -0.5861689784888969 -0.7645152817654427 -0.9071923243866793 -0.9785308456972975 -1.6919160588034805 -2.2626242292884267 -1.7275853194587896 -1.9059316227353353 -1.6562467981481712 -1.5492390161822438 -1.834593101424717 -1.834593101424717 -1.1212078883185341 -0.4791611965229695 -2.084277926011881 -1.0498693670079158 1.0546170116553237 1.0546170116553237 0.9476092296893963 0 
0 -0.5504997178335878 -0.08679932931456892 -0.3008148932464238 -0.9071923243866793 -0.8001845424207518 -0.6575074997995153 -1.0498693670079158 -1.1212078883185341 -1.3708927129056983 -1.7275853194587896 -2.1556164473224992 -2.012939404701263 -2.2626242292884267 -1.9059316227353353 -1.3708927129056983 -1.085538627663225 -1.798923840769408 -1.7632545801140986 0.055877713306667666 -0.19380711128049635 -0.8001845424207518 1.1616247936212512 0.9476092296893963 0.6622551444469231 0 
0 0.2698932772385225 0.2342240165832134 -0.2651456325911146 -0.8715230637313701 -0.9785308456972975 -0.9071923243866793 -0.8715230637313701 -1.0142001063526067 -1.29955419159508 -1.4065619735610073 -1.4779004948716257 -1.5492390161822438 -1.834593101424717 -2.1199471866671904 -0.6931767604548243 0.19855475592790425 -1.0142001063526067 -2.084277926011881 -0.4078226752123512 0.8406014477234689 -0.4078226752123512 0.3055625378938317 0.7692629264128505 0.37690105920445 0 
0 0.44823958051506824 -0.2651456325911146 -0.8358538030760609 -0.6575074997995153 -0.4791611965229695 -0.8001845424207518 -1.0498693670079158 -1.29955419159508 -0.9428615850419884 -0.2651456325911146 -0.4434919358676604 -0.3721534145570421 -0.9071923243866793 -2.226954968633118 -0.8358538030760609 0.3055625378938317 -0.3721534145570421 -1.6919160588034805 -1.085538627663225 0.3412317985491408 0.19855475592790425 0.09154697396197681 1.125955532965942 0.626585883791614 0 
0 0.3055625378938317 -0.4434919358676604 -0.3721534145570421 -0.015460808003950624 0.055877713306667666 -0.2651456325911146 -0.5861689784888969 -1.2638849309397706 -1.0498693670079158 0.12721623461728596 0.19855475592790425 0.12721623461728596 -0.2294763719358055 -1.9059316227353353 -1.29955419159508 -0.015460808003950624 -0.12246858996987806 -0.8358538030760609 -0.9428615850419884 -0.3008148932464238 0.44823958051506824 0.5195781018256865 1.125955532965942 0.5909166231363049 0 
0 0.44823958051506824 0.2342240165832134 0.2698932772385225 0.4839088411703774 0.5552473624809957 0.5195781018256865 0.37690105920445 -0.6218382391442061 -1.0142001063526067 0.1628854952725951 0.4125703198597591 0.4839088411703774 0.3055625378938317 -1.4422312342163164 -1.5135697555269347 0.2342240165832134 0.5195781018256865 0.1628854952725951 -0.5148304571782787 0.055877713306667666 0.5909166231363049 0.44823958051506824 0.3055625378938317 0.02020845265135852 0 
0 0.5909166231363049 0.626585883791614 0.6622551444469231 0.8049321870681597 0.9476092296893963 0.9119399690340871 0.9832784903447055 0.02020845265135852 -0.4791611965229695 0.6622551444469231 0.6622551444469231 0.44823958051506824 0.44823958051506824 -0.9428615850419884 -1.085538627663225 1.0902862723106328 1.0546170116553237 0.7692629264128505 -0.3008148932464238 0.2342240165832134 0.5552473624809957 0.2698932772385225 0.626585883791614 0.3412317985491408 0 
0 0.8406014477234689 0.7692629264128505 0.626585883791614 0.6979244051022323 0.8406014477234689 0.6979244051022323 0.876270708378778 -0.015460808003950624 0.09154697396197681 1.3043018362424879 0.8049321870681597 0.19855475592790425 0.3412317985491408 -0.8715230637313701 -0.9785308456972975 0.8049321870681597 0.6622551444469231 0.626585883791614 -0.4078226752123512 0.37690105920445 0.5909166231363049 0.19855475592790425 1.0189477510000147 0.4839088411703774 0 
0 0.9119399690340871 0.8049321870681597 0.4125703198597591 0.5195781018256865 0.8049321870681597 0.8049321870681597 0.6979244051022323 0.02020845265135852 0.7692629264128505 1.4113096182084153 0.5195781018256865 0.12721623461728596 0.3055625378938317 -0.6575074997995153 -1.2638849309397706 0.44823958051506824 0.5909166231363049 0.8049321870681597 -0.2651456325911146 0.055877713306667666 -0.015460808003950624 -0.05113006865925977 0.6622551444469231 0.12721623461728596 0 
0 1.0189477510000147 0.6979244051022323 0.6622551444469231 0.8049321870681597 0.7335936657575415 0.9119399690340871 0.7692629264128505 0.37690105920445 0.876270708378778 1.125955532965942 0.37690105920445 0.3055625378938317 0.37690105920445 -0.12246858996987806 -1.2638849309397706 0.44823958051506824 0.6622551444469231 0.8049321870681597 -0.1581378506251872 0.055877713306667666 -0.3364841539017329 -0.9071923243866793 0.8049321870681597 0.6979244051022323 0 
0 0.876270708378778 0.8049321870681597 1.0546170116553237 0.9476092296893963 0.876270708378778 0.7692629264128505 0.9832784903447055 0.4839088411703774 0.3412317985491408 0.5909166231363049 0.5552473624809957 0.5909166231363049 0.626585883791614 0.2342240165832134 -1.0498693670079158 0.12721623461728596 0.4839088411703774 0.626585883791614 -0.4078226752123512 0.09154697396197681 0.2698932772385225 -1.9059316227353353 0.09154697396197681 1.0902862723106328 0 
0 0.876270708378778 1.0902862723106328 0.9832784903447055 0.8406014477234689 0.7692629264128505 0.2698932772385225 0.5195781018256865 0.19855475592790425 -0.08679932931456892 0.2698932772385225 0.5909166231363049 0.3055625378938317 0.12721623461728596 0.1628854952725951 -0.6218382391442061 -0.015460808003950624 0.7692629264128505 0.9476092296893963 -0.5504997178335878 -0.05113006865925977 0.626585883791614 -1.4779004948716257 -1.4422312342163164 0.7335936657575415 0 
0 0 0 0 0 0 0 0 0 0 0 0 0 0 0 0 0 0 0 0 0 0 0 0 0 0 

0 0 0 0 0 0 0 0 0 0 0 0 0 0 0 0 0 0 0 0 0 0 0 0 0 0 
0 0.44823958051506824 0.19855475592790425 0.37690105920445 0.3055625378938317 0.5909166231363049 0.8406014477234689 0.6622551444469231 1.3043018362424879 2.089025570659289 0.9119399690340871 0.12721623461728596 0.6979244051022323 0.6979244051022323 0.9119399690340871 0.4839088411703774 0.3412317985491408 1.339971096897797 0.8406014477234689 -0.19380711128049635 -0.4791611965229695 -0.8358538030760609 -0.12246858996987806 0.37690105920445 0.12721623461728596 0 
0 0.8049321870681597 0.1628854952725951 0.2342240165832134 0.626585883791614 0.8049321870681597 1.125955532965942 0.3055625378938317 0.4839088411703774 1.9820177886933614 0.12721623461728596 0.5195781018256865 0.9832784903447055 0.626585883791614 1.1972940542765602 1.2329633149318695 1.375640357553106 1.875010006727434 1.0902862723106328 0.1628854952725951 -0.4434919358676604 -0.5861689784888969 -0.3008148932464238 0.44823958051506824 0.37690105920445 0 
0 1.1972940542765602 1.1972940542765602 0.9119399690340871 0.8406014477234689 1.375640357553106 0.9476092296893963 0.055877713306667666 0.37690105920445 1.8036714854168159 0.2698932772385225 0.7692629264128505 1.8036714854168159 1.0546170116553237 1.2329633149318695 1.839340746072125 2.0176870493486705 2.2673718739358346 1.62532518214027 0.8049321870681597 0.12721623461728596 0.12721623461728596 -0.19380711128049635 0.5195781018256865 0.626585883791614 0 
0 1.62532518214027 1.7323329641061975 1.5539866608296518 0.9119399690340871 0.8049321870681597 0.4839088411703774 0.4125703198597591 0.7692629264128505 1.875010006727434 0.7335936657575415 0.876270708378778 2.1960333526252165 1.7323329641061975 1.7323329641061975 2.3387103952464527 1.875010006727434 1.62532518214027 1.375640357553106 1.1972940542765602 1.1616247936212512 0.876270708378778 0.2342240165832134 0.9832784903447055 0.9832784903447055 0 
0 1.9106792673827433 1.2329633149318695 0.9832784903447055 0.626585883791614 0.5195781018256865 0.5909166231363049 0.7692629264128505 0.6622551444469231 0.4125703198597591 0.2698932772385225 1.1616247936212512 2.0176870493486705 1.5539866608296518 1.339971096897797 1.6966637034508882 1.5539866608296518 1.1616247936212512 0.8049321870681597 0.6622551444469231 1.0189477510000147 0.8406014477234689 0.4125703198597591 1.1616247936212512 1.2686325755871786 0 
0 1.3043018362424879 0.7335936657575415 0.3412317985491408 0.4125703198597591 1.0902862723106328 0.8049321870681597 0.626585883791614 0.2698932772385225 -0.5861689784888969 -0.3364841539017329 1.0189477510000147 1.6966637034508882 1.2329633149318695 1.1616247936212512 1.0546170116553237 1.375640357553106 1.5539866608296518 1.1616247936212512 0.6979244051022323 0.5909166231363049 0.3412317985491408 0.19855475592790425 0.5552473624809957 0.9476092296893963 0 
0 0.5195781018256865 0.3055625378938317 0.3055625378938317 0.5195781018256865 0.6622551444469231 0.7335936657575415 0.2698932772385225 0.12721623461728596 -0.4791611965229695 -1.1212078883185341 0.5552473624809957 1.125955532965942 1.125955532965942 1.3043018362424879 0.8049321870681597 0.5552473624809957 0.9832784903447055 1.2686325755871786 0.9119399690340871 0.626585883791614 0.19855475592790425 0.19855475592790425 0.37690105920445 0.6622551444469231 0 
0 0.3412317985491408 0.02020845265135852 0.2698932772385225 0.3055625378938317 0.3055625378938317 0.5909166231363049 0.19855475592790425 0.5552473624809957 -0.19380711128049635 -1.4422312342163164 -0.015460808003950624 0.6622551444469231 0.6979244051022323 1.0546170116553237 0.7335936657575415 0.09154697396197681 0.2698932772385225 0.9476092296893963 0.626585883791614 0.19855475592790425 -0.2294763719358055 -0.015460808003950624 0.19855475592790425 0.37690105920445 0 
0 0.8049321870681597 0.626585883791614 0.6622551444469231 0.19855475592790425 -0.05113006865925977 0.3412317985491408 0.3412317985491408 0.7335936657575415 -0.08679932931456892 -1.4779004948716257 -0.6218382391442061 0.3055625378938317 0.5909166231363049 1.0189477510000147 0.4125703198597591 -0.19380711128049635 -0.19380711128049635 0.6622551444469231 0.37690105920445 -0.19380711128049635 -0.7645152817654427 -0.5504997178335878 0.055877713306667666 -0.2294763719358055 0 
0 0.5552473624809957 0.8406014477234689 0.8049321870681597 0.12721623461728596 -0.19380711128049635 0.2698932772385225 -0.05113006865925977 0.19855475592790425 -0.6218382391442061 -1.5492390161822438 -1.1925464096291525 -0.3721534145570421 0.3055625378938317 0.8406014477234689 0.055877713306667666 -0.5504997178335878 -0.4434919358676604 0.1628854952725951 -0.3364841539017329 -0.7645152817654427 -0.8001845424207518 -0.8358538030760609 -0.19380711128049635 -0.7645152817654427 0 
0 0.2698932772385225 0.3412317985491408 0.44823958051506824 0.19855475592790425 0.3055625378938317 0.19855475592790425 -0.2294763719358055 -0.19380711128049635 -1.0142001063526067 -1.5135697555269347 -1.5492390161822438 -1.1568771489738432 -0.5148304571782787 0.2698932772385225 -0.1581378506251872 -0.6931767604548243 -0.5861689784888969 -0.5148304571782787 -1.2282156702844615 -1.335223452250389 -0.6575074997995153 -0.4434919358676604 -0.3008148932464238 -0.4434919358676604 0 
0 0.2698932772385225 0.44823958051506824 0.5909166231363049 0.055877713306667666 0.09154697396197681 0.02020845265135852 0.055877713306667666 -0.015460808003950624 -0.6218382391442061 -1.584908276837553 -1.7632545801140986 -1.4779004948716257 -1.3708927129056983 -0.6218382391442061 -0.5504997178335878 -1.0142001063526067 -1.0498693670079158 -0.6218382391442061 -1.0498693670079158 -1.9772701440459537 -0.4434919358676604 0.8406014477234689 0.9119399690340871 1.0902862723106328 0 
0 0.19855475592790425 0.5552473624809957 0.5552473624809957 0.2698932772385225 0.3412317985491408 0.5552473624809957 0.2342240165832134 -0.1581378506251872 -0.5148304571782787 -1.335223452250389 -1.834593101424717 -1.29955419159508 -1.584908276837553 -1.4422312342163164 -1.3708927129056983 -1.4422312342163164 -1.335223452250389 -0.5148304571782787 0.3055625378938317 -1.3708927129056983 -0.4791611965229695 1.9820177886933614 2.303041134591144 2.160364091969907 0 
0 0.8049321870681597 1.1972940542765602 0.9832784903447055 0.3412317985491408 0.4125703198597591 0.44823958051506824 -0.12246858996987806 -0.4434919358676604 -0.9428615850419884 -1.3708927129056983 -1.584908276837553 -1.4779004948716257 -1.8702623620800263 -1.584908276837553 -1.0142001063526067 -0.5148304571782787 -1.2282156702844615 -1.1212078883185341 0.8406014477234689 0.5552473624809957 -0.1581378506251872 2.05335631000398 2.160364091969907 1.875010006727434 0 
0 1.9463485280380524 1.8036714854168159 1.1616247936212512 0.4839088411703774 0.2698932772385225 0.19855475592790425 0.02020845265135852 -0.3721534145570421 -0.8358538030760609 -0.9785308456972975 -0.7645152817654427 -0.8715230637313701 -1.29955419159508 -1.6205775374928622 -0.12246858996987806 0.9476092296893963 -0.3721534145570421 -1.4779004948716257 0.2342240165832134 1.5539866608296518 0.4125703198597591 1.2329633149318695 1.839340746072125 1.5539866608296518 0 
0 2.374379655901762 1.5539866608296518 0.8406014477234689 0.9119399690340871 0.9832784903447055 0.5552473624809957 0.09154697396197681 -0.4078226752123512 -0.2651456325911146 0.3412317985491408 0.3412317985491408 0.3412317985491408 -0.3008148932464238 -1.7275853194587896 -0.3008148932464238 1.0546170116553237 0.3412317985491408 -1.085538627663225 -0.4434919358676604 1.0546170116553237 0.9832784903447055 0.9832784903447055 2.124694831314598 1.7323329641061975 0 
0 2.4100489165570713 1.5896559214849608 1.5539866608296518 1.7680022247615066 1.7680022247615066 1.3043018362424879 0.7335936657575415 -0.19380711128049635 -0.19380711128049635 0.9119399690340871 1.0189477510000147 0.876270708378778 0.4125703198597591 -1.4065619735610073 -0.7645152817654427 0.7335936657575415 0.5909166231363049 -0.19380711128049635 -0.3008148932464238 0.37690105920445 1.1616247936212512 1.339971096897797 2.089025570659289 1.6609944427955792 0 
0 2.4813874378676894 2.1960333526252165 2.160364091969907 2.2673718739358346 2.2673718739358346 2.089025570659289 1.7323329641061975 0.44823958051506824 -0.2294763719358055 0.9119399690340871 1.2686325755871786 1.3043018362424879 1.0189477510000147 -0.9071923243866793 -0.9785308456972975 0.9832784903447055 1.2686325755871786 0.876270708378778 0.1628854952725951 0.6979244051022323 1.2329633149318695 1.1616247936212512 1.1616247936212512 0.9832784903447055 0 
0 2.5170566985229987 2.4100489165570713 2.374379655901762 2.4100489165570713 2.4813874378676894 2.3387103952464527 2.160364091969907 0.9119399690340871 0.12721623461728596 1.1972940542765602 1.5183174001743427 1.3043018362424879 1.1972940542765602 -0.3721534145570421 -0.5504997178335878 1.8036714854168159 1.8036714854168159 1.4826481395190334 0.37690105920445 0.876270708378778 1.0902862723106328 0.876270708378778 1.375640357553106 1.2329633149318695 0 
0 2.3387103952464527 2.1960333526252165 1.9820177886933614 2.0176870493486705 2.089025570659289 1.839340746072125 1.839340746072125 0.6622551444469231 0.5909166231363049 1.839340746072125 1.62532518214027 1.0546170116553237 1.125955532965942 -0.2651456325911146 -0.4434919358676604 1.5539866608296518 1.4469788788637243 1.375640357553106 0.3412317985491408 1.0189477510000147 1.1616247936212512 0.7692629264128505 1.6609944427955792 1.3043018362424879 0 
0 1.875010006727434 1.7680022247615066 1.4113096182084153 1.4826481395190334 1.7680022247615066 1.839340746072125 1.5183174001743427 0.5195781018256865 1.2686325755871786 2.1960333526252165 1.339971096897797 0.9119399690340871 1.0546170116553237 -0.015460808003950624 -0.6218382391442061 1.2329633149318695 1.4469788788637243 1.6966637034508882 0.5909166231363049 0.876270708378778 0.7335936657575415 0.4839088411703774 1.125955532965942 0.8406014477234689 0 
0 1.9820177886933614 1.7323329641061975 1.7323329641061975 1.875010006727434 1.8036714854168159 2.089025570659289 1.6966637034508882 0.8406014477234689 1.3043018362424879 1.8036714854168159 1.1616247936212512 1.0902862723106328 1.0902862723106328 0.5552473624809957 -0.5504997178335878 1.2686325755871786 1.5539866608296518 1.6966637034508882 0.6979244051022323 0.9476092296893963 0.5552473624809957 -0.3008148932464238 1.339971096897797 1.5539866608296518 0 
0 2.05335631000398 2.089025570659289 2.374379655901762 2.2673718739358346 2.1960333526252165 2.089025570659289 1.9820177886933614 0.9476092296893963 0.626585883791614 1.125955532965942 1.3043018362424879 1.375640357553106 1.339971096897797 0.9119399690340871 -0.3364841539017329 0.9476092296893963 1.375640357553106 1.5183174001743427 0.44823958051506824 0.9832784903447055 1.3043018362424879 -1.1925464096291525 0.8049321870681597 2.089025570659289 0 
0 2.05335631000398 2.4100489165570713 2.303041134591144 2.1960333526252165 2.05335631000398 1.4469788788637243 1.4113096182084153 0.6622551444469231 0.3055625378938317 0.9476092296893963 1.339971096897797 1.0546170116553237 0.876270708378778 0.876270708378778 0.09154697396197681 0.8049321870681597 1.6966637034508882 1.875010006727434 0.3055625378938317 0.8406014477234689 1.7323329641061975 -0.6931767604548243 -0.7645152817654427 1.7323329641061975 0 
0 0 0 0 0 0 0 0 0 0 0 0 0 0 0 0 0 0 0 0 0 0 0 0 0 0 

0 0 0 0 0 0 0 0 0 0 0 0 0 0 0 0 0 0 0 0 0 0 0 0 0 0 
0 -0.9071923243866793 -1.1568771489738432 -0.9785308456972975 -1.0142001063526067 -0.7288460211101335 -0.5861689784888969 -0.3364841539017329 0.8406014477234689 1.8036714854168159 0.5909166231363049 -0.2651456325911146 -0.12246858996987806 -0.6575074997995153 -0.5148304571782787 -0.7288460211101335 -0.3721534145570421 1.0189477510000147 0.8049321870681597 -0.2651456325911146 -0.6575074997995153 -0.9428615850419884 -0.4078226752123512 -0.2651456325911146 -0.8358538030760609 0 
0 -0.4791611965229695 -1.0498693670079158 -1.085538627663225 -0.7645152817654427 -0.6218382391442061 -0.3364841539017329 -0.8001845424207518 -0.1581378506251872 1.62532518214027 -0.05113006865925977 0.4125703198597591 0.5552473624809957 -0.2651456325911146 0.02020845265135852 0.12721623461728596 0.876270708378778 1.5896559214849608 0.9119399690340871 -0.015460808003950624 -0.7645152817654427 -1.0498693670079158 -0.5504997178335878 0.09154697396197681 -0.6575074997995153 0 
0 -0.015460808003950624 0.055877713306667666 -0.3721534145570421 -0.5504997178335878 -0.08679932931456892 -0.3008148932464238 -0.9071923243866793 -0.3364841539017329 1.375640357553106 0.09154697396197681 0.7692629264128505 1.6609944427955792 0.5909166231363049 0.4125703198597591 0.9476092296893963 1.6609944427955792 2.0176870493486705 1.375640357553106 0.5909166231363049 -0.3364841539017329 -0.7288460211101335 -0.6575074997995153 0.1628854952725951 -0.5504997178335878 0 
0 0.5195781018256865 0.5909166231363049 0.3055625378938317 -0.4791611965229695 -0.5504997178335878 -0.5148304571782787 -0.3721534145570421 0.055877713306667666 1.2686325755871786 0.2342240165832134 0.5195781018256865 1.875010006727434 1.339971096897797 1.3043018362424879 1.9106792673827433 1.6609944427955792 1.4469788788637243 1.1616247936212512 1.0546170116553237 0.7692629264128505 -0.015460808003950624 -0.4434919358676604 0.3055625378938317 -0.3364841539017329 0 
0 0.9119399690340871 0.12721623461728596 -0.2651456325911146 -0.7288460211101335 -0.8358538030760609 -0.2651456325911146 0.055877713306667666 -0.015460808003950624 -0.2651456325911146 -0.3721534145570421 0.5909166231363049 1.5896559214849608 1.2686325755871786 1.2686325755871786 1.62532518214027 1.375640357553106 0.9832784903447055 0.626585883791614 0.5195781018256865 0.6622551444469231 -0.05113006865925977 -0.4791611965229695 0.19855475592790425 -0.1581378506251872 0 
0 0.37690105920445 -0.3364841539017329 -0.8715230637313701 -0.9071923243866793 -0.2294763719358055 -0.1581378506251872 -0.1581378506251872 -0.4078226752123512 -1.1925464096291525 -0.8715230637313701 0.4839088411703774 1.2686325755871786 0.9832784903447055 1.0902862723106328 1.0189477510000147 1.1616247936212512 1.3043018362424879 0.9119399690340871 0.4839088411703774 0.2342240165832134 -0.4434919358676604 -0.8358538030760609 -0.7288460211101335 -0.5504997178335878 0 
0 -0.4434919358676604 -0.7645152817654427 -0.8358538030760609 -0.7645152817654427 -0.6575074997995153 -0.4791611965229695 -0.7288460211101335 -0.5861689784888969 -0.9071923243866793 -1.3708927129056983 0.1628854952725951 0.8049321870681597 0.8406014477234689 1.0902862723106328 0.626585883791614 0.2342240165832134 0.626585883791614 0.9119399690340871 0.5909166231363049 0.2342240165832134 -0.4791611965229695 -0.8715230637313701 -1.0498693670079158 -0.8715230637313701 0 
0 -0.4791611965229695 -1.0498693670079158 -1.0142001063526067 -1.1212078883185341 -1.085538627663225 -0.6575074997995153 -0.8358538030760609 -0.12246858996987806 -0.4791611965229695 -1.584908276837553 -0.3008148932464238 0.3055625378938317 0.3055625378938317 0.626585883791614 0.3055625378938317 -0.3721534145570421 -0.12246858996987806 0.5909166231363049 0.37690105920445 -0.05113006865925977 -0.7645152817654427 -1.0498693670079158 -1.2282156702844615 -1.085538627663225 0 
0 0.02020845265135852 -0.5504997178335878 -0.8358538030760609 -1.29955419159508 -1.335223452250389 -0.7645152817654427 -0.5504997178335878 0.12721623461728596 -0.4078226752123512 -1.6562467981481712 -0.9428615850419884 -0.12246858996987806 0.09154697396197681 0.44823958051506824 -0.1581378506251872 -0.7288460211101335 -0.6218382391442061 0.3412317985491408 0.1628854952725951 -0.3721534145570421 -1.1925464096291525 -1.4779004948716257 -1.2282156702844615 -1.4422312342163164 0 
0 -0.5861689784888969 -0.5861689784888969 -0.7288460211101335 -1.1568771489738432 -1.1925464096291525 -0.7288460211101335 -0.9428615850419884 -0.4078226752123512 -0.9428615850419884 -1.7275853194587896 -1.5135697555269347 -0.8001845424207518 -0.19380711128049635 0.3055625378938317 -0.5148304571782787 -1.0498693670079158 -0.8715230637313701 -0.2294763719358055 -0.6575074997995153 -1.085538627663225 -1.29955419159508 -1.7632545801140986 -1.3708927129056983 -1.7275853194587896 0 
0 -1.1212078883185341 -1.1925464096291525 -1.0498693670079158 -0.9785308456972975 -0.5504997178335878 -0.8001845424207518 -1.1568771489738432 -0.8001845424207518 -1.335223452250389 -1.6919160588034805 -1.8702623620800263 -1.584908276837553 -1.0498693670079158 -0.3008148932464238 -0.6931767604548243 -1.1925464096291525 -1.085538627663225 -1.0498693670079158 -1.7632545801140986 -1.8702623620800263 -1.2638849309397706 -1.4065619735610073 -1.4779004948716257 -1.3708927129056983 0 
0 -1.085538627663225 -1.0498693670079158 -0.9428615850419884 -1.1568771489738432 -0.8358538030760609 -0.9785308456972975 -0.8358538030760609 -0.6218382391442061 -0.9428615850419884 -1.7632545801140986 -2.084277926011881 -1.9059316227353353 -1.9059316227353353 -1.1568771489738432 -1.1212078883185341 -1.5135697555269347 -1.584908276837553 -1.2638849309397706 -1.7632545801140986 -2.5479783145309 -1.0498693670079158 -0.19380711128049635 -0.4791611965229695 -0.2294763719358055 0 
0 -0.8715230637313701 -0.6931767604548243 -0.9428615850419884 -1.1925464096291525 -0.8715230637313701 -0.5148304571782787 -0.6575074997995153 -0.7645152817654427 -0.8358538030760609 -1.5135697555269347 -2.1199471866671904 -1.7275853194587896 -2.1199471866671904 -2.012939404701263 -1.9059316227353353 -1.8702623620800263 -1.8702623620800263 -1.2282156702844615 -0.5861689784888969 -2.1556164473224992 -1.0498693670079158 0.8406014477234689 0.5195781018256865 0.19855475592790425 0 
0 -0.3364841539017329 -0.015460808003950624 -0.3721534145570421 -0.9785308456972975 -0.7645152817654427 -0.5504997178335878 -0.9071923243866793 -0.9428615850419884 -1.2638849309397706 -1.6919160588034805 -2.1199471866671904 -1.9416008833906444 -2.3339627505990452 -2.1912857079778085 -1.834593101424717 -1.4065619735610073 -1.9416008833906444 -1.798923840769408 -0.08679932931456892 -0.4434919358676604 -0.9785308456972975 0.7692629264128505 0.2698932772385225 -0.2651456325911146 0 
0 0.4125703198597591 0.3412317985491408 -0.1581378506251872 -0.6575074997995153 -0.7645152817654427 -0.7288460211101335 -0.5861689784888969 -0.7288460211101335 -1.1925464096291525 -1.5492390161822438 -1.6205775374928622 -1.5135697555269347 -1.7632545801140986 -2.298293489943736 -1.29955419159508 -0.6575074997995153 -1.3708927129056983 -2.012939404701263 -0.5504997178335878 0.37690105920445 -0.9071923243866793 -0.19380711128049635 0.1628854952725951 -0.2651456325911146 0 
0 0.5195781018256865 -0.2294763719358055 -0.8001845424207518 -0.5861689784888969 -0.4434919358676604 -0.6575074997995153 -0.6931767604548243 -0.9071923243866793 -0.7288460211101335 -0.3364841539017329 -0.6575074997995153 -0.4791611965229695 -0.9785308456972975 -2.4053012719096634 -1.4065619735610073 -0.5861689784888969 -0.8358538030760609 -1.7632545801140986 -1.2638849309397706 -0.12246858996987806 -0.3721534145570421 -0.4434919358676604 0.5195781018256865 -0.015460808003950624 0 
0 0.3055625378938317 -0.4791611965229695 -0.4791611965229695 -0.19380711128049635 -0.12246858996987806 -0.3008148932464238 -0.3721534145570421 -0.9071923243866793 -0.8358538030760609 0.12721623461728596 -0.1581378506251872 -0.2651456325911146 -0.5504997178335878 -2.1556164473224992 -1.798923840769408 -0.8715230637313701 -0.6931767604548243 -1.085538627663225 -1.1925464096291525 -0.7288460211101335 -0.1581378506251872 -0.08679932931456892 0.4839088411703774 -0.08679932931456892 0 
0 0.3412317985491408 0.09154697396197681 0.02020845265135852 0.09154697396197681 0.09154697396197681 0.1628854952725951 0.3412317985491408 -0.4434919358676604 -0.8715230637313701 0.09154697396197681 -0.08679932931456892 -0.1581378506251872 -0.3364841539017329 -1.798923840769408 -1.9059316227353353 -0.6218382391442061 -0.19380711128049635 -0.3008148932464238 -0.8715230637313701 -0.3721534145570421 -0.05113006865925977 -0.2294763719358055 -0.4078226752123512 -0.6931767604548243 0 
0 0.5195781018256865 0.4839088411703774 0.3412317985491408 0.3055625378938317 0.2698932772385225 0.2698932772385225 0.6622551444469231 -0.05113006865925977 -0.5504997178335878 0.4125703198597591 0.055877713306667666 -0.4434919358676604 -0.4434919358676604 -1.4422312342163164 -1.4065619735610073 0.2342240165832134 0.19855475592790425 0.09154697396197681 -0.7645152817654427 -0.1581378506251872 -0.1581378506251872 -0.4791611965229695 -0.1581378506251872 -0.4434919358676604 0 
0 0.6622551444469231 0.44823958051506824 0.09154697396197681 0.02020845265135852 0.02020845265135852 -0.19380711128049635 0.12721623461728596 -0.3721534145570421 -0.08679932931456892 0.9119399690340871 0.02020845265135852 -0.7645152817654427 -0.5504997178335878 -1.4065619735610073 -1.2638849309397706 0.09154697396197681 -0.19380711128049635 -0.08679932931456892 -0.8715230637313701 0.02020845265135852 -0.015460808003950624 -0.4791611965229695 0.2698932772385225 -0.3364841539017329 0 
0 0.4839088411703774 0.055877713306667666 -0.5504997178335878 -0.4434919358676604 -0.05113006865925977 -0.12246858996987806 -0.4434919358676604 -0.5861689784888969 0.626585883791614 0.9119399690340871 -0.3721534145570421 -0.7645152817654427 -0.3721534145570421 -1.085538627663225 -1.5135697555269347 -0.05113006865925977 -0.08679932931456892 0.1628854952725951 -0.6575074997995153 -0.12246858996987806 -0.2651456325911146 -0.4791611965229695 0.09154697396197681 -0.6931767604548243 0 
0 0.5552473624809957 -0.05113006865925977 -0.3008148932464238 -0.1581378506251872 -0.015460808003950624 0.12721623461728596 -0.3008148932464238 -0.2294763719358055 0.7335936657575415 0.5552473624809957 -0.5504997178335878 -0.5148304571782787 -0.2651456325911146 -0.5504997178335878 -1.584908276837553 0.02020845265135852 0.055877713306667666 0.1628854952725951 -0.5148304571782787 -0.05113006865925977 -0.4078226752123512 -1.0498693670079158 0.4839088411703774 0.1628854952725951 0 
0 0.4125703198597591 0.1628854952725951 0.1628854952725951 0.055877713306667666 0.19855475592790425 0.09154697396197681 0.02020845265135852 -0.05113006865925977 0.1628854952725951 0.02020845265135852 -0.2651456325911146 -0.1581378506251872 -0.015460808003950624 -0.3008148932464238 -1.4422312342163164 -0.3364841539017329 -0.12246858996987806 -0.015460808003950624 -0.8001845424207518 0.02020845265135852 0.3055625378938317 -1.8702623620800263 -0.015460808003950624 0.876270708378778 0 
0 0.3055625378938317 0.3412317985491408 -0.015460808003950624 -0.12246858996987806 0.02020845265135852 -0.4078226752123512 -0.4078226752123512 -0.2651456325911146 -0.12246858996987806 -0.12246858996987806 -0.12246858996987806 -0.4078226752123512 -0.4791611965229695 -0.4434919358676604 -1.1568771489738432 -0.4791611965229695 0.19855475592790425 0.3412317985491408 -0.9071923243866793 -0.19380711128049635 0.5195781018256865 -1.584908276837553 -1.5492390161822438 0.4839088411703774 0 
0 0 0 0 0 0 0 0 0 0 0 0 0 0 0 0 0 0 0 0 0 0 0 0 0 0 

