0 0 0 0 0 0 0 0 0 0 0 0 0 0 0 0 0 0 0 0 0 0 0 0 0 0 
0 1.7916477210732489 1.6296763396524565 1.3751498831340685 1.1206234266156805 1.004929582743686 1.0743458890668827 1.259456039262074 1.3288723455852707 0.5190154384813087 -0.9155882255314239 -1.5634737512145935 -1.6560288263121892 -1.6560288263121892 -1.5403349824401946 -1.3783636010194023 -1.4015023697938012 -1.5403349824401946 -1.702306363860987 -1.8180002077329815 -1.3552248322450033 -0.5453679251410414 0.03310129421893149 -0.01317624332986634 -0.7767556128850305 0 
0 1.6990926459756532 1.513982495780462 1.2825948080364729 1.0974846578412816 1.004929582743686 1.0974846578412816 1.3288723455852707 1.3288723455852707 0.07937883176772931 -1.0775596069522164 -1.0544208381778175 -1.0312820694034186 -1.1238371445010142 -1.0312820694034186 -0.8693106879826261 -1.1006983757266153 -1.5634737512145935 -1.5866125199889924 -1.193253450824211 -0.8230331504338283 0.009962525444532574 -0.10573131842746199 -0.7767556128850305 -0.42967408126904677 0 
0 1.5833988021036587 1.3982886519084674 1.1900397329388772 1.004929582743686 0.958652045194888 1.0974846578412816 1.0280683515180848 0.2182114444141228 -0.5453679251410414 -0.637923000238637 -0.5453679251410414 -0.6610617690130359 -0.6610617690130359 -0.4990903875922435 -0.5916454626898392 -0.7998943816594294 -0.9850045318546207 -0.892449456757025 -0.4528128500434457 -0.10573131842746199 0.17193390686532498 -0.5222291563666425 -1.193253450824211 -0.7536168441106316 0 
0 1.5371212645548609 1.3520111143596696 1.0974846578412816 0.9817908139692869 0.9123745076460902 0.6578480511277022 -0.2908414686226533 -0.7998943816594294 -0.6147842314642381 -0.4528128500434457 -0.5222291563666425 -0.5916454626898392 -0.6147842314642381 -0.4990903875922435 -0.38339654372024895 -0.2677026998482544 -0.24456393107385546 -0.4528128500434457 -0.637923000238637 -0.5916454626898392 -0.5685066939154403 -0.2908414686226533 -0.5916454626898392 -0.7767556128850305 0 
0 1.5602600333292598 1.3982886519084674 0.958652045194888 0.426460363383713 0.10251760054212823 -0.40653531249464786 -1.0081433006290197 -1.0544208381778175 -0.892449456757025 -0.6842005377874348 -0.6842005377874348 -0.7073393065618337 -0.637923000238637 -0.7073393065618337 -0.637923000238637 -0.637923000238637 -0.8230331504338283 -1.0544208381778175 -1.2858085259218066 -1.3552248322450033 -0.8230331504338283 0.009962525444532574 0.19507267563972389 0.2413502131885217 0 
0 1.6528151084268554 1.4677049582316641 0.47273790093251083 -0.5453679251410414 -0.7304780753362327 -0.9618657630802218 -0.9387269943058228 -0.8693106879826261 -0.6610617690130359 -0.6610617690130359 -0.892449456757025 -1.0081433006290197 -0.8693106879826261 -0.7304780753362327 -0.6147842314642381 -0.7536168441106316 -1.0775596069522164 -1.2626697571474077 -1.3552248322450033 -1.3089472946962055 -0.9387269943058228 -0.2908414686226533 0.5652929760301065 1.3057335768108718 0 
0 1.7222314147500521 1.490843727006063 0.9817908139692869 0.4495991321581119 0.3801828258349152 0.47273790093251083 0.6347092823533033 0.8892357388716913 1.0974846578412816 1.0743458890668827 0.8892357388716913 0.426460363383713 -0.19828639352505764 -0.7998943816594294 -1.2395309883730088 -1.4246411385682 -1.3552248322450033 -1.1469759132754132 -1.193253450824211 -1.2858085259218066 -0.9850045318546207 -0.1288700872018609 0.9817908139692869 1.490843727006063 0 
0 1.745370183524451 1.490843727006063 1.236317270487675 1.0280683515180848 1.0280683515180848 1.2131785017132761 1.4214274206828663 1.5833988021036587 1.6759538772012543 1.6528151084268554 1.5371212645548609 1.236317270487675 0.7272643574508989 0.07937883176772931 -0.7073393065618337 -1.2858085259218066 -1.4940574448913968 -1.2858085259218066 -1.0081433006290197 -0.7767556128850305 -0.42967408126904677 0.2413502131885217 1.0743458890668827 1.490843727006063 0 
0 1.7222314147500521 1.4214274206828663 1.0743458890668827 0.8660969700972924 0.8660969700972924 1.0743458890668827 1.3057335768108718 1.4445661894572652 1.513982495780462 1.4677049582316641 1.3288723455852707 1.004929582743686 0.5884317448045054 0.14879513809092604 -0.2908414686226533 -0.7998943816594294 -1.2626697571474077 -1.2395309883730088 -0.892449456757025 -0.4528128500434457 -0.2677026998482544 0.17193390686532498 1.004929582743686 1.3982886519084674 0 
0 1.6759538772012543 1.3288723455852707 0.958652045194888 0.7966806637740956 0.8429582013228935 1.0743458890668827 1.259456039262074 1.3982886519084674 1.4445661894572652 1.3751498831340685 1.2131785017132761 0.8892357388716913 0.47273790093251083 0.03310129421893149 -0.2677026998482544 -0.6842005377874348 -1.0544208381778175 -0.9387269943058228 -0.7536168441106316 -0.1288700872018609 -0.36025777494585004 -0.1288700872018609 0.49587666970690975 0.9817908139692869 0 
0 1.5371212645548609 1.2131785017132761 0.8892357388716913 0.7272643574508989 0.7735418949996967 0.958652045194888 1.1669009641644783 1.3057335768108718 1.3288723455852707 1.236317270487675 1.0974846578412816 0.7966806637740956 0.3801828258349152 -0.03631501210426525 -0.2908414686226533 -0.6842005377874348 -0.892449456757025 -0.6147842314642381 -0.40653531249464786 -0.10573131842746199 -0.36025777494585004 -0.01317624332986634 0.14879513809092604 0.49587666970690975 0 
0 1.4445661894572652 1.1206234266156805 0.8429582013228935 0.7041255886765 0.7041255886765 0.8892357388716913 1.0974846578412816 1.2131785017132761 1.1900397329388772 1.0743458890668827 0.9355132764204891 0.6809868199021011 0.28762775073731955 -0.08259254965306308 -0.2908414686226533 -0.5685066939154403 -0.36025777494585004 -0.17514762475065873 -0.3139802373970522 -0.33711900617145113 -0.2677026998482544 -0.15200885597625982 0.19507267563972389 0.28762775073731955 0 
0 1.4214274206828663 1.1206234266156805 0.8429582013228935 0.6809868199021011 0.6809868199021011 0.8429582013228935 1.0512071202924838 1.1206234266156805 1.0743458890668827 0.9355132764204891 0.7735418949996967 0.5884317448045054 0.2644889819629206 -0.05945378087866417 -0.36025777494585004 -0.5453679251410414 -0.03631501210426525 -0.15200885597625982 -0.22142516229945655 -0.22142516229945655 -0.4759516188178446 -0.33711900617145113 -0.15200885597625982 -0.7304780753362327 0 
0 1.3288723455852707 1.0743458890668827 0.8429582013228935 0.6809868199021011 0.6347092823533033 0.7735418949996967 0.958652045194888 1.0280683515180848 0.958652045194888 0.7966806637740956 0.6578480511277022 0.5190154384813087 0.2413502131885217 -0.05945378087866417 -0.33711900617145113 -0.5916454626898392 -0.03631501210426525 0.009962525444532574 0.10251760054212823 0.12565636931652713 -0.2908414686226533 -0.3139802373970522 -0.5453679251410414 -1.2626697571474077 0 
0 1.259456039262074 1.0743458890668827 0.9355132764204891 0.7735418949996967 0.7041255886765 0.7966806637740956 0.958652045194888 0.9817908139692869 0.9123745076460902 0.7966806637740956 0.6578480511277022 0.49587666970690975 0.2644889819629206 0.009962525444532574 -0.4528128500434457 -0.8461719192082272 -0.38339654372024895 -0.15200885597625982 0.10251760054212823 0.17193390686532498 -0.03631501210426525 -0.15200885597625982 -0.5916454626898392 -1.2626697571474077 0 
0 1.3751498831340685 1.2131785017132761 1.0974846578412816 0.958652045194888 0.8660969700972924 0.8892357388716913 1.004929582743686 0.9817908139692869 0.9123745076460902 0.8198194325484945 0.6809868199021011 0.49587666970690975 0.31076651951171846 0.07937883176772931 -0.5685066939154403 -0.637923000238637 0.03310129421893149 -0.10573131842746199 -0.10573131842746199 0.14879513809092604 0.009962525444532574 -0.40653531249464786 -1.0544208381778175 -1.4246411385682 0 
0 1.5602600333292598 1.4214274206828663 1.3057335768108718 1.2131785017132761 1.1206234266156805 1.0974846578412816 1.1437621953900794 1.1206234266156805 0.9817908139692869 0.8660969700972924 0.7966806637740956 0.6347092823533033 0.4495991321581119 -0.1288700872018609 -0.892449456757025 -0.637923000238637 -0.3139802373970522 -0.892449456757025 -0.9387269943058228 -0.3139802373970522 -0.3139802373970522 -0.7998943816594294 -1.2626697571474077 -1.5171962136657957 0 
0 1.8147864898476478 1.6990926459756532 1.6065375708780576 1.513982495780462 1.4445661894572652 1.3982886519084674 1.3520111143596696 1.2825948080364729 1.1206234266156805 1.004929582743686 0.958652045194888 0.8660969700972924 0.5421542072557076 -0.42967408126904677 -1.193253450824211 -0.9387269943058228 -0.7536168441106316 -0.9155882255314239 -0.9618657630802218 -0.9618657630802218 -1.0544208381778175 -1.193253450824211 -1.3089472946962055 -1.0312820694034186 0 
0 1.9536191024940412 1.8842027961708445 1.8147864898476478 1.745370183524451 1.6528151084268554 1.5602600333292598 1.4677049582316641 1.3751498831340685 1.1900397329388772 1.0512071202924838 1.004929582743686 0.8892357388716913 0.3339052882861174 -0.7767556128850305 -1.3552248322450033 -1.5171962136657957 -1.3320860634706044 -1.193253450824211 -0.9850045318546207 -1.2858085259218066 -1.5403349824401946 -1.4940574448913968 -1.2858085259218066 -0.3139802373970522 0 
0 2.023035408817238 1.9536191024940412 1.9073415649452434 1.8379252586220467 1.7222314147500521 1.6296763396524565 1.490843727006063 1.3751498831340685 1.236317270487675 1.0974846578412816 1.004929582743686 0.5884317448045054 -0.5916454626898392 -1.4015023697938012 -1.3552248322450033 -1.3783636010194023 -1.3552248322450033 -1.0312820694034186 -1.170114682049812 -1.3089472946962055 -1.5403349824401946 -1.5403349824401946 -1.193253450824211 -0.17514762475065873 0 
0 2.1387292526892328 2.092451715140435 2.046174177591637 1.9767578712684402 1.8842027961708445 1.7916477210732489 1.6759538772012543 1.490843727006063 1.3982886519084674 1.1900397329388772 0.7966806637740956 0.10251760054212823 -0.9155882255314239 -1.1469759132754132 -0.8693106879826261 -1.1469759132754132 -1.2626697571474077 -1.0775596069522164 -1.3089472946962055 -1.5866125199889924 -1.7485839014097848 -1.7717226701841837 -1.5403349824401946 -0.5685066939154403 0 
0 2.1850067902380306 2.1850067902380306 2.1850067902380306 2.1850067902380306 2.1618680214636314 2.1387292526892328 2.046174177591637 1.8842027961708445 1.6296763396524565 1.1669009641644783 0.4033215946093141 -0.6610617690130359 -0.9618657630802218 -0.7767556128850305 -0.7304780753362327 -1.1469759132754132 -1.170114682049812 -1.2395309883730088 -1.4246411385682 -1.4940574448913968 -1.679167595086588 -1.8180002077329815 -1.7485839014097848 -1.0312820694034186 0 
0 2.1155904839148336 2.1618680214636314 2.1618680214636314 2.1850067902380306 2.254423096561227 2.300700634110025 2.254423096561227 2.1155904839148336 1.6759538772012543 0.7966806637740956 -0.24456393107385546 -0.9387269943058228 -0.7073393065618337 -0.4759516188178446 -0.6147842314642381 -0.8230331504338283 -1.0775596069522164 -1.2163922195986099 -1.4246411385682 -1.5171962136657957 -1.7948614389585826 -1.8411389765073805 -1.7948614389585826 -1.3783636010194023 0 
0 1.7916477210732489 1.8842027961708445 1.9304803337196423 1.999896640042839 2.1387292526892328 2.2081455590124293 2.2312843277868284 2.069312946366036 1.236317270487675 -0.01317624332986634 -0.9850045318546207 -1.0081433006290197 -0.5685066939154403 -0.4759516188178446 -0.5916454626898392 -0.6610617690130359 -0.8461719192082272 -1.0312820694034186 -0.9155882255314239 -0.9850045318546207 -1.702306363860987 -1.8411389765073805 -1.6560288263121892 -1.3783636010194023 0 
0 0 0 0 0 0 0 0 0 0 0 0 0 0 0 0 0 0 0 0 0 0 0 0 0 0 

0 0 0 0 0 0 0 0 0 0 0 0 0 0 0 0 0 0 0 0 0 0 0 0 0 0 
0 1.3520111143596696 1.1900397329388772 0.9123745076460902 0.6809868199021011 0.5884317448045054 0.7041255886765 0.9123745076460902 1.0280683515180848 0.2413502131885217 -1.1238371445010142 -1.6560288263121892 -1.725445132635386 -1.7485839014097848 -1.6328900575377903 -1.4940574448913968 -1.5403349824401946 -1.702306363860987 -1.8180002077329815 -1.8642777452817794 -1.4015023697938012 -0.5453679251410414 -0.01317624332986634 -0.1288700872018609 -0.9387269943058228 0 
0 1.2825948080364729 1.0743458890668827 0.8198194325484945 0.6115705135789044 0.5652929760301065 0.7041255886765 1.0512071202924838 1.1206234266156805 -0.05945378087866417 -1.1469759132754132 -1.0544208381778175 -1.0544208381778175 -1.193253450824211 -1.193253450824211 -1.1238371445010142 -1.4246411385682 -1.933694051604976 -1.8642777452817794 -1.3783636010194023 -0.892449456757025 -0.03631501210426525 -0.15200885597625982 -0.892449456757025 -0.6147842314642381 0 
0 1.1669009641644783 0.9817908139692869 0.7504031262252978 0.5884317448045054 0.5652929760301065 0.7504031262252978 0.7735418949996967 0.009962525444532574 -0.7073393065618337 -0.7304780753362327 -0.5916454626898392 -0.7304780753362327 -0.7767556128850305 -0.6842005377874348 -0.8461719192082272 -1.1006983757266153 -1.3089472946962055 -1.170114682049812 -0.637923000238637 -0.19828639352505764 0.14879513809092604 -0.5453679251410414 -1.3089472946962055 -0.9618657630802218 0 
0 1.1206234266156805 0.9355132764204891 0.7272643574508989 0.6578480511277022 0.6115705135789044 0.3801828258349152 -0.5453679251410414 -1.0081433006290197 -0.7998943816594294 -0.5916454626898392 -0.637923000238637 -0.7536168441106316 -0.7767556128850305 -0.7073393065618337 -0.6147842314642381 -0.5222291563666425 -0.4990903875922435 -0.7073393065618337 -0.8230331504338283 -0.6842005377874348 -0.5916454626898392 -0.33711900617145113 -0.7073393065618337 -0.9618657630802218 0 
0 1.1669009641644783 0.9817908139692869 0.6347092823533033 0.19507267563972389 -0.10573131842746199 -0.5916454626898392 -1.2163922195986099 -1.2858085259218066 -1.1006983757266153 -0.892449456757025 -0.892449456757025 -0.892449456757025 -0.8230331504338283 -0.9155882255314239 -0.8461719192082272 -0.8230331504338283 -1.0312820694034186 -1.2858085259218066 -1.470918676116998 -1.447779907342599 -0.8693106879826261 -0.03631501210426525 0.0562400629933304 0.03310129421893149 0 
0 1.259456039262074 1.0512071202924838 0.17193390686532498 -0.7073393065618337 -0.892449456757025 -1.1238371445010142 -1.1238371445010142 -1.1006983757266153 -0.892449456757025 -0.892449456757025 -1.1238371445010142 -1.2395309883730088 -1.0775596069522164 -0.9387269943058228 -0.7767556128850305 -0.892449456757025 -1.2163922195986099 -1.447779907342599 -1.5403349824401946 -1.4015023697938012 -0.9850045318546207 -0.33711900617145113 0.4495991321581119 1.1206234266156805 0 
0 1.3520111143596696 1.1206234266156805 0.6578480511277022 0.19507267563972389 0.12565636931652713 0.2182114444141228 0.3801828258349152 0.6347092823533033 0.8429582013228935 0.7966806637740956 0.5884317448045054 0.14879513809092604 -0.4528128500434457 -1.0312820694034186 -1.447779907342599 -1.5866125199889924 -1.470918676116998 -1.2395309883730088 -1.2626697571474077 -1.3089472946962055 -1.0312820694034186 -0.17514762475065873 0.9355132764204891 1.3982886519084674 0 
0 1.3751498831340685 1.1206234266156805 0.8892357388716913 0.7272643574508989 0.7272643574508989 0.9123745076460902 1.1437621953900794 1.3057335768108718 1.4214274206828663 1.3751498831340685 1.1900397329388772 0.9123745076460902 0.4495991321581119 -0.17514762475065873 -0.9387269943058228 -1.447779907342599 -1.6097512887633914 -1.3320860634706044 -1.0081433006290197 -0.7998943816594294 -0.4528128500434457 0.2182114444141228 1.0512071202924838 1.4677049582316641 0 
0 1.3751498831340685 1.0512071202924838 0.7272643574508989 0.5652929760301065 0.5884317448045054 0.7966806637740956 1.0280683515180848 1.1669009641644783 1.259456039262074 1.1900397329388772 1.004929582743686 0.7041255886765 0.31076651951171846 -0.10573131842746199 -0.4990903875922435 -0.9850045318546207 -1.4015023697938012 -1.2858085259218066 -0.892449456757025 -0.42967408126904677 -0.2677026998482544 0.17193390686532498 1.0280683515180848 1.4214274206828663 0 
0 1.3057335768108718 0.9355132764204891 0.6115705135789044 0.49587666970690975 0.5652929760301065 0.7966806637740956 0.9817908139692869 1.1206234266156805 1.1900397329388772 1.0974846578412816 0.8892357388716913 0.5652929760301065 0.19507267563972389 -0.19828639352505764 -0.4759516188178446 -0.8461719192082272 -1.193253450824211 -0.9618657630802218 -0.7073393065618337 -0.08259254965306308 -0.3139802373970522 -0.08259254965306308 0.5421542072557076 1.004929582743686 0 
0 1.1900397329388772 0.8198194325484945 0.5421542072557076 0.426460363383713 0.49587666970690975 0.6809868199021011 0.9123745076460902 1.0280683515180848 1.0743458890668827 0.958652045194888 0.7735418949996967 0.47273790093251083 0.10251760054212823 -0.2677026998482544 -0.5222291563666425 -0.8461719192082272 -1.0081433006290197 -0.6147842314642381 -0.33711900617145113 -0.03631501210426525 -0.3139802373970522 0.0562400629933304 0.2182114444141228 0.5652929760301065 0 
0 1.0974846578412816 0.7735418949996967 0.49587666970690975 0.3801828258349152 0.3801828258349152 0.5884317448045054 0.7966806637740956 0.8892357388716913 0.8892357388716913 0.7735418949996967 0.6115705135789044 0.3570440570605163 -0.01317624332986634 -0.3139802373970522 -0.4759516188178446 -0.6842005377874348 -0.38339654372024895 -0.05945378087866417 -0.1288700872018609 -0.17514762475065873 -0.10573131842746199 0.03310129421893149 0.3570440570605163 0.4495991321581119 0 
0 1.0743458890668827 0.7735418949996967 0.49587666970690975 0.3339052882861174 0.31076651951171846 0.49587666970690975 0.7041255886765 0.7735418949996967 0.7272643574508989 0.5884317448045054 0.4495991321581119 0.2413502131885217 -0.05945378087866417 -0.3139802373970522 -0.4990903875922435 -0.5916454626898392 0.03310129421893149 0.0562400629933304 0.03310129421893149 0.03310129421893149 -0.24456393107385546 -0.10573131842746199 0.0562400629933304 -0.5222291563666425 0 
0 0.958652045194888 0.7041255886765 0.47273790093251083 0.31076651951171846 0.2644889819629206 0.4033215946093141 0.5884317448045054 0.6578480511277022 0.5884317448045054 0.426460363383713 0.28762775073731955 0.14879513809092604 -0.10573131842746199 -0.3139802373970522 -0.4759516188178446 -0.5916454626898392 0.07937883176772931 0.2413502131885217 0.3570440570605163 0.3570440570605163 -0.10573131842746199 -0.15200885597625982 -0.40653531249464786 -1.170114682049812 0 
0 0.8660969700972924 0.6809868199021011 0.5190154384813087 0.3801828258349152 0.28762775073731955 0.4033215946093141 0.5421542072557076 0.5652929760301065 0.49587666970690975 0.3801828258349152 0.2182114444141228 0.0562400629933304 -0.10573131842746199 -0.2677026998482544 -0.5453679251410414 -0.7767556128850305 -0.19828639352505764 0.12565636931652713 0.3801828258349152 0.3801828258349152 0.12565636931652713 -0.05945378087866417 -0.5685066939154403 -1.2858085259218066 0 
0 0.958652045194888 0.7966806637740956 0.6578480511277022 0.5190154384813087 0.426460363383713 0.47273790093251083 0.5652929760301065 0.5652929760301065 0.47273790093251083 0.3570440570605163 0.19507267563972389 0.009962525444532574 -0.08259254965306308 -0.19828639352505764 -0.637923000238637 -0.5222291563666425 0.31076651951171846 0.2182114444141228 0.2413502131885217 0.4033215946093141 0.17193390686532498 -0.33711900617145113 -1.0544208381778175 -1.4940574448913968 0 
0 1.1206234266156805 0.958652045194888 0.8429582013228935 0.7504031262252978 0.6578480511277022 0.6115705135789044 0.6578480511277022 0.6347092823533033 0.5190154384813087 0.3570440570605163 0.2182114444141228 0.10251760054212823 0.009962525444532574 -0.40653531249464786 -1.0081433006290197 -0.5685066939154403 -0.10573131842746199 -0.637923000238637 -0.6610617690130359 -0.1288700872018609 -0.19828639352505764 -0.7767556128850305 -1.3089472946962055 -1.6560288263121892 0 
0 1.236317270487675 1.1206234266156805 1.0512071202924838 0.9817908139692869 0.9123745076460902 0.8660969700972924 0.8198194325484945 0.7272643574508989 0.5652929760301065 0.3801828258349152 0.2413502131885217 0.2182114444141228 0.07937883176772931 -0.7073393065618337 -1.3320860634706044 -1.0544208381778175 -0.8230331504338283 -0.9618657630802218 -0.9618657630802218 -0.9387269943058228 -1.0081433006290197 -1.170114682049812 -1.3783636010194023 -1.2163922195986099 0 
0 1.3751498831340685 1.2825948080364729 1.236317270487675 1.1669009641644783 1.0743458890668827 0.9817908139692869 0.8892357388716913 0.7735418949996967 0.5884317448045054 0.426460363383713 0.31076651951171846 0.28762775073731955 -0.10573131842746199 -1.0312820694034186 -1.4940574448913968 -1.6560288263121892 -1.470918676116998 -1.3320860634706044 -1.0544208381778175 -1.2858085259218066 -1.4940574448913968 -1.4940574448913968 -1.3552248322450033 -0.4990903875922435 0 
0 1.4445661894572652 1.3751498831340685 1.3288723455852707 1.236317270487675 1.1206234266156805 1.004929582743686 0.8660969700972924 0.7504031262252978 0.6115705135789044 0.47273790093251083 0.426460363383713 0.12565636931652713 -0.9387269943058228 -1.6097512887633914 -1.470918676116998 -1.470918676116998 -1.470918676116998 -1.170114682049812 -1.2626697571474077 -1.3320860634706044 -1.5171962136657957 -1.5403349824401946 -1.3089472946962055 -0.38339654372024895 0 
0 1.5602600333292598 1.5371212645548609 1.4677049582316641 1.3520111143596696 1.259456039262074 1.1669009641644783 1.0512071202924838 0.8660969700972924 0.7272643574508989 0.5652929760301065 0.31076651951171846 -0.24456393107385546 -1.170114682049812 -1.3320860634706044 -0.9850045318546207 -1.2395309883730088 -1.3783636010194023 -1.2395309883730088 -1.447779907342599 -1.6560288263121892 -1.7717226701841837 -1.8411389765073805 -1.679167595086588 -0.8230331504338283 0 
0 1.6296763396524565 1.6296763396524565 1.5833988021036587 1.513982495780462 1.490843727006063 1.4445661894572652 1.3520111143596696 1.1900397329388772 0.9123745076460902 0.5421542072557076 -0.03631501210426525 -0.9618657630802218 -1.193253450824211 -0.9387269943058228 -0.8461719192082272 -1.2626697571474077 -1.3089472946962055 -1.447779907342599 -1.6097512887633914 -1.6097512887633914 -1.725445132635386 -1.9105552828305772 -1.933694051604976 -1.3089472946962055 0 
0 1.4677049582316641 1.490843727006063 1.513982495780462 1.5371212645548609 1.5602600333292598 1.5602600333292598 1.490843727006063 1.3751498831340685 0.9817908139692869 0.2182114444141228 -0.5916454626898392 -1.170114682049812 -0.9155882255314239 -0.6610617690130359 -0.7767556128850305 -1.0081433006290197 -1.2858085259218066 -1.4015023697938012 -1.5634737512145935 -1.6328900575377903 -1.8874165140561783 -1.956832820379375 -1.956832820379375 -1.5634737512145935 0 
0 1.1206234266156805 1.1900397329388772 1.2825948080364729 1.3520111143596696 1.4214274206828663 1.4445661894572652 1.4677049582316641 1.3751498831340685 0.6115705135789044 -0.4990903875922435 -1.2626697571474077 -1.2163922195986099 -0.7767556128850305 -0.6842005377874348 -0.7998943816594294 -0.892449456757025 -1.0544208381778175 -1.193253450824211 -1.0544208381778175 -1.1006983757266153 -1.8180002077329815 -1.956832820379375 -1.7717226701841837 -1.4940574448913968 0 
0 0 0 0 0 0 0 0 0 0 0 0 0 0 0 0 0 0 0 0 0 0 0 0 0 0 

0 0 0 0 0 0 0 0 0 0 0 0 0 0 0 0 0 0 0 0 0 0 0 0 0 0 
0 1.259456039262074 1.0974846578412816 0.9123745076460902 0.7272643574508989 0.6347092823533033 0.7272643574508989 0.9123745076460902 1.0280683515180848 0.2413502131885217 -1.1469759132754132 -1.6560288263121892 -1.725445132635386 -1.725445132635386 -1.6097512887633914 -1.470918676116998 -1.5171962136657957 -1.6560288263121892 -1.7485839014097848 -1.7948614389585826 -1.3320860634706044 -0.4990903875922435 0.03310129421893149 -0.05945378087866417 -0.8461719192082272 0 
0 1.236317270487675 1.0974846578412816 0.8660969700972924 0.6809868199021011 0.6115705135789044 0.7272643574508989 1.0512071202924838 1.0974846578412816 -0.10573131842746199 -1.2163922195986099 -1.1238371445010142 -1.1006983757266153 -1.2163922195986099 -1.193253450824211 -1.0775596069522164 -1.3783636010194023 -1.8642777452817794 -1.8180002077329815 -1.3320860634706044 -0.8693106879826261 0.03310129421893149 -0.03631501210426525 -0.7304780753362327 -0.42967408126904677 0 
0 1.1206234266156805 0.9817908139692869 0.8198194325484945 0.6809868199021011 0.6578480511277022 0.8429582013228935 0.8198194325484945 0.03310129421893149 -0.6842005377874348 -0.7304780753362327 -0.5453679251410414 -0.637923000238637 -0.6842005377874348 -0.5685066939154403 -0.7073393065618337 -0.9618657630802218 -1.1469759132754132 -1.0775596069522164 -0.5916454626898392 -0.15200885597625982 0.19507267563972389 -0.4528128500434457 -1.1469759132754132 -0.7767556128850305 0 
0 1.0743458890668827 0.9355132764204891 0.7966806637740956 0.7504031262252978 0.7041255886765 0.49587666970690975 -0.4528128500434457 -0.9387269943058228 -0.7304780753362327 -0.5222291563666425 -0.5222291563666425 -0.5916454626898392 -0.6147842314642381 -0.5222291563666425 -0.4528128500434457 -0.3139802373970522 -0.3139802373970522 -0.6147842314642381 -0.7767556128850305 -0.637923000238637 -0.5222291563666425 -0.22142516229945655 -0.5685066939154403 -0.7767556128850305 0 
0 1.0974846578412816 0.9817908139692869 0.7272643574508989 0.3339052882861174 0.03310129421893149 -0.4528128500434457 -1.0775596069522164 -1.1469759132754132 -0.9850045318546207 -0.7767556128850305 -0.7998943816594294 -0.7998943816594294 -0.7536168441106316 -0.8230331504338283 -0.7536168441106316 -0.7536168441106316 -0.9387269943058228 -1.2395309883730088 -1.4246411385682 -1.4015023697938012 -0.7998943816594294 0.07937883176772931 0.2182114444141228 0.2182114444141228 0 
0 1.2131785017132761 1.0743458890668827 0.2644889819629206 -0.5685066939154403 -0.7536168441106316 -0.9850045318546207 -0.9850045318546207 -0.9387269943058228 -0.7304780753362327 -0.7767556128850305 -1.0775596069522164 -1.2395309883730088 -1.0775596069522164 -0.9387269943058228 -0.7998943816594294 -0.9155882255314239 -1.2395309883730088 -1.447779907342599 -1.470918676116998 -1.3552248322450033 -0.9155882255314239 -0.22142516229945655 0.5884317448045054 1.2825948080364729 0 
0 1.3288723455852707 1.1669009641644783 0.7735418949996967 0.31076651951171846 0.2413502131885217 0.28762775073731955 0.426460363383713 0.6578480511277022 0.8429582013228935 0.8198194325484945 0.6347092823533033 0.17193390686532498 -0.42967408126904677 -1.0312820694034186 -1.447779907342599 -1.5866125199889924 -1.4940574448913968 -1.193253450824211 -1.170114682049812 -1.2395309883730088 -0.9387269943058228 -0.08259254965306308 1.0280683515180848 1.513982495780462 0 
0 1.3751498831340685 1.1900397329388772 1.0280683515180848 0.8429582013228935 0.8198194325484945 0.9817908139692869 1.1669009641644783 1.3057335768108718 1.3751498831340685 1.3520111143596696 1.259456039262074 0.9817908139692869 0.49587666970690975 -0.1288700872018609 -0.9155882255314239 -1.447779907342599 -1.6097512887633914 -1.2626697571474077 -0.892449456757025 -0.6842005377874348 -0.3139802373970522 0.3339052882861174 1.1669009641644783 1.6065375708780576 0 
0 1.3520111143596696 1.1206234266156805 0.8660969700972924 0.7041255886765 0.6809868199021011 0.8660969700972924 1.0512071202924838 1.1669009641644783 1.2131785017132761 1.1900397329388772 1.0512071202924838 0.7504031262252978 0.3570440570605163 -0.05945378087866417 -0.4759516188178446 -0.9618657630802218 -1.3783636010194023 -1.1469759132754132 -0.6842005377874348 -0.24456393107385546 -0.05945378087866417 0.3801828258349152 1.236317270487675 1.6065375708780576 0 
0 1.3057335768108718 1.004929582743686 0.7504031262252978 0.6115705135789044 0.6578480511277022 0.8429582013228935 1.004929582743686 1.1206234266156805 1.1437621953900794 1.0743458890668827 0.9355132764204891 0.6347092823533033 0.2413502131885217 -0.17514762475065873 -0.4528128500434457 -0.8230331504338283 -1.170114682049812 -0.7767556128850305 -0.40653531249464786 0.2182114444141228 -0.03631501210426525 0.19507267563972389 0.8429582013228935 1.2825948080364729 0 
0 1.1669009641644783 0.8892357388716913 0.6809868199021011 0.5652929760301065 0.5884317448045054 0.7504031262252978 0.9123745076460902 1.0280683515180848 1.0280683515180848 0.958652045194888 0.8198194325484945 0.5421542072557076 0.14879513809092604 -0.24456393107385546 -0.4990903875922435 -0.8461719192082272 -0.9850045318546207 -0.38339654372024895 0.03310129421893149 0.31076651951171846 0.03310129421893149 0.4033215946093141 0.5652929760301065 0.9123745076460902 0 
0 1.0974846578412816 0.7966806637740956 0.5884317448045054 0.49587666970690975 0.49587666970690975 0.6809868199021011 0.8660969700972924 0.958652045194888 0.9123745076460902 0.8198194325484945 0.6809868199021011 0.3801828258349152 -0.03631501210426525 -0.36025777494585004 -0.4759516188178446 -0.5685066939154403 -0.19828639352505764 0.28762775073731955 0.28762775073731955 0.2413502131885217 0.28762775073731955 0.3801828258349152 0.7041255886765 0.7504031262252978 0 
0 1.0743458890668827 0.7735418949996967 0.5190154384813087 0.4033215946093141 0.3801828258349152 0.5652929760301065 0.7735418949996967 0.8429582013228935 0.7966806637740956 0.6578480511277022 0.5190154384813087 0.2413502131885217 -0.17514762475065873 -0.42967408126904677 -0.4990903875922435 -0.40653531249464786 0.4033215946093141 0.5652929760301065 0.5652929760301065 0.5190154384813087 0.19507267563972389 0.2644889819629206 0.3801828258349152 -0.24456393107385546 0 
0 0.9817908139692869 0.7272643574508989 0.49587666970690975 0.31076651951171846 0.2644889819629206 0.426460363383713 0.6115705135789044 0.6578480511277022 0.5884317448045054 0.4495991321581119 0.31076651951171846 0.10251760054212823 -0.22142516229945655 -0.42967408126904677 -0.4528128500434457 -0.38339654372024895 0.49587666970690975 0.8429582013228935 1.004929582743686 0.958652045194888 0.426460363383713 0.31076651951171846 0.009962525444532574 -0.8230331504338283 0 
0 0.8429582013228935 0.6578480511277022 0.49587666970690975 0.31076651951171846 0.2413502131885217 0.3339052882861174 0.49587666970690975 0.5190154384813087 0.4495991321581119 0.3339052882861174 0.17193390686532498 -0.03631501210426525 -0.2677026998482544 -0.38339654372024895 -0.5222291563666425 -0.5222291563666425 0.28762775073731955 0.7735418949996967 1.0743458890668827 1.004929582743686 0.6809868199021011 0.3801828258349152 -0.19828639352505764 -0.9850045318546207 0 
0 0.7735418949996967 0.6115705135789044 0.49587666970690975 0.3801828258349152 0.28762775073731955 0.3339052882861174 0.426460363383713 0.426460363383713 0.3339052882861174 0.2413502131885217 0.10251760054212823 -0.1288700872018609 -0.2677026998482544 -0.3139802373970522 -0.5916454626898392 -0.22142516229945655 0.8198194325484945 0.8429582013228935 0.8429582013228935 0.9355132764204891 0.5884317448045054 -0.03631501210426525 -0.8693106879826261 -1.3783636010194023 0 
0 0.7735418949996967 0.6115705135789044 0.5421542072557076 0.49587666970690975 0.426460363383713 0.4033215946093141 0.4495991321581119 0.4495991321581119 0.31076651951171846 0.19507267563972389 0.10251760054212823 -0.03631501210426525 -0.17514762475065873 -0.5222291563666425 -0.9155882255314239 -0.2677026998482544 0.3801828258349152 -0.08259254965306308 -0.15200885597625982 0.28762775073731955 0.12565636931652713 -0.5685066939154403 -1.2163922195986099 -1.6328900575377903 0 
0 0.8429582013228935 0.7272643574508989 0.6809868199021011 0.6347092823533033 0.5884317448045054 0.5421542072557076 0.5421542072557076 0.49587666970690975 0.3570440570605163 0.19507267563972389 0.07937883176772931 0.0562400629933304 -0.05945378087866417 -0.7998943816594294 -1.2626697571474077 -0.7998943816594294 -0.4528128500434457 -0.5453679251410414 -0.5916454626898392 -0.637923000238637 -0.7767556128850305 -1.0312820694034186 -1.2858085259218066 -1.1469759132754132 0 
0 0.9355132764204891 0.8429582013228935 0.7966806637740956 0.7504031262252978 0.6578480511277022 0.6115705135789044 0.5652929760301065 0.49587666970690975 0.3339052882861174 0.17193390686532498 0.03310129421893149 0.03310129421893149 -0.3139802373970522 -1.1469759132754132 -1.5171962136657957 -1.5403349824401946 -1.2858085259218066 -1.1006983757266153 -0.8461719192082272 -1.170114682049812 -1.447779907342599 -1.5171962136657957 -1.4015023697938012 -0.5685066939154403 0 
0 0.9355132764204891 0.8660969700972924 0.8198194325484945 0.7272643574508989 0.6347092823533033 0.5652929760301065 0.47273790093251083 0.3801828258349152 0.2644889819629206 0.12565636931652713 0.03310129421893149 -0.22142516229945655 -1.170114682049812 -1.725445132635386 -1.5403349824401946 -1.5403349824401946 -1.4940574448913968 -1.1238371445010142 -1.2163922195986099 -1.3552248322450033 -1.6328900575377903 -1.725445132635386 -1.5171962136657957 -0.637923000238637 0 
0 1.0280683515180848 0.9817908139692869 0.8892357388716913 0.7735418949996967 0.6809868199021011 0.6347092823533033 0.5421542072557076 0.4033215946093141 0.31076651951171846 0.14879513809092604 -0.08259254965306308 -0.5453679251410414 -1.2858085259218066 -1.3552248322450033 -1.0081433006290197 -1.3320860634706044 -1.4940574448913968 -1.2858085259218066 -1.447779907342599 -1.725445132635386 -1.9105552828305772 -2.0493878954769706 -1.933694051604976 -1.1006983757266153 0 
0 1.0280683515180848 1.0280683515180848 0.958652045194888 0.8660969700972924 0.8429582013228935 0.8660969700972924 0.7966806637740956 0.6809868199021011 0.4495991321581119 0.12565636931652713 -0.36025777494585004 -1.1238371445010142 -1.170114682049812 -0.7998943816594294 -0.7304780753362327 -1.2626697571474077 -1.4246411385682 -1.447779907342599 -1.5634737512145935 -1.6328900575377903 -1.8411389765073805 -2.0725266642513698 -2.1419429705745663 -1.5403349824401946 0 
0 0.8429582013228935 0.8660969700972924 0.8429582013228935 0.8198194325484945 0.8198194325484945 0.8198194325484945 0.8429582013228935 0.8198194325484945 0.49587666970690975 -0.1288700872018609 -0.7304780753362327 -1.170114682049812 -0.8230331504338283 -0.5453679251410414 -0.6610617690130359 -0.9618657630802218 -1.2858085259218066 -1.4015023697938012 -1.5634737512145935 -1.679167595086588 -1.979971589153774 -2.0956654330257685 -2.1188042018001676 -1.7717226701841837 0 
0 0.49587666970690975 0.5884317448045054 0.6347092823533033 0.6578480511277022 0.7041255886765 0.7272643574508989 0.7966806637740956 0.7966806637740956 0.17193390686532498 -0.7536168441106316 -1.2858085259218066 -1.1238371445010142 -0.7304780753362327 -0.6147842314642381 -0.7304780753362327 -0.7998943816594294 -0.9850045318546207 -1.1469759132754132 -1.0775596069522164 -1.1469759132754132 -1.8874165140561783 -2.0493878954769706 -1.9105552828305772 -1.6560288263121892 0 
0 0 0 0 0 0 0 0 0 0 0 0 0 0 0 0 0 0 0 0 0 0 0 0 0 0 

