0 0 0 0 0 0 0 0 0 0 0 0 0 0 0 0 0 0 0 0 0 0 0 0 0 0 
0 -0.553749332537426 -0.5330408068459794 -0.5330408068459794 -0.5330408068459794 -0.5330408068459794 -0.5123322811545328 -0.5330408068459794 -0.5330408068459794 -0.5123322811545328 -0.49162375546308623 -0.49162375546308623 -0.5123322811545328 -0.5330408068459794 -0.5330408068459794 -0.5123322811545328 -0.49162375546308623 -0.5330408068459794 -0.5123322811545328 -0.5330408068459794 -0.553749332537426 -0.5744578582288725 -0.6365834353032123 -0.698709012377552 -0.20170439578283414 0 
0 -0.5330408068459794 -0.553749332537426 -0.5330408068459794 -0.5330408068459794 -0.5330408068459794 -0.5330408068459794 -0.5330408068459794 -0.5123322811545328 -0.5123322811545328 -0.49162375546308623 -0.47091522977163963 -0.49162375546308623 -0.5330408068459794 -0.553749332537426 -0.553749332537426 -0.5123322811545328 -0.6158749096117657 -0.553749332537426 -0.47091522977163963 -0.49162375546308623 -0.5330408068459794 -0.5951663839203192 -0.6158749096117657 0.8130133630980482 0 
0 -0.5330408068459794 -0.5330408068459794 -0.5123322811545328 -0.5123322811545328 -0.5123322811545328 -0.5123322811545328 -0.5123322811545328 -0.5123322811545328 -0.5123322811545328 -0.5123322811545328 -0.553749332537426 -0.5330408068459794 -0.38808112700585334 -0.2224129214742807 -0.20170439578283414 -0.26382997285717386 -0.5744578582288725 -0.5744578582288725 -0.553749332537426 -0.5744578582288725 -0.5951663839203192 -0.6572919609946588 -0.11887029301704782 1.848439647670377 0 
0 -0.5123322811545328 -0.5123322811545328 -0.5123322811545328 -0.49162375546308623 -0.49162375546308623 -0.49162375546308623 -0.49162375546308623 -0.49162375546308623 -0.49162375546308623 -0.5123322811545328 -0.4502067040801931 0.02608938682307822 0.5852195804921358 0.8751389401723879 1.020098620012514 0.7508877860237084 -0.24312144716572728 -0.5123322811545328 -0.5330408068459794 -0.5330408068459794 -0.553749332537426 -0.40878965269729994 1.0408071457039605 2.1797760587335224 0 
0 -0.5123322811545328 -0.49162375546308623 -0.49162375546308623 -0.5123322811545328 -0.49162375546308623 -0.47091522977163963 -0.4502067040801931 -0.40878965269729994 -0.40878965269729994 -0.36737260131440674 0.10892348958886452 1.2478924026184264 1.662062916447358 1.6827714421388045 1.599937339373018 1.020098620012514 -0.24312144716572728 -0.49162375546308623 -0.28453849854862046 -0.18099587009138757 -0.160287344399941 0.46096842634345636 2.0141078532019496 2.1383590073506293 0 
0 -0.5123322811545328 -0.49162375546308623 -0.49162375546308623 -0.47091522977163963 -0.47091522977163963 -0.49162375546308623 -0.47091522977163963 -0.40878965269729994 -0.36737260131440674 -0.40878965269729994 0.6680536832579221 1.8277311219789305 1.9312737504361634 1.8277311219789305 1.7656055449045909 1.4342691338414455 0.8751389401723879 0.9786815686296209 1.2893094540013195 1.4963947109157854 1.5792288136815715 1.8277311219789305 2.2004845844249687 2.2004845844249687 0 
0 -0.5330408068459794 -0.4502067040801931 -0.4294981783887465 -0.40878965269729994 -0.30524702424006706 -0.1395788187084944 0.2538831694289906 0.6680536832579221 0.3367172721947769 0.2538831694289906 1.413560608149999 2.1176504816591826 2.1590675330420757 2.1383590073506293 2.1383590073506293 2.1383590073506293 2.1590675330420757 2.2004845844249687 2.2004845844249687 1.993399327510503 1.454977659532892 1.6827714421388045 1.310017979692766 0.02608938682307822 0 
0 -0.47091522977163963 -0.47091522977163963 -0.5123322811545328 -0.553749332537426 -0.36737260131440674 -0.11887029301704782 0.9372645172467277 2.1383590073506293 2.0141078532019496 2.0969419559677362 2.1797760587335224 2.1176504816591826 2.1383590073506293 2.2004845844249687 2.2004845844249687 2.2004845844249687 2.0555249045848427 1.4963947109157854 0.6059281061835824 -0.47091522977163963 -1.2578392060466097 -1.0093368977492507 -1.9826376052472399 -2.479642221841958 0 
0 -0.4502067040801931 -0.4502067040801931 -0.49162375546308623 -0.5330408068459794 -0.26382997285717386 -0.11887029301704782 1.061515671395407 1.9312737504361634 0.6473451575664756 0.2124661180460974 1.558520287990125 2.2004845844249687 2.2004845844249687 2.1590675330420757 1.7656055449045909 1.0408071457039605 -0.2224129214742807 -1.0507539491321438 -1.7341352969498809 -2.210431387853152 -2.231139913544599 -1.8583864510985604 -1.6513011941840947 -0.9679198463663575 0 
0 -0.3466640756229602 -0.4502067040801931 -0.160287344399941 0.5645110548006893 0.19175759235465084 0.17104906666320427 0.6680536832579221 0.9579730429381742 -1.3406733088123959 -1.1128795262064837 1.6413543907559114 2.2004845844249687 1.3928520824585524 0.2124661180460974 -1.2578392060466097 -1.7134267712584343 -2.106888759395919 -2.106888759395919 -1.9619290795557933 -1.8376779254071138 -1.0507539491321438 -0.4502067040801931 -0.36737260131440674 -0.5330408068459794 0 
0 -0.7815431151433383 -0.9679198463663575 0.6473451575664756 1.9726908018190565 -0.2224129214742807 -1.5063415143439685 -0.09816176732560125 1.558520287990125 1.020098620012514 0.8130133630980482 0.3988428492691166 -0.6158749096117657 -1.8376779254071138 -2.624601901682084 -2.9352297870537822 -2.5417677989162977 -2.1897228621617058 -2.024054656630133 -1.3613818345038424 -0.7401260637604452 -0.47091522977163963 -0.47091522977163963 -0.49162375546308623 -0.49162375546308623 0 
0 0.3781343235776701 1.2271838769269798 1.993399327510503 2.1797760587335224 1.3928520824585524 0.7923048374066016 1.1443497741611934 0.48167695203490296 -0.6365834353032123 -1.6513011941840947 -2.231139913544599 -2.5417677989162977 -2.6867274787564237 -2.873104209979443 -2.76956158152221 -2.106888759395919 -1.2164221546637164 -0.6365834353032123 -0.36737260131440674 -0.38808112700585334 -0.4502067040801931 -0.47091522977163963 -0.47091522977163963 -0.47091522977163963 0 
0 2.2004845844249687 2.2004845844249687 1.7863140705960374 0.8544304144809414 0.29530022081188373 -0.3466640756229602 -1.1957136289722698 -1.8169693997156673 -2.376099593384725 -2.624601901682084 -2.5417677989162977 -2.479642221841958 -2.396808119076171 -2.024054656630133 -1.2992562574295028 -0.5951663839203192 -0.3259555499315136 -0.3466640756229602 -0.36737260131440674 -0.36737260131440674 -0.36737260131440674 -0.38808112700585334 -0.4502067040801931 -0.49162375546308623 0 
0 0.5852195804921358 -0.36737260131440674 -1.2578392060466097 -1.879094976790007 -1.5684670914183083 -0.5330408068459794 -0.015327664559814937 0.2124661180460974 -0.2224129214742807 -0.843668692217678 -1.4235074115781823 -1.775552348332774 -1.237130680355163 -0.6572919609946588 -0.38808112700585334 -0.36737260131440674 -0.40878965269729994 -0.40878965269729994 -0.38808112700585334 -0.38808112700585334 -0.40878965269729994 -0.40878965269729994 -0.4502067040801931 -0.49162375546308623 0 
0 -2.417516644767618 -2.728144530139317 -3.0801894668939087 -2.666018953064977 -0.24312144716572728 1.3721435567671059 1.4342691338414455 1.2478924026184264 0.9579730429381742 0.9372645172467277 0.48167695203490296 -0.20170439578283414 -0.3466640756229602 -0.38808112700585334 -0.38808112700585334 -0.36737260131440674 -0.36737260131440674 -0.36737260131440674 -0.38808112700585334 -0.38808112700585334 -0.40878965269729994 -0.40878965269729994 -0.4502067040801931 -0.49162375546308623 0 
0 -2.8316871585965497 -2.76956158152221 -2.6867274787564237 -0.947211320674911 1.454977659532892 1.8898566990532701 1.703479967830251 1.599937339373018 1.061515671395407 0.5230940034177961 0.1503405409717577 -0.18099587009138757 -0.4294981783887465 -0.26382997285717386 -0.26382997285717386 -0.3466640756229602 -0.3466640756229602 -0.3466640756229602 -0.36737260131440674 -0.36737260131440674 -0.38808112700585334 -0.40878965269729994 -0.4502067040801931 -0.47091522977163963 0 
0 -2.086180233704473 -1.8169693997156673 -0.6780004866861055 1.4756861852243386 1.95198227612761 1.5792288136815715 1.7863140705960374 1.6206458650644648 0.2538831694289906 -0.160287344399941 -0.26382997285717386 -0.30524702424006706 -0.30524702424006706 -0.2224129214742807 -0.28453849854862046 -0.3259555499315136 -0.3259555499315136 -0.3259555499315136 -0.36737260131440674 -0.36737260131440674 -0.38808112700585334 -0.38808112700585334 -0.4294981783887465 -0.47091522977163963 0 
0 -0.40878965269729994 0.44025990065200976 1.4963947109157854 1.6206458650644648 1.413560608149999 1.2271838769269798 0.6887622089493687 -1.0300454234406973 -1.3613818345038424 -0.18099587009138757 -0.28453849854862046 -0.2224129214742807 -0.2224129214742807 -0.3259555499315136 -0.3259555499315136 -0.30524702424006706 -0.30524702424006706 -0.30524702424006706 -0.3466640756229602 -0.36737260131440674 -0.36737260131440674 -0.38808112700585334 -0.40878965269729994 -0.4502067040801931 0 
0 0.6680536832579221 1.517103236607232 1.4756861852243386 1.206475351235533 1.310017979692766 0.5230940034177961 -1.485632988652522 -1.5063415143439685 -0.6158749096117657 -0.20170439578283414 -0.2224129214742807 -0.24312144716572728 -0.24312144716572728 -0.26382997285717386 -0.30524702424006706 -0.30524702424006706 -0.3259555499315136 -0.3259555499315136 -0.3259555499315136 -0.3259555499315136 -0.3466640756229602 -0.36737260131440674 -0.40878965269729994 -0.40878965269729994 0 
0 1.6827714421388045 1.5378117622986784 0.8958474658638345 1.123641248469747 1.662062916447358 0.1503405409717577 -1.5477585657268618 -0.30524702424006706 -0.2224129214742807 -0.26382997285717386 -0.2224129214742807 -0.24312144716572728 -0.24312144716572728 -0.24312144716572728 -0.28453849854862046 -0.30524702424006706 -0.3259555499315136 -0.3259555499315136 -0.3259555499315136 -0.3259555499315136 -0.3466640756229602 -0.3466640756229602 -0.40878965269729994 -0.40878965269729994 0 
0 0.6059281061835824 0.2124661180460974 -0.11887029301704782 0.7301792603322619 0.8130133630980482 -0.9265027949834643 -0.8229601665262315 -0.28453849854862046 -0.3466640756229602 -0.24312144716572728 -0.2224129214742807 -0.24312144716572728 -0.24312144716572728 -0.24312144716572728 -0.28453849854862046 -0.30524702424006706 -0.30524702424006706 -0.3259555499315136 -0.3259555499315136 -0.3259555499315136 -0.3466640756229602 -0.3466640756229602 -0.38808112700585334 -0.40878965269729994 0 
0 -0.26382997285717386 -0.26382997285717386 -0.3259555499315136 -0.38808112700585334 -1.6513011941840947 -1.7341352969498809 -0.3466640756229602 -0.26382997285717386 -0.28453849854862046 -0.24312144716572728 -0.2224129214742807 -0.24312144716572728 -0.24312144716572728 -0.24312144716572728 -0.26382997285717386 -0.28453849854862046 -0.30524702424006706 -0.30524702424006706 -0.3259555499315136 -0.3259555499315136 -0.3466640756229602 -0.3466640756229602 -0.36737260131440674 -0.40878965269729994 0 
0 -0.24312144716572728 -0.2224129214742807 -0.28453849854862046 -0.3466640756229602 -1.0300454234406973 -0.7401260637604452 -0.24312144716572728 -0.2224129214742807 -0.2224129214742807 -0.24312144716572728 -0.24312144716572728 -0.24312144716572728 -0.24312144716572728 -0.24312144716572728 -0.26382997285717386 -0.28453849854862046 -0.30524702424006706 -0.30524702424006706 -0.3259555499315136 -0.3259555499315136 -0.3466640756229602 -0.3466640756229602 -0.36737260131440674 -0.40878965269729994 0 
0 -0.3259555499315136 -0.3259555499315136 -0.30524702424006706 -0.24312144716572728 -0.2224129214742807 -0.18099587009138757 -0.160287344399941 -0.18099587009138757 -0.20170439578283414 -0.2224129214742807 -0.24312144716572728 -0.24312144716572728 -0.24312144716572728 -0.24312144716572728 -0.26382997285717386 -0.28453849854862046 -0.30524702424006706 -0.30524702424006706 -0.3259555499315136 -0.3259555499315136 -0.3466640756229602 -0.3466640756229602 -0.38808112700585334 -0.40878965269729994 0 
0 0 0 0 0 0 0 0 0 0 0 0 0 0 0 0 0 0 0 0 0 0 0 0 0 0 

0 0 0 0 0 0 0 0 0 0 0 0 0 0 0 0 0 0 0 0 0 0 0 0 0 0 
0 0.17104906666320427 0.19175759235465084 0.19175759235465084 0.19175759235465084 0.19175759235465084 0.2124661180460974 0.2124661180460974 0.19175759235465084 0.2124661180460974 0.2124661180460974 0.17104906666320427 0.17104906666320427 0.233174643737544 0.2124661180460974 0.19175759235465084 0.17104906666320427 0.19175759235465084 0.19175759235465084 0.17104906666320427 0.17104906666320427 0.1503405409717577 0.1503405409717577 0.10892348958886452 0.2124661180460974 0 
0 0.19175759235465084 0.17104906666320427 0.19175759235465084 0.19175759235465084 0.19175759235465084 0.19175759235465084 0.2124661180460974 0.2124661180460974 0.2124661180460974 0.2124661180460974 0.17104906666320427 0.2124661180460974 0.233174643737544 0.19175759235465084 0.2124661180460974 0.19175759235465084 0.233174643737544 0.2124661180460974 0.1503405409717577 0.1296320152803111 0.10892348958886452 0.1296320152803111 0.1296320152803111 0.7508877860237084 0 
0 0.19175759235465084 0.19175759235465084 0.2124661180460974 0.2124661180460974 0.2124661180460974 0.2124661180460974 0.2124661180460974 0.2124661180460974 0.233174643737544 0.2538831694289906 0.2538831694289906 0.2124661180460974 0.08821496389741795 0.1296320152803111 0.2538831694289906 0.2538831694289906 0.233174643737544 0.2124661180460974 0.2124661180460974 0.233174643737544 0.19175759235465084 0.1503405409717577 0.3781343235776701 1.268600928309873 0 
0 0.2124661180460974 0.2124661180460974 0.2124661180460974 0.233174643737544 0.233174643737544 0.233174643737544 0.2124661180460974 0.2124661180460974 0.233174643737544 0.2538831694289906 0.1296320152803111 0.2538831694289906 0.46096842634345636 0.5230940034177961 0.5230940034177961 0.5023854777263496 0.2124661180460974 0.1503405409717577 0.19175759235465084 0.2124661180460974 0.17104906666320427 0.17104906666320427 0.9579730429381742 1.4963947109157854 0 
0 0.2124661180460974 0.233174643737544 0.233174643737544 0.2124661180460974 0.233174643737544 0.2538831694289906 0.2538831694289906 0.233174643737544 0.233174643737544 0.2538831694289906 0.233174643737544 0.8337218887894947 0.8751389401723879 0.6473451575664756 0.6059281061835824 0.5438025291092426 0.19175759235465084 0.2124661180460974 0.17104906666320427 0.19175759235465084 0.19175759235465084 0.5645110548006893 1.517103236607232 1.599937339373018 0 
0 0.2124661180460974 0.233174643737544 0.233174643737544 0.233174643737544 0.233174643737544 0.233174643737544 0.233174643737544 0.233174643737544 0.1296320152803111 -0.015327664559814937 0.44025990065200976 0.9579730429381742 0.8130133630980482 0.7508877860237084 0.8337218887894947 0.8130133630980482 0.7923048374066016 0.8544304144809414 0.9165559915552811 1.0408071457039605 1.0822241970868538 1.2478924026184264 1.558520287990125 1.454977659532892 0 
0 0.2538831694289906 0.233174643737544 0.19175759235465084 0.233174643737544 0.2538831694289906 0.3781343235776701 0.46096842634345636 0.6059281061835824 0.2124661180460974 0.1296320152803111 0.8751389401723879 1.2478924026184264 1.2271838769269798 1.310017979692766 1.413560608149999 1.413560608149999 1.4342691338414455 1.4756861852243386 1.4342691338414455 1.123641248469747 0.5852195804921358 0.9165559915552811 0.7715963117151551 -0.49162375546308623 0 
0 0.233174643737544 0.2538831694289906 0.27459169512043713 0.17104906666320427 0.02608938682307822 -0.05674471594270809 0.48167695203490296 1.4342691338414455 1.4342691338414455 1.5378117622986784 1.6206458650644648 1.6206458650644648 1.5378117622986784 1.517103236607232 1.5378117622986784 1.5378117622986784 1.413560608149999 0.9165559915552811 0.19175759235465084 -0.802251640834785 -1.4649244629610754 -1.1335880518979302 -2.024054656630133 -2.231139913544599 0 
0 0.17104906666320427 0.27459169512043713 0.29530022081188373 -0.07745324163415467 -0.20170439578283414 -0.4502067040801931 0.5230940034177961 1.517103236607232 0.2124661180460974 -0.20170439578283414 1.020098620012514 1.599937339373018 1.4756861852243386 1.3721435567671059 0.9993900943210674 0.4195513749605632 -0.6158749096117657 -1.2164221546637164 -1.6098841428012014 -1.9826376052472399 -1.9205120281729 -1.4649244629610754 -1.1750051032808233 -0.28453849854862046 0 
0 0.3574257978862235 0.06750643820597138 0.17104906666320427 0.5645110548006893 -0.07745324163415467 -0.3466640756229602 0.02608938682307822 0.44025990065200976 -1.9205120281729 -1.5270500400354152 0.8751389401723879 1.3307265053842126 0.6680536832579221 -0.3466640756229602 -1.485632988652522 -1.7548438226413274 -2.065471708013026 -1.9205120281729 -1.6720097198755413 -1.485632988652522 -0.6572919609946588 0.02608938682307822 0.31600874650333033 0.2538831694289906 0 
0 -0.36737260131440674 -0.8229601665262315 0.5230940034177961 1.5378117622986784 -0.7401260637604452 -2.0447631823215797 -0.8643772179091246 0.6887622089493687 0.31600874650333033 0.27459169512043713 -0.11887029301704782 -0.9057942692920178 -1.8169693997156673 -2.355391067693278 -2.479642221841958 -2.0033461309386866 -1.7134267712584343 -1.5891756171097549 -0.7401260637604452 -0.036036190251261514 0.2538831694289906 0.2538831694289906 0.17104906666320427 0.17104906666320427 0 
0 0.3367172721947769 1.061515671395407 1.703479967830251 1.744897019213144 0.9165559915552811 0.2538831694289906 0.5645110548006893 0.046797912514524795 -0.843668692217678 -1.6513011941840947 -2.169014336470259 -2.2932654906189387 -2.376099593384725 -2.479642221841958 -2.355391067693278 -1.6513011941840947 -0.698709012377552 -0.07745324163415467 0.2538831694289906 0.27459169512043713 0.233174643737544 0.2124661180460974 0.2124661180460974 0.2124661180460974 0 
0 1.993399327510503 1.95198227612761 1.123641248469747 0.27459169512043713 0.10892348958886452 -0.38808112700585334 -1.237130680355163 -1.6927182455669878 -2.127597285087366 -2.251848439236045 -2.1483058107788127 -2.106888759395919 -2.086180233704473 -1.630592668492648 -0.7815431151433383 -0.015327664559814937 0.31600874650333033 0.3367172721947769 0.233174643737544 0.233174643737544 0.233174643737544 0.233174643737544 0.233174643737544 0.2124661180460974 0 
0 0.2538831694289906 -0.5330408068459794 -1.3820903601952892 -1.8998035024814535 -1.6720097198755413 -0.843668692217678 -0.5744578582288725 -0.4502067040801931 -0.6158749096117657 -0.9265027949834643 -1.3406733088123959 -1.5477585657268618 -0.7194175380689986 0.046797912514524795 0.31600874650333033 0.3367172721947769 0.29530022081188373 0.27459169512043713 0.2538831694289906 0.2538831694289906 0.233174643737544 0.233174643737544 0.2538831694289906 0.2124661180460974 0 
0 -2.272556964927492 -2.4382251704590647 -2.562476324607744 -2.2932654906189387 -0.6365834353032123 0.48167695203490296 0.3988428492691166 0.17104906666320427 0.005380861131631641 0.10892348958886452 0.06750643820597138 0.02608938682307822 0.3781343235776701 0.3367172721947769 0.2538831694289906 0.27459169512043713 0.29530022081188373 0.29530022081188373 0.2538831694289906 0.2538831694289906 0.233174643737544 0.233174643737544 0.2538831694289906 0.2124661180460974 0 
0 -2.5417677989162977 -2.458933696150511 -2.4382251704590647 -1.1750051032808233 0.5852195804921358 0.7508877860237084 0.6059281061835824 0.5852195804921358 0.3574257978862235 -0.036036190251261514 0.06750643820597138 0.31600874650333033 0.29530022081188373 0.2538831694289906 0.2538831694289906 0.29530022081188373 0.29530022081188373 0.27459169512043713 0.27459169512043713 0.27459169512043713 0.2538831694289906 0.2538831694289906 0.2538831694289906 0.233174643737544 0 
0 -1.4649244629610754 -1.2785477317380562 -0.7194175380689986 0.7094707346408153 0.9165559915552811 0.48167695203490296 0.6680536832579221 0.6266366318750289 -0.05674471594270809 0.1296320152803111 0.27459169512043713 0.2538831694289906 0.29530022081188373 0.29530022081188373 0.27459169512043713 0.27459169512043713 0.27459169512043713 0.27459169512043713 0.27459169512043713 0.27459169512043713 0.2538831694289906 0.2538831694289906 0.27459169512043713 0.233174643737544 0 
0 0.19175759235465084 0.3367172721947769 0.7301792603322619 0.6887622089493687 0.4195513749605632 0.233174643737544 -0.1395788187084944 -1.4649244629610754 -1.3406733088123959 0.2538831694289906 0.29530022081188373 0.233174643737544 0.27459169512043713 0.3367172721947769 0.29530022081188373 0.27459169512043713 0.27459169512043713 0.27459169512043713 0.27459169512043713 0.27459169512043713 0.2538831694289906 0.2538831694289906 0.27459169512043713 0.2538831694289906 0 
0 0.46096842634345636 0.6680536832579221 0.5438025291092426 0.3367172721947769 0.233174643737544 -0.4502067040801931 -1.9205120281729 -1.3406733088123959 -0.160287344399941 0.29530022081188373 0.27459169512043713 0.29530022081188373 0.29530022081188373 0.29530022081188373 0.29530022081188373 0.29530022081188373 0.27459169512043713 0.27459169512043713 0.27459169512043713 0.27459169512043713 0.2538831694289906 0.2538831694289906 0.233174643737544 0.233174643737544 0 
0 0.9579730429381742 0.8130133630980482 0.44025990065200976 0.4195513749605632 0.31600874650333033 -0.8643772179091246 -1.6513011941840947 0.1503405409717577 0.3988428492691166 0.29530022081188373 0.27459169512043713 0.29530022081188373 0.29530022081188373 0.29530022081188373 0.29530022081188373 0.29530022081188373 0.27459169512043713 0.27459169512043713 0.27459169512043713 0.27459169512043713 0.2538831694289906 0.2538831694289906 0.233174643737544 0.233174643737544 0 
0 0.5645110548006893 0.3988428492691166 0.29530022081188373 0.5023854777263496 -0.28453849854862046 -1.5684670914183083 -0.5330408068459794 0.31600874650333033 0.31600874650333033 0.29530022081188373 0.27459169512043713 0.29530022081188373 0.29530022081188373 0.29530022081188373 0.29530022081188373 0.29530022081188373 0.29530022081188373 0.27459169512043713 0.27459169512043713 0.27459169512043713 0.2538831694289906 0.2538831694289906 0.2538831694289906 0.233174643737544 0 
0 0.19175759235465084 0.233174643737544 0.3367172721947769 -0.09816176732560125 -2.024054656630133 -1.7548438226413274 0.233174643737544 0.3367172721947769 0.31600874650333033 0.29530022081188373 0.29530022081188373 0.29530022081188373 0.29530022081188373 0.29530022081188373 0.31600874650333033 0.31600874650333033 0.29530022081188373 0.29530022081188373 0.27459169512043713 0.27459169512043713 0.2538831694289906 0.2538831694289906 0.2538831694289906 0.233174643737544 0 
0 0.27459169512043713 0.2538831694289906 0.27459169512043713 0.17104906666320427 -0.698709012377552 -0.3259555499315136 0.31600874650333033 0.27459169512043713 0.27459169512043713 0.29530022081188373 0.29530022081188373 0.29530022081188373 0.29530022081188373 0.29530022081188373 0.31600874650333033 0.31600874650333033 0.29530022081188373 0.29530022081188373 0.27459169512043713 0.27459169512043713 0.2538831694289906 0.2538831694289906 0.27459169512043713 0.233174643737544 0 
0 0.27459169512043713 0.29530022081188373 0.31600874650333033 0.29530022081188373 0.3367172721947769 0.29530022081188373 0.27459169512043713 0.27459169512043713 0.27459169512043713 0.29530022081188373 0.29530022081188373 0.31600874650333033 0.31600874650333033 0.31600874650333033 0.31600874650333033 0.31600874650333033 0.29530022081188373 0.29530022081188373 0.27459169512043713 0.27459169512043713 0.2538831694289906 0.2538831694289906 0.2538831694289906 0.2124661180460974 0 
0 0 0 0 0 0 0 0 0 0 0 0 0 0 0 0 0 0 0 0 0 0 0 0 0 0 

0 0 0 0 0 0 0 0 0 0 0 0 0 0 0 0 0 0 0 0 0 0 0 0 0 0 
0 0.7923048374066016 0.8130133630980482 0.8130133630980482 0.8130133630980482 0.8130133630980482 0.8337218887894947 0.8337218887894947 0.8130133630980482 0.8130133630980482 0.8130133630980482 0.8958474658638345 0.8337218887894947 0.7508877860237084 0.8544304144809414 0.8751389401723879 0.8130133630980482 0.8130133630980482 0.7923048374066016 0.7715963117151551 0.7923048374066016 0.8130133630980482 0.7508877860237084 0.8130133630980482 0.44025990065200976 0 
0 0.8130133630980482 0.7923048374066016 0.8130133630980482 0.8130133630980482 0.8130133630980482 0.8130133630980482 0.8337218887894947 0.8337218887894947 0.8130133630980482 0.7923048374066016 0.9165559915552811 0.7715963117151551 0.8130133630980482 0.9993900943210674 0.9579730429381742 0.8544304144809414 0.9372645172467277 0.8130133630980482 0.7508877860237084 0.8130133630980482 0.8130133630980482 0.8337218887894947 0.6266366318750289 -0.05674471594270809 0 
0 0.8130133630980482 0.8130133630980482 0.8337218887894947 0.8337218887894947 0.8337218887894947 0.8337218887894947 0.8337218887894947 0.8337218887894947 0.8751389401723879 0.9165559915552811 0.8337218887894947 0.7301792603322619 0.8751389401723879 0.5852195804921358 0.3574257978862235 0.5023854777263496 0.8337218887894947 0.8544304144809414 0.7715963117151551 0.7715963117151551 0.7301792603322619 0.8130133630980482 0.3574257978862235 -0.7194175380689986 0 
0 0.8337218887894947 0.8337218887894947 0.8337218887894947 0.8544304144809414 0.8544304144809414 0.8544304144809414 0.8544304144809414 0.8544304144809414 0.8958474658638345 0.9786815686296209 0.9579730429381742 0.6473451575664756 0.29530022081188373 -0.18099587009138757 -0.38808112700585334 0.046797912514524795 0.5645110548006893 0.8544304144809414 0.8544304144809414 0.8337218887894947 0.7508877860237084 0.5438025291092426 -0.1395788187084944 -0.9886283720578041 0 
0 0.8337218887894947 0.8544304144809414 0.8544304144809414 0.8337218887894947 0.8544304144809414 0.8544304144809414 0.8751389401723879 0.8958474658638345 0.8544304144809414 0.8751389401723879 0.6266366318750289 0.10892348958886452 -0.47091522977163963 -0.38808112700585334 -0.47091522977163963 -0.18099587009138757 0.3988428492691166 0.7715963117151551 0.6887622089493687 0.6266366318750289 0.5230940034177961 0.3574257978862235 -0.4294981783887465 -0.6158749096117657 0 
0 0.8337218887894947 0.8544304144809414 0.8544304144809414 0.8751389401723879 0.8751389401723879 0.8751389401723879 0.9165559915552811 0.8958474658638345 0.6887622089493687 0.48167695203490296 0.10892348958886452 -0.49162375546308623 -0.6780004866861055 -0.49162375546308623 -0.5330408068459794 -0.38808112700585334 0.005380861131631641 -0.036036190251261514 -0.2224129214742807 -0.26382997285717386 -0.4294981783887465 -0.49162375546308623 -0.4502067040801931 -0.4502067040801931 0 
0 0.8130133630980482 0.8958474658638345 0.9993900943210674 0.8958474658638345 0.8958474658638345 0.9372645172467277 0.6059281061835824 0.29530022081188373 -0.24312144716572728 -0.553749332537426 -0.4294981783887465 -0.49162375546308623 -0.4502067040801931 -0.5123322811545328 -0.6572919609946588 -0.49162375546308623 -0.3259555499315136 -0.553749332537426 -0.553749332537426 -0.6780004866861055 -1.237130680355163 -0.9265027949834643 -0.6572919609946588 -1.5891756171097549 0 
0 0.8544304144809414 0.7923048374066016 0.9165559915552811 0.7094707346408153 0.233174643737544 -0.36737260131440674 -0.5330408068459794 -0.26382997285717386 -0.5951663839203192 -0.47091522977163963 -0.40878965269729994 -0.4294981783887465 -0.5123322811545328 -0.553749332537426 -0.5744578582288725 -0.7194175380689986 -0.8229601665262315 -1.0507539491321438 -1.3613818345038424 -1.8583864510985604 -2.251848439236045 -1.9412205538643468 -2.500350747533404 -2.2932654906189387 0 
0 0.9372645172467277 1.0408071457039605 0.9372645172467277 0.4195513749605632 -0.09816176732560125 -0.9679198463663575 -0.8850857436005712 -0.28453849854862046 -1.1750051032808233 -1.3820903601952892 -0.8850857436005712 -0.698709012377552 -0.6780004866861055 -0.7401260637604452 -0.947211320674911 -1.2992562574295028 -1.8583864510985604 -2.065471708013026 -2.376099593384725 -2.4382251704590647 -2.086180233704473 -1.5684670914183083 -0.9679198463663575 0.17104906666320427 0 
0 1.268600928309873 0.9165559915552811 0.3988428492691166 -0.05674471594270809 -0.6365834353032123 -1.0300454234406973 -1.2578392060466097 -0.8850857436005712 -2.396808119076171 -2.334682542001832 -1.092171000515037 -0.8229601665262315 -1.092171000515037 -1.7341352969498809 -2.417516644767618 -2.210431387853152 -2.251848439236045 -2.2932654906189387 -2.086180233704473 -1.630592668492648 -0.5330408068459794 0.31600874650333033 0.9579730429381742 0.9579730429381742 0 
0 -0.036036190251261514 -1.1957136289722698 -0.5951663839203192 -0.1395788187084944 -1.775552348332774 -2.666018953064977 -2.024054656630133 -1.092171000515037 -1.3613818345038424 -1.2578392060466097 -1.485632988652522 -1.9205120281729 -2.4382251704590647 -2.603893375990637 -2.748853055830763 -2.479642221841958 -2.127597285087366 -1.6513011941840947 -0.4502067040801931 0.3988428492691166 0.8130133630980482 0.8958474658638345 0.8337218887894947 0.8130133630980482 0 
0 -0.7194175380689986 -0.5330408068459794 -0.20170439578283414 -0.4502067040801931 -0.9057942692920178 -1.3406733088123959 -1.1750051032808233 -1.5477585657268618 -2.024054656630133 -2.231139913544599 -2.5417677989162977 -2.603893375990637 -2.603893375990637 -2.603893375990637 -2.479642221841958 -1.6720097198755413 -0.4502067040801931 0.4195513749605632 0.9165559915552811 0.9165559915552811 0.8337218887894947 0.8544304144809414 0.8130133630980482 0.7923048374066016 0 
0 0.10892348958886452 0.06750643820597138 -0.7194175380689986 -1.485632988652522 -1.3406733088123959 -1.5684670914183083 -2.086180233704473 -2.231139913544599 -2.479642221841958 -2.376099593384725 -2.272556964927492 -2.169014336470259 -2.210431387853152 -1.6927182455669878 -0.4502067040801931 0.6059281061835824 0.9786815686296209 0.8958474658638345 0.8337218887894947 0.8130133630980482 0.7923048374066016 0.7923048374066016 0.8130133630980482 0.7923048374066016 0 
0 -1.1957136289722698 -1.6720097198755413 -2.1483058107788127 -2.479642221841958 -2.396808119076171 -1.5891756171097549 -1.3820903601952892 -1.2578392060466097 -1.1957136289722698 -1.5270500400354152 -1.9205120281729 -1.5684670914183083 -0.4502067040801931 0.44025990065200976 0.9165559915552811 0.9165559915552811 0.8751389401723879 0.8751389401723879 0.8544304144809414 0.8544304144809414 0.8337218887894947 0.8337218887894947 0.8337218887894947 0.7923048374066016 0 
0 -2.70743600444787 -2.728144530139317 -2.64531042737353 -2.603893375990637 -1.630592668492648 -0.9057942692920178 -0.8850857436005712 -0.9057942692920178 -1.1542965775893768 -1.1542965775893768 -0.802251640834785 0.19175759235465084 1.020098620012514 1.061515671395407 0.9165559915552811 0.8751389401723879 0.8958474658638345 0.8751389401723879 0.8544304144809414 0.8544304144809414 0.8337218887894947 0.8337218887894947 0.8337218887894947 0.7923048374066016 0 
0 -2.70743600444787 -2.64531042737353 -2.728144530139317 -1.879094976790007 -0.6158749096117657 -0.6780004866861055 -0.7401260637604452 -0.9265027949834643 -1.237130680355163 -0.7815431151433383 0.046797912514524795 0.8751389401723879 1.0822241970868538 0.8544304144809414 0.8751389401723879 0.8958474658638345 0.8958474658638345 0.8958474658638345 0.8751389401723879 0.8751389401723879 0.8544304144809414 0.8544304144809414 0.8337218887894947 0.8130133630980482 0 
0 -1.1542965775893768 -1.1750051032808233 -1.3613818345038424 -0.6365834353032123 -0.4502067040801931 -0.8850857436005712 -0.7608345894518918 -0.7608345894518918 -0.8229601665262315 0.5230940034177961 0.9786815686296209 1.0408071457039605 1.020098620012514 0.8130133630980482 0.8958474658638345 0.8958474658638345 0.8958474658638345 0.8958474658638345 0.8751389401723879 0.8751389401723879 0.8544304144809414 0.8544304144809414 0.8544304144809414 0.8130133630980482 0 
0 0.6680536832579221 0.08821496389741795 -0.26382997285717386 -0.36737260131440674 -0.49162375546308623 -0.6780004866861055 -1.0714624748235904 -1.8998035024814535 -0.947211320674911 0.9579730429381742 0.9372645172467277 0.9993900943210674 0.9372645172467277 0.9579730429381742 0.9579730429381742 0.8958474658638345 0.8958474658638345 0.8958474658638345 0.8751389401723879 0.8751389401723879 0.8544304144809414 0.8544304144809414 0.8544304144809414 0.8337218887894947 0 
0 0.17104906666320427 -0.3259555499315136 -0.5330408068459794 -0.553749332537426 -0.8850857436005712 -1.5063415143439685 -2.396808119076171 -1.1750051032808233 0.44025990065200976 0.9993900943210674 0.9372645172467277 0.9786815686296209 0.9579730429381742 0.9786815686296209 0.9372645172467277 0.9165559915552811 0.8958474658638345 0.8958474658638345 0.8958474658638345 0.8958474658638345 0.8751389401723879 0.8751389401723879 0.8337218887894947 0.8337218887894947 0 
0 0.046797912514524795 -0.1395788187084944 -0.20170439578283414 -0.5744578582288725 -1.5477585657268618 -2.376099593384725 -1.9826376052472399 0.5438025291092426 1.061515671395407 0.9993900943210674 0.9579730429381742 0.9786815686296209 0.9786815686296209 0.9786815686296209 0.9372645172467277 0.9165559915552811 0.8958474658638345 0.8958474658638345 0.8958474658638345 0.8958474658638345 0.8751389401723879 0.8751389401723879 0.8337218887894947 0.8337218887894947 0 
0 0.4195513749605632 0.5645110548006893 0.7094707346408153 0.08821496389741795 -1.8376779254071138 -2.4382251704590647 -0.28453849854862046 0.9579730429381742 1.020098620012514 0.9786815686296209 0.9579730429381742 0.9786815686296209 0.9786815686296209 0.9786815686296209 0.9372645172467277 0.9165559915552811 0.9165559915552811 0.8958474658638345 0.8958474658638345 0.8958474658638345 0.8751389401723879 0.8751389401723879 0.8544304144809414 0.8337218887894947 0 
0 0.8544304144809414 0.9372645172467277 1.123641248469747 0.27459169512043713 -2.458933696150511 -1.6513011941840947 1.020098620012514 1.0822241970868538 1.020098620012514 0.9786815686296209 0.9579730429381742 0.9786815686296209 0.9786815686296209 0.9786815686296209 0.9579730429381742 0.9372645172467277 0.9165559915552811 0.9165559915552811 0.8958474658638345 0.8958474658638345 0.8751389401723879 0.8751389401723879 0.8751389401723879 0.8337218887894947 0 
0 0.9165559915552811 0.9993900943210674 1.020098620012514 0.7715963117151551 -0.26382997285717386 0.27459169512043713 1.1029327227783003 0.9786815686296209 0.9579730429381742 0.9786815686296209 0.9786815686296209 0.9786815686296209 0.9786815686296209 0.9786815686296209 0.9579730429381742 0.9372645172467277 0.9165559915552811 0.9165559915552811 0.8958474658638345 0.8958474658638345 0.8751389401723879 0.8751389401723879 0.8751389401723879 0.8337218887894947 0 
0 0.9993900943210674 0.9786815686296209 0.8958474658638345 0.9372645172467277 1.1029327227783003 1.0822241970868538 0.9579730429381742 0.9165559915552811 0.8958474658638345 0.9372645172467277 0.9372645172467277 0.9372645172467277 0.9372645172467277 0.9372645172467277 0.9579730429381742 0.9786815686296209 0.9579730429381742 0.9579730429381742 0.9165559915552811 0.9372645172467277 0.9372645172467277 0.9165559915552811 0.9165559915552811 0.8958474658638345 0 
0 0 0 0 0 0 0 0 0 0 0 0 0 0 0 0 0 0 0 0 0 0 0 0 0 0 

