0 0 0 0 0 0 0 0 0 0 0 0 0 0 0 0 0 0 0 0 0 0 0 0 0 0 
0 -0.8510706475997384 -0.875388962259554 -0.8510706475997384 -0.6808424449810293 -0.6322058156613981 -0.24311278110434859 -0.2674310957641642 -0.09720289314545502 -0.3890226690632422 0.1702985681125165 0.6566648613088284 0.5107549733499348 0.2675718267517789 7.036549380734959e-05 -0.3160677250837954 -0.2917494104239798 -0.7051607596408449 -1.6778933460334686 -1.896758177971809 -1.8481215486521778 -2.066986380590518 -1.9210764926316246 -1.4347101994353126 -1.531983458074575 0 
0 -1.0699354795380789 -1.0942537941978945 -1.0942537941978945 -1.1428904235175255 -1.0942537941978945 -0.7294790743006605 -0.7537973889604761 -0.7051607596408449 -1.1185721088577099 -0.9240255915791852 -0.2674310957641642 0.12166193879288532 0.2918901414115945 0.12166193879288532 0.07302530947325413 0.1459802534527009 -0.14583952246508622 -0.7537973889604761 -1.0456171648782633 -1.6778933460334686 -2.188577953889596 -2.1156230099101494 -1.9697131219512558 -1.9697131219512558 0 
0 -1.167208738177341 -0.9726622208988164 -0.9240255915791852 -0.8997072769193696 -0.8267523329399228 -0.9483439062390008 -1.4590285140951282 -1.4347101994353126 -1.3860735701156814 -1.6778933460334686 -0.07288457848563944 1.872580594299608 1.9212172236192393 1.6537157623612677 2.3103102581762887 2.3346285728361043 2.1400820555575795 1.5078058744023741 0.9241663225667999 -0.8997072769193696 -2.066986380590518 -1.9210764926316246 -1.8481215486521778 -1.7994849193325466 0 
0 -1.1428904235175255 -0.8510706475997384 -1.0699354795380789 -1.3131186261362346 -1.1915270528371567 -1.3860735701156814 -1.9210764926316246 -1.7265299753530998 -1.3860735701156814 -1.653575031373653 0.559391602669566 1.4348509304229273 1.5078058744023741 1.5321241890621897 1.459169245082743 1.75098902100053 1.0700762105256936 -0.6565241303212137 -1.0456171648782633 -1.2401636821567878 -1.3617552554558658 -1.1915270528371567 -1.0942537941978945 -0.8024340182801073 0 
0 -1.1428904235175255 -1.3617552554558658 -1.7265299753530998 -1.8238032339923622 -1.775166604672731 -1.8238032339923622 -2.1156230099101494 -2.0426680659307026 -1.653575031373653 -0.9240255915791852 1.2403044131444025 1.1916677838247713 1.8968989089594237 1.8968989089594237 1.6293974477014521 1.7266707063407145 0.024388680153622944 -1.7265299753530998 -1.5563017727343906 -0.9483439062390008 -0.875388962259554 -1.3131186261362346 -1.5806200873942062 -0.5349325570221357 0 
0 -1.8238032339923622 -2.1156230099101494 -2.1642596392297806 -2.091304695250334 -1.9210764926316246 -1.8724398633119934 -1.9453948072914402 -1.6292567167138374 -0.9483439062390008 0.38916340005085687 1.337577671783665 1.994172167598686 2.3346285728361043 2.164400370217395 2.042808796918317 1.6780340770210833 -0.2917494104239798 -0.996980535558632 -0.5106142423623201 -0.12152120780527062 -0.3647043544034266 -0.9240255915791852 -1.6049384020540218 -0.4133409837230577 0 
0 -1.6292567167138374 -1.6049384020540218 -1.5076651434147594 -1.4590285140951282 -1.2158453674969723 -1.1915270528371567 -0.9240255915791852 0.5107549733499348 1.2403044131444025 1.4834875597425585 1.6050791330416365 2.3832652021557355 2.1400820555575795 1.6293974477014521 1.8482622796397925 1.7266707063407145 0.4864366586901192 0.36484508539104127 0.5107549733499348 0.4621183440303036 -0.17015783712490182 -0.9483439062390008 -1.5806200873942062 -0.3160677250837954 0 
0 -0.9240255915791852 -0.6322058156613981 -0.6565241303212137 -0.7051607596408449 -0.7051607596408449 -0.7051607596408449 0.1702985681125165 2.042808796918317 1.823943964979977 2.2616736288566575 2.2130369995370263 2.407583516815551 1.8482622796397925 0.680983175968644 0.7296198052882752 0.8512113785873532 0.8755296932471687 1.0943945251855092 0.9971212665462467 0.8268930639275376 -0.3160677250837954 -1.3131186261362346 -1.6778933460334686 -0.4619776130426889 0 
0 -0.5835691863417669 -0.3890226690632422 -0.4376592983828733 -0.4862959277025045 -0.8267523329399228 -0.7781157036202917 0.43780002937048806 1.1430311545051401 0.34052677073122567 1.3618959864434805 1.75098902100053 2.7966765513726006 2.0184904822585015 7.036549380734959e-05 -0.9726622208988164 -0.3890226690632422 0.6080282319891972 0.8512113785873532 0.9241663225667999 1.3132593571238493 0.2918901414115945 -0.4133409837230577 -0.9726622208988164 -0.3647043544034266 0 
0 -0.5106142423623201 -0.340386039743611 -0.3160677250837954 -0.2674310957641642 -0.8267523329399228 -0.5106142423623201 0.6080282319891972 0.7782564346079064 -0.04856626382582384 0.36484508539104127 0.9241663225667999 2.650766663413707 1.4105326157631117 -0.07288457848563944 -0.6078875010015825 0.24325351209196328 1.0700762105256936 1.2889410424640337 1.5321241890621897 1.6537157623612677 1.1916677838247713 1.045757895865878 0.1459802534527009 -0.24311278110434859 0 
0 -0.2917494104239798 -0.218794466444533 -0.1944761517847174 0.024388680153622944 -0.12152120780527062 0.1946168827723321 1.0943945251855092 1.2646227278042181 0.8268930639275376 0.6323465466490128 1.3618959864434805 2.480538460794998 1.5321241890621897 1.215986098484587 1.459169245082743 1.6537157623612677 1.7266707063407145 1.2889410424640337 0.8755296932471687 0.7296198052882752 0.8512113785873532 0.9728029518864311 0.2675718267517789 0.31620845607141007 0 
0 -0.218794466444533 -0.024247949166008243 -0.04856626382582384 0.048706994813438535 -0.04856626382582384 -0.3160677250837954 0.12166193879288532 0.43780002937048806 0.6323465466490128 0.1459802534527009 0.680983175968644 1.1916677838247713 1.0943945251855092 1.215986098484587 1.4105326157631117 1.5564425037220053 1.1430311545051401 0.34052677073122567 7.036549380734959e-05 0.048706994813438535 0.2918901414115945 0.4621183440303036 0.24325351209196328 0.6323465466490128 0 
0 -0.09720289314545502 0.024388680153622944 7.036549380734959e-05 -0.09720289314545502 -0.17015783712490182 -0.1944761517847174 -0.218794466444533 -0.09720289314545502 0.048706994813438535 0.1946168827723321 0.2918901414115945 0.34052677073122567 0.41348171471067247 0.559391602669566 0.680983175968644 1.3132593571238493 1.0700762105256936 0.41348171471067247 0.5107549733499348 0.6080282319891972 0.6323465466490128 0.7539381199480908 0.24325351209196328 -0.024247949166008243 0 
0 0.2189351974321477 0.12166193879288532 0.024388680153622944 -0.024247949166008243 0.1946168827723321 0.4621183440303036 0.41348171471067247 0.559391602669566 0.7782564346079064 0.8998480079069843 0.8512113785873532 0.7782564346079064 0.7296198052882752 0.8512113785873532 0.7296198052882752 1.337577671783665 1.337577671783665 0.7539381199480908 0.802574749267722 0.7782564346079064 0.6323465466490128 0.4864366586901192 -0.340386039743611 -0.875388962259554 0 
0 0.2189351974321477 0.24325351209196328 0.09734362413306973 0.4864366586901192 0.9484846372266155 0.7296198052882752 0.7539381199480908 0.9484846372266155 1.045757895865878 1.0700762105256936 1.0214395812060624 0.9728029518864311 0.9728029518864311 0.9728029518864311 0.6323465466490128 1.0700762105256936 1.3132593571238493 0.8268930639275376 0.559391602669566 0.2189351974321477 -0.2917494104239798 -0.6078875010015825 -1.0456171648782633 -0.9726622208988164 0 
0 0.09734362413306973 0.1459802534527009 0.31620845607141007 1.6293974477014521 1.8968989089594237 0.802574749267722 0.1946168827723321 0.4621183440303036 0.802574749267722 0.9971212665462467 1.0214395812060624 0.8998480079069843 1.0214395812060624 0.9484846372266155 0.7296198052882752 0.4621183440303036 0.41348171471067247 -0.04856626382582384 -0.4133409837230577 -0.7537973889604761 -1.167208738177341 -1.4347101994353126 -1.2644819968166034 -0.6322058156613981 0 
0 0.048706994813438535 0.09734362413306973 0.2189351974321477 1.215986098484587 1.0943945251855092 -0.12152120780527062 -1.0699354795380789 -0.4133409837230577 0.802574749267722 0.8512113785873532 0.680983175968644 0.4864366586901192 0.38916340005085687 0.048706994813438535 0.024388680153622944 -0.2917494104239798 -0.5592508716819513 -0.4619776130426889 -0.4619776130426889 -0.8510706475997384 -1.0212988502184477 -1.0456171648782633 -0.7294790743006605 -0.4619776130426889 0 
0 -0.09720289314545502 0.024388680153622944 0.2189351974321477 0.38916340005085687 -0.07288457848563944 -0.8997072769193696 -1.4347101994353126 -1.1185721088577099 -0.218794466444533 -0.14583952246508622 -0.3647043544034266 -0.5106142423623201 -0.6808424449810293 -0.8997072769193696 -0.7537973889604761 -0.6322058156613981 -0.8024340182801073 -0.6808424449810293 -0.6565241303212137 -0.8510706475997384 -0.6565241303212137 -0.5835691863417669 -0.5592508716819513 -0.4133409837230577 0 
0 0.07302530947325413 0.1702985681125165 0.24325351209196328 0.1459802534527009 -0.2917494104239798 -0.8510706475997384 -1.1915270528371567 -1.2401636821567878 -0.9240255915791852 -0.6565241303212137 -0.7537973889604761 -0.7537973889604761 -0.5106142423623201 -0.6078875010015825 -0.6565241303212137 -0.6078875010015825 -0.7294790743006605 -0.6565241303212137 -0.8267523329399228 -0.8510706475997384 -0.3890226690632422 -0.1944761517847174 -0.3890226690632422 -0.24311278110434859 0 
0 0.048706994813438535 0.048706994813438535 0.09734362413306973 0.07302530947325413 -0.3890226690632422 -0.8267523329399228 -0.8510706475997384 -0.875388962259554 -0.8510706475997384 -0.7537973889604761 -0.7294790743006605 -0.4619776130426889 -0.3160677250837954 -0.4862959277025045 -0.2917494104239798 -0.3160677250837954 -0.5835691863417669 -0.5835691863417669 -0.6808424449810293 -0.7537973889604761 -0.5349325570221357 -0.4619776130426889 -0.4862959277025045 -0.4619776130426889 0 
0 -0.12152120780527062 -0.04856626382582384 0.1459802534527009 0.048706994813438535 -0.3890226690632422 -0.6322058156613981 -0.3890226690632422 -0.5106142423623201 -0.7051607596408449 -0.6078875010015825 -0.4862959277025045 -0.2674310957641642 -0.340386039743611 -0.14583952246508622 -0.09720289314545502 -0.2917494104239798 -0.5349325570221357 -0.6565241303212137 -0.6322058156613981 -0.5835691863417669 -0.5835691863417669 -0.4376592983828733 -0.2917494104239798 -0.3890226690632422 0 
0 0.1459802534527009 0.09734362413306973 0.1702985681125165 0.024388680153622944 -0.17015783712490182 -0.3647043544034266 -0.218794466444533 -0.17015783712490182 -0.2674310957641642 7.036549380734959e-05 -0.218794466444533 -0.17015783712490182 -0.17015783712490182 -0.07288457848563944 -0.1944761517847174 -0.24311278110434859 -0.3647043544034266 -0.4619776130426889 -0.4619776130426889 -0.3647043544034266 -0.3160677250837954 -0.07288457848563944 0.048706994813438535 -0.04856626382582384 0 
0 0.1459802534527009 0.1459802534527009 0.12166193879288532 -0.024247949166008243 -0.3160677250837954 -0.5349325570221357 -0.3160677250837954 -0.04856626382582384 0.12166193879288532 0.34052677073122567 0.1946168827723321 0.1702985681125165 0.1946168827723321 0.07302530947325413 -0.024247949166008243 -0.09720289314545502 0.048706994813438535 0.048706994813438535 0.024388680153622944 0.048706994813438535 -0.04856626382582384 0.024388680153622944 0.048706994813438535 7.036549380734959e-05 0 
0 -0.04856626382582384 0.12166193879288532 0.2918901414115945 0.2675718267517789 0.1459802534527009 -0.218794466444533 -0.14583952246508622 -0.07288457848563944 0.1702985681125165 0.24325351209196328 0.2675718267517789 0.31620845607141007 0.1702985681125165 0.07302530947325413 0.1946168827723321 0.1946168827723321 0.07302530947325413 0.12166193879288532 0.2189351974321477 0.1946168827723321 0.048706994813438535 0.07302530947325413 0.12166193879288532 0.2189351974321477 0 
0 0 0 0 0 0 0 0 0 0 0 0 0 0 0 0 0 0 0 0 0 0 0 0 0 0 

0 0 0 0 0 0 0 0 0 0 0 0 0 0 0 0 0 0 0 0 0 0 0 0 0 0 
0 -0.7294790743006605 -0.7537973889604761 -0.7294790743006605 -0.5835691863417669 -0.5349325570221357 -0.07288457848563944 -0.024247949166008243 0.1702985681125165 -0.07288457848563944 0.5350732880097504 0.9971212665462467 0.802574749267722 0.5837099173293816 0.2918901414115945 -0.024247949166008243 7.036549380734959e-05 -0.3647043544034266 -1.3860735701156814 -1.653575031373653 -1.6778933460334686 -1.9210764926316246 -1.7994849193325466 -1.2644819968166034 -1.288800311476419 0 
0 -0.8510706475997384 -0.875388962259554 -0.875388962259554 -0.9483439062390008 -0.8997072769193696 -0.5349325570221357 -0.5106142423623201 -0.4619776130426889 -0.8267523329399228 -0.5835691863417669 -0.024247949166008243 0.24325351209196328 0.41348171471067247 0.24325351209196328 0.1946168827723321 0.34052677073122567 0.12166193879288532 -0.5349325570221357 -0.8997072769193696 -1.6049384020540218 -2.1156230099101494 -2.066986380590518 -1.8724398633119934 -1.7994849193325466 0 
0 -0.875388962259554 -0.6565241303212137 -0.6322058156613981 -0.6078875010015825 -0.5592508716819513 -0.7294790743006605 -1.2401636821567878 -1.2158453674969723 -1.1428904235175255 -1.3860735701156814 0.07302530947325413 1.872580594299608 1.9212172236192393 1.702352391680899 2.3832652021557355 2.480538460794998 2.3346285728361043 1.6780340770210833 1.0214395812060624 -0.8510706475997384 -2.0426680659307026 -1.9210764926316246 -1.8238032339923622 -1.7265299753530998 0 
0 -0.8267523329399228 -0.5592508716819513 -0.7537973889604761 -1.0212988502184477 -0.8997072769193696 -1.167208738177341 -1.775166604672731 -1.5806200873942062 -1.2158453674969723 -1.4833468287549438 0.5837099173293816 1.3618959864434805 1.5564425037220053 1.702352391680899 1.7996256503201613 2.0184904822585015 1.1187128398453248 -0.6078875010015825 -1.0212988502184477 -1.2158453674969723 -1.3617552554558658 -1.288800311476419 -1.2158453674969723 -0.875388962259554 0 
0 -0.9483439062390008 -1.167208738177341 -1.531983458074575 -1.6292567167138374 -1.5806200873942062 -1.6778933460334686 -2.018349751270887 -1.9453948072914402 -1.531983458074575 -0.8024340182801073 1.2646227278042181 1.1430311545051401 1.9698538529388705 2.1400820555575795 2.0671271115781327 2.0184904822585015 0.024388680153622944 -1.7265299753530998 -1.5563017727343906 -0.9483439062390008 -0.8997072769193696 -1.4347101994353126 -1.775166604672731 -0.6808424449810293 0 
0 -1.775166604672731 -2.0426680659307026 -2.1156230099101494 -2.0426680659307026 -1.8724398633119934 -1.8238032339923622 -1.896758177971809 -1.5806200873942062 -0.8997072769193696 0.43780002937048806 1.337577671783665 1.9212172236192393 2.3832652021557355 2.3832652021557355 2.3832652021557355 1.8968989089594237 -0.2917494104239798 -0.996980535558632 -0.5106142423623201 -0.12152120780527062 -0.3890226690632422 -1.0456171648782633 -1.7994849193325466 -0.5592508716819513 0 
0 -1.653575031373653 -1.6292567167138374 -1.531983458074575 -1.4833468287549438 -1.2401636821567878 -1.1915270528371567 -0.9240255915791852 0.5107549733499348 1.2403044131444025 1.4834875597425585 1.580760818381821 2.35894688749592 2.1887186848772107 1.7753073356603457 2.0914454262379483 1.8968989089594237 0.4864366586901192 0.36484508539104127 0.5107549733499348 0.4864366586901192 -0.1944761517847174 -1.0699354795380789 -1.775166604672731 -0.4619776130426889 0 
0 -0.9240255915791852 -0.6565241303212137 -0.6808424449810293 -0.7294790743006605 -0.7294790743006605 -0.7294790743006605 0.1702985681125165 2.042808796918317 1.823943964979977 2.2616736288566575 2.1887186848772107 2.407583516815551 1.872580594299608 0.7539381199480908 0.8512113785873532 0.9484846372266155 0.8998480079069843 1.0943945251855092 1.0214395812060624 0.8512113785873532 -0.3160677250837954 -1.410391884775497 -1.8481215486521778 -0.6078875010015825 0 
0 -0.4862959277025045 -0.340386039743611 -0.3890226690632422 -0.4376592983828733 -0.7781157036202917 -0.8024340182801073 0.36484508539104127 1.0700762105256936 0.2675718267517789 1.2889410424640337 1.7266707063407145 2.7966765513726006 2.0184904822585015 7.036549380734959e-05 -0.9483439062390008 -0.3647043544034266 0.6323465466490128 0.8755296932471687 0.9484846372266155 1.337577671783665 0.2918901414115945 -0.5106142423623201 -1.1428904235175255 -0.4862959277025045 0 
0 -0.3160677250837954 -0.17015783712490182 -0.14583952246508622 -0.09720289314545502 -0.6565241303212137 -0.4862959277025045 0.5107549733499348 0.680983175968644 -0.14583952246508622 0.2675718267517789 0.8755296932471687 2.6994032927333382 1.4348509304229273 -0.09720289314545502 -0.6565241303212137 0.24325351209196328 1.0943945251855092 1.3132593571238493 1.5564425037220053 1.6780340770210833 1.1916677838247713 0.9728029518864311 -0.024247949166008243 -0.340386039743611 0 
0 -0.024247949166008243 0.024388680153622944 0.024388680153622944 0.24325351209196328 0.09734362413306973 0.24325351209196328 1.0214395812060624 1.1916677838247713 0.7539381199480908 0.559391602669566 1.3618959864434805 2.5048567754548134 1.5321241890621897 1.1673494691649557 1.3618959864434805 1.6050791330416365 1.75098902100053 1.337577671783665 0.9484846372266155 0.802574749267722 0.9484846372266155 1.045757895865878 0.2675718267517789 0.31620845607141007 0 
0 -0.024247949166008243 0.1459802534527009 0.12166193879288532 0.2189351974321477 0.12166193879288532 -0.218794466444533 0.1459802534527009 0.4864366586901192 0.6566648613088284 0.1946168827723321 0.7539381199480908 1.2889410424640337 1.1187128398453248 1.1916677838247713 1.2889410424640337 1.5078058744023741 1.2403044131444025 0.4864366586901192 0.1946168827723321 0.2918901414115945 0.559391602669566 0.7539381199480908 0.4621183440303036 0.7539381199480908 0 
0 0.07302530947325413 0.1459802534527009 0.1459802534527009 0.048706994813438535 -0.024247949166008243 -0.024247949166008243 -0.04856626382582384 0.07302530947325413 0.1946168827723321 0.36484508539104127 0.4621183440303036 0.5107549733499348 0.5350732880097504 0.6080282319891972 0.6566648613088284 1.3862143011032961 1.3618959864434805 0.7782564346079064 0.9484846372266155 1.0700762105256936 1.0700762105256936 1.0943945251855092 0.4864366586901192 0.1459802534527009 0 
0 0.38916340005085687 0.2675718267517789 0.1702985681125165 0.12166193879288532 0.34052677073122567 0.680983175968644 0.7053014906284596 0.8512113785873532 1.0700762105256936 1.1916677838247713 1.1673494691649557 1.0700762105256936 0.9728029518864311 1.0214395812060624 0.8268930639275376 1.5078058744023741 1.6537157623612677 1.1430311545051401 1.2403044131444025 1.2889410424640337 1.0943945251855092 0.7782564346079064 -0.12152120780527062 -0.7051607596408449 0 
0 0.38916340005085687 0.38916340005085687 0.24325351209196328 0.6323465466490128 1.0943945251855092 1.0214395812060624 1.1187128398453248 1.3132593571238493 1.4105326157631117 1.4348509304229273 1.3862143011032961 1.3132593571238493 1.2646227278042181 1.1916677838247713 0.802574749267722 1.1673494691649557 1.3862143011032961 0.9484846372266155 0.7539381199480908 0.43780002937048806 -0.07288457848563944 -0.4133409837230577 -0.8510706475997384 -0.8024340182801073 0 
0 0.2675718267517789 0.2918901414115945 0.4621183440303036 1.7753073356603457 2.042808796918317 1.0700762105256936 0.5350732880097504 0.802574749267722 1.1187128398453248 1.3132593571238493 1.337577671783665 1.215986098484587 1.2646227278042181 1.1430311545051401 0.8755296932471687 0.43780002937048806 0.12166193879288532 -0.2917494104239798 -0.5835691863417669 -0.875388962259554 -1.2401636821567878 -1.3374369407960502 -1.1428904235175255 -0.4619776130426889 0 
0 0.2189351974321477 0.24325351209196328 0.36484508539104127 1.3618959864434805 1.2403044131444025 0.07302530947325413 -0.8510706475997384 -0.1944761517847174 1.0214395812060624 1.0700762105256936 0.8998480079069843 0.7053014906284596 0.559391602669566 0.1459802534527009 0.07302530947325413 -0.4133409837230577 -0.9240255915791852 -0.7781157036202917 -0.7051607596408449 -1.0456171648782633 -1.1428904235175255 -1.0212988502184477 -0.6565241303212137 -0.2917494104239798 0 
0 0.07302530947325413 0.1702985681125165 0.36484508539104127 0.5350732880097504 0.07302530947325413 -0.7781157036202917 -1.3374369407960502 -1.0212988502184477 -0.12152120780527062 -0.07288457848563944 -0.2674310957641642 -0.4133409837230577 -0.6322058156613981 -0.9240255915791852 -0.8267523329399228 -0.7537973889604761 -0.9726622208988164 -0.8024340182801073 -0.6808424449810293 -0.8510706475997384 -0.6565241303212137 -0.6078875010015825 -0.5106142423623201 -0.2674310957641642 0 
0 0.2918901414115945 0.36484508539104127 0.43780002937048806 0.34052677073122567 -0.09720289314545502 -0.7294790743006605 -1.1428904235175255 -1.1915270528371567 -0.875388962259554 -0.6322058156613981 -0.7294790743006605 -0.7294790743006605 -0.5349325570221357 -0.6808424449810293 -0.7294790743006605 -0.6565241303212137 -0.7537973889604761 -0.6565241303212137 -0.8024340182801073 -0.8024340182801073 -0.340386039743611 -0.1944761517847174 -0.340386039743611 -0.12152120780527062 0 
0 0.2918901414115945 0.2918901414115945 0.31620845607141007 0.31620845607141007 -0.14583952246508622 -0.6808424449810293 -0.8024340182801073 -0.8267523329399228 -0.8024340182801073 -0.7051607596408449 -0.7294790743006605 -0.4619776130426889 -0.340386039743611 -0.5106142423623201 -0.3160677250837954 -0.340386039743611 -0.5835691863417669 -0.5592508716819513 -0.6808424449810293 -0.7294790743006605 -0.5106142423623201 -0.4376592983828733 -0.4376592983828733 -0.3160677250837954 0 
0 0.12166193879288532 0.1946168827723321 0.38916340005085687 0.2918901414115945 -0.14583952246508622 -0.4862959277025045 -0.3160677250837954 -0.4133409837230577 -0.6078875010015825 -0.5106142423623201 -0.4376592983828733 -0.2674310957641642 -0.340386039743611 -0.14583952246508622 -0.09720289314545502 -0.2917494104239798 -0.5349325570221357 -0.6322058156613981 -0.6078875010015825 -0.5592508716819513 -0.5835691863417669 -0.3890226690632422 -0.1944761517847174 -0.218794466444533 0 
0 0.38916340005085687 0.34052677073122567 0.41348171471067247 0.2675718267517789 0.048706994813438535 -0.1944761517847174 -0.07288457848563944 -0.04856626382582384 -0.12152120780527062 0.12166193879288532 -0.14583952246508622 -0.14583952246508622 -0.14583952246508622 -0.04856626382582384 -0.14583952246508622 -0.218794466444533 -0.340386039743611 -0.4376592983828733 -0.4376592983828733 -0.3160677250837954 -0.2917494104239798 0.024388680153622944 0.1702985681125165 0.1459802534527009 0 
0 0.38916340005085687 0.38916340005085687 0.36484508539104127 0.2189351974321477 -0.07288457848563944 -0.340386039743611 -0.14583952246508622 0.1459802534527009 0.31620845607141007 0.5350732880097504 0.34052677073122567 0.24325351209196328 0.2675718267517789 0.1459802534527009 0.07302530947325413 7.036549380734959e-05 0.12166193879288532 0.12166193879288532 0.09734362413306973 0.12166193879288532 0.024388680153622944 0.1946168827723321 0.24325351209196328 0.24325351209196328 0 
0 0.1702985681125165 0.36484508539104127 0.5350732880097504 0.5107549733499348 0.38916340005085687 0.024388680153622944 0.09734362413306973 0.1702985681125165 0.41348171471067247 0.4621183440303036 0.43780002937048806 0.43780002937048806 0.2918901414115945 0.1946168827723321 0.31620845607141007 0.34052677073122567 0.1946168827723321 0.24325351209196328 0.34052677073122567 0.31620845607141007 0.1946168827723321 0.2675718267517789 0.36484508539104127 0.5107549733499348 0 
0 0 0 0 0 0 0 0 0 0 0 0 0 0 0 0 0 0 0 0 0 0 0 0 0 0 

0 0 0 0 0 0 0 0 0 0 0 0 0 0 0 0 0 0 0 0 0 0 0 0 0 0 
0 -1.1915270528371567 -1.2401636821567878 -1.1428904235175255 -0.9240255915791852 -0.8267523329399228 -0.3647043544034266 -0.3160677250837954 -0.024247949166008243 -0.14583952246508622 0.559391602669566 1.045757895865878 0.802574749267722 0.5837099173293816 0.31620845607141007 -0.024247949166008243 7.036549380734959e-05 -0.4133409837230577 -1.4833468287549438 -1.7994849193325466 -1.8481215486521778 -2.091304695250334 -1.896758177971809 -1.3374369407960502 -1.3131186261362346 0 
0 -1.5563017727343906 -1.6292567167138374 -1.5806200873942062 -1.5563017727343906 -1.4833468287549438 -1.0212988502184477 -0.8997072769193696 -0.7537973889604761 -0.9483439062390008 -0.5835691863417669 7.036549380734959e-05 0.2675718267517789 0.43780002937048806 0.2675718267517789 0.2189351974321477 0.31620845607141007 0.024388680153622944 -0.6808424449810293 -1.0699354795380789 -1.7994849193325466 -2.310169527188674 -2.212896268549412 -1.9940314366110714 -1.8724398633119934 0 
0 -1.653575031373653 -1.5076651434147594 -1.4347101994353126 -1.3617552554558658 -1.2401636821567878 -1.2644819968166034 -1.6292567167138374 -1.5076651434147594 -1.288800311476419 -1.410391884775497 0.12166193879288532 1.945535538279055 1.9698538529388705 1.75098902100053 2.4319018314753666 2.4562201461351822 2.2616736288566575 1.5564425037220053 0.8755296932471687 -1.0212988502184477 -2.188577953889596 -2.066986380590518 -1.9210764926316246 -1.775166604672731 0 
0 -1.3617552554558658 -1.167208738177341 -1.3617552554558658 -1.6049384020540218 -1.4833468287549438 -1.5563017727343906 -1.9940314366110714 -1.7508482900129154 -1.3617552554558658 -1.6049384020540218 0.6080282319891972 1.4834875597425585 1.6537157623612677 1.75098902100053 1.7753073356603457 1.994172167598686 1.1187128398453248 -0.6322058156613981 -1.0456171648782633 -1.2401636821567878 -1.410391884775497 -1.288800311476419 -1.167208738177341 -0.7537973889604761 0 
0 -1.2644819968166034 -1.531983458074575 -1.9210764926316246 -2.018349751270887 -1.9697131219512558 -1.9210764926316246 -2.139941324569965 -2.066986380590518 -1.653575031373653 -0.9483439062390008 1.2403044131444025 1.2646227278042181 2.042808796918317 2.164400370217395 2.0184904822585015 1.994172167598686 0.024388680153622944 -1.7265299753530998 -1.5563017727343906 -0.9483439062390008 -0.8997072769193696 -1.410391884775497 -1.653575031373653 -0.5106142423623201 0 
0 -1.9453948072914402 -2.2372145832092274 -2.2858512125288586 -2.2372145832092274 -2.091304695250334 -1.9453948072914402 -1.9697131219512558 -1.653575031373653 -0.9726622208988164 0.36484508539104127 1.337577671783665 1.994172167598686 2.4319018314753666 2.35894688749592 2.3103102581762887 1.8482622796397925 -0.2917494104239798 -0.996980535558632 -0.5106142423623201 -0.12152120780527062 -0.4133409837230577 -1.0456171648782633 -1.7508482900129154 -0.4133409837230577 0 
0 -1.6778933460334686 -1.6778933460334686 -1.5806200873942062 -1.5563017727343906 -1.288800311476419 -1.2401636821567878 -0.9240255915791852 0.5107549733499348 1.2403044131444025 1.4834875597425585 1.580760818381821 2.3832652021557355 2.164400370217395 1.75098902100053 2.0184904822585015 1.823943964979977 0.43780002937048806 0.31620845607141007 0.4621183440303036 0.41348171471067247 -0.2674310957641642 -1.1185721088577099 -1.7508482900129154 -0.3890226690632422 0 
0 -0.9240255915791852 -0.6808424449810293 -0.7051607596408449 -0.7294790743006605 -0.7294790743006605 -0.7051607596408449 0.1946168827723321 2.0671271115781327 1.8482622796397925 2.285991943516473 2.2130369995370263 2.3832652021557355 1.8482622796397925 0.7296198052882752 0.802574749267722 0.8512113785873532 0.7782564346079064 0.9971212665462467 0.8998480079069843 0.7296198052882752 -0.4376592983828733 -1.5076651434147594 -1.8724398633119934 -0.5835691863417669 0 
0 -0.5349325570221357 -0.4376592983828733 -0.4862959277025045 -0.5106142423623201 -0.8510706475997384 -0.7781157036202917 0.4621183440303036 1.1430311545051401 0.36484508539104127 1.3862143011032961 1.75098902100053 2.7480399220529694 1.9698538529388705 -0.04856626382582384 -0.996980535558632 -0.4619776130426889 0.4621183440303036 0.7053014906284596 0.802574749267722 1.1916677838247713 0.1459802534527009 -0.6322058156613981 -1.2158453674969723 -0.5349325570221357 0 
0 -0.4133409837230577 -0.3647043544034266 -0.3160677250837954 -0.2917494104239798 -0.8510706475997384 -0.4862959277025045 0.6323465466490128 0.802574749267722 -0.024247949166008243 0.38916340005085687 0.8998480079069843 2.5778117194342602 1.337577671783665 -0.1944761517847174 -0.7294790743006605 0.12166193879288532 0.8998480079069843 1.1430311545051401 1.3618959864434805 1.5078058744023741 0.9971212665462467 0.802574749267722 -0.12152120780527062 -0.4133409837230577 0 
0 -0.14583952246508622 -0.17015783712490182 -0.17015783712490182 0.048706994813438535 -0.09720289314545502 0.1946168827723321 1.0700762105256936 1.2403044131444025 0.802574749267722 0.6080282319891972 1.337577671783665 2.407583516815551 1.4348509304229273 1.0700762105256936 1.2889410424640337 1.5078058744023741 1.580760818381821 1.1916677838247713 0.802574749267722 0.680983175968644 0.802574749267722 0.8755296932471687 0.1459802534527009 0.2189351974321477 0 
0 -0.07288457848563944 0.048706994813438535 0.024388680153622944 0.12166193879288532 0.024388680153622944 -0.3160677250837954 0.07302530947325413 0.38916340005085687 0.5837099173293816 0.09734362413306973 0.6566648613088284 1.1430311545051401 0.9971212665462467 1.0943945251855092 1.215986098484587 1.4105326157631117 1.0943945251855092 0.36484508539104127 0.12166193879288532 0.24325351209196328 0.4864366586901192 0.6080282319891972 0.31620845607141007 0.680983175968644 0 
0 0.048706994813438535 0.09734362413306973 0.09734362413306973 7.036549380734959e-05 -0.07288457848563944 -0.14583952246508622 -0.218794466444533 -0.07288457848563944 0.048706994813438535 0.1946168827723321 0.2918901414115945 0.34052677073122567 0.38916340005085687 0.4864366586901192 0.559391602669566 1.2403044131444025 1.1430311545051401 0.6080282319891972 0.802574749267722 0.9971212665462467 0.9971212665462467 0.9728029518864311 0.38916340005085687 0.09734362413306973 0 
0 0.36484508539104127 0.2189351974321477 0.12166193879288532 0.07302530947325413 0.2918901414115945 0.559391602669566 0.4864366586901192 0.6566648613088284 0.8512113785873532 0.9728029518864311 0.9484846372266155 0.8512113785873532 0.7782564346079064 0.8512113785873532 0.680983175968644 1.337577671783665 1.459169245082743 0.9728029518864311 1.0943945251855092 1.1916677838247713 1.0214395812060624 0.7053014906284596 -0.17015783712490182 -0.7294790743006605 0 
0 0.36484508539104127 0.31620845607141007 0.1946168827723321 0.5837099173293816 1.045757895865878 0.8512113785873532 0.8755296932471687 1.0700762105256936 1.1673494691649557 1.215986098484587 1.1430311545051401 1.0700762105256936 1.045757895865878 1.0214395812060624 0.6323465466490128 1.0214395812060624 1.2403044131444025 0.8755296932471687 0.7053014906284596 0.43780002937048806 -0.04856626382582384 -0.4133409837230577 -0.8510706475997384 -0.8024340182801073 0 
0 0.24325351209196328 0.24325351209196328 0.41348171471067247 1.7266707063407145 1.994172167598686 0.8998480079069843 0.31620845607141007 0.559391602669566 0.8998480079069843 1.0943945251855092 1.1187128398453248 0.9971212665462467 1.0700762105256936 0.9728029518864311 0.7053014906284596 0.34052677073122567 0.12166193879288532 -0.24311278110434859 -0.5106142423623201 -0.7781157036202917 -1.0942537941978945 -1.2644819968166034 -1.0699354795380789 -0.4133409837230577 0 
0 0.1946168827723321 0.1946168827723321 0.31620845607141007 1.3132593571238493 1.1916677838247713 -0.04856626382582384 -1.0212988502184477 -0.3890226690632422 0.8268930639275376 0.8755296932471687 0.7296198052882752 0.5107549733499348 0.38916340005085687 7.036549380734959e-05 -0.04856626382582384 -0.4862959277025045 -0.8997072769193696 -0.7051607596408449 -0.6078875010015825 -0.8997072769193696 -0.9726622208988164 -0.875388962259554 -0.5106142423623201 -0.1944761517847174 0 
0 0.048706994813438535 0.12166193879288532 0.31620845607141007 0.4864366586901192 0.024388680153622944 -0.875388962259554 -1.4833468287549438 -1.167208738177341 -0.2674310957641642 -0.1944761517847174 -0.4133409837230577 -0.5349325570221357 -0.7537973889604761 -0.996980535558632 -0.8997072769193696 -0.8267523329399228 -1.0212988502184477 -0.8024340182801073 -0.6808424449810293 -0.7781157036202917 -0.5349325570221357 -0.4376592983828733 -0.340386039743611 -0.12152120780527062 0 
0 0.31620845607141007 0.36484508539104127 0.41348171471067247 0.34052677073122567 -0.09720289314545502 -0.8024340182801073 -1.2644819968166034 -1.3131186261362346 -0.996980535558632 -0.7537973889604761 -0.8267523329399228 -0.8024340182801073 -0.5835691863417669 -0.7051607596408449 -0.7537973889604761 -0.7294790743006605 -0.8510706475997384 -0.7537973889604761 -0.8510706475997384 -0.8267523329399228 -0.3160677250837954 -0.07288457848563944 -0.218794466444533 0.024388680153622944 0 
0 0.34052677073122567 0.2918901414115945 0.34052677073122567 0.34052677073122567 -0.14583952246508622 -0.7537973889604761 -0.9240255915791852 -0.9483439062390008 -0.9240255915791852 -0.8267523329399228 -0.7781157036202917 -0.4619776130426889 -0.340386039743611 -0.5106142423623201 -0.3160677250837954 -0.3890226690632422 -0.7051607596408449 -0.6808424449810293 -0.7781157036202917 -0.8267523329399228 -0.5592508716819513 -0.3890226690632422 -0.340386039743611 -0.1944761517847174 0 
0 0.1702985681125165 0.2189351974321477 0.41348171471067247 0.31620845607141007 -0.12152120780527062 -0.5349325570221357 -0.4133409837230577 -0.5349325570221357 -0.7294790743006605 -0.6322058156613981 -0.4862959277025045 -0.2674310957641642 -0.340386039743611 -0.14583952246508622 -0.09720289314545502 -0.3160677250837954 -0.6078875010015825 -0.7294790743006605 -0.7051607596408449 -0.6565241303212137 -0.6322058156613981 -0.3647043544034266 -0.12152120780527062 -0.09720289314545502 0 
0 0.43780002937048806 0.36484508539104127 0.43780002937048806 0.2918901414115945 0.07302530947325413 -0.218794466444533 -0.14583952246508622 -0.12152120780527062 -0.1944761517847174 0.048706994813438535 -0.17015783712490182 -0.14583952246508622 -0.17015783712490182 -0.07288457848563944 -0.17015783712490182 -0.24311278110434859 -0.3890226690632422 -0.4619776130426889 -0.4862959277025045 -0.3647043544034266 -0.2917494104239798 0.048706994813438535 0.24325351209196328 0.2675718267517789 0 
0 0.43780002937048806 0.41348171471067247 0.38916340005085687 0.24325351209196328 -0.04856626382582384 -0.3647043544034266 -0.1944761517847174 0.07302530947325413 0.24325351209196328 0.4621183440303036 0.2918901414115945 0.2189351974321477 0.24325351209196328 0.12166193879288532 0.048706994813438535 -0.024247949166008243 0.09734362413306973 0.09734362413306973 0.07302530947325413 0.09734362413306973 0.024388680153622944 0.1946168827723321 0.2918901414115945 0.34052677073122567 0 
0 0.2189351974321477 0.38916340005085687 0.559391602669566 0.5350732880097504 0.41348171471067247 7.036549380734959e-05 0.048706994813438535 0.12166193879288532 0.36484508539104127 0.43780002937048806 0.38916340005085687 0.38916340005085687 0.2675718267517789 0.1702985681125165 0.2675718267517789 0.2918901414115945 0.1946168827723321 0.2189351974321477 0.31620845607141007 0.2918901414115945 0.1702985681125165 0.2675718267517789 0.38916340005085687 0.5837099173293816 0 
0 0 0 0 0 0 0 0 0 0 0 0 0 0 0 0 0 0 0 0 0 0 0 0 0 0 

