0 0 0 0 0 0 0 0 0 0 0 0 0 0 0 0 0 0 0 0 0 0 0 0 0 0 
0 1.555660218868642 1.5877240184142565 1.603755918187064 1.6197878179598713 1.6358197177326785 1.6518516175054858 1.6518516175054858 1.6839154170511006 1.667883517278293 1.667883517278293 1.6518516175054858 1.6197878179598713 1.5716921186414492 1.5235964193230274 1.4915326197774126 1.459468820231798 1.411373120913376 1.3472455218221466 1.2670860229581102 1.1708946243212661 1.1227989250028443 1.0747032256844222 0.9785118270475783 0.866288528637927 0 
0 1.106767025230037 1.1388308247756516 1.1548627245484588 1.202958423866881 1.2189903236396882 1.2510541231853027 1.2670860229581102 1.2831179227309175 1.2991498225037248 1.315181722276532 1.2991498225037248 1.2670860229581102 1.2189903236396882 1.1869265240940736 1.1708946243212661 1.1388308247756516 1.106767025230037 1.0426394261388077 0.9945437268203856 0.9464480275019637 0.8983523281835417 0.8342247290923125 0.7380333304554685 0.6578738315914319 0 
0 0.30517203658967085 0.30517203658967085 0.3532677359080928 0.36929963568090013 0.36929963568090013 0.3853315354537074 0.3853315354537074 0.3853315354537074 0.4173953349993221 0.4334272347721294 0.40136343522651474 0.36929963568090013 0.33723583613528546 0.30517203658967085 0.2891401368168635 0.25707633727124884 0.25707633727124884 0.2250125377256342 0.19294873818001956 0.16088493863440492 0.09675733954317564 0.03262974045194635 -0.047529758412090256 -0.0795935579577049 0 
0 0.03262974045194635 0.04866164022475367 0.08072543977036832 0.064693539997561 0.064693539997561 0.064693539997561 0.03262974045194635 0.01659784067913903 0.0005659409063317062 -0.015465958866475615 -0.047529758412090256 -0.06356165818489758 -0.0795935579577049 -0.11165735750331955 -0.14372115704893418 -0.17578495659454885 -0.2078487561401635 -0.23991255568577813 -0.2880082550042001 -0.32007205454981474 -0.384199653641044 -0.46435915250508064 -0.5445186513691173 -0.5926143506875392 0 
0 -0.09562545773051223 -0.23991255568577813 -0.11165735750331955 -0.09562545773051223 -0.11165735750331955 -0.12768925727612687 -0.14372115704893418 -0.14372115704893418 -0.1597530568217415 -0.17578495659454885 -0.19181685636735615 -0.2238806559129708 -0.25594445545858546 -0.27197635523139274 -0.3040401547770074 -0.3361039543226221 -0.3681677538682367 -0.41626345318665864 -0.46435915250508064 -0.49642295205069525 -0.5605505511419245 -0.6246781502331539 -0.7048376490971905 -0.736901448642805 0 
0 -0.2078487561401635 -0.4483272527322733 -0.2880082550042001 -0.23991255568577813 -0.27197635523139274 -0.3040401547770074 -0.32007205454981474 -0.32007205454981474 -0.3040401547770074 -0.2880082550042001 -0.32007205454981474 -0.3681677538682367 -0.40023155341385136 -0.432295352959466 -0.480391052277888 -0.5124548518235026 -0.5284867515963099 -0.5765824509147319 -0.6246781502331539 -0.6888057493243831 -0.736901448642805 -0.8170609475068417 -0.8651566468252637 -0.8972204463708783 0 
0 -0.06356165818489758 -0.17578495659454885 -0.12768925727612687 -0.25594445545858546 -0.480391052277888 -0.432295352959466 -0.41626345318665864 -0.40023155341385136 -0.40023155341385136 -0.41626345318665864 -0.40023155341385136 -0.432295352959466 -0.480391052277888 -0.5124548518235026 -0.5605505511419245 -0.5926143506875392 -0.6407100500059612 -0.7208695488699978 -0.7689652481884197 -0.8491247470524563 -0.8972204463708783 -0.9773799452349149 -1.073571343871759 -1.1376989429629882 0 
0 0.6097781322730099 0.5296186334089733 0.6097781322730099 0.04866164022475367 -0.480391052277888 -0.49642295205069525 -0.46435915250508064 -0.5124548518235026 -0.5284867515963099 -0.5284867515963099 -0.5605505511419245 -0.5926143506875392 -0.6246781502331539 -0.6086462504603465 -0.6086462504603465 -0.6407100500059612 -0.7048376490971905 -0.7689652481884197 -0.8491247470524563 -0.9773799452349149 -1.0575394440989516 -1.1537308427357955 -1.2178584418270249 -1.3140498404638687 0 
0 1.1227989250028443 0.8181928293195051 0.8021609295466978 0.16088493863440492 -0.432295352959466 -0.480391052277888 -0.5124548518235026 -0.5765824509147319 -0.6246781502331539 -0.6086462504603465 -0.6567419497787685 -0.6567419497787685 -0.6888057493243831 -0.7529333484156124 -0.7689652481884197 -0.7529333484156124 -0.736901448642805 -0.8170609475068417 -0.9132523461436857 -1.0094437447805296 -1.0896032436445662 -1.2018265420542174 -1.330081740236676 -1.3942093393279054 0 
0 0.8983523281835417 0.4173953349993221 0.25707633727124884 -0.015465958866475615 -0.25594445545858546 -0.3361039543226221 -0.5284867515963099 -0.6246781502331539 -0.6407100500059612 -0.6086462504603465 -0.5926143506875392 -0.5124548518235026 -0.5605505511419245 -0.7208695488699978 -0.8491247470524563 -0.9132523461436857 -0.8972204463708783 -0.9132523461436857 -1.0094437447805296 -1.1056351434173735 -1.1216670431901807 -1.1697627425086028 -1.3140498404638687 -1.281986040918254 0 
0 0.3532677359080928 0.24104443749844154 0.3532677359080928 0.6739057313642393 0.962479927274771 0.7700971300010832 0.4334272347721294 0.12882113908879028 -0.17578495659454885 -0.32007205454981474 -0.432295352959466 -0.480391052277888 -0.5765824509147319 -0.7048376490971905 -0.7849971479612271 -0.8491247470524563 -0.8972204463708783 -0.9613480454621076 -1.0575394440989516 -1.2178584418270249 -1.2659541411454467 -1.2980179406910615 -1.378177439555098 -1.2338903415998321 0 
0 1.315181722276532 1.0747032256844222 1.1388308247756516 1.202958423866881 1.2189903236396882 1.2350222234124955 1.2670860229581102 1.2831179227309175 1.1227989250028443 0.9945437268203856 0.7380333304554685 0.40136343522651474 0.16088493863440492 -0.1597530568217415 -0.5124548518235026 -0.6888057493243831 -0.7689652481884197 -0.929284245916493 -1.0254756445533368 -1.1537308427357955 -1.2980179406910615 -1.4102412391007126 -1.474368838191942 -1.3461136400094833 0 
0 0.7540652302282759 0.9785118270475783 1.459468820231798 1.459468820231798 1.1388308247756516 1.411373120913376 1.2991498225037248 1.0747032256844222 1.0426394261388077 1.1869265240940736 1.2670860229581102 1.3312136220493394 1.3793093213677614 1.202958423866881 0.8181928293195051 0.513586733636166 0.3532677359080928 -0.11165735750331955 -0.5124548518235026 -0.8491247470524563 -1.1216670431901807 -1.2659541411454467 -1.3140498404638687 -1.2338903415998321 0 
0 0.7861290297738904 0.7861290297738904 0.8342247290923125 0.8021609295466978 0.8342247290923125 1.459468820231798 1.6999473168239079 1.1227989250028443 1.2670860229581102 1.4915326197774126 1.2670860229581102 0.9785118270475783 0.9785118270475783 1.2189903236396882 1.4915326197774126 1.667883517278293 1.6197878179598713 1.459468820231798 1.2350222234124955 0.8181928293195051 0.25707633727124884 -0.32007205454981474 -0.9453161456893003 -0.7849971479612271 0 
0 1.5716921186414492 1.4755007200046053 1.4434369204589907 1.1869265240940736 0.962479927274771 0.8983523281835417 1.0747032256844222 0.9304161277291564 1.2189903236396882 1.6358197177326785 1.6197878179598713 0.962479927274771 1.106767025230037 1.5235964193230274 1.5716921186414492 1.7320111163695224 1.7159792165967152 1.667883517278293 1.603755918187064 1.5396283190958346 1.4755007200046053 0.8983523281835417 -0.3040401547770074 -0.14372115704893418 0 
0 0.513586733636166 1.2670860229581102 1.5877240184142565 1.7159792165967152 1.7159792165967152 1.5396283190958346 1.2991498225037248 1.058671325911615 1.0266075263660004 1.0426394261388077 1.106767025230037 0.8181928293195051 0.9464480275019637 1.3953412211405687 1.2670860229581102 1.0105756265931929 0.8502566288651198 0.7700971300010832 0.6899376311370465 0.6418419318186246 0.5777143327273953 0.3853315354537074 0.09675733954317564 0.2891401368168635 0 
0 -1.0896032436445662 -0.41626345318665864 0.03262974045194635 0.866288528637927 1.3953412211405687 1.4915326197774126 1.667883517278293 1.555660218868642 1.5396283190958346 1.3953412211405687 1.1708946243212661 0.8342247290923125 0.561682432954588 0.40136343522651474 0.14485303886159762 -0.0795935579577049 -0.1597530568217415 0.03262974045194635 0.25707633727124884 0.19294873818001956 0.08072543977036832 -0.015465958866475615 -0.0795935579577049 -0.09562545773051223 0 
0 -1.5545283370559786 -1.538496437283171 -1.4102412391007126 -0.9773799452349149 -0.5926143506875392 -0.5926143506875392 -0.015465958866475615 0.2250125377256342 0.2089806379528269 0.09675733954317564 0.9785118270475783 1.2670860229581102 1.2831179227309175 0.8983523281835417 0.44945913454493674 0.03262974045194635 -0.35213585409542936 -0.6407100500059612 -0.6727738495515758 -0.5445186513691173 -0.5605505511419245 -0.5605505511419245 -0.49642295205069525 -0.35213585409542936 0 
0 -1.4904007379647493 -1.4583369384191345 -1.378177439555098 -1.2980179406910615 -1.2980179406910615 -1.4102412391007126 -1.3140498404638687 -1.2499222413726394 -1.378177439555098 -1.42627313887352 -0.9773799452349149 -0.7849971479612271 -0.46435915250508064 -0.3040401547770074 0.2089806379528269 0.48152293409055136 0.5296186334089733 0.3853315354537074 -0.09562545773051223 -0.480391052277888 -0.8972204463708783 -1.2178584418270249 -1.3942093393279054 -1.330081740236676 0 
0 -1.4583369384191345 -1.4423050386463272 -1.4583369384191345 -1.378177439555098 -1.2659541411454467 -1.2980179406910615 -1.2499222413726394 -1.2018265420542174 -1.2980179406910615 -1.330081740236676 -1.378177439555098 -1.5865921366015932 -1.5545283370559786 -1.6186559361472077 -1.6346878359200152 -1.3942093393279054 -0.9132523461436857 -0.09562545773051223 0.2089806379528269 0.2731082370440562 0.2089806379528269 -0.015465958866475615 -0.25594445545858546 -0.5605505511419245 0 
0 -1.5224645375103638 -1.5545283370559786 -1.6026240363744004 -1.5705602368287859 -1.4904007379647493 -1.4904007379647493 -1.474368838191942 -1.5064326377375565 -1.474368838191942 -1.42627313887352 -1.4102412391007126 -1.5064326377375565 -1.4904007379647493 -1.5705602368287859 -1.7950068336480884 -2.0354853302401983 -2.1477086286498492 -1.971357731148969 -1.7629430341024737 -1.3621455397822906 -1.0415075443261441 -0.833092847279649 0.04866164022475367 0.8983523281835417 0 
0 -1.6346878359200152 -1.778974933875281 -1.7950068336480884 -1.682783535238437 -1.5865921366015932 -1.5865921366015932 -1.5865921366015932 -1.6346878359200152 -1.682783535238437 -1.6186559361472077 -1.5705602368287859 -1.6186559361472077 -1.5865921366015932 -1.6186559361472077 -1.730879234556859 -1.8911982322849323 -1.9072301320577396 -2.019453430467391 -2.1156448291042347 -2.1797724281954642 -2.291995726605115 -2.291995726605115 -1.9873896309217762 -1.0896032436445662 0 
0 -1.6988154350112443 -1.6988154350112443 -1.6667516354656298 -1.6186559361472077 -1.6026240363744004 -1.6667516354656298 -1.6026240363744004 -1.5865921366015932 -1.6667516354656298 -1.7148473347840518 -1.8431025329665103 -1.923262031830547 -1.8110387334208957 -1.8431025329665103 -1.9392939316033542 -1.971357731148969 -1.9873896309217762 -2.0515172300130056 -2.1156448291042347 -2.131676728877042 -2.0996129293314274 -2.0996129293314274 -2.1958043279682715 -2.1958043279682715 0 
0 -1.730879234556859 -1.730879234556859 -1.7629430341024737 -1.778974933875281 -1.7469111343296664 -1.6667516354656298 -1.538496437283171 -1.5865921366015932 -1.730879234556859 -1.7950068336480884 -1.875166332512125 -1.8911982322849323 -1.875166332512125 -1.9553258313761614 -1.9873896309217762 -1.9553258313761614 -2.0354853302401983 -2.08358102955862 -2.1477086286498492 -2.211836227741079 -2.1958043279682715 -2.163740528422657 -2.163740528422657 -2.1477086286498492 0 
0 0 0 0 0 0 0 0 0 0 0 0 0 0 0 0 0 0 0 0 0 0 0 0 0 0 

0 0 0 0 0 0 0 0 0 0 0 0 0 0 0 0 0 0 0 0 0 0 0 0 0 0 
0 1.555660218868642 1.5877240184142565 1.6197878179598713 1.6358197177326785 1.6518516175054858 1.667883517278293 1.667883517278293 1.6839154170511006 1.6839154170511006 1.667883517278293 1.6518516175054858 1.6358197177326785 1.6197878179598713 1.603755918187064 1.555660218868642 1.5235964193230274 1.4755007200046053 1.4274050206861832 1.3793093213677614 1.3312136220493394 1.2510541231853027 1.1708946243212661 1.0907351254572295 1.0266075263660004 0 
0 1.2189903236396882 1.2510541231853027 1.2831179227309175 1.3312136220493394 1.3632774215949541 1.3953412211405687 1.411373120913376 1.4274050206861832 1.4434369204589907 1.459468820231798 1.4434369204589907 1.4274050206861832 1.411373120913376 1.3953412211405687 1.3632774215949541 1.3472455218221466 1.2831179227309175 1.2189903236396882 1.1869265240940736 1.1548627245484588 1.106767025230037 1.0266075263660004 0.9464480275019637 0.8823204284107344 0 
0 0.5296186334089733 0.5456505331817807 0.5777143327273953 0.6258100320458173 0.6578738315914319 0.6739057313642393 0.6739057313642393 0.6739057313642393 0.7059695309098538 0.7220014306826612 0.6899376311370465 0.6578738315914319 0.6578738315914319 0.6418419318186246 0.6097781322730099 0.5777143327273953 0.5456505331817807 0.4975548338633587 0.465491034317744 0.4334272347721294 0.3853315354537074 0.3212039363624781 0.25707633727124884 0.2089806379528269 0 
0 0.24104443749844154 0.25707633727124884 0.30517203658967085 0.30517203658967085 0.3212039363624781 0.33723583613528546 0.30517203658967085 0.2891401368168635 0.2731082370440562 0.25707633727124884 0.2250125377256342 0.2089806379528269 0.2089806379528269 0.19294873818001956 0.16088493863440492 0.12882113908879028 0.08072543977036832 0.03262974045194635 -0.015465958866475615 -0.06356165818489758 -0.11165735750331955 -0.17578495659454885 -0.23991255568577813 -0.2880082550042001 0 
0 0.064693539997561 -0.06356165818489758 0.04866164022475367 0.09675733954317564 0.14485303886159762 0.12882113908879028 0.09675733954317564 0.11278923931598296 0.09675733954317564 0.08072543977036832 0.04866164022475367 0.03262974045194635 0.03262974045194635 0.01659784067913903 -0.015465958866475615 -0.047529758412090256 -0.0795935579577049 -0.12768925727612687 -0.17578495659454885 -0.2238806559129708 -0.27197635523139274 -0.32007205454981474 -0.40023155341385136 -0.432295352959466 0 
0 -0.0795935579577049 -0.3040401547770074 -0.1597530568217415 -0.0795935579577049 -0.031497858639282936 -0.06356165818489758 -0.06356165818489758 -0.0795935579577049 -0.06356165818489758 -0.047529758412090256 -0.0795935579577049 -0.11165735750331955 -0.12768925727612687 -0.14372115704893418 -0.19181685636735615 -0.2238806559129708 -0.2078487561401635 -0.25594445545858546 -0.3040401547770074 -0.3681677538682367 -0.41626345318665864 -0.480391052277888 -0.5284867515963099 -0.5605505511419245 0 
0 0.064693539997561 -0.015465958866475615 0.0005659409063317062 -0.09562545773051223 -0.2238806559129708 -0.17578495659454885 -0.1597530568217415 -0.14372115704893418 -0.14372115704893418 -0.1597530568217415 -0.1597530568217415 -0.19181685636735615 -0.2078487561401635 -0.2238806559129708 -0.27197635523139274 -0.3040401547770074 -0.32007205454981474 -0.35213585409542936 -0.41626345318665864 -0.49642295205069525 -0.5605505511419245 -0.6246781502331539 -0.7208695488699978 -0.7849971479612271 0 
0 0.7059695309098538 0.6899376311370465 0.7220014306826612 0.19294873818001956 -0.23991255568577813 -0.23991255568577813 -0.2238806559129708 -0.23991255568577813 -0.25594445545858546 -0.25594445545858546 -0.27197635523139274 -0.32007205454981474 -0.3361039543226221 -0.32007205454981474 -0.3040401547770074 -0.3361039543226221 -0.40023155341385136 -0.4483272527322733 -0.5284867515963099 -0.6407100500059612 -0.7048376490971905 -0.7849971479612271 -0.8170609475068417 -0.9132523461436857 0 
0 1.1548627245484588 0.962479927274771 0.9143842279563491 0.2731082370440562 -0.25594445545858546 -0.27197635523139274 -0.2880082550042001 -0.32007205454981474 -0.3361039543226221 -0.3361039543226221 -0.3681677538682367 -0.3681677538682367 -0.432295352959466 -0.46435915250508064 -0.4483272527322733 -0.40023155341385136 -0.432295352959466 -0.5284867515963099 -0.5926143506875392 -0.6567419497787685 -0.7689652481884197 -0.881188546598071 -0.929284245916493 -1.0094437447805296 0 
0 0.9464480275019637 0.5777143327273953 0.44945913454493674 0.16088493863440492 -0.0795935579577049 -0.1597530568217415 -0.3681677538682367 -0.46435915250508064 -0.432295352959466 -0.40023155341385136 -0.384199653641044 -0.3040401547770074 -0.32007205454981474 -0.432295352959466 -0.5284867515963099 -0.5605505511419245 -0.5445186513691173 -0.5445186513691173 -0.6086462504603465 -0.6727738495515758 -0.7529333484156124 -0.8972204463708783 -1.0094437447805296 -1.0575394440989516 0 
0 0.3853315354537074 0.3532677359080928 0.5456505331817807 0.866288528637927 1.1227989250028443 0.8823204284107344 0.4975548338633587 0.19294873818001956 -0.015465958866475615 -0.1597530568217415 -0.2880082550042001 -0.35213585409542936 -0.384199653641044 -0.46435915250508064 -0.5124548518235026 -0.5445186513691173 -0.5605505511419245 -0.5605505511419245 -0.6246781502331539 -0.7689652481884197 -0.8491247470524563 -0.9453161456893003 -1.0415075443261441 -1.0254756445533368 0 
0 1.2670860229581102 1.0266075263660004 1.1548627245484588 1.2510541231853027 1.2510541231853027 1.2670860229581102 1.2510541231853027 1.2831179227309175 1.2189903236396882 1.0747032256844222 0.8021609295466978 0.465491034317744 0.2731082370440562 0.0005659409063317062 -0.32007205454981474 -0.46435915250508064 -0.49642295205069525 -0.6246781502331539 -0.7048376490971905 -0.8010290477340344 -0.9132523461436857 -0.9613480454621076 -1.0415075443261441 -1.0575394440989516 0 
0 0.5456505331817807 0.6418419318186246 1.1708946243212661 1.2670860229581102 1.0105756265931929 1.3632774215949541 1.2991498225037248 1.106767025230037 1.058671325911615 1.202958423866881 1.2670860229581102 1.315181722276532 1.3793093213677614 1.2350222234124955 0.8983523281835417 0.6258100320458173 0.4975548338633587 0.04866164022475367 -0.32007205454981474 -0.6407100500059612 -0.8972204463708783 -0.9613480454621076 -0.9934118450077223 -0.9613480454621076 0 
0 0.513586733636166 0.2731082370440562 0.24104443749844154 0.30517203658967085 0.4975548338633587 1.2350222234124955 1.6197878179598713 1.106767025230037 1.2189903236396882 1.459468820231798 1.2510541231853027 0.9785118270475783 0.9143842279563491 1.1548627245484588 1.4434369204589907 1.6518516175054858 1.6358197177326785 1.5075645195502199 1.2991498225037248 0.9143842279563491 0.30517203658967085 -0.2880082550042001 -0.8491247470524563 -0.7048376490971905 0 
0 1.5396283190958346 1.315181722276532 1.202958423866881 0.8983523281835417 0.5456505331817807 0.2891401368168635 0.36929963568090013 0.30517203658967085 0.866288528637927 1.4434369204589907 1.6197878179598713 1.0907351254572295 1.1388308247756516 1.4755007200046053 1.555660218868642 1.7159792165967152 1.6839154170511006 1.6358197177326785 1.6358197177326785 1.6197878179598713 1.5235964193230274 0.866288528637927 -0.3361039543226221 -0.17578495659454885 0 
0 0.6418419318186246 1.315181722276532 1.5716921186414492 1.667883517278293 1.5235964193230274 1.0747032256844222 0.6739057313642393 0.3212039363624781 0.064693539997561 0.17691683840721226 0.44945913454493674 0.33723583613528546 0.7540652302282759 1.3632774215949541 1.3793093213677614 1.2670860229581102 1.0105756265931929 0.866288528637927 0.8342247290923125 0.8502566288651198 0.7540652302282759 0.48152293409055136 0.2089806379528269 0.4334272347721294 0 
0 -0.8651566468252637 -0.25594445545858546 0.14485303886159762 0.962479927274771 1.4434369204589907 1.411373120913376 1.4915326197774126 1.2510541231853027 0.962479927274771 0.7059695309098538 0.4334272347721294 0.11278923931598296 -0.031497858639282936 -0.015465958866475615 -0.06356165818489758 -0.12768925727612687 -0.11165735750331955 0.09675733954317564 0.33723583613528546 0.3212039363624781 0.19294873818001956 0.09675733954317564 0.11278923931598296 0.2089806379528269 0 
0 -1.2499222413726394 -1.2659541411454467 -1.1697627425086028 -0.7208695488699978 -0.3040401547770074 -0.35213585409542936 0.14485303886159762 0.3532677359080928 0.44945913454493674 0.24104443749844154 1.0105756265931929 1.1548627245484588 0.9143842279563491 0.40136343522651474 -0.0795935579577049 -0.5445186513691173 -0.736901448642805 -0.9132523461436857 -0.9613480454621076 -0.8491247470524563 -0.7849971479612271 -0.6246781502331539 -0.4483272527322733 -0.19181685636735615 0 
0 -1.1376989429629882 -1.1056351434173735 -1.0415075443261441 -0.9773799452349149 -0.9613480454621076 -1.0094437447805296 -0.9453161456893003 -0.9453161456893003 -1.0094437447805296 -1.1216670431901807 -0.7529333484156124 -0.6086462504603465 -0.27197635523139274 -0.1597530568217415 0.19294873818001956 0.3212039363624781 0.25707633727124884 0.04866164022475367 -0.49642295205069525 -0.929284245916493 -1.281986040918254 -1.4583369384191345 -1.5865921366015932 -1.4423050386463272 0 
0 -1.1056351434173735 -1.0896032436445662 -1.0896032436445662 -1.073571343871759 -1.0094437447805296 -0.8972204463708783 -0.8651566468252637 -0.9132523461436857 -1.0575394440989516 -1.0896032436445662 -1.1537308427357955 -1.3461136400094833 -1.330081740236676 -1.4102412391007126 -1.4102412391007126 -1.1697627425086028 -0.7849971479612271 -0.0795935579577049 0.14485303886159762 0.14485303886159762 0.01659784067913903 -0.25594445545858546 -0.5124548518235026 -0.7849971479612271 0 
0 -1.1697627425086028 -1.2178584418270249 -1.2338903415998321 -1.2659541411454467 -1.2178584418270249 -1.1376989429629882 -1.1056351434173735 -1.18579464228141 -1.1697627425086028 -1.1056351434173735 -1.0575394440989516 -1.1697627425086028 -1.2980179406910615 -1.4102412391007126 -1.538496437283171 -1.7148473347840518 -1.8591344327393176 -1.7629430341024737 -1.6026240363744004 -1.2338903415998321 -0.9934118450077223 -0.8491247470524563 0.01659784067913903 0.866288528637927 0 
0 -1.281986040918254 -1.42627313887352 -1.4423050386463272 -1.330081740236676 -1.2499222413726394 -1.2499222413726394 -1.2499222413726394 -1.2980179406910615 -1.3140498404638687 -1.2499222413726394 -1.2018265420542174 -1.2499222413726394 -1.2178584418270249 -1.2499222413726394 -1.3621455397822906 -1.5224645375103638 -1.6186559361472077 -1.778974933875281 -1.9072301320577396 -2.0034215306945837 -2.1797724281954642 -2.211836227741079 -1.8431025329665103 -0.929284245916493 0 
0 -1.3461136400094833 -1.3461136400094833 -1.3140498404638687 -1.281986040918254 -1.2659541411454467 -1.3140498404638687 -1.2499222413726394 -1.2499222413726394 -1.2980179406910615 -1.3461136400094833 -1.4583369384191345 -1.5545283370559786 -1.4423050386463272 -1.474368838191942 -1.5705602368287859 -1.6026240363744004 -1.6507197356928225 -1.730879234556859 -1.827070633193703 -1.875166332512125 -1.9072301320577396 -1.971357731148969 -2.067549129785813 -2.067549129785813 0 
0 -1.378177439555098 -1.378177439555098 -1.4102412391007126 -1.42627313887352 -1.3942093393279054 -1.3140498404638687 -1.18579464228141 -1.2338903415998321 -1.3461136400094833 -1.42627313887352 -1.4904007379647493 -1.5064326377375565 -1.5224645375103638 -1.6026240363744004 -1.6346878359200152 -1.6026240363744004 -1.6667516354656298 -1.7148473347840518 -1.7950068336480884 -1.9072301320577396 -1.9553258313761614 -2.0034215306945837 -2.0034215306945837 -1.971357731148969 0 
0 0 0 0 0 0 0 0 0 0 0 0 0 0 0 0 0 0 0 0 0 0 0 0 0 0 

0 0 0 0 0 0 0 0 0 0 0 0 0 0 0 0 0 0 0 0 0 0 0 0 0 0 
0 1.5716921186414492 1.603755918187064 1.6358197177326785 1.6358197177326785 1.6358197177326785 1.6358197177326785 1.6518516175054858 1.667883517278293 1.6839154170511006 1.6839154170511006 1.667883517278293 1.6358197177326785 1.6518516175054858 1.6197878179598713 1.5877240184142565 1.555660218868642 1.5235964193230274 1.4915326197774126 1.459468820231798 1.4434369204589907 1.4274050206861832 1.3793093213677614 1.3312136220493394 1.2831179227309175 0 
0 1.4274050206861832 1.459468820231798 1.4755007200046053 1.4915326197774126 1.5235964193230274 1.5396283190958346 1.555660218868642 1.5877240184142565 1.603755918187064 1.6197878179598713 1.603755918187064 1.5877240184142565 1.5877240184142565 1.5716921186414492 1.5396283190958346 1.5235964193230274 1.4755007200046053 1.4434369204589907 1.4434369204589907 1.4434369204589907 1.4274050206861832 1.3793093213677614 1.315181722276532 1.2670860229581102 0 
0 0.962479927274771 0.9785118270475783 0.9945437268203856 1.0105756265931929 1.0266075263660004 1.0426394261388077 1.058671325911615 1.0426394261388077 1.0747032256844222 1.0907351254572295 1.058671325911615 1.0426394261388077 1.0426394261388077 1.0266075263660004 1.0105756265931929 0.9785118270475783 0.962479927274771 0.9464480275019637 0.9464480275019637 0.9464480275019637 0.9304161277291564 0.8823204284107344 0.8181928293195051 0.7861290297738904 0 
0 0.7059695309098538 0.7220014306826612 0.7700971300010832 0.7861290297738904 0.8021609295466978 0.8181928293195051 0.7700971300010832 0.7540652302282759 0.7540652302282759 0.7380333304554685 0.7059695309098538 0.6899376311370465 0.7059695309098538 0.7059695309098538 0.6578738315914319 0.6258100320458173 0.5937462325002026 0.5777143327273953 0.5777143327273953 0.561682432954588 0.5456505331817807 0.4975548338633587 0.4334272347721294 0.36929963568090013 0 
0 0.5456505331817807 0.3853315354537074 0.5456505331817807 0.6578738315914319 0.7220014306826612 0.6899376311370465 0.6739057313642393 0.6739057313642393 0.6578738315914319 0.6418419318186246 0.6258100320458173 0.5937462325002026 0.6258100320458173 0.6258100320458173 0.5937462325002026 0.5456505331817807 0.5296186334089733 0.513586733636166 0.4975548338633587 0.4975548338633587 0.48152293409055136 0.4334272347721294 0.36929963568090013 0.3212039363624781 0 
0 0.36929963568090013 0.064693539997561 0.2891401368168635 0.4975548338633587 0.5777143327273953 0.561682432954588 0.5456505331817807 0.5456505331817807 0.561682432954588 0.561682432954588 0.5456505331817807 0.4975548338633587 0.513586733636166 0.4975548338633587 0.44945913454493674 0.4173953349993221 0.4334272347721294 0.4173953349993221 0.40136343522651474 0.3853315354537074 0.36929963568090013 0.30517203658967085 0.25707633727124884 0.2250125377256342 0 
0 0.4334272347721294 0.19294873818001956 0.3532677359080928 0.44945913454493674 0.36929963568090013 0.40136343522651474 0.4173953349993221 0.4334272347721294 0.44945913454493674 0.4173953349993221 0.4334272347721294 0.40136343522651474 0.4173953349993221 0.3853315354537074 0.33723583613528546 0.30517203658967085 0.30517203658967085 0.2891401368168635 0.25707633727124884 0.2250125377256342 0.19294873818001956 0.12882113908879028 0.04866164022475367 -0.015465958866475615 0 
0 0.9464480275019637 0.8983523281835417 1.058671325911615 0.6899376311370465 0.33723583613528546 0.33723583613528546 0.36929963568090013 0.3532677359080928 0.30517203658967085 0.2891401368168635 0.25707633727124884 0.2250125377256342 0.24104443749844154 0.2731082370440562 0.30517203658967085 0.2731082370440562 0.24104443749844154 0.19294873818001956 0.14485303886159762 0.064693539997561 0.01659784067913903 -0.015465958866475615 -0.047529758412090256 -0.12768925727612687 0 
0 1.2510541231853027 1.2991498225037248 1.2831179227309175 0.6899376311370465 0.3212039363624781 0.33723583613528546 0.33723583613528546 0.3212039363624781 0.24104443749844154 0.24104443749844154 0.19294873818001956 0.19294873818001956 0.16088493863440492 0.12882113908879028 0.19294873818001956 0.25707633727124884 0.2250125377256342 0.12882113908879028 0.08072543977036832 0.01659784067913903 -0.047529758412090256 -0.09562545773051223 -0.09562545773051223 -0.19181685636735615 0 
0 0.9945437268203856 0.866288528637927 0.7220014306826612 0.44945913454493674 0.33723583613528546 0.2891401368168635 0.12882113908879028 0.064693539997561 0.12882113908879028 0.2089806379528269 0.2731082370440562 0.3853315354537074 0.30517203658967085 0.17691683840721226 0.12882113908879028 0.11278923931598296 0.064693539997561 0.01659784067913903 0.0005659409063317062 -0.047529758412090256 -0.09562545773051223 -0.14372115704893418 -0.23991255568577813 -0.35213585409542936 0 
0 0.4334272347721294 0.5296186334089733 0.6899376311370465 0.962479927274771 1.2831179227309175 1.1227989250028443 0.7861290297738904 0.4975548338633587 0.2891401368168635 0.24104443749844154 0.24104443749844154 0.25707633727124884 0.17691683840721226 0.09675733954317564 0.08072543977036832 0.08072543977036832 0.03262974045194635 0.01659784067913903 0.0005659409063317062 -0.0795935579577049 -0.11165735750331955 -0.17578495659454885 -0.27197635523139274 -0.3681677538682367 0 
0 1.315181722276532 1.1227989250028443 1.202958423866881 1.2350222234124955 1.2510541231853027 1.315181722276532 1.3632774215949541 1.3632774215949541 1.202958423866881 1.1388308247756516 0.9945437268203856 0.7380333304554685 0.6097781322730099 0.36929963568090013 0.08072543977036832 -0.031497858639282936 0.0005659409063317062 -0.031497858639282936 -0.031497858639282936 -0.047529758412090256 -0.12768925727612687 -0.17578495659454885 -0.25594445545858546 -0.3681677538682367 0 
0 0.6258100320458173 0.7059695309098538 1.202958423866881 1.2510541231853027 0.9785118270475783 1.3472455218221466 1.2831179227309175 1.0907351254572295 0.962479927274771 1.1388308247756516 1.2510541231853027 1.3312136220493394 1.4434369204589907 1.3312136220493394 1.0426394261388077 0.8021609295466978 0.7059695309098538 0.36929963568090013 0.11278923931598296 -0.0795935579577049 -0.27197635523139274 -0.3040401547770074 -0.2880082550042001 -0.32007205454981474 0 
0 0.6097781322730099 0.33723583613528546 0.2731082370440562 0.30517203658967085 0.44945913454493674 1.1869265240940736 1.555660218868642 1.0266075263660004 1.202958423866881 1.459468820231798 1.2350222234124955 0.9464480275019637 0.8342247290923125 1.0747032256844222 1.411373120913376 1.6358197177326785 1.555660218868642 1.4434369204589907 1.3472455218221466 1.0747032256844222 0.5777143327273953 0.11278923931598296 -0.384199653641044 -0.25594445545858546 0 
0 1.6197878179598713 1.3472455218221466 1.1708946243212661 0.8181928293195051 0.4334272347721294 0.2250125377256342 0.30517203658967085 0.2250125377256342 0.7861290297738904 1.3793093213677614 1.5716921186414492 1.0426394261388077 1.058671325911615 1.411373120913376 1.4915326197774126 1.667883517278293 1.6358197177326785 1.603755918187064 1.6197878179598713 1.6358197177326785 1.5877240184142565 1.058671325911615 -0.14372115704893418 -0.031497858639282936 0 
0 0.8181928293195051 1.4274050206861832 1.6358197177326785 1.667883517278293 1.459468820231798 1.058671325911615 0.6739057313642393 0.2891401368168635 0.03262974045194635 0.16088493863440492 0.44945913454493674 0.3212039363624781 0.6739057313642393 1.2831179227309175 1.2670860229581102 1.1388308247756516 1.058671325911615 1.0105756265931929 0.9464480275019637 0.9304161277291564 0.8983523281835417 0.6899376311370465 0.40136343522651474 0.5937462325002026 0 
0 -0.46435915250508064 0.09675733954317564 0.44945913454493674 1.1548627245484588 1.5235964193230274 1.5075645195502199 1.5877240184142565 1.3312136220493394 0.9945437268203856 0.7059695309098538 0.4334272347721294 0.08072543977036832 -0.047529758412090256 -0.015465958866475615 -0.0795935579577049 -0.11165735750331955 0.01659784067913903 0.30517203658967085 0.5456505331817807 0.513586733636166 0.40136343522651474 0.33723583613528546 0.36929963568090013 0.465491034317744 0 
0 -0.6727738495515758 -0.7048376490971905 -0.6246781502331539 -0.2880082550042001 -0.015465958866475615 -0.06356165818489758 0.3853315354537074 0.5777143327273953 0.5777143327273953 0.33723583613528546 1.058671325911615 1.1869265240940736 0.9785118270475783 0.5296186334089733 0.11278923931598296 -0.25594445545858546 -0.5124548518235026 -0.7208695488699978 -0.7689652481884197 -0.6567419497787685 -0.6246781502331539 -0.49642295205069525 -0.2880082550042001 -0.015465958866475615 0 
0 -0.5124548518235026 -0.49642295205069525 -0.41626345318665864 -0.40023155341385136 -0.46435915250508064 -0.5605505511419245 -0.5445186513691173 -0.5124548518235026 -0.5605505511419245 -0.6727738495515758 -0.35213585409542936 -0.25594445545858546 -0.06356165818489758 0.01659784067913903 0.40136343522651474 0.561682432954588 0.4334272347721294 0.17691683840721226 -0.35213585409542936 -0.7689652481884197 -1.1537308427357955 -1.378177439555098 -1.4904007379647493 -1.3461136400094833 0 
0 -0.5124548518235026 -0.480391052277888 -0.46435915250508064 -0.432295352959466 -0.3681677538682367 -0.3361039543226221 -0.35213585409542936 -0.3681677538682367 -0.41626345318665864 -0.46435915250508064 -0.5284867515963099 -0.7529333484156124 -0.8170609475068417 -0.9613480454621076 -1.0575394440989516 -0.8972204463708783 -0.6246781502331539 0.04866164022475367 0.30517203658967085 0.3212039363624781 0.2089806379528269 -0.06356165818489758 -0.3361039543226221 -0.6727738495515758 0 
0 -0.5605505511419245 -0.5765824509147319 -0.6086462504603465 -0.5926143506875392 -0.5124548518235026 -0.46435915250508064 -0.480391052277888 -0.5445186513691173 -0.5284867515963099 -0.46435915250508064 -0.41626345318665864 -0.5284867515963099 -0.6727738495515758 -0.833092847279649 -1.0575394440989516 -1.3140498404638687 -1.5545283370559786 -1.474368838191942 -1.330081740236676 -0.9773799452349149 -0.7208695488699978 -0.5926143506875392 0.24104443749844154 1.0105756265931929 0 
0 -0.6246781502331539 -0.7689652481884197 -0.7849971479612271 -0.6567419497787685 -0.5605505511419245 -0.5605505511419245 -0.5445186513691173 -0.6086462504603465 -0.6567419497787685 -0.5926143506875392 -0.5445186513691173 -0.5926143506875392 -0.6727738495515758 -0.736901448642805 -0.8491247470524563 -1.0094437447805296 -1.1376989429629882 -1.3461136400094833 -1.5064326377375565 -1.6346878359200152 -1.827070633193703 -1.8911982322849323 -1.5705602368287859 -0.7208695488699978 0 
0 -0.6888057493243831 -0.6888057493243831 -0.6727738495515758 -0.6086462504603465 -0.5926143506875392 -0.6407100500059612 -0.5765824509147319 -0.5765824509147319 -0.6407100500059612 -0.6888057493243831 -0.8170609475068417 -0.9132523461436857 -0.8491247470524563 -0.8972204463708783 -0.9934118450077223 -1.0094437447805296 -1.1056351434173735 -1.2499222413726394 -1.3621455397822906 -1.4423050386463272 -1.5064326377375565 -1.5705602368287859 -1.7148473347840518 -1.7469111343296664 0 
0 -0.7689652481884197 -0.7689652481884197 -0.8010290477340344 -0.8010290477340344 -0.7529333484156124 -0.6727738495515758 -0.5284867515963099 -0.5926143506875392 -0.736901448642805 -0.8170609475068417 -0.881188546598071 -0.8972204463708783 -0.881188546598071 -0.9453161456893003 -0.9773799452349149 -0.9613480454621076 -1.0896032436445662 -1.18579464228141 -1.2980179406910615 -1.42627313887352 -1.4904007379647493 -1.5545283370559786 -1.5865921366015932 -1.6026240363744004 0 
0 0 0 0 0 0 0 0 0 0 0 0 0 0 0 0 0 0 0 0 0 0 0 0 0 0 

