0 0 0 0 0 0 0 0 0 0 0 0 0 0 0 0 0 0 0 0 0 0 0 0 0 0 
0 1.6905406737168516 1.6905406737168516 1.8649418321616893 2.3358249599627507 2.5102261184075885 2.196304033206881 1.446379051894079 1.0452563874709522 0.9057354607150822 0.8010947656481795 1.0452563874709522 1.6207802103389166 1.9347022955396243 1.7951813687837541 1.0103761557819848 0.766214533959212 0.8534151131816309 1.289418009293725 1.6731005578723679 1.2719778934492412 0.8185348814926633 0.5569331438254068 0.8010947656481795 0.9754959240930172 0 
0 2.266064496584816 2.3183848441182673 1.7777412529392704 1.7603011370947867 1.7254209054058192 1.2022174300713062 0.9580558082485334 0.992936039937501 0.7487744181147282 0.38253198538056915 0.27789129031366655 0.6092534913588581 0.696454070581277 0.469732564602988 0.6266936072033419 0.9580558082485334 0.9406156924040496 0.766214533959212 0.9580558082485334 1.0103761557819848 0.6092534913588581 0.38253198538056915 0.7836546498036958 1.062696503315436 0 
0 2.492786002563105 2.3183848441182673 2.3707051916517186 2.5799865817855236 2.3881453074962025 2.1265435698289457 2.056783106451011 1.6905406737168516 1.1673371983823386 0.5569331438254068 -0.018590679042557456 0.3476517536916016 0.7836546498036958 0.8010947656481795 1.3068581251382088 2.231184264895848 2.056783106451011 1.132456966693371 1.1150168508488874 0.8708552290261146 0.3127715220026341 0.696454070581277 0.9754959240930172 0.9406156924040496 0 
0 1.7079807895613355 1.7079807895613355 1.3242982409826924 1.446379051894079 0.6790139547367932 0.2604511744691828 0.48717268044747175 0.9754959240930172 1.4638191677385626 0.8010947656481795 0.08605001602434514 0.9057354607150822 1.5161395152720138 1.5335796311164978 1.8649418321616893 2.056783106451011 1.6207802103389166 1.2719778934492412 0.8534151131816309 0.03372966849089384 -0.41971334346568406 0.38253198538056915 1.35917847267166 1.1673371983823386 0 
0 1.0975767350044037 1.4289389360495952 1.3068581251382088 0.8708552290261146 0.016289552646410074 -0.43715345931016786 -0.5941145019105217 -0.12323137410946006 0.8185348814926633 0.6790139547367932 0.27789129031366655 0.2604511744691828 0.12093024771331268 0.06860990017986138 0.38253198538056915 0.7313343022702444 1.1150168508488874 0.8534151131816309 -0.2627523008653302 -0.5592342702215543 -0.41971334346568406 0.2081308269357315 1.5510197469609814 1.3417383568271763 0 
0 0.8882953448705984 1.132456966693371 1.812621484628238 2.039342990606527 0.8882953448705984 0.016289552646410074 -0.12323137410946006 -0.6115546177550055 -0.5766743860660379 -0.2104319533318789 -0.05347091073152499 -0.33251276424326526 -0.43715345931016786 -0.19299183748739512 0.1558104794022802 0.1558104794022802 -0.07091102657600876 -0.4545935751546516 -0.5243540385325867 -0.2104319533318789 -0.17555172164291136 0.17325059524676398 0.9754959240930172 1.1847773142268223 0 
0 0.992936039937501 0.6266936072033419 0.5220529121364393 0.8708552290261146 0.5046127962919555 -0.10579125826497629 0.03372966849089384 -0.4720336909991354 -0.9254767029557133 -1.012677282178132 -0.7685156603553595 -0.7336354286663919 -0.8208360078888107 -0.8033958920443269 -0.7336354286663919 -0.7161953128219081 -0.7859557761998431 -0.7510755445108757 -0.43715345931016786 -0.24531218502084642 -0.12323137410946006 0.6615738388923095 0.8534151131816309 0.9057354607150822 0 
0 2.248624380740332 2.021902874762043 1.2022174300713062 0.4174122170695367 -0.018590679042557456 -0.5941145019105217 -0.6289947335994893 -0.8208360078888107 -0.8905964712667458 -0.7859557761998431 -0.6638749652884568 -0.6638749652884568 -0.6987551969774244 -0.7336354286663919 -0.7161953128219081 -0.5243540385325867 -0.43715345931016786 -0.8382761237332945 -0.7161953128219081 -0.6289947335994893 0.016289552646410074 1.4114988202051113 1.5161395152720138 1.5510197469609814 0 
0 2.0742232222954944 2.405585423340686 1.3068581251382088 0.2604511744691828 -0.1581116057984276 -0.7161953128219081 -0.873156355422262 -0.9080365871112295 -0.8905964712667458 -0.8033958920443269 -0.6987551969774244 -0.6289947335994893 -0.6115546177550055 -0.646434849443973 -0.6289947335994893 -0.5069139226881029 -0.5766743860660379 -0.8208360078888107 -0.8208360078888107 -0.7859557761998431 -0.12323137410946006 0.9057354607150822 1.0452563874709522 1.1847773142268223 0 
0 2.5102261184075885 2.7892679719193287 2.7369476243858775 2.2835046124292995 0.5743732596698906 -0.6289947335994893 -0.6813150811329406 -0.7685156603553595 -0.41971334346568406 -0.24531218502084642 -0.6638749652884568 -0.9254767029557133 -0.7336354286663919 -0.5592342702215543 -0.8033958920443269 -0.8382761237332945 -0.2627523008653302 0.051169784335377604 -0.5069139226881029 -0.6987551969774244 -0.4022732276212003 0.48717268044747175 0.7313343022702444 0.7313343022702444 0 
0 1.9172621796951406 2.7718278560748453 2.8067080877638126 1.8475017163172056 0.10349013186882891 -0.6987551969774244 -0.6638749652884568 -0.6638749652884568 0.29533140615815034 1.7603011370947867 1.2022174300713062 -0.5417941543770705 -0.7859557761998431 -0.5941145019105217 -0.8382761237332945 0.08605001602434514 1.6905406737168516 1.3068581251382088 -0.33251276424326526 -0.6638749652884568 -0.48947380684361913 0.3476517536916016 0.39997210122505295 0.2604511744691828 0 
0 0.766214533959212 1.4114988202051113 0.923175576559566 -0.28019241670981393 -0.7161953128219081 -0.7161953128219081 -0.7685156603553595 -0.6987551969774244 -0.48947380684361913 0.12093024771331268 0.12093024771331268 -0.6289947335994893 -0.8557162395777782 -0.7859557761998431 -0.8557162395777782 -0.48947380684361913 0.016289552646410074 -0.31507264839878146 -0.646434849443973 -0.6813150811329406 -0.2627523008653302 0.24301105862469904 -0.018590679042557456 -0.0011505631980736918 0 
0 0.3127715220026341 0.06860990017986138 -0.6987551969774244 -0.8208360078888107 -0.6813150811329406 -0.6813150811329406 -0.7510755445108757 -0.6813150811329406 -0.7510755445108757 -0.7859557761998431 -0.7161953128219081 -0.7510755445108757 -0.7685156603553595 -0.6813150811329406 -0.7336354286663919 -0.7510755445108757 -0.6638749652884568 -0.6289947335994893 -0.6813150811329406 -0.5941145019105217 -0.08835114242049252 0.016289552646410074 -0.24531218502084642 -0.0011505631980736918 0 
0 -0.349952880087749 -0.8208360078888107 -1.0475575138670996 -1.0475575138670996 -0.9952371663336483 -0.8557162395777782 -0.7510755445108757 -0.6115546177550055 -0.5417941543770705 -0.5766743860660379 -0.7161953128219081 -0.646434849443973 -0.5243540385325867 -0.4022732276212003 -0.4545935751546516 -0.5766743860660379 -0.4720336909991354 -0.05347091073152499 -0.05347091073152499 0.08605001602434514 0.13837036355779644 0.016289552646410074 -0.14067148995394382 -0.05347091073152499 0 
0 -0.9429168188001971 -1.0649976297115835 -1.1173179772450348 -1.1173179772450348 -1.0649976297115835 -0.7685156603553595 -0.33251276424326526 -0.0011505631980736918 0.3476517536916016 0.3476517536916016 -0.31507264839878146 -0.6115546177550055 -0.5941145019105217 -0.6289947335994893 -0.6638749652884568 -0.5417941543770705 0.1558104794022802 1.0103761557819848 0.992936039937501 0.539493027980923 0.24301105862469904 0.016289552646410074 -0.018590679042557456 -0.03603079488704122 0 
0 -1.0475575138670996 -1.0824377455560672 -1.0998778614005509 -1.0824377455560672 -0.873156355422262 -0.6289947335994893 -0.3673929959322328 -0.08835114242049252 0.12093024771331268 0.2604511744691828 0.6441337230478257 0.5918133755143744 -0.0011505631980736918 -0.22787206917636266 0.19069071109124774 1.2719778934492412 2.266064496584816 2.5276662342520724 1.4812592835830465 0.5046127962919555 0.12093024771331268 0.03372966849089384 0.12093024771331268 0.08605001602434514 0 
0 -1.0649976297115835 -1.0649976297115835 -1.0998778614005509 -0.9777970504891645 -0.8557162395777782 -0.5941145019105217 -0.3673929959322328 -0.41971334346568406 -0.4720336909991354 -0.6987551969774244 -0.07091102657600876 1.0975767350044037 2.1614238015179135 2.3881453074962025 2.70206739269691 2.911348782830715 2.8939086669862313 2.457905770874137 1.2545377776047575 0.539493027980923 0.13837036355779644 0.24301105862469904 0.4522924487585042 0.22557094278021528 0 
0 -1.0824377455560672 -1.0824377455560672 -1.0649976297115835 -0.9777970504891645 -0.8033958920443269 -0.6987551969774244 -0.9080365871112295 -0.6813150811329406 -0.8382761237332945 -0.9429168188001971 -0.873156355422262 -0.7161953128219081 0.29533140615815034 1.4289389360495952 2.3881453074962025 2.7718278560748453 2.876468551141748 2.649747045163459 1.1673371983823386 0.22557094278021528 0.22557094278021528 0.2604511744691828 0.13837036355779644 0.22557094278021528 0 
0 -1.1347580930895185 -1.0824377455560672 -1.0998778614005509 -1.030117398022616 -0.9080365871112295 -1.0824377455560672 -1.0475575138670996 -0.8033958920443269 -1.0998778614005509 -1.0998778614005509 -1.0649976297115835 -1.012677282178132 -0.9777970504891645 -0.7685156603553595 -0.08835114242049252 0.9057354607150822 2.109103453984462 2.7892679719193287 1.6382203261834003 0.7487744181147282 0.696454070581277 0.4174122170695367 0.13837036355779644 0.24301105862469904 0 
0 -1.1870784406229697 -1.1173179772450348 -1.1347580930895185 -1.1347580930895185 -1.0824377455560672 -1.1347580930895185 -1.0649976297115835 -0.9080365871112295 -1.1347580930895185 -1.1521982089340022 -1.1521982089340022 -1.1173179772450348 -1.0824377455560672 -1.030117398022616 -0.9603569346446809 -0.7859557761998431 0.06860990017986138 1.655660442027884 1.5684598628054653 1.0452563874709522 0.8882953448705984 0.469732564602988 0.2081308269357315 0.27789129031366655 0 
0 -1.2045185564674536 -1.169638324778486 -1.1870784406229697 -1.1870784406229697 -1.169638324778486 -1.1521982089340022 -1.1347580930895185 -1.012677282178132 -1.0998778614005509 -1.1521982089340022 -1.1347580930895185 -1.1173179772450348 -1.1173179772450348 -1.1347580930895185 -1.0649976297115835 -0.9952371663336483 -0.9429168188001971 -0.08835114242049252 0.7487744181147282 0.7487744181147282 0.696454070581277 0.4348523329140205 0.2604511744691828 0.29533140615815034 0 
0 -1.2045185564674536 -1.1870784406229697 -1.1870784406229697 -1.1870784406229697 -1.1870784406229697 -1.1870784406229697 -1.1521982089340022 -1.0649976297115835 -1.0824377455560672 -1.1521982089340022 -1.1347580930895185 -1.0998778614005509 -1.0998778614005509 -1.1173179772450348 -1.1173179772450348 -1.0824377455560672 -0.9952371663336483 -0.38483311177671653 0.3302116378471179 0.3302116378471179 0.3650918695360854 0.38253198538056915 0.3476517536916016 0.3127715220026341 0 
0 -1.2045185564674536 -1.1870784406229697 -1.2045185564674536 -1.1870784406229697 -1.1870784406229697 -1.1870784406229697 -1.1521982089340022 -1.0998778614005509 -1.0824377455560672 -1.1347580930895185 -1.1347580930895185 -1.0998778614005509 -1.1347580930895185 -1.1173179772450348 -1.0998778614005509 -1.0475575138670996 -0.5941145019105217 0.10349013186882891 0.3302116378471179 0.3302116378471179 0.29533140615815034 0.3127715220026341 0.27789129031366655 0.10349013186882891 0 
0 -1.1870784406229697 -1.2045185564674536 -1.2219586723119373 -1.2045185564674536 -1.1870784406229697 -1.169638324778486 -1.169638324778486 -1.1347580930895185 -1.1173179772450348 -1.169638324778486 -1.1521982089340022 -1.0998778614005509 -1.1173179772450348 -1.1173179772450348 -0.9429168188001971 -0.41971334346568406 0.17325059524676398 0.3476517536916016 0.3476517536916016 0.3650918695360854 0.3127715220026341 0.29533140615815034 0.22557094278021528 -0.05347091073152499 0 
0 0 0 0 0 0 0 0 0 0 0 0 0 0 0 0 0 0 0 0 0 0 0 0 0 0 

0 0 0 0 0 0 0 0 0 0 0 0 0 0 0 0 0 0 0 0 0 0 0 0 0 0 
0 1.655660442027884 1.5161395152720138 1.655660442027884 2.056783106451011 2.178863917362397 1.8300616004727217 1.0103761557819848 0.766214533959212 0.9406156924040496 1.0452563874709522 1.21965754591579 1.6207802103389166 1.9172621796951406 1.812621484628238 1.3417383568271763 1.2370976617602738 1.2022174300713062 1.3940587043606276 1.6731005578723679 1.3940587043606276 1.0975767350044037 0.9754959240930172 0.9406156924040496 0.8359749973371471 0 
0 2.3707051916517186 2.3009447282737834 2.039342990606527 1.8300616004727217 1.5510197469609814 1.289418009293725 1.2719778934492412 1.35917847267166 1.3068581251382088 0.9580558082485334 0.4522924487585042 0.6266936072033419 0.8708552290261146 0.7836546498036958 1.0452563874709522 1.4289389360495952 1.2370976617602738 0.8185348814926633 0.8708552290261146 1.0975767350044037 1.062696503315436 0.9580558082485334 0.8708552290261146 0.6266936072033419 0 
0 2.405585423340686 2.2835046124292995 2.5276662342520724 2.632306929318975 2.405585423340686 2.2137441490513647 2.231184264895848 1.9695825272285918 1.5335796311164978 0.8359749973371471 0.12093024771331268 0.539493027980923 1.132456966693371 1.0975767350044037 1.4638191677385626 2.3358249599627507 2.1614238015179135 1.2719778934492412 1.21965754591579 1.132456966693371 0.766214533959212 1.0801366191599198 1.1673371983823386 0.7836546498036958 0 
0 1.3068581251382088 1.4812592835830465 1.35917847267166 1.2545377776047575 0.539493027980923 0.1558104794022802 0.3302116378471179 0.9580558082485334 1.3940587043606276 0.6266936072033419 0.19069071109124774 1.1847773142268223 1.812621484628238 1.7777412529392704 1.9870226430730757 2.0916633381399783 1.7428610212503028 1.5161395152720138 1.0801366191599198 0.2081308269357315 -0.3673929959322328 0.2604511744691828 1.0278162716264685 0.7487744181147282 0 
0 0.6790139547367932 1.21965754591579 1.2545377776047575 0.5220529121364393 -0.2627523008653302 -0.6115546177550055 -0.7161953128219081 -0.17555172164291136 0.766214533959212 0.8534151131816309 0.7487744181147282 0.8185348814926633 0.5569331438254068 0.3650918695360854 0.5046127962919555 0.7836546498036958 1.1673371983823386 0.9406156924040496 -0.22787206917636266 -0.6115546177550055 -0.5766743860660379 0.06860990017986138 1.0801366191599198 0.7487744181147282 0 
0 0.5220529121364393 0.8185348814926633 1.6731005578723679 2.021902874762043 0.8185348814926633 -0.14067148995394382 -0.22787206917636266 -0.6813150811329406 -0.5592342702215543 0.051169784335377604 0.3476517536916016 0.12093024771331268 -0.10579125826497629 0.03372966849089384 0.24301105862469904 0.2604511744691828 -0.03603079488704122 -0.48947380684361913 -0.5592342702215543 -0.2976325325542977 -0.31507264839878146 0.29533140615815034 0.8185348814926633 0.6441337230478257 0 
0 0.6092534913588581 0.48717268044747175 0.5220529121364393 1.2022174300713062 0.7313343022702444 -0.12323137410946006 -0.03603079488704122 -0.5243540385325867 -0.9080365871112295 -0.9080365871112295 -0.5592342702215543 -0.43715345931016786 -0.4720336909991354 -0.4720336909991354 -0.43715345931016786 -0.48947380684361913 -0.6987551969774244 -0.7336354286663919 -0.43715345931016786 -0.24531218502084642 -0.2104319533318789 0.5569331438254068 0.7138941864257607 0.7836546498036958 0 
0 1.6207802103389166 1.7079807895613355 1.062696503315436 0.6266936072033419 0.13837036355779644 -0.5766743860660379 -0.6289947335994893 -0.8208360078888107 -0.8905964712667458 -0.6638749652884568 -0.4545935751546516 -0.43715345931016786 -0.4720336909991354 -0.48947380684361913 -0.41971334346568406 -0.24531218502084642 -0.22787206917636266 -0.7510755445108757 -0.6638749652884568 -0.5592342702215543 -0.018590679042557456 1.2719778934492412 1.3417383568271763 1.4289389360495952 0 
0 1.7777412529392704 2.196304033206881 1.4114988202051113 0.6441337230478257 0.06860990017986138 -0.6987551969774244 -0.8557162395777782 -0.873156355422262 -0.8382761237332945 -0.6638749652884568 -0.48947380684361913 -0.43715345931016786 -0.38483311177671653 -0.3673929959322328 -0.4022732276212003 -0.31507264839878146 -0.4022732276212003 -0.6638749652884568 -0.7161953128219081 -0.6987551969774244 0.06860990017986138 1.3068581251382088 1.3068581251382088 1.1847773142268223 0 
0 2.492786002563105 2.7543877402303614 2.7543877402303614 2.3009447282737834 0.6266936072033419 -0.5592342702215543 -0.6115546177550055 -0.646434849443973 -0.2627523008653302 -0.17555172164291136 -0.646434849443973 -0.8905964712667458 -0.5766743860660379 -0.28019241670981393 -0.646434849443973 -0.7859557761998431 -0.2627523008653302 0.19069071109124774 -0.2627523008653302 -0.4545935751546516 -0.17555172164291136 0.8010947656481795 0.9406156924040496 0.8185348814926633 0 
0 1.6382203261834003 2.684627276852426 2.7543877402303614 1.8475017163172056 0.1558104794022802 -0.6289947335994893 -0.5766743860660379 -0.5069139226881029 0.38253198538056915 1.655660442027884 1.132456966693371 -0.5243540385325867 -0.646434849443973 -0.3673929959322328 -0.7336354286663919 0.08605001602434514 1.585899978649949 1.2545377776047575 -0.12323137410946006 -0.38483311177671653 -0.2976325325542977 0.4348523329140205 0.48717268044747175 0.469732564602988 0 
0 0.4174122170695367 1.2719778934492412 0.9057354607150822 -0.2104319533318789 -0.646434849443973 -0.7161953128219081 -0.7336354286663919 -0.5941145019105217 -0.33251276424326526 0.2604511744691828 0.24301105862469904 -0.5592342702215543 -0.8033958920443269 -0.7161953128219081 -0.7161953128219081 -0.33251276424326526 0.1558104794022802 -0.12323137410946006 -0.4022732276212003 -0.43715345931016786 -0.018590679042557456 0.539493027980923 0.27789129031366655 0.3302116378471179 0 
0 0.29533140615815034 0.12093024771331268 -0.6289947335994893 -0.7510755445108757 -0.6289947335994893 -0.6638749652884568 -0.7336354286663919 -0.646434849443973 -0.6987551969774244 -0.6115546177550055 -0.4545935751546516 -0.5941145019105217 -0.7161953128219081 -0.5069139226881029 -0.4545935751546516 -0.4720336909991354 -0.38483311177671653 -0.38483311177671653 -0.48947380684361913 -0.38483311177671653 0.24301105862469904 0.4174122170695367 0.13837036355779644 0.39997210122505295 0 
0 -0.24531218502084642 -0.7685156603553595 -1.012677282178132 -1.030117398022616 -0.9603569346446809 -0.8208360078888107 -0.7161953128219081 -0.5766743860660379 -0.5069139226881029 -0.5243540385325867 -0.6289947335994893 -0.5766743860660379 -0.43715345931016786 -0.22787206917636266 -0.22787206917636266 -0.349952880087749 -0.2627523008653302 0.10349013186882891 0.10349013186882891 0.29533140615815034 0.5046127962919555 0.4522924487585042 0.3127715220026341 0.4348523329140205 0 
0 -0.9080365871112295 -1.0649976297115835 -1.1347580930895185 -1.1521982089340022 -1.0475575138670996 -0.6987551969774244 -0.28019241670981393 0.051169784335377604 0.39997210122505295 0.4522924487585042 -0.19299183748739512 -0.5592342702215543 -0.5243540385325867 -0.5592342702215543 -0.5243540385325867 -0.4022732276212003 0.29533140615815034 1.0975767350044037 1.1673371983823386 0.8882953448705984 0.6441337230478257 0.48717268044747175 0.5220529121364393 0.4522924487585042 0 
0 -1.030117398022616 -1.0824377455560672 -1.1173179772450348 -1.0998778614005509 -0.873156355422262 -0.6289947335994893 -0.38483311177671653 -0.12323137410946006 0.10349013186882891 0.29533140615815034 0.7313343022702444 0.6790139547367932 0.06860990017986138 -0.17555172164291136 0.2081308269357315 1.2719778934492412 2.248624380740332 2.5102261184075885 1.655660442027884 0.9580558082485334 0.6441337230478257 0.6266936072033419 0.696454070581277 0.5743732596698906 0 
0 -1.0824377455560672 -1.0824377455560672 -1.1173179772450348 -0.9777970504891645 -0.873156355422262 -0.6115546177550055 -0.4022732276212003 -0.43715345931016786 -0.48947380684361913 -0.6813150811329406 -0.05347091073152499 1.0801366191599198 2.1265435698289457 2.3358249599627507 2.5799865817855236 2.8067080877638126 2.84158831945278 2.4404656550296537 1.289418009293725 0.766214533959212 0.539493027980923 0.5918133755143744 0.7487744181147282 0.6266936072033419 0 
0 -1.1173179772450348 -1.0998778614005509 -1.0649976297115835 -0.9777970504891645 -0.8033958920443269 -0.6813150811329406 -0.8905964712667458 -0.6813150811329406 -0.8208360078888107 -0.9254767029557133 -0.8557162395777782 -0.6638749652884568 0.3476517536916016 1.4638191677385626 2.3881453074962025 2.7369476243858775 2.84158831945278 2.6671871610079427 1.3242982409826924 0.5046127962919555 0.539493027980923 0.5743732596698906 0.5220529121364393 0.6092534913588581 0 
0 -1.169638324778486 -1.0998778614005509 -1.1173179772450348 -1.030117398022616 -0.9254767029557133 -1.1173179772450348 -1.0649976297115835 -0.7859557761998431 -1.0998778614005509 -1.0998778614005509 -1.0649976297115835 -1.030117398022616 -0.9952371663336483 -0.7859557761998431 -0.07091102657600876 0.9754959240930172 2.1439836856734296 2.7718278560748453 1.6731005578723679 0.696454070581277 0.5569331438254068 0.5569331438254068 0.5220529121364393 0.5220529121364393 0 
0 -1.2045185564674536 -1.1173179772450348 -1.1521982089340022 -1.1173179772450348 -1.1173179772450348 -1.2219586723119373 -1.0824377455560672 -0.9080365871112295 -1.1521982089340022 -1.169638324778486 -1.169638324778486 -1.1347580930895185 -1.0998778614005509 -1.0475575138670996 -0.9952371663336483 -0.8033958920443269 0.13837036355779644 1.7777412529392704 1.446379051894079 0.6615738388923095 0.469732564602988 0.3302116378471179 0.38253198538056915 0.48717268044747175 0 
0 -1.2219586723119373 -1.1870784406229697 -1.2045185564674536 -1.2045185564674536 -1.1870784406229697 -1.1870784406229697 -1.1347580930895185 -0.9952371663336483 -1.0998778614005509 -1.169638324778486 -1.1347580930895185 -1.1173179772450348 -1.1347580930895185 -1.169638324778486 -1.1173179772450348 -1.0998778614005509 -0.9777970504891645 0.06860990017986138 0.6615738388923095 0.39997210122505295 0.3302116378471179 0.1558104794022802 0.19069071109124774 0.3302116378471179 0 
0 -1.2219586723119373 -1.2045185564674536 -1.2219586723119373 -1.2219586723119373 -1.2045185564674536 -1.1870784406229697 -1.1521982089340022 -1.0649976297115835 -1.0824377455560672 -1.1521982089340022 -1.1347580930895185 -1.0998778614005509 -1.1347580930895185 -1.2045185564674536 -1.2045185564674536 -1.169638324778486 -1.0824377455560672 -0.43715345931016786 0.2604511744691828 0.13837036355779644 0.12093024771331268 0.1558104794022802 0.17325059524676398 0.2081308269357315 0 
0 -1.239398788156421 -1.2219586723119373 -1.2219586723119373 -1.2219586723119373 -1.2045185564674536 -1.1870784406229697 -1.1521982089340022 -1.0998778614005509 -1.0824377455560672 -1.1347580930895185 -1.1521982089340022 -1.1173179772450348 -1.1870784406229697 -1.2045185564674536 -1.1870784406229697 -1.1347580930895185 -0.6813150811329406 -0.0011505631980736918 0.17325059524676398 0.12093024771331268 0.10349013186882891 0.17325059524676398 0.17325059524676398 0.051169784335377604 0 
0 -1.2917191356898723 -1.256838904000905 -1.2219586723119373 -1.2045185564674536 -1.1870784406229697 -1.169638324778486 -1.169638324778486 -1.1347580930895185 -1.1173179772450348 -1.1521982089340022 -1.1521982089340022 -1.1870784406229697 -1.2219586723119373 -1.2219586723119373 -1.030117398022616 -0.48947380684361913 0.10349013186882891 0.24301105862469904 0.19069071109124774 0.17325059524676398 0.17325059524676398 0.19069071109124774 0.12093024771331268 -0.10579125826497629 0 
0 0 0 0 0 0 0 0 0 0 0 0 0 0 0 0 0 0 0 0 0 0 0 0 0 0 

0 0 0 0 0 0 0 0 0 0 0 0 0 0 0 0 0 0 0 0 0 0 0 0 0 0 
0 0.9057354607150822 0.469732564602988 0.22557094278021528 1.0278162716264685 1.655660442027884 1.2370976617602738 0.2081308269357315 -0.2104319533318789 -0.2104319533318789 -0.19299183748739512 -0.22787206917636266 -0.1581116057984276 0.5220529121364393 1.0103761557819848 0.3650918695360854 0.17325059524676398 0.13837036355779644 0.5743732596698906 0.923175576559566 0.29533140615815034 -0.018590679042557456 -0.17555172164291136 -0.19299183748739512 -0.31507264839878146 0 
0 1.35917847267166 0.8010947656481795 0.6790139547367932 0.766214533959212 0.6266936072033419 0.3650918695360854 0.39997210122505295 0.5569331438254068 0.3476517536916016 0.016289552646410074 -0.43715345931016786 -0.5766743860660379 -0.48947380684361913 -0.43715345931016786 0.016289552646410074 0.4348523329140205 0.12093024771331268 -0.4545935751546516 -0.2976325325542977 -0.1581116057984276 -0.22787206917636266 -0.1581116057984276 -0.07091102657600876 -0.349952880087749 0 
0 1.6905406737168516 1.2370976617602738 2.039342990606527 2.405585423340686 2.1439836856734296 1.9172621796951406 1.8300616004727217 1.3068581251382088 0.539493027980923 -0.018590679042557456 -0.6289947335994893 -0.4720336909991354 0.08605001602434514 0.2081308269357315 0.7836546498036958 1.8475017163172056 1.6207802103389166 0.27789129031366655 0.08605001602434514 -0.03603079488704122 -0.38483311177671653 0.06860990017986138 0.2081308269357315 -0.24531218502084642 0 
0 0.4522924487585042 0.5743732596698906 0.6790139547367932 0.7313343022702444 0.29533140615815034 -0.0011505631980736918 -0.05347091073152499 -0.19299183748739512 -0.22787206917636266 -0.48947380684361913 -0.6115546177550055 0.3127715220026341 1.1673371983823386 1.3068581251382088 1.5510197469609814 1.5161395152720138 0.9406156924040496 0.5046127962919555 0.2081308269357315 -0.4022732276212003 -0.7336354286663919 -0.349952880087749 -0.018590679042557456 -0.2627523008653302 0 
0 -0.2627523008653302 0.4174122170695367 0.6092534913588581 -0.12323137410946006 -0.6289947335994893 -0.8905964712667458 -0.9080365871112295 -0.7859557761998431 -0.43715345931016786 -0.2627523008653302 -0.2976325325542977 -0.22787206917636266 -0.28019241670981393 -0.5417941543770705 -0.5592342702215543 -0.3673929959322328 0.1558104794022802 0.2081308269357315 -0.646434849443973 -0.8905964712667458 -0.8382761237332945 -0.5417941543770705 -0.03603079488704122 -0.19299183748739512 0 
0 -0.349952880087749 0.12093024771331268 1.1847773142268223 1.585899978649949 0.5743732596698906 -0.349952880087749 -0.349952880087749 -0.7510755445108757 -0.8208360078888107 -0.4022732276212003 -0.22787206917636266 -0.33251276424326526 -0.2627523008653302 -0.2627523008653302 -0.31507264839878146 -0.2627523008653302 -0.38483311177671653 -0.6813150811329406 -0.7336354286663919 -0.4720336909991354 -0.5243540385325867 -0.41971334346568406 -0.19299183748739512 -0.17555172164291136 0 
0 -0.2627523008653302 -0.4720336909991354 -0.4545935751546516 0.38253198538056915 0.3127715220026341 -0.28019241670981393 -0.10579125826497629 -0.5592342702215543 -1.012677282178132 -1.012677282178132 -0.5069139226881029 -0.24531218502084642 -0.22787206917636266 -0.17555172164291136 -0.22787206917636266 -0.4022732276212003 -0.6987551969774244 -0.8208360078888107 -0.5592342702215543 -0.349952880087749 -0.4545935751546516 -0.33251276424326526 -0.31507264839878146 -0.17555172164291136 0 
0 0.38253198538056915 0.766214533959212 -0.0011505631980736918 -0.5417941543770705 -0.5243540385325867 -0.6987551969774244 -0.6638749652884568 -0.8557162395777782 -0.9952371663336483 -0.7510755445108757 -0.4022732276212003 -0.33251276424326526 -0.349952880087749 -0.33251276424326526 -0.2627523008653302 -0.14067148995394382 -0.19299183748739512 -0.8033958920443269 -0.7510755445108757 -0.6115546177550055 -0.3673929959322328 0.24301105862469904 0.19069071109124774 0.4174122170695367 0 
0 0.5046127962919555 1.4986993994275302 0.6266936072033419 -0.3673929959322328 -0.5243540385325867 -0.7685156603553595 -0.9080365871112295 -0.9254767029557133 -0.873156355422262 -0.6115546177550055 -0.4022732276212003 -0.3673929959322328 -0.2976325325542977 -0.22787206917636266 -0.2627523008653302 -0.19299183748739512 -0.2976325325542977 -0.6289947335994893 -0.7161953128219081 -0.7161953128219081 -0.28019241670981393 0.3127715220026341 0.27789129031366655 0.19069071109124774 0 
0 2.039342990606527 2.632306929318975 2.649747045163459 1.9347022955396243 0.27789129031366655 -0.5766743860660379 -0.5766743860660379 -0.6115546177550055 -0.22787206917636266 -0.22787206917636266 -0.7510755445108757 -0.9429168188001971 -0.5417941543770705 -0.1581116057984276 -0.646434849443973 -0.8905964712667458 -0.4022732276212003 0.1558104794022802 -0.17555172164291136 -0.3673929959322328 -0.19299183748739512 0.10349013186882891 -0.05347091073152499 -0.1581116057984276 0 
0 0.923175576559566 2.3358249599627507 2.70206739269691 1.7428610212503028 -0.018590679042557456 -0.7161953128219081 -0.5766743860660379 -0.4720336909991354 0.27789129031366655 1.35917847267166 0.8882953448705984 -0.6289947335994893 -0.7510755445108757 -0.3673929959322328 -0.7336354286663919 -0.05347091073152499 1.3242982409826924 1.062696503315436 -0.08835114242049252 -0.2976325325542977 -0.2627523008653302 -0.07091102657600876 -0.33251276424326526 -0.3673929959322328 0 
0 -0.2976325325542977 0.9406156924040496 0.9580558082485334 -0.19299183748739512 -0.7161953128219081 -0.8033958920443269 -0.8208360078888107 -0.646434849443973 -0.33251276424326526 0.24301105862469904 0.24301105862469904 -0.6289947335994893 -0.8905964712667458 -0.6987551969774244 -0.6987551969774244 -0.31507264839878146 0.19069071109124774 -0.10579125826497629 -0.3673929959322328 -0.3673929959322328 -0.19299183748739512 -0.12323137410946006 -0.41971334346568406 -0.4022732276212003 0 
0 0.13837036355779644 0.24301105862469904 -0.48947380684361913 -0.7336354286663919 -0.6987551969774244 -0.7510755445108757 -0.8208360078888107 -0.7510755445108757 -0.7510755445108757 -0.5766743860660379 -0.3673929959322328 -0.5592342702215543 -0.7161953128219081 -0.33251276424326526 -0.31507264839878146 -0.3673929959322328 -0.24531218502084642 -0.33251276424326526 -0.4720336909991354 -0.4545935751546516 -0.31507264839878146 -0.41971334346568406 -0.5941145019105217 -0.43715345931016786 0 
0 -0.14067148995394382 -0.7685156603553595 -1.030117398022616 -1.0649976297115835 -1.030117398022616 -0.9080365871112295 -0.8033958920443269 -0.6638749652884568 -0.5766743860660379 -0.5941145019105217 -0.6813150811329406 -0.5417941543770705 -0.4022732276212003 -0.17555172164291136 -0.14067148995394382 -0.28019241670981393 -0.17555172164291136 0.27789129031366655 0.2081308269357315 0.016289552646410074 -0.17555172164291136 -0.2976325325542977 -0.43715345931016786 -0.48947380684361913 0 
0 -0.9254767029557133 -1.0998778614005509 -1.1870784406229697 -1.1870784406229697 -1.0998778614005509 -0.8033958920443269 -0.349952880087749 0.03372966849089384 0.4348523329140205 0.469732564602988 -0.2104319533318789 -0.5941145019105217 -0.5766743860660379 -0.6289947335994893 -0.5417941543770705 -0.3673929959322328 0.38253198538056915 1.35917847267166 1.21965754591579 0.5220529121364393 0.03372966849089384 -0.19299183748739512 -0.22787206917636266 -0.41971334346568406 0 
0 -0.9952371663336483 -1.0649976297115835 -1.1521982089340022 -1.1347580930895185 -0.9429168188001971 -0.7161953128219081 -0.4022732276212003 -0.10579125826497629 0.10349013186882891 0.27789129031366655 0.6790139547367932 0.6266936072033419 -0.0011505631980736918 -0.22787206917636266 0.17325059524676398 1.289418009293725 2.3358249599627507 2.632306929318975 1.4638191677385626 0.4174122170695367 -0.0011505631980736918 -0.018590679042557456 0.016289552646410074 -0.22787206917636266 0 
0 -1.0649976297115835 -1.0824377455560672 -1.1521982089340022 -1.012677282178132 -0.9080365871112295 -0.6638749652884568 -0.41971334346568406 -0.4720336909991354 -0.5592342702215543 -0.7685156603553595 -0.14067148995394382 1.0278162716264685 2.109103453984462 2.3183848441182673 2.5625464659410397 2.7718278560748453 2.7892679719193287 2.405585423340686 0.9406156924040496 0.13837036355779644 -0.07091102657600876 0.051169784335377604 0.19069071109124774 -0.08835114242049252 0 
0 -1.0998778614005509 -1.1173179772450348 -1.1173179772450348 -1.012677282178132 -0.8382761237332945 -0.7161953128219081 -0.9254767029557133 -0.7336354286663919 -0.9080365871112295 -1.012677282178132 -0.9254767029557133 -0.7336354286663919 0.29533140615815034 1.4114988202051113 2.3881453074962025 2.719507508541394 2.7718278560748453 2.6671871610079427 1.0452563874709522 -0.17555172164291136 -0.2104319533318789 -0.10579125826497629 -0.12323137410946006 -0.07091102657600876 0 
0 -1.1521982089340022 -1.0824377455560672 -1.0998778614005509 -1.0649976297115835 -0.9777970504891645 -1.1347580930895185 -1.0824377455560672 -0.8382761237332945 -1.1521982089340022 -1.169638324778486 -1.1173179772450348 -1.0649976297115835 -1.030117398022616 -0.8208360078888107 -0.05347091073152499 0.992936039937501 2.1614238015179135 2.8067080877638126 1.4986993994275302 0.051169784335377604 -0.2104319533318789 -0.14067148995394382 -0.08835114242049252 -0.08835114242049252 0 
0 -1.1870784406229697 -1.0824377455560672 -1.0998778614005509 -1.1521982089340022 -1.169638324778486 -1.239398788156421 -1.1173179772450348 -0.9429168188001971 -1.1870784406229697 -1.2045185564674536 -1.2045185564674536 -1.169638324778486 -1.1347580930895185 -1.0824377455560672 -1.030117398022616 -0.8033958920443269 0.1558104794022802 1.8300616004727217 1.3068581251382088 0.06860990017986138 -0.12323137410946006 -0.19299183748739512 -0.19299183748739512 -0.12323137410946006 0 
0 -1.239398788156421 -1.169638324778486 -1.169638324778486 -1.2219586723119373 -1.2219586723119373 -1.2045185564674536 -1.1521982089340022 -1.030117398022616 -1.1173179772450348 -1.1870784406229697 -1.1521982089340022 -1.1347580930895185 -1.169638324778486 -1.2219586723119373 -1.1870784406229697 -1.1521982089340022 -0.9952371663336483 0.10349013186882891 0.469732564602988 -0.1581116057984276 -0.19299183748739512 -0.24531218502084642 -0.2627523008653302 -0.19299183748739512 0 
0 -1.256838904000905 -1.2219586723119373 -1.2045185564674536 -1.2045185564674536 -1.2045185564674536 -1.1870784406229697 -1.1521982089340022 -1.0649976297115835 -1.0824377455560672 -1.1521982089340022 -1.1347580930895185 -1.0824377455560672 -1.169638324778486 -1.2742790198453886 -1.2742790198453886 -1.2219586723119373 -1.1347580930895185 -0.43715345931016786 0.06860990017986138 -0.2104319533318789 -0.28019241670981393 -0.17555172164291136 -0.10579125826497629 -0.12323137410946006 0 
0 -1.2742790198453886 -1.2219586723119373 -1.2045185564674536 -1.2045185564674536 -1.1870784406229697 -1.1870784406229697 -1.1521982089340022 -1.0998778614005509 -1.0824377455560672 -1.1347580930895185 -1.1347580930895185 -1.1173179772450348 -1.2219586723119373 -1.256838904000905 -1.239398788156421 -1.2045185564674536 -0.7685156603553595 -0.17555172164291136 -0.14067148995394382 -0.2104319533318789 -0.22787206917636266 -0.10579125826497629 -0.07091102657600876 -0.2627523008653302 0 
0 -1.2917191356898723 -1.256838904000905 -1.2219586723119373 -1.2045185564674536 -1.1870784406229697 -1.169638324778486 -1.169638324778486 -1.1347580930895185 -1.1173179772450348 -1.1521982089340022 -1.1521982089340022 -1.1870784406229697 -1.2219586723119373 -1.2219586723119373 -1.0649976297115835 -0.5941145019105217 -0.05347091073152499 -0.0011505631980736918 -0.08835114242049252 -0.14067148995394382 -0.14067148995394382 -0.08835114242049252 -0.1581116057984276 -0.4022732276212003 0 
0 0 0 0 0 0 0 0 0 0 0 0 0 0 0 0 0 0 0 0 0 0 0 0 0 0 

