0 0 0 0 0 0 0 0 0 0 0 0 0 0 0 0 0 0 0 0 0 0 0 0 0 0 
0 -1.1095420188756322 -0.6696597141619847 -0.12420565631706175 0.12212843432258086 0.06934255775694316 0.08693784994548906 0.5620107390362284 0.280486064019494 -0.21218211725979128 -0.3177538703910667 -0.07141977975142405 0.614796615601866 1.4769659328406153 1.9344435297428086 1.9872294063084464 1.9168482375542628 1.7408953156688038 1.6353235625375284 1.6001329781604365 1.6001329781604365 1.5649423937833449 1.4769659328406153 1.4065847640864317 1.3889894718978857 0 
0 -0.08901507193996995 -0.0010386109972404455 0.08693784994548906 0.5620107390362284 0.632391907790412 0.4212484015278612 0.7555589531102334 1.0018930437498759 0.9667024593727841 0.6851777843560497 0.22770018745385628 -0.28256328601397485 -0.38813503914525027 0.12212843432258086 1.0018930437498759 1.5649423937833449 1.8464670688000793 1.7936811922344416 1.5825376859718907 1.5121565172177072 1.529751809406253 1.5825376859718907 1.5649423937833449 1.5121565172177072 0 
0 0.5092248624705907 0.12212843432258086 0.31567664839658577 0.9491071671842383 1.019488335938422 0.5972013234133202 0.8083448296758711 0.9139165828071464 0.9315118749956923 1.0722742125040596 1.0898695046926055 0.8787259984300546 0.4916295702820448 -0.01863390318578635 -0.3705397469567044 -0.15939624069415356 0.5444154468476825 1.1426553812582432 1.5649423937833449 1.6001329781604365 1.4945612250291611 1.4593706406520695 1.529751809406253 1.5649423937833449 0 
0 0.9491071671842383 0.6499871999789579 0.5444154468476825 0.9139165828071464 1.0370836281269677 0.6675824921675038 0.8435354140529628 1.019488335938422 0.9491071671842383 0.9667024593727841 0.9667024593727841 0.9491071671842383 0.98429775156133 0.9491071671842383 0.7731542452987792 0.3508672327736776 -0.03622919537433225 -0.10661036412851585 0.19250960307676446 0.614796615601866 1.1426553812582432 1.2658224265780644 1.3713941797093399 1.5649423937833449 0 
0 1.2834177187666103 0.7379636609216874 0.5796060312247743 0.8787259984300546 0.9667024593727841 0.6851777843560497 0.8787259984300546 1.019488335938422 0.9667024593727841 0.9139165828071464 0.7379636609216874 0.7555589531102334 0.9667024593727841 1.019488335938422 1.019488335938422 1.019488335938422 0.9139165828071464 0.614796615601866 0.2980813562080399 -0.05382448756287815 -0.22977740944833716 0.15731901869967266 1.2834177187666103 1.5473471015947988 0 
0 1.2482271343895186 0.6499871999789579 0.4212484015278612 0.31567664839658577 0.4212484015278612 0.6851777843560497 0.8787259984300546 1.0370836281269677 0.98429775156133 0.4916295702820448 -0.19458682507124536 -0.0010386109972404455 0.5796060312247743 0.7203683687331415 0.7379636609216874 0.98429775156133 0.9139165828071464 0.9139165828071464 1.0370836281269677 1.0018930437498759 0.5444154468476825 0.4212484015278612 1.529751809406253 1.6001329781604365 0 
0 0.9315118749956923 0.15731901869967266 -0.12420565631706175 0.10453314213403496 0.632391907790412 0.7027730765445956 0.8787259984300546 1.019488335938422 0.9491071671842383 0.3508672327736776 -0.3001585782025208 -0.33534916257961256 -0.3177538703910667 -0.12420565631706175 0.05174726556839726 0.280486064019494 0.5620107390362284 0.7555589531102334 0.8435354140529628 1.0546789203155136 1.0546789203155136 1.0018930437498759 1.5473471015947988 1.6001329781604365 0 
0 0.5268201546591366 0.15731901869967266 0.12212843432258086 0.614796615601866 0.8611307062415087 0.5796060312247743 0.8083448296758711 1.0018930437498759 0.9315118749956923 0.5972013234133202 0.21010489526531037 -0.03622919537433225 -0.40573033133379616 -0.21218211725979128 -0.3705397469567044 -0.47611150008797976 -0.03622919537433225 0.19250960307676446 0.10453314213403496 0.280486064019494 0.7555589531102334 0.5620107390362284 0.614796615601866 1.6353235625375284 0 
0 0.9315118749956923 0.5268201546591366 0.280486064019494 0.5268201546591366 0.7907495374873251 0.5444154468476825 0.7203683687331415 1.0018930437498759 0.9667024593727841 0.9667024593727841 0.9667024593727841 0.8083448296758711 0.5620107390362284 0.5092248624705907 0.26289077183094806 -0.12420565631706175 -0.28256328601397485 -0.12420565631706175 -0.3705397469567044 -0.5992785454078011 0.4036531093393153 0.4916295702820448 -0.40573033133379616 1.4417753484635234 0 
0 0.9139165828071464 0.4212484015278612 0.3508672327736776 0.7555589531102334 0.8435354140529628 0.5092248624705907 0.7203683687331415 1.0018930437498759 0.9667024593727841 1.019488335938422 1.019488335938422 1.0898695046926055 1.0722742125040596 1.019488335938422 0.9491071671842383 0.5796060312247743 0.19250960307676446 0.5092248624705907 0.21010489526531037 0.06934255775694316 0.6499871999789579 0.6499871999789579 -0.8280173438588978 1.0370836281269677 0 
0 0.9139165828071464 0.5620107390362284 0.5092248624705907 0.8611307062415087 0.8611307062415087 0.4916295702820448 0.7203683687331415 1.019488335938422 0.98429775156133 1.0546789203155136 1.019488335938422 0.7731542452987792 0.8611307062415087 0.9491071671842383 0.98429775156133 0.8787259984300546 0.8083448296758711 0.9139165828071464 0.9139165828071464 0.8083448296758711 1.0018930437498759 0.7555589531102334 -0.8808032204245355 0.6499871999789579 0 
0 1.0018930437498759 0.614796615601866 0.5092248624705907 0.8787259984300546 0.8787259984300546 0.5620107390362284 0.7731542452987792 1.0722742125040596 1.0546789203155136 1.1074647968811513 0.98429775156133 0.45643898590495297 0.45643898590495297 0.4740342780934989 0.6675824921675038 0.7027730765445956 0.6499871999789579 0.7027730765445956 0.8259401218644169 0.8435354140529628 1.0898695046926055 0.8435354140529628 -1.0039702657443568 -0.38813503914525027 0 
0 1.0722742125040596 0.632391907790412 0.5620107390362284 0.9315118749956923 0.9315118749956923 0.5972013234133202 0.7907495374873251 1.0722742125040596 1.0898695046926055 1.1426553812582432 1.0370836281269677 0.8435354140529628 0.7203683687331415 0.4740342780934989 0.6675824921675038 0.6499871999789579 0.5444154468476825 0.5268201546591366 0.5796060312247743 0.8963212906186006 1.1074647968811513 0.7731542452987792 -0.8632079282359896 -0.7048502985390765 0 
0 1.1250600890696973 0.6851777843560497 0.5620107390362284 0.98429775156133 1.0018930437498759 0.5796060312247743 0.7555589531102334 1.0722742125040596 1.0722742125040596 1.1074647968811513 1.1074647968811513 1.1250600890696973 1.0722742125040596 0.8787259984300546 0.9315118749956923 1.0018930437498759 0.9139165828071464 0.8611307062415087 0.8787259984300546 0.98429775156133 1.0546789203155136 0.7555589531102334 -0.5992785454078011 -0.03622919537433225 0 
0 1.0898695046926055 0.614796615601866 0.45643898590495297 0.9667024593727841 1.0370836281269677 0.5444154468476825 0.7731542452987792 1.0546789203155136 1.0722742125040596 1.1074647968811513 1.0722742125040596 1.0370836281269677 1.019488335938422 1.019488335938422 1.0722742125040596 1.0722742125040596 1.0370836281269677 1.0722742125040596 1.1074647968811513 1.0722742125040596 1.0546789203155136 0.8259401218644169 -0.792826759481806 -0.6696597141619847 0 
0 1.0018930437498759 0.5268201546591366 0.3508672327736776 0.7203683687331415 0.8787259984300546 0.5444154468476825 0.8435354140529628 1.0546789203155136 1.0370836281269677 1.0722742125040596 1.019488335938422 0.98429775156133 0.98429775156133 0.98429775156133 1.0370836281269677 1.0722742125040596 1.0546789203155136 1.1074647968811513 1.1426553812582432 1.0898695046926055 1.0898695046926055 0.8963212906186006 -1.0215655579329028 -1.4438525704580043 0 
0 0.9315118749956923 0.31567664839658577 0.15731901869967266 0.7731542452987792 1.0546789203155136 0.5796060312247743 0.8435354140529628 0.98429775156133 0.8083448296758711 0.8083448296758711 0.8259401218644169 0.98429775156133 0.9315118749956923 0.8083448296758711 0.98429775156133 0.9491071671842383 0.9491071671842383 1.019488335938422 0.9491071671842383 0.9667024593727841 0.9139165828071464 0.7731542452987792 -0.9335890969901732 -1.2151137720069076 0 
0 0.8083448296758711 0.33327194058513165 0.280486064019494 0.7907495374873251 0.8083448296758711 0.45643898590495297 0.7027730765445956 0.9139165828071464 0.7203683687331415 0.614796615601866 0.7555589531102334 0.9139165828071464 0.8611307062415087 0.7203683687331415 0.8611307062415087 0.7555589531102334 0.7731542452987792 0.8435354140529628 0.7731542452987792 0.9139165828071464 0.7907495374873251 0.6851777843560497 -0.9159938048016273 -1.514233739212188 0 
0 0.19250960307676446 0.10453314213403496 0.016556681191305454 0.24529547964240217 0.21010489526531037 0.26289077183094806 0.7379636609216874 0.98429775156133 1.019488335938422 1.0370836281269677 1.0370836281269677 1.177845965635335 1.1250600890696973 1.0546789203155136 1.177845965635335 0.9667024593727841 1.019488335938422 1.0546789203155136 1.0018930437498759 1.019488335938422 0.9139165828071464 0.8083448296758711 -0.8456126360474437 -1.6374007845320093 0 
0 -0.8104220516703519 -1.0039702657443568 -1.0743514344985405 -0.968779681367265 -0.7752314672932601 0.08693784994548906 0.7027730765445956 0.6851777843560497 0.614796615601866 0.5444154468476825 0.45643898590495297 0.4388436937164071 0.4036531093393153 0.33327194058513165 0.2980813562080399 0.05174726556839726 -0.01863390318578635 -0.12420565631706175 -0.21218211725979128 -0.33534916257961256 -0.3177538703910667 -0.24737270163688307 -1.1975184798183618 -1.6374007845320093 0 
0 -1.4614478626465504 -1.5846149079663716 -1.514233739212188 -1.5846149079663716 -1.5494243235892797 -0.45851620789943387 0.034151973379851354 -0.8280173438588978 -1.0743514344985405 -1.144732603252724 -1.2151137720069076 -1.2854949407610912 -1.3030902329496372 -1.3382808173267289 -1.3734714017038208 -1.4262572782694585 -1.4790431548350962 -1.514233739212188 -1.514233739212188 -1.514233739212188 -1.496638447023642 -1.4438525704580043 -1.4086619860809126 -1.5846149079663716 0 
0 -1.4614478626465504 -1.531829031400734 -1.5846149079663716 -1.5846149079663716 -1.5670196157778256 -1.2151137720069076 -0.5816832532192552 -1.0391608501214487 -1.6374007845320093 -1.5846149079663716 -1.5494243235892797 -1.6022102001549174 -1.6022102001549174 -1.6374007845320093 -1.5670196157778256 -1.5846149079663716 -1.5494243235892797 -1.5494243235892797 -1.5670196157778256 -1.5494243235892797 -1.514233739212188 -1.531829031400734 -1.127137311064178 -1.1975184798183618 0 
0 -1.4438525704580043 -1.4614478626465504 -1.3910666938923666 -1.3910666938923666 -1.531829031400734 -1.320685525138183 -1.1799231876298157 -1.0919467266870864 -1.5670196157778256 -1.5670196157778256 -1.496638447023642 -1.5494243235892797 -1.4790431548350962 -1.5846149079663716 -1.4438525704580043 -1.1975184798183618 -1.4262572782694585 -1.3382808173267289 -1.0919467266870864 -1.2678996485725453 -1.5670196157778256 -1.6022102001549174 -1.2854949407610912 -0.05382448756287815 0 
0 -1.6022102001549174 -1.4262572782694585 -1.3910666938923666 -1.5494243235892797 -1.5846149079663716 -1.514233739212188 -1.2678996485725453 -1.4086619860809126 -1.6198054923434633 -1.6022102001549174 -1.5846149079663716 -1.5494243235892797 -1.4262572782694585 -1.0743514344985405 -0.14180094850560765 -0.07141977975142405 -1.0743514344985405 -1.1975184798183618 -0.8104220516703519 -1.16232789544127 -1.5494243235892797 -1.5846149079663716 -1.3382808173267289 -0.14180094850560765 0 
0 0 0 0 0 0 0 0 0 0 0 0 0 0 0 0 0 0 0 0 0 0 0 0 0 0 

0 0 0 0 0 0 0 0 0 0 0 0 0 0 0 0 0 0 0 0 0 0 0 0 0 0 
0 -0.8104220516703519 -0.5113020844650716 -0.01863390318578635 0.10453314213403496 -0.03622919537433225 0.016556681191305454 0.5972013234133202 0.2980813562080399 -0.15939624069415356 -0.21218211725979128 0.12212843432258086 0.8611307062415087 1.6353235625375284 2.1455870360053595 2.3391352500793645 2.303944665702273 2.233563496948089 2.2159682047595433 2.233563496948089 2.233563496948089 2.2687540813251807 2.2687540813251807 2.180777620382451 2.1279917438168137 0 
0 0.016556681191305454 0.05174726556839726 -0.03622919537433225 0.280486064019494 0.3684625249622235 0.22770018745385628 0.6675824921675038 0.8963212906186006 0.8435354140529628 0.5796060312247743 0.12212843432258086 -0.28256328601397485 -0.3705397469567044 0.24529547964240217 1.2834177187666103 2.0048246984969924 2.3567305422679103 2.3567305422679103 2.180777620382451 2.1455870360053595 2.233563496948089 2.2863493735137266 2.233563496948089 2.1983729125709974 0 
0 0.4740342780934989 0.15731901869967266 0.08693784994548906 0.614796615601866 0.7907495374873251 0.38605781715076937 0.614796615601866 0.7731542452987792 0.7907495374873251 0.8963212906186006 0.9315118749956923 0.7731542452987792 0.4212484015278612 -0.01863390318578635 -0.28256328601397485 0.10453314213403496 0.8611307062415087 1.529751809406253 2.05761057506263 2.251158789136635 2.233563496948089 2.2159682047595433 2.233563496948089 2.233563496948089 0 
0 0.8435354140529628 0.6499871999789579 0.33327194058513165 0.6499871999789579 0.8787259984300546 0.4916295702820448 0.614796615601866 0.8611307062415087 0.8259401218644169 0.8611307062415087 0.8611307062415087 0.8611307062415087 0.9315118749956923 0.8611307062415087 0.6675824921675038 0.33327194058513165 0.034151973379851354 0.05174726556839726 0.45643898590495297 1.0722742125040596 1.705704731291712 2.0224199906855382 2.1631823281939053 2.251158789136635 0 
0 1.1250600890696973 0.7379636609216874 0.4036531093393153 0.5972013234133202 0.7907495374873251 0.4740342780934989 0.632391907790412 0.8611307062415087 0.8611307062415087 0.8435354140529628 0.6499871999789579 0.6675824921675038 0.9139165828071464 0.8611307062415087 0.7731542452987792 0.7907495374873251 0.7907495374873251 0.5796060312247743 0.31567664839658577 -0.0010386109972404455 -0.08901507193996995 0.632391907790412 1.9872294063084464 2.233563496948089 0 
0 1.0722742125040596 0.6675824921675038 0.2980813562080399 0.016556681191305454 0.21010489526531037 0.45643898590495297 0.614796615601866 0.8611307062415087 0.8787259984300546 0.4388436937164071 -0.24737270163688307 -0.07141977975142405 0.5092248624705907 0.614796615601866 0.5444154468476825 0.7731542452987792 0.7731542452987792 0.8259401218644169 0.9139165828071464 0.7555589531102334 0.3684625249622235 0.5796060312247743 2.05761057506263 2.2687540813251807 0 
0 0.7907495374873251 0.22770018745385628 -0.19458682507124536 -0.12420565631706175 0.45643898590495297 0.4388436937164071 0.5444154468476825 0.8435354140529628 0.8611307062415087 0.2980813562080399 -0.3529444547681585 -0.3529444547681585 -0.3177538703910667 -0.12420565631706175 0.034151973379851354 0.22770018745385628 0.5092248624705907 0.6851777843560497 0.7379636609216874 0.8435354140529628 0.9139165828071464 1.1426553812582432 2.040015282874084 2.2687540813251807 0 
0 0.4036531093393153 0.19250960307676446 0.016556681191305454 0.4036531093393153 0.7027730765445956 0.3684625249622235 0.5620107390362284 0.8259401218644169 0.8083448296758711 0.4916295702820448 0.08693784994548906 -0.08901507193996995 -0.40573033133379616 -0.14180094850560765 -0.26496799382542896 -0.45851620789943387 -0.07141977975142405 0.12212843432258086 0.05174726556839726 0.280486064019494 0.7555589531102334 0.6499871999789579 1.0018930437498759 2.233563496948089 0 
0 0.7731542452987792 0.4916295702820448 0.10453314213403496 0.26289077183094806 0.5796060312247743 0.3508672327736776 0.5796060312247743 0.8259401218644169 0.7907495374873251 0.7907495374873251 0.7731542452987792 0.614796615601866 0.4388436937164071 0.4740342780934989 0.280486064019494 -0.15939624069415356 -0.3705397469567044 -0.19458682507124536 -0.4233256235223421 -0.5288973766536175 0.4388436937164071 0.4036531093393153 -0.19458682507124536 2.0048246984969924 0 
0 0.7555589531102334 0.3684625249622235 0.15731901869967266 0.4916295702820448 0.5972013234133202 0.2980813562080399 0.5620107390362284 0.8259401218644169 0.7731542452987792 0.8259401218644169 0.8083448296758711 0.8083448296758711 0.8083448296758711 0.7555589531102334 0.7555589531102334 0.4740342780934989 0.06934255775694316 0.4212484015278612 0.12212843432258086 0.05174726556839726 0.5796060312247743 0.4740342780934989 -0.6696597141619847 1.6177282703489826 0 
0 0.7379636609216874 0.5092248624705907 0.2980813562080399 0.5620107390362284 0.5796060312247743 0.24529547964240217 0.5444154468476825 0.8259401218644169 0.7731542452987792 0.8435354140529628 0.7907495374873251 0.5092248624705907 0.5796060312247743 0.6499871999789579 0.7379636609216874 0.7555589531102334 0.6499871999789579 0.8083448296758711 0.7907495374873251 0.7203683687331415 0.8435354140529628 0.4916295702820448 -0.792826759481806 1.177845965635335 0 
0 0.7907495374873251 0.5444154468476825 0.280486064019494 0.5444154468476825 0.5972013234133202 0.26289077183094806 0.5444154468476825 0.8259401218644169 0.8083448296758711 0.8435354140529628 0.7379636609216874 0.280486064019494 0.26289077183094806 0.2980813562080399 0.4916295702820448 0.4740342780934989 0.4036531093393153 0.4916295702820448 0.614796615601866 0.6851777843560497 0.8963212906186006 0.5620107390362284 -0.9511843891787192 -0.0010386109972404455 0 
0 0.8435354140529628 0.5444154468476825 0.31567664839658577 0.5796060312247743 0.632391907790412 0.280486064019494 0.5268201546591366 0.7907495374873251 0.8083448296758711 0.8435354140529628 0.7555589531102334 0.5796060312247743 0.5092248624705907 0.33327194058513165 0.5444154468476825 0.4388436937164071 0.280486064019494 0.2980813562080399 0.3508672327736776 0.7379636609216874 0.9139165828071464 0.5620107390362284 -0.792826759481806 -0.440920915710888 0 
0 0.8435354140529628 0.5268201546591366 0.24529547964240217 0.5268201546591366 0.5972013234133202 0.31567664839658577 0.5092248624705907 0.7907495374873251 0.7907495374873251 0.8259401218644169 0.8259401218644169 0.8083448296758711 0.8083448296758711 0.6675824921675038 0.7907495374873251 0.8787259984300546 0.7379636609216874 0.7027730765445956 0.6675824921675038 0.8083448296758711 0.8963212906186006 0.5620107390362284 -0.4937067922765257 0.24529547964240217 0 
0 0.8083448296758711 0.45643898590495297 0.13972372651112677 0.5796060312247743 0.632391907790412 0.33327194058513165 0.4916295702820448 0.7731542452987792 0.7907495374873251 0.8435354140529628 0.8259401218644169 0.7907495374873251 0.7555589531102334 0.7731542452987792 0.8435354140529628 0.8611307062415087 0.8259401218644169 0.8611307062415087 0.8435354140529628 0.8611307062415087 0.8963212906186006 0.5796060312247743 -0.7400408829161683 -0.33534916257961256 0 
0 0.7907495374873251 0.45643898590495297 0.22770018745385628 0.6675824921675038 0.6675824921675038 0.33327194058513165 0.4388436937164071 0.7555589531102334 0.7731542452987792 0.7907495374873251 0.7731542452987792 0.7555589531102334 0.7379636609216874 0.7203683687331415 0.7555589531102334 0.7731542452987792 0.7555589531102334 0.7907495374873251 0.8083448296758711 0.8435354140529628 0.8787259984300546 0.614796615601866 -1.0567561423099945 -1.2503043563839995 0 
0 0.5620107390362284 0.13972372651112677 -0.01863390318578635 0.4212484015278612 0.5972013234133202 0.31567664839658577 0.5092248624705907 0.6851777843560497 0.5092248624705907 0.5092248624705907 0.5444154468476825 0.7379636609216874 0.6851777843560497 0.5444154468476825 0.7027730765445956 0.6499871999789579 0.632391907790412 0.6851777843560497 0.5796060312247743 0.6675824921675038 0.632391907790412 0.4388436937164071 -1.0567561423099945 -1.16232789544127 0 
0 0.21010489526531037 -0.03622919537433225 -0.03622919537433225 -0.05382448756287815 -0.01863390318578635 0.12212843432258086 0.5092248624705907 0.6675824921675038 0.4388436937164071 0.31567664839658577 0.4740342780934989 0.6675824921675038 0.5972013234133202 0.4388436937164071 0.5972013234133202 0.4916295702820448 0.5092248624705907 0.5796060312247743 0.45643898590495297 0.6675824921675038 0.5444154468476825 0.4036531093393153 -1.0039702657443568 -1.5494243235892797 0 
0 -0.40573033133379616 -0.21218211725979128 -0.14180094850560765 -0.4233256235223421 -0.5288973766536175 -0.05382448756287815 0.5092248624705907 0.7379636609216874 0.7379636609216874 0.7379636609216874 0.7555589531102334 0.8963212906186006 0.8259401218644169 0.7555589531102334 0.8963212906186006 0.7731542452987792 0.8083448296758711 0.8259401218644169 0.7731542452987792 0.9139165828071464 0.7907495374873251 0.6675824921675038 -0.8280173438588978 -1.6374007845320093 0 
0 -1.144732603252724 -1.127137311064178 -0.9863749735558109 -1.0743514344985405 -1.0743514344985405 -0.15939624069415356 0.38605781715076937 0.4740342780934989 0.4212484015278612 0.31567664839658577 0.22770018745385628 0.21010489526531037 0.17491431088821857 0.08693784994548906 0.06934255775694316 -0.07141977975142405 -0.14180094850560765 -0.26496799382542896 -0.3705397469567044 -0.45851620789943387 -0.45851620789943387 -0.40573033133379616 -1.2151137720069076 -1.6374007845320093 0 
0 -1.5494243235892797 -1.6374007845320093 -1.496638447023642 -1.5670196157778256 -1.6198054923434633 -0.6520644219734388 -0.17699153288269945 -0.8983985126130815 -1.127137311064178 -1.2151137720069076 -1.2854949407610912 -1.355876109515275 -1.3382808173267289 -1.3910666938923666 -1.4438525704580043 -1.4614478626465504 -1.514233739212188 -1.5494243235892797 -1.5670196157778256 -1.5846149079663716 -1.5670196157778256 -1.514233739212188 -1.4438525704580043 -1.5670196157778256 0 
0 -1.496638447023642 -1.5670196157778256 -1.5846149079663716 -1.5494243235892797 -1.6022102001549174 -1.3910666938923666 -0.7752314672932601 -1.0567561423099945 -1.6374007845320093 -1.6198054923434633 -1.6022102001549174 -1.6198054923434633 -1.6022102001549174 -1.6374007845320093 -1.5846149079663716 -1.6374007845320093 -1.6198054923434633 -1.6022102001549174 -1.6022102001549174 -1.5494243235892797 -1.514233739212188 -1.531829031400734 -1.0919467266870864 -1.0919467266870864 0 
0 -1.4790431548350962 -1.4790431548350962 -1.355876109515275 -1.320685525138183 -1.5494243235892797 -1.4790431548350962 -1.3910666938923666 -1.127137311064178 -1.5846149079663716 -1.6022102001549174 -1.5494243235892797 -1.5846149079663716 -1.496638447023642 -1.5846149079663716 -1.4438525704580043 -1.2678996485725453 -1.496638447023642 -1.4086619860809126 -1.144732603252724 -1.2678996485725453 -1.5494243235892797 -1.6022102001549174 -1.2678996485725453 -0.0010386109972404455 0 
0 -1.5846149079663716 -1.4086619860809126 -1.3382808173267289 -1.496638447023642 -1.6022102001549174 -1.6022102001549174 -1.4086619860809126 -1.4438525704580043 -1.6374007845320093 -1.6374007845320093 -1.6374007845320093 -1.5670196157778256 -1.4438525704580043 -1.0743514344985405 -0.14180094850560765 -0.15939624069415356 -1.16232789544127 -1.2678996485725453 -0.8808032204245355 -1.1975184798183618 -1.5846149079663716 -1.6198054923434633 -1.4438525704580043 -0.3529444547681585 0 
0 0 0 0 0 0 0 0 0 0 0 0 0 0 0 0 0 0 0 0 0 0 0 0 0 0 

0 0 0 0 0 0 0 0 0 0 0 0 0 0 0 0 0 0 0 0 0 0 0 0 0 0 
0 -0.9511843891787192 -0.5992785454078011 -0.47611150008797976 -0.4937067922765257 -0.24737270163688307 -0.33534916257961256 -0.40573033133379616 -0.6344691297848929 -0.8104220516703519 -0.5113020844650716 0.08693784994548906 0.9491071671842383 1.7584906078573497 2.180777620382451 2.303944665702273 2.303944665702273 2.251158789136635 2.251158789136635 2.2863493735137266 2.2863493735137266 2.2687540813251807 2.233563496948089 2.233563496948089 2.2687540813251807 0 
0 -0.3529444547681585 -0.24737270163688307 -0.5464926688421634 -0.616873837596347 -0.12420565631706175 -0.38813503914525027 -0.8632079282359896 -0.7224455907276224 -0.5288973766536175 -0.5992785454078011 -0.8632079282359896 -0.8983985126130815 -0.5464926688421634 0.22770018745385628 1.3010130109551563 2.05761057506263 2.409516418833548 2.44470700321064 2.3215399578908187 2.251158789136635 2.1279917438168137 2.1455870360053595 2.251158789136635 2.303944665702273 0 
0 -0.17699153288269945 -0.45851620789943387 -0.5640879610307092 -0.7752314672932601 -0.40573033133379616 -0.4937067922765257 -0.7048502985390765 -0.7048502985390765 -0.6872550063505306 -0.6344691297848929 -0.616873837596347 -0.5992785454078011 -0.5992785454078011 -0.7224455907276224 -0.6696597141619847 0.034151973379851354 0.9315118749956923 1.7408953156688038 2.2863493735137266 2.374325834456456 2.251158789136635 2.251158789136635 2.3391352500793645 2.303944665702273 0 
0 0.034151973379851354 -0.19458682507124536 -0.6520644219734388 -1.0391608501214487 -0.5816832532192552 -0.5464926688421634 -0.7048502985390765 -0.6344691297848929 -0.7048502985390765 -0.6696597141619847 -0.5816832532192552 -0.5816832532192552 -0.7576361751047143 -0.6696597141619847 -0.5288973766536175 -0.7224455907276224 -0.7752314672932601 -0.40573033133379616 0.24529547964240217 1.0018930437498759 1.8288717766115332 2.251158789136635 2.3391352500793645 2.303944665702273 0 
0 0.22770018745385628 -0.19458682507124536 -0.6344691297848929 -0.6696597141619847 -0.4233256235223421 -0.616873837596347 -0.8280173438588978 -0.7048502985390765 -0.7048502985390765 -0.5992785454078011 -0.4937067922765257 -0.38813503914525027 -0.7224455907276224 -0.8104220516703519 -0.6696597141619847 -0.8104220516703519 -0.5992785454078011 -0.47611150008797976 -0.5113020844650716 -0.5992785454078011 -0.3001585782025208 0.6851777843560497 2.05761057506263 2.2863493735137266 0 
0 0.31567664839658577 -0.07141977975142405 -0.4937067922765257 -0.7224455907276224 -0.6872550063505306 -0.616873837596347 -0.9335890969901732 -0.7752314672932601 -0.6872550063505306 -0.7400408829161683 -0.8983985126130815 -0.4937067922765257 -0.38813503914525027 -0.47611150008797976 -0.5464926688421634 -0.6344691297848929 -0.6344691297848929 -0.5288973766536175 -0.38813503914525027 -0.440920915710888 -0.5992785454078011 0.12212843432258086 2.0224199906855382 2.3391352500793645 0 
0 0.21010489526531037 -0.19458682507124536 -0.7224455907276224 -0.9863749735558109 -0.5816832532192552 -0.5816832532192552 -0.8456126360474437 -0.8280173438588978 -0.6696597141619847 -0.6344691297848929 -0.6344691297848929 -0.4233256235223421 -0.4937067922765257 -0.5288973766536175 -0.5640879610307092 -0.5464926688421634 -0.4937067922765257 -0.5992785454078011 -0.6520644219734388 -0.5640879610307092 -0.6344691297848929 0.2980813562080399 2.0224199906855382 2.3215399578908187 0 
0 -0.26496799382542896 -0.3001585782025208 -0.6344691297848929 -0.8632079282359896 -0.6344691297848929 -0.7224455907276224 -0.7752314672932601 -0.792826759481806 -0.7224455907276224 -0.6696597141619847 -0.616873837596347 -0.47611150008797976 -0.6344691297848929 -0.4233256235223421 -0.6344691297848929 -0.7400408829161683 -0.38813503914525027 -0.45851620789943387 -0.5816832532192552 -0.4937067922765257 -0.6344691297848929 -0.33534916257961256 1.1426553812582432 2.3567305422679103 0 
0 -0.12420565631706175 -0.28256328601397485 -0.8632079282359896 -1.1799231876298157 -0.8808032204245355 -0.792826759481806 -0.792826759481806 -0.7224455907276224 -0.7400408829161683 -0.7400408829161683 -0.6872550063505306 -0.5640879610307092 -0.5816832532192552 -0.4233256235223421 -0.5113020844650716 -0.5992785454078011 -0.5288973766536175 -0.45851620789943387 -0.5640879610307092 -0.7224455907276224 -0.5992785454078011 -0.616873837596347 0.10453314213403496 2.233563496948089 0 
0 -0.21218211725979128 -0.4937067922765257 -0.8808032204245355 -0.9863749735558109 -0.8808032204245355 -0.8808032204245355 -0.8280173438588978 -0.7400408829161683 -0.792826759481806 -0.7400408829161683 -0.7400408829161683 -0.6872550063505306 -0.7048502985390765 -0.7752314672932601 -0.7048502985390765 -0.45851620789943387 -0.6344691297848929 -0.5113020844650716 -0.6696597141619847 -0.616873837596347 -0.7048502985390765 -0.6696597141619847 -0.38813503914525027 1.9520388219313547 0 
0 -0.33534916257961256 -0.45851620789943387 -0.8104220516703519 -0.9511843891787192 -0.9159938048016273 -0.9511843891787192 -0.8808032204245355 -0.7576361751047143 -0.792826759481806 -0.7400408829161683 -0.6872550063505306 -0.6872550063505306 -0.6872550063505306 -0.7400408829161683 -0.792826759481806 -0.7048502985390765 -0.6696597141619847 -0.792826759481806 -0.6696597141619847 -0.4233256235223421 -0.6872550063505306 -0.7224455907276224 -0.5288973766536175 1.6001329781604365 0 
0 -0.38813503914525027 -0.5113020844650716 -0.8983985126130815 -1.0039702657443568 -0.9335890969901732 -0.9511843891787192 -0.8983985126130815 -0.7752314672932601 -0.7752314672932601 -0.7576361751047143 -0.7048502985390765 -0.5816832532192552 -0.5992785454078011 -0.6344691297848929 -0.5992785454078011 -0.6696597141619847 -0.5992785454078011 -0.7400408829161683 -0.6696597141619847 -0.6696597141619847 -0.7224455907276224 -0.6872550063505306 -0.7048502985390765 0.45643898590495297 0 
0 -0.40573033133379616 -0.5816832532192552 -0.968779681367265 -0.9863749735558109 -0.9159938048016273 -0.9511843891787192 -0.9159938048016273 -0.8104220516703519 -0.792826759481806 -0.7576361751047143 -0.7752314672932601 -0.6872550063505306 -0.6696597141619847 -0.7576361751047143 -0.5640879610307092 -0.616873837596347 -0.5288973766536175 -0.6520644219734388 -0.7048502985390765 -0.5992785454078011 -0.6344691297848929 -0.6520644219734388 -0.5640879610307092 -0.0010386109972404455 0 
0 -0.47611150008797976 -0.5992785454078011 -0.9335890969901732 -0.9863749735558109 -0.968779681367265 -0.9863749735558109 -0.968779681367265 -0.8456126360474437 -0.8280173438588978 -0.792826759481806 -0.8808032204245355 -0.9511843891787192 -0.8456126360474437 -0.8280173438588978 -0.7224455907276224 -0.7048502985390765 -0.6344691297848929 -0.7048502985390765 -0.6872550063505306 -0.5816832532192552 -0.7048502985390765 -0.6696597141619847 -0.24737270163688307 0.7203683687331415 0 
0 -0.5288973766536175 -0.616873837596347 -0.8456126360474437 -0.9159938048016273 -1.0215655579329028 -1.0567561423099945 -0.968779681367265 -0.8983985126130815 -0.792826759481806 -0.792826759481806 -0.9511843891787192 -0.9863749735558109 -0.9511843891787192 -0.8632079282359896 -0.792826759481806 -0.8104220516703519 -0.7752314672932601 -0.7048502985390765 -0.5992785454078011 -0.5992785454078011 -0.792826759481806 -0.6872550063505306 -0.45851620789943387 0.17491431088821857 0 
0 -0.4937067922765257 -0.5288973766536175 -0.792826759481806 -1.0567561423099945 -1.1095420188756322 -1.0391608501214487 -0.968779681367265 -0.8632079282359896 -0.7400408829161683 -0.7400408829161683 -0.9159938048016273 -1.0391608501214487 -1.0039702657443568 -0.9511843891787192 -0.8632079282359896 -0.7752314672932601 -0.7576361751047143 -0.6520644219734388 -0.6344691297848929 -0.792826759481806 -0.9159938048016273 -0.8104220516703519 -0.9511843891787192 -0.7576361751047143 0 
0 -0.6696597141619847 -0.8280173438588978 -1.0743514344985405 -1.127137311064178 -0.9511843891787192 -0.9511843891787192 -0.9159938048016273 -0.9335890969901732 -0.9511843891787192 -0.9335890969901732 -1.0391608501214487 -1.0391608501214487 -1.0391608501214487 -1.127137311064178 -0.9335890969901732 -0.9863749735558109 -0.9511843891787192 -0.8456126360474437 -0.8808032204245355 -0.7752314672932601 -0.8456126360474437 -0.792826759481806 -0.8808032204245355 -0.440920915710888 0 
0 -0.8280173438588978 -0.8104220516703519 -0.9335890969901732 -1.0391608501214487 -1.0391608501214487 -0.9511843891787192 -1.0215655579329028 -1.0215655579329028 -1.0391608501214487 -1.0919467266870864 -1.0391608501214487 -1.0039702657443568 -1.0215655579329028 -1.127137311064178 -0.9863749735558109 -1.1799231876298157 -1.144732603252724 -1.0215655579329028 -1.0567561423099945 -0.7576361751047143 -0.8104220516703519 -0.8104220516703519 -0.8808032204245355 -0.5816832532192552 0 
0 -0.9511843891787192 -0.5288973766536175 -0.6344691297848929 -0.8456126360474437 -1.0567561423099945 -0.9335890969901732 -1.127137311064178 -1.127137311064178 -0.9159938048016273 -0.792826759481806 -0.8280173438588978 -0.7048502985390765 -0.7224455907276224 -0.7224455907276224 -0.5640879610307092 -0.7048502985390765 -0.616873837596347 -0.5113020844650716 -0.6872550063505306 -0.792826759481806 -0.7576361751047143 -0.8280173438588978 -1.0567561423099945 -0.8104220516703519 0 
0 -1.2151137720069076 -0.9863749735558109 -1.0567561423099945 -1.127137311064178 -1.2503043563839995 -0.8456126360474437 -1.0567561423099945 -1.0743514344985405 -0.9159938048016273 -0.8808032204245355 -0.9335890969901732 -0.8456126360474437 -0.8808032204245355 -0.8983985126130815 -0.8280173438588978 -0.8808032204245355 -0.8983985126130815 -0.9159938048016273 -0.968779681367265 -1.0567561423099945 -0.8983985126130815 -0.8280173438588978 -1.0039702657443568 -1.0919467266870864 0 
0 -1.4086619860809126 -1.320685525138183 -1.3382808173267289 -1.4262572782694585 -1.496638447023642 -1.0039702657443568 -1.0215655579329028 -1.3734714017038208 -1.4262572782694585 -1.4262572782694585 -1.355876109515275 -1.3030902329496372 -1.4086619860809126 -1.4086619860809126 -1.355876109515275 -1.3734714017038208 -1.4086619860809126 -1.4262572782694585 -1.3734714017038208 -1.3030902329496372 -1.2503043563839995 -1.2151137720069076 -1.0567561423099945 -1.320685525138183 0 
0 -1.2678996485725453 -1.2678996485725453 -1.4790431548350962 -1.4614478626465504 -1.4438525704580043 -1.4438525704580043 -1.144732603252724 -1.1799231876298157 -1.6374007845320093 -1.5494243235892797 -1.3734714017038208 -1.2678996485725453 -1.4086619860809126 -1.4790431548350962 -1.3030902329496372 -1.2327090641954535 -1.2151137720069076 -1.1975184798183618 -1.2327090641954535 -1.1975184798183618 -1.1799231876298157 -1.1975184798183618 -0.7752314672932601 -1.0039702657443568 0 
0 -1.1975184798183618 -1.2503043563839995 -1.3382808173267289 -1.320685525138183 -1.3734714017038208 -1.320685525138183 -1.3734714017038208 -1.1975184798183618 -1.5846149079663716 -1.531829031400734 -1.355876109515275 -1.2151137720069076 -1.2678996485725453 -1.496638447023642 -1.320685525138183 -0.9335890969901732 -1.144732603252724 -1.0743514344985405 -0.8104220516703519 -0.968779681367265 -1.2854949407610912 -1.320685525138183 -1.0215655579329028 0.016556681191305454 0 
0 -1.3030902329496372 -1.2151137720069076 -1.2854949407610912 -1.4262572782694585 -1.4086619860809126 -1.355876109515275 -1.1975184798183618 -1.3910666938923666 -1.5846149079663716 -1.5494243235892797 -1.4614478626465504 -1.2678996485725453 -1.1799231876298157 -0.968779681367265 -0.12420565631706175 -0.05382448756287815 -1.0567561423099945 -1.16232789544127 -0.7576361751047143 -1.0391608501214487 -1.4262572782694585 -1.4614478626465504 -1.320685525138183 -0.38813503914525027 0 
0 0 0 0 0 0 0 0 0 0 0 0 0 0 0 0 0 0 0 0 0 0 0 0 0 0 

