0 0 0 0 0 0 0 0 0 0 0 0 0 0 0 0 0 0 0 0 0 0 0 0 0 0 
0 0.6749866489881268 1.2757341036015697 0.9667782698003705 -0.5436724732277144 -1.3332262707196678 -0.835464094039958 -0.3720303433381593 -0.011581870570093588 0.05707498138572845 -0.011581870570093588 0.3488666021979721 0.7779719269218599 1.5846899374027688 1.9279741971818791 2.0137952621266564 2.030959475115612 2.0137952621266564 2.030959475115612 2.030959475115612 2.0137952621266564 2.0137952621266564 2.0137952621266564 2.0481236881045675 1.859317345226057 0 
0 0.36603081518692765 1.1727488256678367 0.8809572048555929 -0.732478816106225 -1.642182104520867 -0.8697925200178691 -0.23471663942651522 -0.011581870570093588 0.09140340736363947 -0.42352298230502583 -0.08023872252591563 0.09140340736363947 0.8637929918666374 1.5675257244138132 1.96230262315979 2.0137952621266564 2.0137952621266564 2.030959475115612 2.0137952621266564 2.0137952621266564 2.030959475115612 2.0137952621266564 2.030959475115612 1.8421531322371014 0 
0 -0.13173136149278217 0.6578224359991713 0.7264792879549934 -0.663821964150403 -1.504868400609223 -0.9384493719736912 -0.028746083559049097 0.3145381762200611 0.3488666021979721 -0.42352298230502583 -0.18322400045964868 0.09140340736363947 0.022746555407817434 0.3488666021979721 1.0011066957782815 1.4473762334911247 1.8249889192481459 1.9451384101708344 1.96230262315979 1.96230262315979 1.9279741971818791 1.96230262315979 2.0137952621266564 1.893645771203968 0 
0 -0.04591029654800461 0.005582342418861923 -0.09740293551487114 -0.629493538172492 -1.1272557148522018 -0.9041209459957801 -0.14889557448173765 0.3488666021979721 0.24588132426423906 -0.4921798342608479 -0.2003882134486042 -0.011581870570093588 -0.2862092783933817 -0.2518808524154707 -0.2003882134486042 -0.08023872252591563 1.2070772516457475 1.9108099841929236 1.9279741971818791 1.893645771203968 1.6361825763696354 1.790660493270235 2.030959475115612 1.893645771203968 0 
0 0.4861803061096162 0.6234940100212603 -0.4406871952939813 -0.5951651121945809 -1.0071062239295132 -0.835464094039958 -0.18322400045964868 0.3488666021979721 0.21155289828632803 -0.5093440472498034 -0.18322400045964868 -0.011581870570093588 0.022746555407817434 -0.2003882134486042 -0.13173136149278217 -0.26904506540442624 0.5033445190985717 1.4988688724579913 1.5331972984359024 1.8249889192481459 1.5160330854469468 1.7048394283254573 2.0137952621266564 1.9279741971818791 0 
0 0.5720013710543937 1.2585698906126142 -0.06307450953696012 -0.5608366862166699 -1.0242704369184688 -0.8869567330068245 -0.2003882134486042 0.22871711127528355 0.09140340736363947 -0.4921798342608479 -0.04591029654800461 -0.011581870570093588 0.38319502817588313 0.24588132426423906 -0.18322400045964868 -0.26904506540442624 -0.11456714850382664 0.4518518801317052 0.43468766714274965 1.5331972984359024 1.4645404464800802 1.6190183633806798 2.0481236881045675 1.9451384101708344 0 
0 0.5033445190985717 1.756332067292324 0.5548371580654382 -0.4921798342608479 -1.0071062239295132 -0.9041209459957801 -0.13173136149278217 0.3145381762200611 -0.08023872252591563 -0.4406871952939813 0.022746555407817434 -0.04591029654800461 0.3145381762200611 0.4861803061096162 0.09140340736363947 -0.6809861771393585 -0.6466577511614474 -0.629493538172492 -0.3548661303492038 1.3100625295794808 1.4645404464800802 1.7048394283254573 2.0481236881045675 1.96230262315979 0 
0 0.6406582230102158 1.96230262315979 0.6578224359991713 -0.663821964150403 -0.9899420109405577 -0.8697925200178691 -0.2175524264375597 0.177224472308417 -0.30337349138233727 -0.4063587693160703 0.005582342418861923 -0.028746083559049097 0.3145381762200611 0.1257318333415505 -0.18322400045964868 -0.5436724732277144 -0.8869567330068245 -1.0242704369184688 -0.732478816106225 1.052599334745148 1.6705110023475465 1.8421531322371014 2.0481236881045675 1.9451384101708344 0 
0 0.7436435009439488 1.7048394283254573 0.6234940100212603 -0.663821964150403 -0.9556135849626466 -0.835464094039958 -0.45785140828293686 -0.3548661303492038 -0.5265082602387589 -0.2862092783933817 -0.09740293551487114 0.005582342418861923 0.3317023892090166 -0.04591029654800461 -0.4406871952939813 -0.663821964150403 -0.9727777979516021 -1.1787483538190682 -0.6466577511614474 0.8809572048555929 1.4302120205021693 1.8078247062591906 2.0137952621266564 1.9108099841929236 0 
0 0.8809572048555929 1.2414056776236586 0.5548371580654382 -0.6123293251835364 -0.9556135849626466 -0.8697925200178691 -0.732478816106225 -0.8182998810510026 -0.7496430290951805 -0.2518808524154707 -0.13173136149278217 0.022746555407817434 0.03991076839677294 -0.3548661303492038 -0.47501562127189234 -0.9556135849626466 -1.0242704369184688 -1.3847189096865344 -0.4921798342608479 1.2414056776236586 0.9324498438224594 1.6361825763696354 1.7734962802812795 1.6018541503917243 0 
0 1.1040919737120145 0.7779719269218599 0.3145381762200611 -0.7839714550730915 -0.9727777979516021 -0.9556135849626466 -0.698150390128314 -0.835464094039958 -0.7839714550730915 -0.2518808524154707 -0.18322400045964868 -0.13173136149278217 -0.4063587693160703 -0.629493538172492 -0.5436724732277144 -1.0071062239295132 -1.1100915018632462 -1.3847189096865344 0.1257318333415505 1.327226742568436 0.6406582230102158 1.2585698906126142 1.052599334745148 0.6063297970323047 0 
0 1.052599334745148 0.7093150749660379 0.3317023892090166 -0.9212851589847356 -0.9212851589847356 -0.8697925200178691 -0.5780008992056254 -0.6809861771393585 -0.6809861771393585 -0.3377019173602483 -0.14889557448173765 -0.30337349138233727 -0.663821964150403 -0.6809861771393585 -0.7496430290951805 -0.9899420109405577 -1.2130767797969793 -1.367554696697579 -0.06307450953696012 0.5548371580654382 0.16006025931946152 0.5720013710543937 0.3145381762200611 -0.2175524264375597 0 
0 0.7779719269218599 0.846628778877682 0.4861803061096162 -0.766807242084136 -0.629493538172492 -0.5436724732277144 -0.629493538172492 -0.7496430290951805 -0.6123293251835364 -0.42352298230502583 0.10856762035259498 -0.23471663942651522 -0.766807242084136 -0.732478816106225 -0.7839714550730915 -0.9899420109405577 -1.3332262707196678 -1.2817336317528014 -0.2003882134486042 0.10856762035259498 -0.011581870570093588 0.16006025931946152 0.24588132426423906 -0.2518808524154707 0 
0 0.9667782698003705 1.2928983165905252 0.6063297970323047 -0.766807242084136 -0.2862092783933817 -0.14889557448173765 -0.663821964150403 -0.8869567330068245 -0.5780008992056254 -0.4921798342608479 0.22871711127528355 -0.18322400045964868 -0.8182998810510026 -0.766807242084136 -0.8182998810510026 -1.0585988628963796 -1.470539974631312 -1.2130767797969793 -0.06307450953696012 0.177224472308417 0.09140340736363947 0.03991076839677294 0.1257318333415505 0.142896046330506 0 
0 0.8294645658887264 1.2757341036015697 0.6063297970323047 -0.7839714550730915 -0.14889557448173765 0.03991076839677294 -0.7496430290951805 -1.0071062239295132 -0.5265082602387589 -0.4921798342608479 0.21155289828632803 -0.2003882134486042 -0.698150390128314 -0.6123293251835364 -0.663821964150403 -0.9041209459957801 -1.3503904837086234 -1.1959125668080237 -0.2862092783933817 -0.011581870570093588 -0.028746083559049097 0.2630455372531946 0.38319502817588313 0.5720013710543937 0 
0 0.43468766714274965 0.7608077139329044 0.28020975024215006 -0.8182998810510026 -0.16605978747069317 0.022746555407817434 -0.8182998810510026 -1.1444199278411573 -0.5436724732277144 -0.4406871952939813 0.21155289828632803 -0.18322400045964868 -0.30337349138233727 -0.16605978747069317 -0.30337349138233727 -0.663821964150403 -1.1100915018632462 -1.1787483538190682 -0.5436724732277144 -0.2518808524154707 -0.06307450953696012 0.5205087320875272 0.6578224359991713 0.6578224359991713 0 
0 -0.011581870570093588 0.142896046330506 -0.08023872252591563 -0.9899420109405577 -0.13173136149278217 0.05707498138572845 -0.663821964150403 -0.766807242084136 -0.6123293251835364 -0.5951651121945809 0.21155289828632803 0.005582342418861923 -0.4063587693160703 -0.766807242084136 -1.1444199278411573 -1.3503904837086234 -1.0757630758853352 -0.8182998810510026 -0.4063587693160703 -0.11456714850382664 0.3145381762200611 0.6578224359991713 0.5205087320875272 0.41752345415379416 0 
0 0.05707498138572845 0.9324498438224594 0.4861803061096162 -1.1100915018632462 -0.18322400045964868 0.177224472308417 -0.42352298230502583 -0.5265082602387589 -0.629493538172492 -0.4921798342608479 0.2630455372531946 -0.3891945563271148 -1.367554696697579 -1.5391968265871339 -1.2817336317528014 -1.607853678542956 -0.9727777979516021 -0.6466577511614474 -0.30337349138233727 0.177224472308417 0.5891655840433493 0.5376729450764828 0.5376729450764828 0.36603081518692765 0 
0 0.177224472308417 0.846628778877682 0.5205087320875272 -1.1444199278411573 -0.4921798342608479 -0.11456714850382664 -0.18322400045964868 -0.4921798342608479 -0.732478816106225 -0.5093440472498034 0.022746555407817434 -0.6123293251835364 -1.0929272888742907 -1.0242704369184688 -1.0071062239295132 -1.5906894655540005 -1.2302409927859348 -0.835464094039958 -0.5780008992056254 0.16006025931946152 0.03991076839677294 0.43468766714274965 0.5891655840433493 0.3317023892090166 0 
0 0.21155289828632803 0.5891655840433493 0.6406582230102158 -0.9212851589847356 -0.9212851589847356 -0.663821964150403 -0.3720303433381593 -0.45785140828293686 -0.835464094039958 -0.6466577511614474 -0.3548661303492038 -0.732478816106225 -1.1615841408301129 -0.9212851589847356 -0.835464094039958 -1.6593463175098226 -1.7966600214214665 -0.8182998810510026 -0.32053770437129275 0.1257318333415505 0.28020975024215006 0.21155289828632803 0.3488666021979721 0.3488666021979721 0 
0 0.03991076839677294 0.2973739632311056 0.7779719269218599 -0.7496430290951805 -1.4362115486534008 -1.1615841408301129 -0.7153146031172695 -0.5951651121945809 -0.8869567330068245 -0.7839714550730915 -0.8011356680620471 -0.9727777979516021 -1.1272557148522018 -0.9041209459957801 -0.5436724732277144 -1.573525252565045 -1.7623315954435557 -0.5093440472498034 -0.13173136149278217 0.19438868529737252 0.5205087320875272 -0.06307450953696012 0.2630455372531946 0.6234940100212603 0 
0 -0.028746083559049097 -0.011581870570093588 -0.3377019173602483 -1.1959125668080237 -1.4533757616423564 -1.2302409927859348 -0.766807242084136 -0.663821964150403 -0.835464094039958 -0.9384493719736912 -1.3160620577307123 -1.0585988628963796 -0.766807242084136 -0.9899420109405577 -0.3891945563271148 -1.0929272888742907 -0.9384493719736912 -0.32053770437129275 -0.18322400045964868 0.10856762035259498 -0.2003882134486042 -0.2862092783933817 0.28020975024215006 0.5376729450764828 0 
0 -0.18322400045964868 -0.3377019173602483 -1.2817336317528014 -1.642182104520867 -1.4533757616423564 -1.1444199278411573 -0.5780008992056254 -0.5951651121945809 -0.698150390128314 -0.7839714550730915 -1.5563610395760894 -1.0071062239295132 -0.32053770437129275 -1.1615841408301129 -0.629493538172492 -0.4921798342608479 -0.4063587693160703 -0.2175524264375597 0.09140340736363947 -0.11456714850382664 -0.30337349138233727 0.05707498138572845 0.4518518801317052 0.22871711127528355 0 
0 -0.4063587693160703 -0.5436724732277144 -1.40188312267549 -1.7966600214214665 -1.40188312267549 -0.5780008992056254 -0.23471663942651522 -0.47501562127189234 -0.5436724732277144 -0.732478816106225 -1.607853678542956 -0.9727777979516021 -0.11456714850382664 -1.40188312267549 -1.1787483538190682 -0.6466577511614474 -0.4063587693160703 -0.09740293551487114 0.142896046330506 0.005582342418861923 0.19438868529737252 0.6578224359991713 0.24588132426423906 0.16006025931946152 0 
0 0 0 0 0 0 0 0 0 0 0 0 0 0 0 0 0 0 0 0 0 0 0 0 0 0 

0 0 0 0 0 0 0 0 0 0 0 0 0 0 0 0 0 0 0 0 0 0 0 0 0 0 
0 0.43468766714274965 1.018270908767237 0.8981214178445485 0.1257318333415505 -0.2175524264375597 0.1257318333415505 0.4518518801317052 0.7264792879549934 0.7436435009439488 0.7436435009439488 1.1555846126788811 1.4302120205021693 1.9108099841929236 2.030959475115612 1.9794668361487455 1.996631049137701 2.030959475115612 2.030959475115612 2.030959475115612 2.030959475115612 2.0137952621266564 2.0137952621266564 2.030959475115612 1.8421531322371014 0 
0 0.2973739632311056 0.9667782698003705 0.7951361399108153 -0.13173136149278217 -0.629493538172492 0.05707498138572845 0.8981214178445485 1.1040919737120145 1.12125618670097 0.6578224359991713 1.1040919737120145 1.086927760723059 1.4817046594690357 1.8421531322371014 1.996631049137701 2.0137952621266564 2.030959475115612 2.030959475115612 2.0137952621266564 2.030959475115612 2.030959475115612 1.996631049137701 2.0137952621266564 1.8421531322371014 0 
0 -0.13173136149278217 0.46901609312066067 0.6578224359991713 -0.09740293551487114 -0.47501562127189234 0.142896046330506 1.3100625295794808 1.5846899374027688 1.550361511424858 0.9152856308335039 1.2757341036015697 1.2757341036015697 0.8981214178445485 1.052599334745148 1.4645404464800802 1.7220036413144129 1.9451384101708344 2.030959475115612 2.0137952621266564 1.9794668361487455 1.9108099841929236 1.893645771203968 2.0137952621266564 1.9108099841929236 0 
0 -0.09740293551487114 -0.23471663942651522 -0.13173136149278217 -0.028746083559049097 -0.011581870570093588 0.38319502817588313 1.2414056776236586 1.550361511424858 1.4130478075132138 0.949614056811415 1.3958835945242583 1.2928983165905252 0.7608077139329044 0.7951361399108153 0.7093150749660379 0.5720013710543937 1.5846899374027688 2.030959475115612 1.9794668361487455 1.9279741971818791 1.653346789358591 1.7734962802812795 2.0481236881045675 1.9451384101708344 0 
0 0.4518518801317052 0.3145381762200611 -0.4921798342608479 0.03991076839677294 0.19438868529737252 0.5376729450764828 1.1384203996899256 1.3787193815353027 1.2757341036015697 0.9324498438224594 1.4302120205021693 1.3787193815353027 1.1899130386567922 0.8981214178445485 0.8809572048555929 0.6921508619770823 1.2757341036015697 1.756332067292324 1.6190183633806798 1.9108099841929236 1.6361825763696354 1.8078247062591906 2.0481236881045675 1.9451384101708344 0 
0 0.5548371580654382 0.8981214178445485 -0.13173136149278217 0.10856762035259498 0.2630455372531946 0.5891655840433493 1.0697635477341034 1.12125618670097 1.086927760723059 0.9667782698003705 1.550361511424858 1.4473762334911247 1.6361825763696354 1.3615551685463472 0.8809572048555929 0.9667782698003705 1.086927760723059 1.052599334745148 0.7779719269218599 1.756332067292324 1.6018541503917243 1.7391678543033684 2.0481236881045675 1.96230262315979 0 
0 0.5033445190985717 1.3787193815353027 0.46901609312066067 0.177224472308417 0.3145381762200611 0.6234940100212603 1.1555846126788811 1.2585698906126142 0.983942482789326 1.086927760723059 1.6190183633806798 1.3787193815353027 1.6018541503917243 1.6361825763696354 1.2414056776236586 0.7264792879549934 0.8809572048555929 0.4861803061096162 0.38319502817588313 1.6705110023475465 1.5160330854469468 1.6705110023475465 2.0481236881045675 1.9451384101708344 0 
0 0.5891655840433493 1.5675257244138132 0.5548371580654382 0.005582342418861923 0.3317023892090166 0.6578224359991713 1.1899130386567922 1.327226742568436 0.949614056811415 1.1899130386567922 1.5675257244138132 1.327226742568436 1.5846899374027688 1.3615551685463472 1.1384203996899256 0.9324498438224594 0.6921508619770823 0.3488666021979721 0.22871711127528355 1.4473762334911247 1.687675215336502 1.7220036413144129 2.030959475115612 1.9279741971818791 0 
0 0.6063297970323047 1.3100625295794808 0.5376729450764828 0.005582342418861923 0.3145381762200611 0.6578224359991713 1.052599334745148 1.018270908767237 0.8981214178445485 1.327226742568436 1.4130478075132138 1.2757341036015697 1.6018541503917243 1.3443909555573916 1.0354351217561926 0.8294645658887264 0.46901609312066067 0.07423919437468396 0.21155289828632803 1.2757341036015697 1.5331972984359024 1.8249889192481459 2.0137952621266564 1.9108099841929236 0 
0 0.6063297970323047 0.7951361399108153 0.43468766714274965 0.10856762035259498 0.2973739632311056 0.6063297970323047 0.8637929918666374 0.7264792879549934 0.846628778877682 1.3958835945242583 1.2928983165905252 1.2414056776236586 1.327226742568436 1.12125618670097 1.086927760723059 0.5205087320875272 0.2973739632311056 -0.4063587693160703 0.07423919437468396 1.4988688724579913 1.12125618670097 1.8078247062591906 1.8421531322371014 1.5675257244138132 0 
0 0.6406582230102158 0.19438868529737252 0.07423919437468396 0.05707498138572845 0.22871711127528355 0.46901609312066067 0.8809572048555929 0.7951361399108153 0.9324498438224594 1.3787193815353027 1.1899130386567922 1.1040919737120145 0.9324498438224594 0.846628778877682 0.983942482789326 0.43468766714274965 0.142896046330506 -0.6123293251835364 0.38319502817588313 1.3615551685463472 0.7436435009439488 1.3787193815353027 1.052599334745148 0.43468766714274965 0 
0 0.5720013710543937 0.1257318333415505 0.07423919437468396 -0.08023872252591563 0.07423919437468396 0.2973739632311056 0.8809572048555929 0.8981214178445485 1.018270908767237 1.2414056776236586 1.1555846126788811 0.9667782698003705 0.7436435009439488 0.7951361399108153 0.7264792879549934 0.4003592411648387 -0.028746083559049097 -0.8011356680620471 -0.09740293551487114 0.28020975024215006 -0.011581870570093588 0.43468766714274965 0.07423919437468396 -0.629493538172492 0 
0 0.3488666021979721 0.3488666021979721 0.24588132426423906 -0.028746083559049097 0.05707498138572845 0.22871711127528355 0.6406582230102158 0.7264792879549934 0.983942482789326 1.0697635477341034 1.327226742568436 1.018270908767237 0.6921508619770823 0.7436435009439488 0.6406582230102158 0.3145381762200611 -0.2862092783933817 -0.9556135849626466 -0.5436724732277144 -0.5093440472498034 -0.5436724732277144 -0.30337349138233727 -0.2518808524154707 -0.8011356680620471 0 
0 0.5720013710543937 0.846628778877682 0.4003592411648387 -0.11456714850382664 0.10856762035259498 0.22871711127528355 0.43468766714274965 0.5205087320875272 0.9324498438224594 0.9324498438224594 1.3787193815353027 1.0011066957782815 0.5720013710543937 0.6234940100212603 0.5033445190985717 0.142896046330506 -0.5436724732277144 -1.0585988628963796 -0.629493538172492 -0.698150390128314 -0.698150390128314 -0.6466577511614474 -0.3891945563271148 -0.30337349138233727 0 
0 0.38319502817588313 0.7951361399108153 0.4003592411648387 -0.14889557448173765 0.09140340736363947 0.177224472308417 0.2630455372531946 0.36603081518692765 0.949614056811415 0.8809572048555929 1.327226742568436 0.8637929918666374 0.5033445190985717 0.6063297970323047 0.5033445190985717 0.1257318333415505 -0.5436724732277144 -1.0585988628963796 -0.8697925200178691 -0.9384493719736912 -0.835464094039958 -0.3891945563271148 0.022746555407817434 0.38319502817588313 0 
0 -0.11456714850382664 0.21155289828632803 0.05707498138572845 -0.16605978747069317 0.022746555407817434 0.05707498138572845 0.19438868529737252 0.24588132426423906 0.949614056811415 0.949614056811415 1.327226742568436 0.7608077139329044 0.6406582230102158 0.846628778877682 0.7093150749660379 0.22871711127528355 -0.3548661303492038 -0.9212851589847356 -0.9899420109405577 -1.0585988628963796 -0.7153146031172695 0.09140340736363947 0.5205087320875272 0.6749866489881268 0 
0 -0.6809861771393585 -0.47501562127189234 -0.30337349138233727 -0.3377019173602483 0.07423919437468396 0.09140340736363947 0.36603081518692765 0.6749866489881268 0.9152856308335039 0.7779719269218599 1.2928983165905252 0.8123003528997709 0.3145381762200611 0.022746555407817434 -0.3548661303492038 -0.5780008992056254 -0.3548661303492038 -0.45785140828293686 -0.698150390128314 -0.732478816106225 -0.13173136149278217 0.4518518801317052 0.5033445190985717 0.46901609312066067 0 
0 -0.6809861771393585 0.4518518801317052 0.43468766714274965 -0.5608366862166699 0.10856762035259498 0.21155289828632803 0.5376729450764828 0.983942482789326 0.8809572048555929 0.7264792879549934 1.1727488256678367 0.2973739632311056 -0.9384493719736912 -1.3160620577307123 -1.0585988628963796 -1.1444199278411573 -0.3377019173602483 -0.3548661303492038 -0.4063587693160703 -0.13173136149278217 0.3145381762200611 0.38319502817588313 0.4861803061096162 0.3317023892090166 0 
0 -0.5436724732277144 0.46901609312066067 0.5033445190985717 -0.663821964150403 0.022746555407817434 0.19438868529737252 0.7436435009439488 0.983942482789326 0.7779719269218599 0.7093150749660379 1.0354351217561926 0.05707498138572845 -0.8526283070289136 -1.1100915018632462 -1.1444199278411573 -1.367554696697579 -0.7839714550730915 -0.663821964150403 -0.6123293251835364 0.022746555407817434 -0.13173136149278217 0.3145381762200611 0.5205087320875272 0.2630455372531946 0 
0 -0.4406871952939813 0.177224472308417 0.5548371580654382 -0.4406871952939813 -0.13173136149278217 0.10856762035259498 0.6234940100212603 0.949614056811415 0.6749866489881268 0.6406582230102158 0.8294645658887264 -0.04591029654800461 -1.0585988628963796 -1.0585988628963796 -1.0071062239295132 -1.5906894655540005 -1.5906894655540005 -0.766807242084136 -0.4063587693160703 0.005582342418861923 0.19438868529737252 0.177224472308417 0.2973739632311056 0.2973739632311056 0 
0 -0.5265082602387589 -0.13173136149278217 0.6406582230102158 -0.26904506540442624 -0.45785140828293686 -0.06307450953696012 0.4518518801317052 0.8637929918666374 0.5548371580654382 0.36603081518692765 0.177224472308417 -0.45785140828293686 -1.1444199278411573 -1.0929272888742907 -0.7839714550730915 -1.6593463175098226 -1.7451673824546001 -0.6123293251835364 -0.26904506540442624 0.09140340736363947 0.4861803061096162 -0.06307450953696012 0.24588132426423906 0.5891655840433493 0 
0 -0.5436724732277144 -0.4063587693160703 -0.4921798342608479 -0.7496430290951805 -0.5436724732277144 -0.2003882134486042 0.5205087320875272 0.8294645658887264 0.43468766714274965 -0.14889557448173765 -0.8011356680620471 -0.8697925200178691 -0.9041209459957801 -1.1959125668080237 -0.629493538172492 -1.2988978447417567 -1.1100915018632462 -0.5265082602387589 -0.3377019173602483 0.03991076839677294 -0.2175524264375597 -0.2862092783933817 0.24588132426423906 0.5376729450764828 0 
0 -0.6809861771393585 -0.6809861771393585 -1.367554696697579 -1.2474052057748903 -0.8697925200178691 -0.5608366862166699 0.4861803061096162 0.6921508619770823 0.24588132426423906 -0.3720303433381593 -1.4362115486534008 -1.0585988628963796 -0.4921798342608479 -1.367554696697579 -0.8697925200178691 -0.766807242084136 -0.663821964150403 -0.4406871952939813 -0.028746083559049097 -0.14889557448173765 -0.30337349138233727 0.022746555407817434 0.4003592411648387 0.24588132426423906 0 
0 -0.8869567330068245 -0.835464094039958 -1.4190473356644453 -1.470539974631312 -1.1615841408301129 -0.6123293251835364 0.36603081518692765 0.43468766714274965 0.07423919437468396 -0.5608366862166699 -1.642182104520867 -1.0757630758853352 -0.2862092783933817 -1.5906894655540005 -1.40188312267549 -0.9212851589847356 -0.698150390128314 -0.2862092783933817 0.07423919437468396 0.005582342418861923 0.19438868529737252 0.5891655840433493 0.177224472308417 0.19438868529737252 0 
0 0 0 0 0 0 0 0 0 0 0 0 0 0 0 0 0 0 0 0 0 0 0 0 0 0 

0 0 0 0 0 0 0 0 0 0 0 0 0 0 0 0 0 0 0 0 0 0 0 0 0 0 
0 0.09140340736363947 0.7264792879549934 0.5033445190985717 -0.8182998810510026 -1.504868400609223 -1.1100915018632462 -0.6809861771393585 -0.2003882134486042 -0.16605978747069317 -0.3891945563271148 0.005582342418861923 0.5376729450764828 1.3787193815353027 1.7734962802812795 1.893645771203968 1.9108099841929236 1.893645771203968 1.893645771203968 1.8249889192481459 1.7734962802812795 1.8078247062591906 1.859317345226057 1.9451384101708344 1.756332067292324 0 
0 -0.11456714850382664 0.5720013710543937 0.4003592411648387 -0.9556135849626466 -1.6936747434877335 -1.0071062239295132 -0.6123293251835364 -0.3720303433381593 -0.2862092783933817 -0.9041209459957801 -0.42352298230502583 -0.16605978747069317 0.6234940100212603 1.3787193815353027 1.8249889192481459 1.893645771203968 1.859317345226057 1.859317345226057 1.8078247062591906 1.7734962802812795 1.790660493270235 1.8249889192481459 1.9108099841929236 1.7391678543033684 0 
0 -0.6123293251835364 0.05707498138572845 0.2973739632311056 -0.8869567330068245 -1.6250178915319116 -1.1272557148522018 -0.45785140828293686 -0.2175524264375597 -0.18322400045964868 -0.9041209459957801 -0.5780008992056254 -0.2518808524154707 -0.2175524264375597 0.24588132426423906 0.9667782698003705 1.3787193815353027 1.687675215336502 1.790660493270235 1.790660493270235 1.756332067292324 1.687675215336502 1.7048394283254573 1.8421531322371014 1.790660493270235 0 
0 -0.6466577511614474 -0.6123293251835364 -0.4921798342608479 -0.8697925200178691 -1.3503904837086234 -1.1615841408301129 -0.4406871952939813 -0.028746083559049097 -0.16605978747069317 -0.8869567330068245 -0.6123293251835364 -0.4063587693160703 -0.5608366862166699 -0.4063587693160703 -0.2862092783933817 -0.18322400045964868 1.0354351217561926 1.7048394283254573 1.790660493270235 1.790660493270235 1.4988688724579913 1.6018541503917243 1.8764815582150125 1.8078247062591906 0 
0 -0.23471663942651522 -0.2003882134486042 -0.9899420109405577 -0.9384493719736912 -1.2817336317528014 -1.1100915018632462 -0.3891945563271148 0.38319502817588313 0.19438868529737252 -0.8182998810510026 -0.5436724732277144 -0.3548661303492038 -0.3720303433381593 -0.5780008992056254 -0.45785140828293686 -0.5608366862166699 0.24588132426423906 1.2928983165905252 1.4302120205021693 1.8249889192481459 1.5846899374027688 1.756332067292324 1.996631049137701 1.859317345226057 0 
0 -0.2518808524154707 0.19438868529737252 -0.8011356680620471 -1.0071062239295132 -1.3332262707196678 -1.1787483538190682 -0.42352298230502583 0.5376729450764828 0.3488666021979721 -0.835464094039958 -0.4406871952939813 -0.2862092783933817 -0.028746083559049097 -0.26904506540442624 -0.698150390128314 -0.6809861771393585 -0.3891945563271148 0.2630455372531946 0.3317023892090166 1.5160330854469468 1.5331972984359024 1.7220036413144129 2.0481236881045675 1.9108099841929236 0 
0 -0.32053770437129275 0.6063297970323047 -0.26904506540442624 -1.0242704369184688 -1.3503904837086234 -1.2302409927859348 -0.45785140828293686 0.5891655840433493 0.142896046330506 -0.9041209459957801 -0.4921798342608479 -0.32053770437129275 -0.011581870570093588 0.022746555407817434 -0.3891945563271148 -1.041434649907424 -0.8526283070289136 -0.766807242084136 -0.4921798342608479 1.1899130386567922 1.327226742568436 1.5846899374027688 2.030959475115612 1.9279741971818791 0 
0 -0.14889557448173765 0.8637929918666374 -0.13173136149278217 -1.1444199278411573 -1.3332262707196678 -1.2130767797969793 -0.5780008992056254 0.16006025931946152 -0.3720303433381593 -0.9212851589847356 -0.5436724732277144 -0.3548661303492038 0.03991076839677294 -0.2175524264375597 -0.5265082602387589 -0.835464094039958 -1.0757630758853352 -1.1444199278411573 -0.9041209459957801 0.8123003528997709 1.3615551685463472 1.550361511424858 1.96230262315979 1.893645771203968 0 
0 0.005582342418861923 0.7436435009439488 -0.04591029654800461 -1.0929272888742907 -1.3160620577307123 -1.1615841408301129 -0.7839714550730915 -0.629493538172492 -0.8697925200178691 -0.7153146031172695 -0.5093440472498034 -0.3891945563271148 -0.028746083559049097 -0.3720303433381593 -0.732478816106225 -0.9899420109405577 -1.2817336317528014 -1.3332262707196678 -0.835464094039958 0.6234940100212603 1.1727488256678367 1.5846899374027688 1.893645771203968 1.8249889192481459 0 
0 0.10856762035259498 0.3317023892090166 -0.08023872252591563 -0.9727777979516021 -1.2988978447417567 -1.1615841408301129 -0.9727777979516021 -1.2130767797969793 -1.1787483538190682 -0.5608366862166699 -0.45785140828293686 -0.42352298230502583 -0.4063587693160703 -0.7153146031172695 -0.766807242084136 -1.3160620577307123 -1.3847189096865344 -1.573525252565045 -0.7153146031172695 0.9667782698003705 0.7608077139329044 1.5331972984359024 1.6705110023475465 1.4473762334911247 0 
0 0.16006025931946152 -0.26904506540442624 -0.47501562127189234 -1.1444199278411573 -1.3332262707196678 -1.1959125668080237 -0.9899420109405577 -1.2302409927859348 -1.1444199278411573 -0.5780008992056254 -0.5780008992056254 -0.5780008992056254 -0.8182998810510026 -0.9899420109405577 -0.8526283070289136 -1.3160620577307123 -1.3847189096865344 -1.573525252565045 -0.2518808524154707 0.8809572048555929 0.3145381762200611 1.0011066957782815 0.8123003528997709 0.2630455372531946 0 
0 0.09140340736363947 -0.3720303433381593 -0.5265082602387589 -1.3332262707196678 -1.4877041876202675 -1.3503904837086234 -0.9384493719736912 -1.0585988628963796 -1.0071062239295132 -0.7153146031172695 -0.629493538172492 -0.7496430290951805 -1.041434649907424 -1.0585988628963796 -1.1100915018632462 -1.3503904837086234 -1.4877041876202675 -1.6250178915319116 -0.629493538172492 -0.16605978747069317 -0.5093440472498034 -0.06307450953696012 -0.2518808524154707 -0.8182998810510026 0 
0 -0.2003882134486042 -0.18322400045964868 -0.3548661303492038 -1.2817336317528014 -1.5220326135981785 -1.4362115486534008 -1.0929272888742907 -1.0929272888742907 -0.9556135849626466 -0.8526283070289136 -0.45785140828293686 -0.7153146031172695 -1.1272557148522018 -1.1272557148522018 -1.2130767797969793 -1.4362115486534008 -1.710838956476689 -1.676510530498778 -0.9727777979516021 -0.9384493719736912 -1.0757630758853352 -0.9041209459957801 -0.663821964150403 -1.0757630758853352 0 
0 -0.04591029654800461 0.3145381762200611 -0.18322400045964868 -1.3503904837086234 -1.4877041876202675 -1.4533757616423564 -1.2130767797969793 -1.2130767797969793 -0.9384493719736912 -0.9556135849626466 -0.3891945563271148 -0.698150390128314 -1.1787483538190682 -1.1615841408301129 -1.2474052057748903 -1.504868400609223 -1.8653168733772887 -1.676510530498778 -0.9727777979516021 -1.0757630758853352 -1.2302409927859348 -1.2988978447417567 -0.9212851589847356 -0.698150390128314 0 
0 -0.2518808524154707 0.3488666021979721 -0.11456714850382664 -1.367554696697579 -1.5220326135981785 -1.5391968265871339 -1.3503904837086234 -1.3160620577307123 -0.8697925200178691 -0.9212851589847356 -0.3548661303492038 -0.6809861771393585 -1.0242704369184688 -0.9899420109405577 -1.041434649907424 -1.3160620577307123 -1.710838956476689 -1.676510530498778 -1.2130767797969793 -1.2817336317528014 -1.3160620577307123 -0.9727777979516021 -0.5265082602387589 -0.09740293551487114 0 
0 -0.629493538172492 -0.11456714850382664 -0.3548661303492038 -1.3332262707196678 -1.5906894655540005 -1.6936747434877335 -1.470539974631312 -1.470539974631312 -0.8526283070289136 -0.8011356680620471 -0.2518808524154707 -0.5951651121945809 -0.6123293251835364 -0.4921798342608479 -0.6123293251835364 -0.9727777979516021 -1.3847189096865344 -1.5906894655540005 -1.3847189096865344 -1.3503904837086234 -1.0929272888742907 -0.3720303433381593 0.03991076839677294 0.19438868529737252 0 
0 -1.041434649907424 -0.732478816106225 -0.6809861771393585 -1.470539974631312 -1.5220326135981785 -1.6936747434877335 -1.367554696697579 -1.0929272888742907 -0.9041209459957801 -0.9212851589847356 -0.2003882134486042 -0.3548661303492038 -0.6809861771393585 -1.041434649907424 -1.3847189096865344 -1.5391968265871339 -1.2302409927859348 -1.1272557148522018 -1.1100915018632462 -0.9899420109405577 -0.4063587693160703 0.1257318333415505 0.1257318333415505 0.07423919437468396 0 
0 -0.9727777979516021 0.022746555407817434 -0.2003882134486042 -1.7280031694656446 -1.470539974631312 -1.5563610395760894 -1.2645694187638459 -0.9041209459957801 -1.0242704369184688 -0.9899420109405577 -0.3377019173602483 -0.7496430290951805 -1.4877041876202675 -1.676510530498778 -1.3847189096865344 -1.6936747434877335 -1.041434649907424 -0.7153146031172695 -0.5780008992056254 -0.2862092783933817 0.10856762035259498 0.10856762035259498 0.22871711127528355 0.09140340736363947 0 
0 -0.8697925200178691 -0.08023872252591563 -0.2003882134486042 -1.7451673824546001 -1.504868400609223 -1.5220326135981785 -1.041434649907424 -0.9384493719736912 -1.1444199278411573 -1.0071062239295132 -0.4921798342608479 -0.8526283070289136 -1.1444199278411573 -1.1615841408301129 -1.1444199278411573 -1.6593463175098226 -1.2474052057748903 -0.8869567330068245 -0.7496430290951805 -0.18322400045964868 -0.4063587693160703 -0.028746083559049097 0.2630455372531946 0.03991076839677294 0 
0 -0.7839714550730915 -0.30337349138233727 -0.04591029654800461 -1.3847189096865344 -1.504868400609223 -1.5220326135981785 -1.0929272888742907 -0.9041209459957801 -1.1615841408301129 -0.9727777979516021 -0.5780008992056254 -0.8182998810510026 -1.2474052057748903 -1.1272557148522018 -1.0585988628963796 -1.710838956476689 -1.7794958084325112 -1.0242704369184688 -0.6466577511614474 -0.26904506540442624 -0.13173136149278217 -0.18322400045964868 -0.011581870570093588 -0.011581870570093588 0 
0 -0.8697925200178691 -0.5265082602387589 0.177224472308417 -1.041434649907424 -1.6250178915319116 -1.5220326135981785 -1.2302409927859348 -0.9384493719736912 -1.1272557148522018 -1.0242704369184688 -0.9384493719736912 -1.0071062239295132 -1.2302409927859348 -1.1959125668080237 -0.8526283070289136 -1.642182104520867 -1.710838956476689 -0.766807242084136 -0.47501562127189234 -0.13173136149278217 0.22871711127528355 -0.3377019173602483 -0.08023872252591563 0.19438868529737252 0 
0 -0.8526283070289136 -0.732478816106225 -0.8182998810510026 -1.3503904837086234 -1.4877041876202675 -1.4362115486534008 -1.1100915018632462 -0.9041209459957801 -1.041434649907424 -1.2130767797969793 -1.504868400609223 -1.1615841408301129 -0.9384493719736912 -1.2817336317528014 -0.6809861771393585 -1.2302409927859348 -0.9899420109405577 -0.5608366862166699 -0.4406871952939813 -0.09740293551487114 -0.3891945563271148 -0.47501562127189234 -0.06307450953696012 0.07423919437468396 0 
0 -0.8869567330068245 -0.9212851589847356 -1.6250178915319116 -1.710838956476689 -1.607853678542956 -1.5563610395760894 -1.0071062239295132 -0.9041209459957801 -0.9899420109405577 -1.1100915018632462 -1.7794958084325112 -1.1787483538190682 -0.5265082602387589 -1.367554696697579 -0.835464094039958 -0.732478816106225 -0.663821964150403 -0.4921798342608479 -0.13173136149278217 -0.32053770437129275 -0.5436724732277144 -0.23471663942651522 0.07423919437468396 -0.2175524264375597 0 
0 -1.0242704369184688 -1.0242704369184688 -1.642182104520867 -1.8653168733772887 -1.7451673824546001 -1.3503904837086234 -0.9384493719736912 -0.9556135849626466 -0.9556135849626466 -1.0929272888742907 -1.7794958084325112 -1.1444199278411573 -0.3548661303492038 -1.504868400609223 -1.2817336317528014 -0.9727777979516021 -0.8697925200178691 -0.47501562127189234 -0.16605978747069317 -0.3377019173602483 -0.23471663942651522 0.142896046330506 -0.2175524264375597 -0.23471663942651522 0 
0 0 0 0 0 0 0 0 0 0 0 0 0 0 0 0 0 0 0 0 0 0 0 0 0 0 

