0 0 0 0 0 0 0 0 0 0 0 0 0 0 0 0 0 0 0 0 0 0 0 0 0 0 
0 -1.4191444205677584 -1.5645962545950178 -1.2555111072870915 -1.3282370243007213 -1.2191481487802767 -1.3282370243007213 -1.6009592131018326 -1.5827777338484252 -1.4373258998211658 -1.4736888583279806 -0.9646074392325729 -0.6918852504314614 -0.7827926466984986 -1.0009703977393876 -1.2009666695268693 -1.1646037110200544 -1.1827851902734619 -1.1282407525132396 -1.05551483549961 -1.0191518769927952 -0.8191556052053134 -0.3100741861099056 0.1626442744786874 -0.0737149558156091 0 
0 -1.2009666695268693 -1.3827814620609435 -1.2918740657939065 -1.2191481487802767 -1.0191518769927952 -1.2191481487802767 -1.400962941314351 -1.3645999828075361 -1.2918740657939065 -1.273692586540499 -1.0736963147530174 -1.0191518769927952 -0.9827889184859803 -0.9827889184859803 -0.9646074392325729 -0.8918815222189431 -0.8918815222189431 -1.0009703977393876 -0.3100741861099056 -0.6191593334178318 -1.0918777940064248 -1.05551483549961 -0.4737074993905724 0.27173314999913195 0 
0 -0.800974125951906 -1.1827851902734619 -0.8918815222189431 -0.8555185637121283 -0.7646111674450912 -0.7282482089382764 -0.8191556052053134 -1.0736963147530174 -1.2555111072870915 -1.0918777940064248 -0.9282444807257579 -0.2373482690962759 0.4353664632797987 0.30809610850594676 0.21718871223890965 -0.0009890388019794154 -0.710066729684869 -0.9827889184859803 -0.18280383133605363 -0.20098531058946106 -0.9464259599791653 -1.0009703977393876 -0.9827889184859803 -0.6555222919246466 0 
0 -0.16462235208264622 -0.7827926466984986 -0.0737149558156091 -0.12825939357583138 -0.4009815823769427 -0.43734454088375757 -0.5646148956576095 -0.8555185637121283 -1.1827851902734619 -1.1100592732598322 -0.7464296881916838 0.5262738595468358 1.4717107807240217 1.4717107807240217 1.435347822217207 1.0353552786422437 -0.2191667898428685 -0.16462235208264622 0.12628131597187253 0.5080923802934284 -0.12825939357583138 -0.582796374911017 -0.7464296881916838 -0.7282482089382764 0 
0 0.5080923802934284 -0.5464334164042021 0.34445906701276163 0.8717219653615769 0.4535479425332061 -0.0737149558156091 -0.43734454088375757 -0.5646148956576095 -0.6555222919246466 -0.7282482089382764 -0.16462235208264622 1.0353552786422437 1.7080700110183182 1.6898885317649108 1.7626144487785407 1.4535293014706143 0.6899071728275027 0.9989923201354288 1.2535330296831328 1.1262626749092808 0.835359006854762 0.5626368180536507 0.30809610850594676 0.23537019149231708 0 
0 0.7626330898411323 -0.6555222919246466 -0.25552974834968334 1.089899716402466 0.835359006854762 0.5626368180536507 -0.0009890388019794154 -0.3828001031235353 -0.3464371446167204 -0.0009890388019794154 0.9080849238683917 1.6717070525115034 1.6898885317649108 1.4898922599774291 1.3444404259501699 1.3626219052035773 1.0353552786422437 0.7626330898411323 0.4717294217866136 0.32627758775935417 0.1808257537320948 0.08991835746505769 -0.11007791432242395 -0.27371122760309075 0 
0 -0.2191667898428685 -0.800974125951906 -0.9100630014723505 0.07173687821165027 -0.0009890388019794154 -0.328255665363313 -0.673703771178054 -0.9282444807257579 -1.1100592732598322 -0.9464259599791653 -0.3100741861099056 0.05355539895824285 -0.055533476562201686 -0.328255665363313 -0.4737074993905724 -0.5646148956576095 -0.8191556052053134 -0.9646074392325729 -1.0373333562462026 -1.1100592732598322 -1.146422231766647 -1.1646037110200544 -1.2191481487802767 -1.3827814620609435 0 
0 -1.1100592732598322 -1.0918777940064248 -1.3645999828075361 -1.2555111072870915 -1.05551483549961 -1.1282407525132396 -1.1646037110200544 -1.0736963147530174 -1.146422231766647 -1.146422231766647 -0.9464259599791653 -0.9100630014723505 -0.8737000429655357 -1.0918777940064248 -1.1100592732598322 -1.1827851902734619 -1.2918740657939065 -1.2918740657939065 -1.310055545047314 -1.3282370243007213 -1.3282370243007213 -1.310055545047314 -1.310055545047314 -1.3282370243007213 0 
0 -1.0009703977393876 -1.0736963147530174 -1.2009666695268693 -1.2918740657939065 -1.3645999828075361 -1.3282370243007213 -1.4555073790745732 -1.4736888583279806 -1.4373258998211658 -1.3827814620609435 -1.2918740657939065 -1.3645999828075361 -1.3645999828075361 -1.400962941314351 -1.4555073790745732 -1.528233296088203 -1.5464147753416104 -1.61914069235524 -1.6918666093688697 -1.710048088622277 -1.710048088622277 -1.6918666093688697 -1.6555036508620549 -1.7282295678756845 0 
0 -0.673703771178054 -0.7464296881916838 -0.8555185637121283 -0.9646074392325729 -1.2555111072870915 -1.491870337581388 -1.61914069235524 -1.710048088622277 -1.746411047129092 -1.7282295678756845 -1.7645925263824993 -1.7645925263824993 -1.746411047129092 -1.710048088622277 -1.710048088622277 -1.7645925263824993 -1.8191369641427217 -1.8191369641427217 -1.8554999226495366 -1.8918628811563514 -1.8918628811563514 -1.8918628811563514 -1.8554999226495366 -1.8373184433961292 0 
0 -0.5464334164042021 -0.5100704578973873 -0.5100704578973873 -0.6191593334178318 -0.9827889184859803 -1.2918740657939065 -1.3282370243007213 -1.4191444205677584 -1.5827777338484252 -1.6736851301154623 -1.710048088622277 -1.6736851301154623 -1.6736851301154623 -1.710048088622277 -1.746411047129092 -1.710048088622277 -1.746411047129092 -1.8373184433961292 -1.8554999226495366 -1.873681401902944 -1.8918628811563514 -1.8918628811563514 -1.8918628811563514 -1.8918628811563514 0 
0 -0.6918852504314614 -0.6191593334178318 -0.5100704578973873 -0.455526020137165 -0.673703771178054 -0.8373370844587209 -0.9100630014723505 -1.0191518769927952 -1.0918777940064248 -1.1282407525132396 -1.0191518769927952 -0.8555185637121283 -1.0009703977393876 -1.5100518168347954 -1.746411047129092 -1.6736851301154623 -1.6555036508620549 -1.7282295678756845 -1.746411047129092 -1.7645925263824993 -1.7645925263824993 -1.782774005635907 -1.8009554848893143 -1.8009554848893143 0 
0 -0.9464259599791653 -1.0009703977393876 -0.9100630014723505 -0.7827926466984986 -0.6009778541644244 -0.4191630616303501 -0.5282519371507947 -0.6373408126712392 -0.49188897864397985 -0.328255665363313 0.03537391970483543 0.38082202551957645 0.1808257537320948 -0.8737000429655357 -1.4736888583279806 -1.5464147753416104 -1.5464147753416104 -1.6373221716086475 -1.6373221716086475 -1.61914069235524 -1.61914069235524 -1.61914069235524 -1.61914069235524 -1.61914069235524 0 
0 -1.0373333562462026 -1.146422231766647 -1.1827851902734619 -1.3827814620609435 -1.3282370243007213 -0.8555185637121283 -0.3464371446167204 -0.16462235208264622 -0.18280383133605363 -0.2191667898428685 0.03537391970483543 0.5808182973070581 0.7808145690945397 0.27173314999913195 -0.5646148956576095 -1.1282407525132396 -1.3282370243007213 -1.4373258998211658 -1.491870337581388 -1.400962941314351 -1.3464185035541287 -1.3645999828075361 -1.3827814620609435 -1.3827814620609435 0 
0 -1.0918777940064248 -1.1282407525132396 -1.4191444205677584 -1.6918666093688697 -1.5645962545950178 -1.4373258998211658 -1.0191518769927952 -0.455526020137165 -0.18280383133605363 -0.20098531058946106 -0.03735199730879426 0.27173314999913195 0.6535442143206878 0.7989960483479471 0.27173314999913195 -0.49188897864397985 -0.8918815222189431 -0.9646074392325729 -0.9100630014723505 -0.8737000429655357 -0.8191556052053134 -0.8373370844587209 -0.9100630014723505 -0.9646074392325729 0 
0 -1.1100592732598322 -1.1827851902734619 -1.6373221716086475 -1.6555036508620549 -1.273692586540499 -1.4373258998211658 -1.5464147753416104 -1.1100592732598322 -0.6009778541644244 -0.25552974834968334 0.07173687821165027 0.1808257537320948 0.3990035047729839 0.5080923802934284 0.3990035047729839 -0.03735199730879426 -0.43734454088375757 -0.582796374911017 -0.673703771178054 -0.673703771178054 -0.673703771178054 -0.6555222919246466 -0.710066729684869 -0.7646111674450912 0 
0 -1.0736963147530174 -1.273692586540499 -1.7282295678756845 -1.273692586540499 -0.5464334164042021 -0.8373370844587209 -1.4736888583279806 -1.4736888583279806 -1.0918777940064248 -0.6918852504314614 -0.11007791432242395 0.28991462925253936 0.5989997765604655 0.8171775276013546 0.962629361628614 0.8171775276013546 0.34445906701276163 -0.0737149558156091 -0.2191667898428685 -0.25552974834968334 -0.2191667898428685 -0.16462235208264622 -0.3100741861099056 -0.3646186238701279 0 
0 -1.1100592732598322 -1.2555111072870915 -1.5827777338484252 -0.5100704578973873 0.28991462925253936 -0.11007791432242395 -1.1282407525132396 -1.528233296088203 -1.237329628033684 -1.0191518769927952 -0.6191593334178318 -0.09189643506901653 0.4171849840263913 0.9444478823752066 1.3262589466967625 1.6171626147512812 1.4535293014706143 1.0717182371490586 0.835359006854762 0.9262664031217991 0.9262664031217991 1.0353552786422437 0.9989923201354288 0.962629361628614 0 
0 -1.1646037110200544 -1.237329628033684 -1.4191444205677584 -0.01917051805538684 0.08991835746505769 -0.1464408728292388 -0.9282444807257579 -1.528233296088203 -1.3282370243007213 -1.1282407525132396 -0.9827889184859803 -0.582796374911017 -0.03735199730879426 0.5989997765604655 1.180807112669503 1.8353403657921703 2.2353329093671337 2.289877347127356 2.053518116833059 2.3989662226478004 2.289877347127356 2.2353329093671337 2.1262440338466893 1.9989736790728372 0 
0 -1.3282370243007213 -1.2555111072870915 -1.0191518769927952 0.08991835746505769 -0.29189270685649815 -0.3828001031235353 -0.710066729684869 -1.4555073790745732 -1.4555073790745732 -1.1827851902734619 -1.146422231766647 -0.9464259599791653 -0.6191593334178318 -0.11007791432242395 0.5444553388002432 1.398984863710392 2.1262440338466893 2.508055098168245 2.2353329093671337 1.9989736790728372 1.8535218450455777 1.5444366977376516 1.180807112669503 0.9444478823752066 0 
0 -1.310055545047314 -1.2555111072870915 -0.7282482089382764 0.28991462925253936 -0.4009815823769427 -0.49188897864397985 -0.43734454088375757 -1.310055545047314 -1.5100518168347954 -1.1827851902734619 -1.2009666695268693 -1.146422231766647 -1.0009703977393876 -0.7464296881916838 -0.20098531058946106 0.617181255813873 1.5080737392308368 2.2716958678739485 2.0353366375796518 0.6899071728275027 0.19900723298550224 -0.03735199730879426 -0.2191667898428685 -0.3828001031235353 0 
0 -1.5464147753416104 -1.4373258998211658 -0.6191593334178318 0.6353627350672804 -0.27371122760309075 -0.5646148956576095 -0.3828001031235353 -1.2555111072870915 -1.6009592131018326 -1.3827814620609435 -1.3282370243007213 -1.310055545047314 -1.2191481487802767 -1.1646037110200544 -0.7464296881916838 -0.0737149558156091 0.8171775276013546 1.7989774072853555 1.9626107205660221 0.4171849840263913 -0.18280383133605363 -0.3828001031235353 -0.43734454088375757 -0.582796374911017 0 
0 -1.4373258998211658 -1.6009592131018326 -0.8737000429655357 0.7989960483479471 -0.2373482690962759 -0.6555222919246466 -0.5100704578973873 -1.273692586540499 -1.746411047129092 -1.528233296088203 -1.4736888583279806 -1.528233296088203 -1.4555073790745732 -1.3282370243007213 -1.0736963147530174 -0.7282482089382764 -0.1464408728292388 0.7808145690945397 1.2535330296831328 0.5262738595468358 0.1808257537320948 0.05355539895824285 -0.055533476562201686 -0.1464408728292388 0 
0 -1.3464185035541287 -1.3645999828075361 -1.1282407525132396 0.5262738595468358 0.08991835746505769 -0.6009778541644244 -0.3646186238701279 -1.2555111072870915 -1.710048088622277 -1.4191444205677584 -1.3827814620609435 -1.4191444205677584 -1.3645999828075361 -1.3464185035541287 -1.2555111072870915 -1.2191481487802767 -1.05551483549961 -0.5646148956576095 -0.3100741861099056 -0.673703771178054 -0.800974125951906 -0.8191556052053134 -0.9464259599791653 -1.0191518769927952 0 
0 0 0 0 0 0 0 0 0 0 0 0 0 0 0 0 0 0 0 0 0 0 0 0 0 0 

0 0 0 0 0 0 0 0 0 0 0 0 0 0 0 0 0 0 0 0 0 0 0 0 0 0 
0 -0.2191667898428685 -0.29189270685649815 0.05355539895824285 -0.0009890388019794154 -0.055533476562201686 -0.12825939357583138 -0.3100741861099056 -0.2373482690962759 -0.055533476562201686 -0.1464408728292388 0.2535516707457245 0.36264054626616904 0.21718871223890965 0.14446279522527997 0.05355539895824285 0.1626442744786874 0.19900723298550224 0.27173314999913195 0.32627758775935417 0.30809610850594676 0.4353664632797987 0.8717219653615769 1.2171700711763178 0.8899034446149843 0 
0 -0.29189270685649815 -0.3828001031235353 -0.2373482690962759 -0.18280383133605363 -0.0737149558156091 -0.2191667898428685 -0.29189270685649815 -0.1464408728292388 -0.055533476562201686 -0.09189643506901653 -0.03735199730879426 -0.16462235208264622 -0.20098531058946106 -0.12825939357583138 -0.03735199730879426 0.14446279522527997 0.2535516707457245 0.23537019149231708 0.962629361628614 0.6353627350672804 0.12628131597187253 0.12628131597187253 0.617181255813873 1.2898959881899477 0 
0 -0.18280383133605363 -0.49188897864397985 -0.12825939357583138 -0.0737149558156091 -0.0737149558156091 -0.0009890388019794154 0.08991835746505769 -0.03735199730879426 -0.16462235208264622 -0.0737149558156091 -0.055533476562201686 0.4171849840263913 0.962629361628614 0.8535404861081695 0.835359006854762 0.7444516105877249 0.19900723298550224 0.05355539895824285 0.962629361628614 0.962629361628614 0.23537019149231708 0.1626442744786874 0.12628131597187253 0.3990035047729839 0 
0 0.1808257537320948 -0.3828001031235353 0.38082202551957645 0.38082202551957645 0.12628131597187253 0.14446279522527997 0.1808257537320948 -0.0009890388019794154 -0.29189270685649815 -0.29189270685649815 -0.12825939357583138 0.9444478823752066 1.780795928031948 1.744432969525133 1.7626144487785407 1.5080737392308368 0.38082202551957645 0.6353627350672804 1.0353552786422437 1.4898922599774291 0.8899034446149843 0.4353664632797987 0.28991462925253936 0.28991462925253936 0 
0 0.617181255813873 -0.4191630616303501 0.4717294217866136 1.0717182371490586 0.9989923201354288 0.5989997765604655 0.2535516707457245 0.12628131597187253 -0.03735199730879426 -0.2373482690962759 0.14446279522527997 1.180807112669503 1.7626144487785407 1.7080700110183182 1.7989774072853555 1.5807996562444664 0.8899034446149843 1.308077467443355 1.6898885317649108 1.6353440940046886 1.435347822217207 1.2171700711763178 1.0717182371490586 1.0535367578956512 0 
0 1.180807112669503 -0.25552974834968334 0.14446279522527997 1.5444366977376516 1.435347822217207 1.2353515504297252 0.6717256935740952 0.2535516707457245 0.19900723298550224 0.4535479425332061 1.1989885919229104 1.817158886538763 1.780795928031948 1.653525573258096 1.562618176991059 1.6171626147512812 1.3808033844569847 1.180807112669503 0.9808108408820214 0.9262664031217991 0.8717219653615769 0.8535404861081695 0.7808145690945397 0.6717256935740952 0 
0 0.7626330898411323 0.1626442744786874 0.07173687821165027 1.0353552786422437 0.7262701313343175 0.38082202551957645 0.08991835746505769 -0.16462235208264622 -0.3828001031235353 -0.27371122760309075 0.27173314999913195 0.5080923802934284 0.38082202551957645 0.32627758775935417 0.28991462925253936 0.23537019149231708 0.017192440451428006 -0.055533476562201686 -0.03735199730879426 -0.01917051805538684 -0.0009890388019794154 0.03537391970483543 0.08991835746505769 -0.03735199730879426 0 
0 0.21718871223890965 0.23537019149231708 -0.0009890388019794154 0.03537391970483543 -0.055533476562201686 -0.18280383133605363 -0.12825939357583138 -0.0009890388019794154 -0.055533476562201686 -0.055533476562201686 0.07173687821165027 0.03537391970483543 0.07173687821165027 0.08991835746505769 0.1626442744786874 0.12628131597187253 0.07173687821165027 0.12628131597187253 0.1626442744786874 0.23537019149231708 0.30809610850594676 0.36264054626616904 0.38082202551957645 0.38082202551957645 0 
0 0.36264054626616904 0.28991462925253936 0.1808257537320948 0.07173687821165027 -0.0737149558156091 -0.01917051805538684 -0.055533476562201686 0.017192440451428006 0.10809983671846513 0.1626442744786874 0.21718871223890965 0.08991835746505769 0.10809983671846513 0.19900723298550224 0.19900723298550224 0.1626442744786874 0.1808257537320948 0.1626442744786874 0.12628131597187253 0.1808257537320948 0.23537019149231708 0.28991462925253936 0.30809610850594676 0.23537019149231708 0 
0 0.4535479425332061 0.3990035047729839 0.28991462925253936 0.2535516707457245 0.19900723298550224 0.10809983671846513 0.07173687821165027 0.07173687821165027 0.07173687821165027 0.10809983671846513 0.07173687821165027 0.017192440451428006 0.017192440451428006 0.08991835746505769 0.12628131597187253 0.07173687821165027 0.05355539895824285 0.07173687821165027 0.08991835746505769 0.10809983671846513 0.10809983671846513 0.12628131597187253 0.1626442744786874 0.1808257537320948 0 
0 0.28991462925253936 0.38082202551957645 0.36264054626616904 0.38082202551957645 0.4353664632797987 0.32627758775935417 0.34445906701276163 0.30809610850594676 0.1808257537320948 0.10809983671846513 0.017192440451428006 -0.0009890388019794154 -0.03735199730879426 -0.01917051805538684 0.017192440451428006 0.05355539895824285 0.017192440451428006 -0.03735199730879426 -0.03735199730879426 -0.01917051805538684 -0.0009890388019794154 0.017192440451428006 0.017192440451428006 -0.0009890388019794154 0 
0 -0.0009890388019794154 0.12628131597187253 0.27173314999913195 0.4171849840263913 0.5262738595468358 0.5262738595468358 0.489910901040021 0.4171849840263913 0.32627758775935417 0.27173314999913195 0.30809610850594676 0.38082202551957645 0.23537019149231708 -0.01917051805538684 -0.16462235208264622 -0.09189643506901653 -0.0737149558156091 -0.1464408728292388 -0.1464408728292388 -0.12825939357583138 -0.11007791432242395 -0.11007791432242395 -0.09189643506901653 -0.11007791432242395 0 
0 -0.3100741861099056 -0.328255665363313 -0.18280383133605363 -0.01917051805538684 0.28991462925253936 0.5808182973070581 0.5262738595468358 0.4717294217866136 0.5989997765604655 0.7080886520809101 0.9808108408820214 1.1989885919229104 1.0171737993888363 0.36264054626616904 -0.0737149558156091 -0.16462235208264622 -0.1464408728292388 -0.2191667898428685 -0.18280383133605363 -0.16462235208264622 -0.16462235208264622 -0.16462235208264622 -0.1464408728292388 -0.12825939357583138 0 
0 -0.6191593334178318 -0.710066729684869 -0.7464296881916838 -0.9464259599791653 -0.8737000429655357 -0.328255665363313 0.36264054626616904 0.6899071728275027 0.7444516105877249 0.7080886520809101 0.835359006854762 1.2171700711763178 1.398984863710392 1.1444441541626882 0.489910901040021 -0.0009890388019794154 -0.055533476562201686 -0.0737149558156091 -0.12825939357583138 -0.0737149558156091 -0.09189643506901653 -0.12825939357583138 -0.11007791432242395 -0.09189643506901653 0 
0 -0.7827926466984986 -0.8191556052053134 -1.1100592732598322 -1.400962941314351 -1.310055545047314 -1.0736963147530174 -0.455526020137165 0.32627758775935417 0.7262701313343175 0.6899071728275027 0.7262701313343175 0.8899034446149843 1.1989885919229104 1.4717107807240217 1.0535367578956512 0.4353664632797987 0.1808257537320948 0.23537019149231708 0.28991462925253936 0.30809610850594676 0.2535516707457245 0.19900723298550224 0.1626442744786874 0.14446279522527997 0 
0 -0.800974125951906 -0.8737000429655357 -1.3282370243007213 -1.3464185035541287 -1.0009703977393876 -1.05551483549961 -1.0009703977393876 -0.3828001031235353 0.23537019149231708 0.5808182973070581 0.8171775276013546 0.7989960483479471 0.9262664031217991 1.0353552786422437 1.0171737993888363 0.6899071728275027 0.38082202551957645 0.30809610850594676 0.2535516707457245 0.19900723298550224 0.1626442744786874 0.12628131597187253 0.12628131597187253 0.12628131597187253 0 
0 -0.7827926466984986 -0.9827889184859803 -1.4555073790745732 -1.0009703977393876 -0.29189270685649815 -0.49188897864397985 -0.9827889184859803 -0.8373370844587209 -0.3646186238701279 0.03537391970483543 0.5626368180536507 0.8535404861081695 1.089899716402466 1.2353515504297252 1.3626219052035773 1.2898959881899477 0.8717219653615769 0.489910901040021 0.36264054626616904 0.30809610850594676 0.30809610850594676 0.32627758775935417 0.2535516707457245 0.23537019149231708 0 
0 -0.8737000429655357 -1.0191518769927952 -1.3464185035541287 -0.27371122760309075 0.5262738595468358 0.19900723298550224 -0.7282482089382764 -1.0009703977393876 -0.6373408126712392 -0.3828001031235353 -0.01917051805538684 0.4535479425332061 0.9080849238683917 1.2717145089365403 1.562618176991059 1.8717033242989851 1.7080700110183182 1.3262589466967625 1.1262626749092808 1.2171700711763178 1.1989885919229104 1.308077467443355 1.3444404259501699 1.3444404259501699 0 
0 -0.9464259599791653 -1.0191518769927952 -1.2191481487802767 0.1808257537320948 0.28991462925253936 0.08991835746505769 -0.6191593334178318 -1.1282407525132396 -0.8737000429655357 -0.6191593334178318 -0.4737074993905724 -0.09189643506901653 0.4353664632797987 0.8899034446149843 1.3626219052035773 1.9807921998194296 2.344421784887578 2.380784743394393 2.1262440338466893 2.4898736189148374 2.3989662226478004 2.380784743394393 2.344421784887578 2.253514388620541 0 
0 -1.146422231766647 -1.05551483549961 -0.8191556052053134 0.27173314999913195 -0.1464408728292388 -0.2191667898428685 -0.4737074993905724 -1.1646037110200544 -1.1282407525132396 -0.800974125951906 -0.710066729684869 -0.49188897864397985 -0.16462235208264622 0.23537019149231708 0.7989960483479471 1.562618176991059 2.2171514301137263 2.526236577421652 2.2353329093671337 2.0353366375796518 1.9262477620592073 1.6898885317649108 1.398984863710392 1.180807112669503 0 
0 -1.146422231766647 -1.1100592732598322 -0.582796374911017 0.4353664632797987 -0.29189270685649815 -0.3828001031235353 -0.29189270685649815 -1.1100592732598322 -1.273692586540499 -0.9100630014723505 -0.8373370844587209 -0.7464296881916838 -0.5646148956576095 -0.29189270685649815 0.1808257537320948 0.8717219653615769 1.653525573258096 2.3080588263807633 2.053518116833059 0.7444516105877249 0.32627758775935417 0.1626442744786874 0.03537391970483543 -0.11007791432242395 0 
0 -1.4191444205677584 -1.310055545047314 -0.49188897864397985 0.7626330898411323 -0.16462235208264622 -0.4737074993905724 -0.27371122760309075 -1.1282407525132396 -1.4191444205677584 -1.146422231766647 -1.0191518769927952 -0.9464259599791653 -0.8191556052053134 -0.673703771178054 -0.29189270685649815 0.23537019149231708 0.9989923201354288 1.8717033242989851 1.9989736790728372 0.5080923802934284 -0.01917051805538684 -0.16462235208264622 -0.16462235208264622 -0.27371122760309075 0 
0 -1.400962941314351 -1.5645962545950178 -0.8373370844587209 0.835359006854762 -0.16462235208264622 -0.5646148956576095 -0.4191630616303501 -1.146422231766647 -1.5827777338484252 -1.310055545047314 -1.2009666695268693 -1.2009666695268693 -1.1282407525132396 -1.0191518769927952 -0.800974125951906 -0.5100704578973873 0.03537391970483543 0.9444478823752066 1.398984863710392 0.6899071728275027 0.38082202551957645 0.27173314999913195 0.1626442744786874 0.07173687821165027 0 
0 -1.310055545047314 -1.3282370243007213 -1.0918777940064248 0.5626368180536507 0.12628131597187253 -0.5282519371507947 -0.27371122760309075 -1.1100592732598322 -1.528233296088203 -1.2009666695268693 -1.146422231766647 -1.146422231766647 -1.1100592732598322 -1.146422231766647 -1.0736963147530174 -1.0373333562462026 -0.8555185637121283 -0.3464371446167204 -0.11007791432242395 -0.455526020137165 -0.5646148956576095 -0.6009778541644244 -0.7646111674450912 -0.8555185637121283 0 
0 0 0 0 0 0 0 0 0 0 0 0 0 0 0 0 0 0 0 0 0 0 0 0 0 0 

0 0 0 0 0 0 0 0 0 0 0 0 0 0 0 0 0 0 0 0 0 0 0 0 0 0 
0 0.12628131597187253 0.08991835746505769 0.489910901040021 0.4717294217866136 0.4717294217866136 0.38082202551957645 0.19900723298550224 0.27173314999913195 0.4353664632797987 0.34445906701276163 0.7262701313343175 0.835359006854762 0.6899071728275027 0.6899071728275027 0.6535442143206878 0.7444516105877249 0.8171775276013546 0.8717219653615769 0.8717219653615769 0.7808145690945397 0.835359006854762 1.180807112669503 1.4171663429637995 1.0535367578956512 0 
0 -0.055533476562201686 -0.09189643506901653 0.10809983671846513 0.1808257537320948 0.30809610850594676 0.1626442744786874 0.12628131597187253 0.2535516707457245 0.32627758775935417 0.27173314999913195 0.28991462925253936 0.12628131597187253 0.07173687821165027 0.19900723298550224 0.34445906701276163 0.5808182973070581 0.7262701313343175 0.7444516105877249 1.4717107807240217 1.1080811956558734 0.5444553388002432 0.4717294217866136 0.9262664031217991 1.5444366977376516 0 
0 -0.0737149558156091 -0.3100741861099056 0.08991835746505769 0.1626442744786874 0.1808257537320948 0.2535516707457245 0.36264054626616904 0.2535516707457245 0.10809983671846513 0.1626442744786874 0.08991835746505769 0.5262738595468358 1.0171737993888363 0.9262664031217991 0.962629361628614 0.962629361628614 0.5262738595468358 0.4353664632797987 1.3808033844569847 1.3808033844569847 0.6353627350672804 0.5444553388002432 0.489910901040021 0.7262701313343175 0 
0 0.1626442744786874 -0.328255665363313 0.4717294217866136 0.4535479425332061 0.1808257537320948 0.23537019149231708 0.28991462925253936 0.14446279522527997 -0.16462235208264622 -0.2373482690962759 -0.1464408728292388 0.8717219653615769 1.6353440940046886 1.5807996562444664 1.6717070525115034 1.5080737392308368 0.5080923802934284 0.835359006854762 1.3262589466967625 1.7989774072853555 1.1989885919229104 0.7444516105877249 0.6353627350672804 0.6353627350672804 0 
0 0.4535479425332061 -0.6009778541644244 0.28991462925253936 0.8899034446149843 0.7444516105877249 0.34445906701276163 0.05355539895824285 -0.03735199730879426 -0.20098531058946106 -0.43734454088375757 -0.09189643506901653 0.8717219653615769 1.398984863710392 1.2898959881899477 1.435347822217207 1.3262589466967625 0.7808145690945397 1.3262589466967625 1.744432969525133 1.7080700110183182 1.4717107807240217 1.2717145089365403 1.3262589466967625 1.3808033844569847 0 
0 1.0717182371490586 -0.4009815823769427 -0.01917051805538684 1.3808033844569847 1.2898959881899477 1.089899716402466 0.5808182973070581 0.19900723298550224 0.1626442744786874 0.38082202551957645 1.089899716402466 1.6353440940046886 1.5444366977376516 1.3444404259501699 1.2898959881899477 1.4535293014706143 1.3444404259501699 1.2717145089365403 1.1080811956558734 1.0535367578956512 0.9808108408820214 0.962629361628614 1.0535367578956512 1.0353552786422437 0 
0 0.8899034446149843 0.27173314999913195 0.1626442744786874 1.1444441541626882 0.9444478823752066 0.6353627350672804 0.36264054626616904 0.14446279522527997 -0.055533476562201686 0.03537391970483543 0.5262738595468358 0.6899071728275027 0.4717294217866136 0.32627758775935417 0.32627758775935417 0.38082202551957645 0.30809610850594676 0.34445906701276163 0.3990035047729839 0.3990035047729839 0.3990035047729839 0.4353664632797987 0.5444553388002432 0.4535479425332061 0 
0 0.5989997765604655 0.617181255813873 0.38082202551957645 0.4535479425332061 0.4535479425332061 0.38082202551957645 0.4535479425332061 0.617181255813873 0.5808182973070581 0.5262738595468358 0.5989997765604655 0.5080923802934284 0.489910901040021 0.4353664632797987 0.5444553388002432 0.5989997765604655 0.6899071728275027 0.835359006854762 0.9080849238683917 0.9444478823752066 0.9808108408820214 1.0171737993888363 1.0171737993888363 0.9989923201354288 0 
0 0.9080849238683917 0.8899034446149843 0.8171775276013546 0.7262701313343175 0.5626368180536507 0.6717256935740952 0.6899071728275027 0.7808145690945397 0.8899034446149843 0.9262664031217991 0.9262664031217991 0.7444516105877249 0.7080886520809101 0.7989960483479471 0.8717219653615769 0.9262664031217991 1.0535367578956512 1.1080811956558734 1.1080811956558734 1.1262626749092808 1.1262626749092808 1.1262626749092808 1.089899716402466 0.9808108408820214 0 
0 1.0171737993888363 1.0353552786422437 0.9808108408820214 0.962629361628614 0.8535404861081695 0.7444516105877249 0.7808145690945397 0.8171775276013546 0.8717219653615769 0.8899034446149843 0.8171775276013546 0.7080886520809101 0.6717256935740952 0.8171775276013546 0.9444478823752066 0.9808108408820214 1.0535367578956512 1.1626256334160956 1.180807112669503 1.1444441541626882 1.089899716402466 1.0535367578956512 1.0353552786422437 1.0353552786422437 0 
0 0.6353627350672804 0.8171775276013546 0.9080849238683917 0.9262664031217991 0.9262664031217991 0.835359006854762 0.9262664031217991 0.9808108408820214 0.9080849238683917 0.8171775276013546 0.7262701313343175 0.6535442143206878 0.6353627350672804 0.7262701313343175 0.835359006854762 0.9808108408820214 1.0535367578956512 1.0353552786422437 1.0535367578956512 0.9989923201354288 0.962629361628614 0.9262664031217991 0.9080849238683917 0.9080849238683917 0 
0 0.03537391970483543 0.28991462925253936 0.5080923802934284 0.7262701313343175 0.8717219653615769 0.9262664031217991 0.9808108408820214 0.9989923201354288 0.9808108408820214 0.9444478823752066 0.9808108408820214 1.0353552786422437 0.9080849238683917 0.6717256935740952 0.6353627350672804 0.7808145690945397 0.8899034446149843 0.8535404861081695 0.8535404861081695 0.7989960483479471 0.7444516105877249 0.7262701313343175 0.7808145690945397 0.8171775276013546 0 
0 -0.5100704578973873 -0.4191630616303501 -0.2191667898428685 0.05355539895824285 0.489910901040021 0.8535404861081695 0.9080849238683917 0.962629361628614 1.180807112669503 1.3626219052035773 1.6353440940046886 1.8535218450455777 1.6717070525115034 1.0171737993888363 0.6353627350672804 0.617181255813873 0.6899071728275027 0.6535442143206878 0.6717256935740952 0.6353627350672804 0.5808182973070581 0.5808182973070581 0.7080886520809101 0.7808145690945397 0 
0 -0.9100630014723505 -0.9464259599791653 -0.9827889184859803 -1.146422231766647 -0.9282444807257579 -0.25552974834968334 0.5626368180536507 1.0171737993888363 1.2171700711763178 1.2717145089365403 1.4717107807240217 1.8717033242989851 2.053518116833059 1.780795928031948 1.1080811956558734 0.617181255813873 0.5262738595468358 0.489910901040021 0.4353664632797987 0.489910901040021 0.4717294217866136 0.4535479425332061 0.6535442143206878 0.7444516105877249 0 
0 -1.0736963147530174 -1.1100592732598322 -1.400962941314351 -1.6736851301154623 -1.4736888583279806 -1.1282407525132396 -0.3828001031235353 0.5444553388002432 1.0535367578956512 1.1444441541626882 1.2717145089365403 1.4535293014706143 1.7989774072853555 2.0716995960864666 1.653525573258096 0.9808108408820214 0.6717256935740952 0.6899071728275027 0.7444516105877249 0.7626330898411323 0.7444516105877249 0.7262701313343175 0.8535404861081695 0.9080849238683917 0 
0 -1.0918777940064248 -1.1646037110200544 -1.61914069235524 -1.6373221716086475 -1.2191481487802767 -1.2191481487802767 -1.05551483549961 -0.3100741861099056 0.4171849840263913 0.8717219653615769 1.180807112669503 1.1989885919229104 1.3808033844569847 1.5807996562444664 1.562618176991059 1.180807112669503 0.8535404861081695 0.7626330898411323 0.6717256935740952 0.6535442143206878 0.617181255813873 0.617181255813873 0.7262701313343175 0.7444516105877249 0 
0 -1.05551483549961 -1.273692586540499 -1.7282295678756845 -1.2918740657939065 -0.582796374911017 -0.7464296881916838 -1.1827851902734619 -0.9282444807257579 -0.3464371446167204 0.12628131597187253 0.7444516105877249 1.1080811956558734 1.398984863710392 1.653525573258096 1.817158886538763 1.7262514902717256 1.2898959881899477 0.9080849238683917 0.7626330898411323 0.7080886520809101 0.7080886520809101 0.7626330898411323 0.7080886520809101 0.6899071728275027 0 
0 -1.146422231766647 -1.2918740657939065 -1.6009592131018326 -0.5464334164042021 0.21718871223890965 -0.12825939357583138 -1.0191518769927952 -1.237329628033684 -0.800974125951906 -0.455526020137165 -0.01917051805538684 0.5262738595468358 1.0717182371490586 1.5444366977376516 1.9080662828058 2.198969950860319 2.0353366375796518 1.653525573258096 1.435347822217207 1.5262552184842442 1.5080737392308368 1.6353440940046886 1.653525573258096 1.653525573258096 0 
0 -1.2009666695268693 -1.273692586540499 -1.4555073790745732 -0.0737149558156091 -0.0009890388019794154 -0.2373482690962759 -0.9464259599791653 -1.4555073790745732 -1.1646037110200544 -0.8373370844587209 -0.582796374911017 -0.11007791432242395 0.4717294217866136 1.0171737993888363 1.5444366977376516 2.162606992353504 2.5444180566750596 2.5807810151818744 2.344421784887578 2.671688411448912 2.598962494435282 2.562599535928467 2.508055098168245 2.3989662226478004 0 
0 -1.400962941314351 -1.310055545047314 -1.0736963147530174 0.017192440451428006 -0.4009815823769427 -0.49188897864397985 -0.800974125951906 -1.5100518168347954 -1.4555073790745732 -1.0918777940064248 -0.9100630014723505 -0.582796374911017 -0.20098531058946106 0.19900723298550224 0.7626330898411323 1.562618176991059 2.253514388620541 2.5807810151818744 2.289877347127356 2.0716995960864666 1.9626107205660221 1.7080700110183182 1.4171663429637995 1.1989885919229104 0 
0 -1.3827814620609435 -1.3464185035541287 -0.8191556052053134 0.19900723298550224 -0.455526020137165 -0.582796374911017 -0.5646148956576095 -1.4555073790745732 -1.61914069235524 -1.2191481487802767 -1.05551483549961 -0.8191556052053134 -0.6009778541644244 -0.4737074993905724 -0.01917051805538684 0.7262701313343175 1.5444366977376516 2.2171514301137263 1.9807921998194296 0.6717256935740952 0.21718871223890965 0.03537391970483543 -0.03735199730879426 -0.1464408728292388 0 
0 -1.6555036508620549 -1.528233296088203 -0.710066729684869 0.5444553388002432 -0.3100741861099056 -0.6373408126712392 -0.5100704578973873 -1.4373258998211658 -1.746411047129092 -1.4191444205677584 -1.2009666695268693 -1.0009703977393876 -0.8373370844587209 -0.8918815222189431 -0.582796374911017 -0.0009890388019794154 0.7989960483479471 1.7080700110183182 1.8535218450455777 0.32627758775935417 -0.2191667898428685 -0.3646186238701279 -0.3100741861099056 -0.3828001031235353 0 
0 -1.6555036508620549 -1.7645925263824993 -1.0373333562462026 0.5989997765604655 -0.4009815823769427 -0.8191556052053134 -0.673703771178054 -1.3827814620609435 -1.782774005635907 -1.5100518168347954 -1.3464185035541287 -1.273692586540499 -1.1827851902734619 -1.1646037110200544 -0.9827889184859803 -0.6918852504314614 -0.1464408728292388 0.7262701313343175 1.1262626749092808 0.3990035047729839 0.03537391970483543 -0.055533476562201686 -0.0009890388019794154 -0.03735199730879426 0 
0 -1.5827777338484252 -1.5827777338484252 -1.3282370243007213 0.32627758775935417 -0.12825939357583138 -0.800974125951906 -0.5100704578973873 -1.3282370243007213 -1.710048088622277 -1.3827814620609435 -1.2918740657939065 -1.2555111072870915 -1.2009666695268693 -1.2555111072870915 -1.2191481487802767 -1.2009666695268693 -1.05551483549961 -0.6191593334178318 -0.4009815823769427 -0.800974125951906 -0.9464259599791653 -0.9646074392325729 -0.9282444807257579 -0.9464259599791653 0 
0 0 0 0 0 0 0 0 0 0 0 0 0 0 0 0 0 0 0 0 0 0 0 0 0 0 

