0 0 0 0 0 0 0 0 0 0 0 0 0 0 0 0 0 0 0 0 0 0 0 0 0 0 
0 1.2006672284935425 1.2138821313975803 1.227097034301618 1.2535268401096937 1.240311937205656 1.1742374226854668 0.9099393646047105 0.02454087003417678 -0.5304850519354115 -0.1208230619102392 -0.05474854739005012 -0.636204275167714 -0.8079980129202057 -0.7551384013040544 -0.6626340809757897 0.02454087003417678 0.7910052384683701 1.1345927139733534 1.227097034301618 1.227097034301618 1.2535268401096937 1.2667417430137315 1.2667417430137315 1.227097034301618 0 
0 1.161022519781429 1.1874523255895046 1.1874523255895046 1.161022519781429 1.1478076168773912 0.9892287820289374 0.31526873392300875 -0.279401896758693 -0.39833602289503334 -0.570129760647525 -0.5833446635515628 -0.7683533042080922 -0.9665768477686595 -0.8344278187282813 -0.7683533042080922 0.06418557874629023 0.7645754326602945 0.9231542675087483 1.1478076168773912 1.2138821313975803 1.2667417430137315 1.2535268401096937 1.240311937205656 1.227097034301618 0 
0 1.161022519781429 1.161022519781429 1.1478076168773912 1.0685181994531643 1.015658587837013 0.5663518890997272 -0.4644105374152224 -0.4511956345111846 -0.34547641127888207 -0.6758489838798275 -0.860857624536357 -1.0194364593848106 -0.9930066535767351 -0.7551384013040544 -0.8344278187282813 0.10383028745840368 0.9363691704127861 0.8835095587966348 1.0553032965491265 1.1081629081652777 1.09494800526124 1.1478076168773912 1.2006672284935425 1.2006672284935425 0 
0 1.161022519781429 1.1478076168773912 1.081733102357202 1.0024436849329752 0.8835095587966348 0.11704519036244149 -0.6229893722636762 -0.42476582870310897 -0.570129760647525 -0.7419234984000166 -0.9797917506726973 -1.0326513622888485 -0.78156820711213 -0.8476427216323191 -0.5965595664556006 0.2888389281149331 1.09494800526124 0.9760138791248996 0.6985009181401054 0.5531369861956894 0.5531369861956894 0.9231542675087483 1.1213778110693156 1.1742374226854668 0 
0 1.1345927139733534 1.1345927139733534 1.081733102357202 1.0420883936450887 0.6720711123320298 -0.10760815900620138 0.07740048165032805 0.24919421940281966 -0.3058317025667686 -0.5304850519354115 -0.4379807316071468 -0.33226150837484425 -0.09439325610216356 0.2095495106907062 0.6059965978118407 1.0685181994531643 1.161022519781429 0.513492277483576 -0.25297209095061735 -0.26618699385465516 0.1963346077866684 0.8570797529885592 1.1081629081652777 1.1478076168773912 0 
0 1.1478076168773912 1.161022519781429 1.1345927139733534 1.0685181994531643 0.4342028600593491 0.11704519036244149 0.724930723948181 0.8438648500845214 0.7381456268522189 0.658856209427992 0.6985009181401054 0.6852860152360676 0.8042201413724079 0.8967244617006727 0.9363691704127861 0.9627989762208617 0.5663518890997272 -0.31904660547080643 -0.9137172361525082 -0.6758489838798275 0.050970675842252414 0.7910052384683701 1.09494800526124 1.1345927139733534 0 
0 1.161022519781429 1.161022519781429 1.161022519781429 1.0553032965491265 0.7381456268522189 0.7645754326602945 1.015658587837013 1.081733102357202 1.1213778110693156 1.09494800526124 1.0288734907410508 0.9627989762208617 0.7777903355643323 0.579566792003765 0.46063266586742474 0.07740048165032805 -0.6494191780717519 -1.0194364593848106 -1.0458662651928863 -0.9401470419605839 -0.41155092579907115 0.3549134426351222 0.9363691704127861 1.1478076168773912 0 
0 1.1742374226854668 1.1742374226854668 1.161022519781429 1.0685181994531643 1.09494800526124 1.227097034301618 1.2667417430137315 1.2535268401096937 1.2799566459177694 1.2535268401096937 1.161022519781429 0.9627989762208617 0.8174350442764458 0.8174350442764458 0.6720711123320298 -0.10760815900620138 -1.0855109739049997 -1.2308749058494157 -1.1119407797130754 -1.0855109739049997 -0.7683533042080922 -0.14725286771831483 0.658856209427992 1.081733102357202 0 
0 1.161022519781429 1.161022519781429 1.1081629081652777 1.0420883936450887 1.161022519781429 1.3592460633419963 1.4385354807662232 1.4385354807662232 1.4253205778621854 1.3988907720541097 1.3196013546298828 1.2535268401096937 1.2799566459177694 1.2799566459177694 1.2535268401096937 0.46063266586742474 -0.8740725274403948 -1.283734517465567 -1.1648003913292266 -1.1119407797130754 -0.9137172361525082 -0.41155092579907115 0.39455815134723565 0.9231542675087483 0 
0 1.1213778110693156 1.1213778110693156 1.0024436849329752 0.9231542675087483 1.1478076168773912 1.3592460633419963 1.4781801894783366 1.5046099952864123 1.5046099952864123 1.5046099952864123 1.451750383670261 1.4253205778621854 1.4253205778621854 1.3988907720541097 1.306386451725845 0.36812834553916 -0.9533619448646217 -1.2705196145615292 -1.1912301971373023 -1.1515854884251888 -1.0326513622888485 -0.6494191780717519 0.06418557874629023 0.7381456268522189 0 
0 1.1213778110693156 1.1081629081652777 0.8042201413724079 0.8042201413724079 1.1742374226854668 1.3460311604379585 1.451750383670261 1.4913950923823744 1.4913950923823744 1.4781801894783366 1.4781801894783366 1.4649652865742988 1.4253205778621854 1.2799566459177694 0.9760138791248996 0.31526873392300875 -0.7683533042080922 -1.217660002945378 -1.1648003913292266 -1.0855109739049997 -0.9005023332484704 -0.5436999548394493 0.02454087003417678 0.6985009181401054 0 
0 1.1478076168773912 1.09494800526124 0.5002773745795381 0.7513605297562567 1.2535268401096937 1.385675869150072 1.4385354807662232 1.451750383670261 1.4121056749581475 1.372460966246034 1.3460311604379585 1.3196013546298828 1.240311937205656 1.0288734907410508 0.6985009181401054 0.10383028745840368 -0.860857624536357 -1.1780152942332645 -1.0326513622888485 -0.78156820711213 -0.34547641127888207 0.15668989907455494 0.5927816949078029 0.9363691704127861 0 
0 1.1742374226854668 0.9892287820289374 0.2888389281149331 0.8042201413724079 1.372460966246034 1.451750383670261 1.4781801894783366 1.4253205778621854 1.2535268401096937 0.9892287820289374 0.7910052384683701 0.7910052384683701 0.6985009181401054 0.6324264036199163 0.6324264036199163 -0.16046777062235265 -1.0855109739049997 -1.1515854884251888 -0.8740725274403948 -0.34547641127888207 0.38134324844319784 0.870294655892597 1.081733102357202 1.1478076168773912 0 
0 1.1478076168773912 0.8042201413724079 0.3416985397310844 0.8835095587966348 1.3460311604379585 1.4253205778621854 1.372460966246034 1.161022519781429 0.8967244617006727 0.7117158210441432 0.7117158210441432 0.724930723948181 0.47384756877146256 0.6985009181401054 0.8306499471804836 -0.17368267352639047 -1.1912301971373023 -1.2308749058494157 -0.8476427216323191 -0.13403796481427702 0.7381456268522189 1.1478076168773912 1.227097034301618 1.240311937205656 0 
0 1.09494800526124 0.4870624716755004 0.22276441359474403 0.9099393646047105 1.3196013546298828 1.385675869150072 1.2138821313975803 0.9231542675087483 0.7777903355643323 0.7645754326602945 0.9099393646047105 0.9099393646047105 0.6852860152360676 1.015658587837013 0.9495840733168239 -0.05474854739005012 -1.1515854884251888 -1.363023934889794 -1.0062215564807728 -0.2001124793344661 0.7513605297562567 1.1742374226854668 1.227097034301618 1.227097034301618 0 
0 1.0553032965491265 0.1302600932664793 -0.39833602289503334 0.6985009181401054 1.2931715488218072 1.3196013546298828 1.1081629081652777 0.7777903355643323 0.8042201413724079 0.9760138791248996 1.015658587837013 0.7910052384683701 0.8042201413724079 1.161022519781429 1.1213778110693156 0.3549134426351222 -0.8212129158242435 -1.4158835465059452 -1.1515854884251888 -0.279401896758693 0.724930723948181 1.1213778110693156 1.1345927139733534 1.0685181994531643 0 
0 1.0553032965491265 0.24919421940281966 -0.34547641127888207 0.9099393646047105 1.3460311604379585 1.3460311604379585 1.081733102357202 0.8570797529885592 1.0288734907410508 1.2138821313975803 1.1213778110693156 0.8438648500845214 0.9495840733168239 1.227097034301618 1.2138821313975803 0.47384756877146256 -0.8079980129202057 -1.4423133523140208 -1.2969494203696048 -0.4511956345111846 0.4342028600593491 0.6720711123320298 0.579566792003765 0.4342028600593491 0 
0 1.09494800526124 0.6720711123320298 0.31526873392300875 1.2006672284935425 1.4253205778621854 1.3460311604379585 1.0685181994531643 1.015658587837013 1.081733102357202 1.081733102357202 1.081733102357202 1.0420883936450887 1.015658587837013 1.227097034301618 1.1742374226854668 0.3416985397310844 -0.9137172361525082 -1.4555282552180586 -1.50838786683421 -1.0458662651928863 -0.33226150837484425 -0.17368267352639047 -0.18689757643042829 -0.2001124793344661 0 
0 1.1081629081652777 0.9495840733168239 0.7513605297562567 1.227097034301618 1.3988907720541097 1.372460966246034 1.1081629081652777 0.7513605297562567 0.6456413065239541 0.870294655892597 1.0553032965491265 1.015658587837013 0.9231542675087483 1.2138821313975803 1.240311937205656 0.3549134426351222 -1.0062215564807728 -1.5216027697382477 -1.5480325755463233 -1.3233792261776804 -0.926932139056546 -0.860857624536357 -0.8740725274403948 -0.7947831100161679 0 
0 0.5002773745795381 0.36812834553916 0.40777305425127347 1.1345927139733534 1.3328162575339206 1.240311937205656 0.47384756877146256 -0.18689757643042829 0.2624091223068575 0.7777903355643323 0.9231542675087483 0.7777903355643323 0.658856209427992 1.1345927139733534 1.2667417430137315 0.2756240252108953 -1.1780152942332645 -1.640536895874588 -1.574462381354399 -1.5612474784503612 -1.6273219929705502 -1.6801816045867015 -1.7462561191068906 -1.7726859249149662 0 
0 -0.10760815900620138 -0.14725286771831483 0.15668989907455494 1.09494800526124 1.3328162575339206 1.0553032965491265 -0.13403796481427702 -0.78156820711213 -0.0415336444860123 0.5267071803876138 0.6324264036199163 0.40777305425127347 0.1963346077866684 0.9099393646047105 1.240311937205656 0.037755772938214596 -1.138370585521151 -1.0987258768090375 -1.1780152942332645 -1.4026686436019074 -1.4423133523140208 -1.4555282552180586 -1.5876772842584368 -1.6933965074907393 0 
0 -0.09439325610216356 -0.1208230619102392 0.07740048165032805 1.015658587837013 1.3196013546298828 0.9363691704127861 -0.3586913141829199 -0.8344278187282813 -0.09439325610216356 0.24919421940281966 0.22276441359474403 0.2095495106907062 0.11704519036244149 0.8306499471804836 1.227097034301618 0.02454087003417678 -0.8079980129202057 -0.26618699385465516 -0.2926167996627308 -0.49084034322329806 -0.4644105374152224 -0.47762544031926024 -0.5965595664556006 -0.7551384013040544 0 
0 -0.14725286771831483 -0.14725286771831483 -0.0018889357738988545 0.8438648500845214 1.3592460633419963 0.7910052384683701 -0.5172701490313737 -0.26618699385465516 0.36812834553916 0.02454087003417678 -0.14725286771831483 -0.01510383867793667 0.1302600932664793 0.870294655892597 1.3460311604379585 0.5399220832916516 -0.3851211199909955 -0.3058317025667686 -0.22654228514254174 -0.26618699385465516 -0.279401896758693 -0.26618699385465516 -0.25297209095061735 -0.23975718804657956 0 
0 -0.17368267352639047 -0.18689757643042829 -0.14725286771831483 0.6985009181401054 1.3988907720541097 0.6720711123320298 -0.6758489838798275 -0.25297209095061735 0.1963346077866684 -0.0018889357738988545 -0.0018889357738988545 0.06418557874629023 0.15668989907455494 0.8306499471804836 1.2799566459177694 1.0024436849329752 0.40777305425127347 -0.01510383867793667 -0.13403796481427702 -0.18689757643042829 -0.18689757643042829 -0.16046777062235265 -0.17368267352639047 -0.16046777062235265 0 
0 0 0 0 0 0 0 0 0 0 0 0 0 0 0 0 0 0 0 0 0 0 0 0 0 0 

0 0 0 0 0 0 0 0 0 0 0 0 0 0 0 0 0 0 0 0 0 0 0 0 0 0 
0 0.6985009181401054 0.7117158210441432 0.6720711123320298 0.6456413065239541 0.6324264036199163 0.6324264036199163 0.46063266586742474 -0.34547641127888207 -0.8872874303444326 -0.47762544031926024 -0.39833602289503334 -0.926932139056546 -1.0062215564807728 -0.9401470419605839 -0.9005023332484704 -0.279401896758693 0.39455815134723565 0.6720711123320298 0.7645754326602945 0.7645754326602945 0.7513605297562567 0.7645754326602945 0.7910052384683701 0.7777903355643323 0 
0 0.7117158210441432 0.7117158210441432 0.6720711123320298 0.6192115007158785 0.6456413065239541 0.5267071803876138 -0.10760815900620138 -0.6626340809757897 -0.7683533042080922 -0.9005023332484704 -0.8476427216323191 -0.9797917506726973 -1.138370585521151 -1.0062215564807728 -0.9930066535767351 -0.22654228514254174 0.38134324844319784 0.47384756877146256 0.724930723948181 0.7645754326602945 0.7513605297562567 0.7645754326602945 0.7777903355643323 0.7777903355643323 0 
0 0.7117158210441432 0.6852860152360676 0.658856209427992 0.6192115007158785 0.6456413065239541 0.23597931649878184 -0.8079980129202057 -0.7947831100161679 -0.6494191780717519 -0.9533619448646217 -1.1251556826171132 -1.2440898087534535 -1.1912301971373023 -0.9401470419605839 -1.0326513622888485 -0.13403796481427702 0.6192115007158785 0.513492277483576 0.6852860152360676 0.6852860152360676 0.6059965978118407 0.658856209427992 0.7381456268522189 0.7513605297562567 0 
0 0.6852860152360676 0.6720711123320298 0.6456413065239541 0.658856209427992 0.6456413065239541 -0.09439325610216356 -0.860857624536357 -0.6758489838798275 -0.7683533042080922 -0.9533619448646217 -1.217660002945378 -1.2705196145615292 -1.0062215564807728 -1.0458662651928863 -0.78156820711213 0.11704519036244149 0.870294655892597 0.6852860152360676 0.38134324844319784 0.14347499617051712 0.07740048165032805 0.4474177629633869 0.6720711123320298 0.6985009181401054 0 
0 0.658856209427992 0.658856209427992 0.658856209427992 0.6985009181401054 0.40777305425127347 -0.31904660547080643 -0.1208230619102392 0.06418557874629023 -0.4644105374152224 -0.715493692591941 -0.6758489838798275 -0.5965595664556006 -0.3586913141829199 -0.01510383867793667 0.4474177629633869 0.9760138791248996 1.0288734907410508 0.30205383101897093 -0.5436999548394493 -0.6758489838798275 -0.279401896758693 0.39455815134723565 0.658856209427992 0.658856209427992 0 
0 0.6720711123320298 0.6852860152360676 0.6985009181401054 0.6720711123320298 0.11704519036244149 -0.1208230619102392 0.5399220832916516 0.658856209427992 0.5399220832916516 0.4474177629633869 0.47384756877146256 0.4209879571553113 0.5531369861956894 0.658856209427992 0.7777903355643323 0.8835095587966348 0.4474177629633869 -0.5304850519354115 -1.20444510004134 -1.0855109739049997 -0.4379807316071468 0.31526873392300875 0.6192115007158785 0.6324264036199163 0 
0 0.7117158210441432 0.7117158210441432 0.7117158210441432 0.6456413065239541 0.5267071803876138 0.6985009181401054 0.9231542675087483 0.9231542675087483 0.9495840733168239 0.9231542675087483 0.8438648500845214 0.7777903355643323 0.579566792003765 0.40777305425127347 0.30205383101897093 -0.06796345029408794 -0.8476427216323191 -1.2705196145615292 -1.3365941290817183 -1.3101643232736426 -0.860857624536357 -0.14725286771831483 0.39455815134723565 0.6192115007158785 0 
0 0.7381456268522189 0.7381456268522189 0.724930723948181 0.6852860152360676 0.9363691704127861 1.240311937205656 1.2138821313975803 1.1345927139733534 1.161022519781429 1.1345927139733534 1.0553032965491265 0.8438648500845214 0.6985009181401054 0.6985009181401054 0.5663518890997272 -0.22654228514254174 -1.2705196145615292 -1.4687431581220964 -1.3762388377938317 -1.3894537406978695 -1.1648003913292266 -0.6229893722636762 0.14347499617051712 0.579566792003765 0 
0 0.7513605297562567 0.7513605297562567 0.724930723948181 0.7117158210441432 1.0420883936450887 1.372460966246034 1.4121056749581475 1.372460966246034 1.3460311604379585 1.3328162575339206 1.2535268401096937 1.1874523255895046 1.2138821313975803 1.2138821313975803 1.1874523255895046 0.39455815134723565 -1.0062215564807728 -1.495172963930172 -1.4026686436019074 -1.3894537406978695 -1.2705196145615292 -0.8212129158242435 -0.06796345029408794 0.46063266586742474 0 
0 0.7381456268522189 0.7513605297562567 0.6852860152360676 0.6720711123320298 1.0685181994531643 1.3988907720541097 1.451750383670261 1.4781801894783366 1.4913950923823744 1.4781801894783366 1.4385354807662232 1.3988907720541097 1.3988907720541097 1.372460966246034 1.2667417430137315 0.32848363682704657 -1.072296071000962 -1.495172963930172 -1.4423133523140208 -1.429098449409983 -1.3762388377938317 -1.0458662651928863 -0.3586913141829199 0.2888389281149331 0 
0 0.7513605297562567 0.7513605297562567 0.5399220832916516 0.6192115007158785 1.1213778110693156 1.385675869150072 1.4385354807662232 1.4649652865742988 1.4913950923823744 1.4913950923823744 1.4781801894783366 1.4781801894783366 1.4253205778621854 1.2667417430137315 0.9627989762208617 0.2888389281149331 -0.9005023332484704 -1.495172963930172 -1.4687431581220964 -1.3894537406978695 -1.2573047116574914 -0.9533619448646217 -0.39833602289503334 0.2624091223068575 0 
0 0.7513605297562567 0.724930723948181 0.2756240252108953 0.658856209427992 1.2138821313975803 1.385675869150072 1.4121056749581475 1.4121056749581475 1.385675869150072 1.3592460633419963 1.3460311604379585 1.3196013546298828 1.240311937205656 1.0024436849329752 0.658856209427992 0.02454087003417678 -1.059081168096924 -1.5216027697382477 -1.4158835465059452 -1.1780152942332645 -0.7683533042080922 -0.2926167996627308 0.14347499617051712 0.4870624716755004 0 
0 0.7777903355643323 0.6324264036199163 0.10383028745840368 0.7645754326602945 1.3328162575339206 1.4253205778621854 1.451750383670261 1.3988907720541097 1.2138821313975803 0.9363691704127861 0.7381456268522189 0.7777903355643323 0.6852860152360676 0.6059965978118407 0.5399220832916516 -0.2926167996627308 -1.2969494203696048 -1.4819580610261343 -1.283734517465567 -0.8079980129202057 -0.10760815900620138 0.3549134426351222 0.5399220832916516 0.6324264036199163 0 
0 0.7645754326602945 0.47384756877146256 0.16990480197859276 0.8438648500845214 1.306386451725845 1.3988907720541097 1.3460311604379585 1.1213778110693156 0.8570797529885592 0.658856209427992 0.658856209427992 0.6985009181401054 0.47384756877146256 0.6852860152360676 0.7645754326602945 -0.3058317025667686 -1.3762388377938317 -1.4819580610261343 -1.1912301971373023 -0.5833446635515628 0.22276441359474403 0.5927816949078029 0.6324264036199163 0.658856209427992 0 
0 0.724930723948181 0.1963346077866684 0.06418557874629023 0.8570797529885592 1.2799566459177694 1.3460311604379585 1.1742374226854668 0.870294655892597 0.7381456268522189 0.7117158210441432 0.870294655892597 0.8967244617006727 0.6852860152360676 1.0024436849329752 0.8835095587966348 -0.18689757643042829 -1.3233792261776804 -1.574462381354399 -1.3233792261776804 -0.6494191780717519 0.23597931649878184 0.6324264036199163 0.6720711123320298 0.6720711123320298 0 
0 0.7381456268522189 -0.10760815900620138 -0.5304850519354115 0.6456413065239541 1.2535268401096937 1.2799566459177694 1.0685181994531643 0.724930723948181 0.7513605297562567 0.9231542675087483 0.9627989762208617 0.7910052384683701 0.8174350442764458 1.161022519781429 1.0420883936450887 0.22276441359474403 -0.9797917506726973 -1.6008921871624746 -1.4555282552180586 -0.715493692591941 0.22276441359474403 0.6324264036199163 0.6720711123320298 0.658856209427992 0 
0 0.7777903355643323 0.02454087003417678 -0.47762544031926024 0.8570797529885592 1.306386451725845 1.3196013546298828 1.0420883936450887 0.8042201413724079 0.9760138791248996 1.161022519781429 1.0685181994531643 0.8306499471804836 0.9627989762208617 1.227097034301618 1.1742374226854668 0.36812834553916 -0.9137172361525082 -1.574462381354399 -1.5216027697382477 -0.7947831100161679 0.06418557874629023 0.31526873392300875 0.2624091223068575 0.16990480197859276 0 
0 0.7777903355643323 0.3416985397310844 0.15668989907455494 1.1742374226854668 1.3988907720541097 1.3328162575339206 1.015658587837013 0.9495840733168239 1.015658587837013 1.0420883936450887 1.0420883936450887 1.015658587837013 1.015658587837013 1.2535268401096937 1.1874523255895046 0.3416985397310844 -0.9533619448646217 -1.5348176726422855 -1.6008921871624746 -1.1515854884251888 -0.4379807316071468 -0.25297209095061735 -0.26618699385465516 -0.25297209095061735 0 
0 0.7777903355643323 0.6059965978118407 0.5927816949078029 1.227097034301618 1.385675869150072 1.3460311604379585 1.0420883936450887 0.6852860152360676 0.5663518890997272 0.8042201413724079 0.9892287820289374 0.9495840733168239 0.8967244617006727 1.2138821313975803 1.240311937205656 0.3549134426351222 -1.0458662651928863 -1.6008921871624746 -1.640536895874588 -1.4026686436019074 -0.9930066535767351 -0.9005023332484704 -0.9137172361525082 -0.8079980129202057 0 
0 0.31526873392300875 0.16990480197859276 0.3416985397310844 1.161022519781429 1.3592460633419963 1.2138821313975803 0.39455815134723565 -0.3058317025667686 0.14347499617051712 0.658856209427992 0.8042201413724079 0.6720711123320298 0.579566792003765 1.081733102357202 1.227097034301618 0.22276441359474403 -1.2705196145615292 -1.7594710220109284 -1.6933965074907393 -1.6669667016826637 -1.719826313298815 -1.7726859249149662 -1.8123306336270797 -1.8123306336270797 0 
0 -0.13403796481427702 -0.16046777062235265 0.18311970488263057 1.161022519781429 1.3592460633419963 1.0288734907410508 -0.22654228514254174 -0.926932139056546 -0.2001124793344661 0.3416985397310844 0.46063266586742474 0.24919421940281966 0.06418557874629023 0.8042201413724079 1.1478076168773912 -0.06796345029408794 -1.2705196145615292 -1.2440898087534535 -1.3101643232736426 -1.5348176726422855 -1.5612474784503612 -1.5612474784503612 -1.6801816045867015 -1.7594710220109284 0 
0 -0.05474854739005012 -0.08117835319812575 0.1302600932664793 1.081733102357202 1.3592460633419963 0.9231542675087483 -0.4644105374152224 -1.0062215564807728 -0.2926167996627308 0.037755772938214596 0.011325967130138961 0.011325967130138961 -0.06796345029408794 0.6985009181401054 1.09494800526124 -0.1208230619102392 -0.9665768477686595 -0.42476582870310897 -0.4511956345111846 -0.6229893722636762 -0.5833446635515628 -0.5833446635515628 -0.7022787896879031 -0.8344278187282813 0 
0 -0.16046777062235265 -0.14725286771831483 0.02454087003417678 0.8835095587966348 1.372460966246034 0.7645754326602945 -0.6229893722636762 -0.4511956345111846 0.15668989907455494 -0.18689757643042829 -0.34547641127888207 -0.2001124793344661 -0.0415336444860123 0.724930723948181 1.2138821313975803 0.39455815134723565 -0.5436999548394493 -0.4644105374152224 -0.3851211199909955 -0.39833602289503334 -0.39833602289503334 -0.3851211199909955 -0.3586913141829199 -0.33226150837484425 0 
0 -0.18689757643042829 -0.2001124793344661 -0.1208230619102392 0.724930723948181 1.385675869150072 0.6192115007158785 -0.7947831100161679 -0.42476582870310897 -0.028318741581974487 -0.2001124793344661 -0.18689757643042829 -0.10760815900620138 -0.0018889357738988545 0.6852860152360676 1.1478076168773912 0.870294655892597 0.2624091223068575 -0.16046777062235265 -0.3058317025667686 -0.33226150837484425 -0.3058317025667686 -0.279401896758693 -0.26618699385465516 -0.23975718804657956 0 
0 0 0 0 0 0 0 0 0 0 0 0 0 0 0 0 0 0 0 0 0 0 0 0 0 0 

0 0 0 0 0 0 0 0 0 0 0 0 0 0 0 0 0 0 0 0 0 0 0 0 0 0 
0 -1.640536895874588 -1.6669667016826637 -1.7462561191068906 -1.6933965074907393 -1.5876772842584368 -1.5876772842584368 -1.5480325755463233 -1.6669667016826637 -1.5348176726422855 -1.0326513622888485 -0.9797917506726973 -1.3762388377938317 -1.5216027697382477 -1.4819580610261343 -1.4423133523140208 -1.0194364593848106 -0.8872874303444326 -1.283734517465567 -1.6141070900665124 -1.7066114103947772 -1.640536895874588 -1.6273219929705502 -1.6537517987786259 -1.6141070900665124 0 
0 -1.574462381354399 -1.6008921871624746 -1.6801816045867015 -1.7066114103947772 -1.5216027697382477 -1.349809031985756 -1.495172963930172 -1.574462381354399 -1.363023934889794 -1.3894537406978695 -1.4158835465059452 -1.5612474784503612 -1.7330412162028528 -1.6008921871624746 -1.5480325755463233 -0.8079980129202057 -0.5040552461273359 -1.1515854884251888 -1.6141070900665124 -1.6933965074907393 -1.4819580610261343 -1.5216027697382477 -1.6141070900665124 -1.574462381354399 0 
0 -1.5612474784503612 -1.574462381354399 -1.5480325755463233 -1.6008921871624746 -1.5480325755463233 -1.4158835465059452 -1.6537517987786259 -1.3101643232736426 -1.138370585521151 -1.495172963930172 -1.6669667016826637 -1.7991157307230419 -1.7462561191068906 -1.4819580610261343 -1.5216027697382477 -0.6890638867838653 -0.2001124793344661 -0.9665768477686595 -1.3894537406978695 -1.4819580610261343 -1.4423133523140208 -1.5480325755463233 -1.5876772842584368 -1.5216027697382477 0 
0 -1.5480325755463233 -1.574462381354399 -1.5612474784503612 -1.6008921871624746 -1.50838786683421 -1.5480325755463233 -1.5216027697382477 -1.059081168096924 -1.3101643232736426 -1.574462381354399 -1.719826313298815 -1.7330412162028528 -1.5216027697382477 -1.574462381354399 -1.2969494203696048 -0.41155092579907115 0.15668989907455494 -0.49084034322329806 -1.2573047116574914 -1.5480325755463233 -1.6669667016826637 -1.640536895874588 -1.5876772842584368 -1.495172963930172 0 
0 -1.5480325755463233 -1.574462381354399 -1.6273219929705502 -1.4687431581220964 -1.3233792261776804 -1.3894537406978695 -0.6626340809757897 -0.34547641127888207 -1.0326513622888485 -1.2969494203696048 -1.138370585521151 -1.0326513622888485 -0.8212129158242435 -0.49084034322329806 -0.05474854739005012 0.46063266586742474 0.47384756877146256 -0.4644105374152224 -1.5480325755463233 -1.7991157307230419 -1.6801816045867015 -1.574462381354399 -1.574462381354399 -1.4819580610261343 0 
0 -1.5216027697382477 -1.5348176726422855 -1.5612474784503612 -1.20444510004134 -1.0326513622888485 -0.7287085954959788 0.15668989907455494 0.2756240252108953 0.09061538455436587 -0.0018889357738988545 0.050970675842252414 0.011325967130138961 0.1302600932664793 0.23597931649878184 0.31526873392300875 0.40777305425127347 0.037755772938214596 -0.9533619448646217 -1.7462561191068906 -1.7991157307230419 -1.574462381354399 -1.495172963930172 -1.5348176726422855 -1.495172963930172 0 
0 -1.4819580610261343 -1.5216027697382477 -1.50838786683421 -0.8740725274403948 -0.31904660547080643 0.06418557874629023 0.513492277483576 0.5399220832916516 0.5002773745795381 0.5002773745795381 0.4474177629633869 0.38134324844319784 0.18311970488263057 -0.01510383867793667 -0.13403796481427702 -0.5040552461273359 -1.1912301971373023 -1.5612474784503612 -1.7330412162028528 -1.8387604394351553 -1.719826313298815 -1.5348176726422855 -1.50838786683421 -1.5348176726422855 0 
0 -1.4687431581220964 -1.50838786683421 -1.429098449409983 -0.6494191780717519 0.18311970488263057 0.5399220832916516 0.7381456268522189 0.7117158210441432 0.6456413065239541 0.6456413065239541 0.579566792003765 0.36812834553916 0.23597931649878184 0.23597931649878184 0.07740048165032805 -0.6890638867838653 -1.6008921871624746 -1.7462561191068906 -1.7462561191068906 -1.8519753423391931 -1.8519753423391931 -1.7330412162028528 -1.50838786683421 -1.4423133523140208 0 
0 -1.4687431581220964 -1.495172963930172 -1.283734517465567 -0.4379807316071468 0.36812834553916 0.6852860152360676 0.8835095587966348 0.870294655892597 0.7910052384683701 0.7777903355643323 0.7117158210441432 0.6456413065239541 0.6720711123320298 0.6852860152360676 0.6720711123320298 -0.10760815900620138 -1.3894537406978695 -1.7726859249149662 -1.7330412162028528 -1.8123306336270797 -1.8387604394351553 -1.7726859249149662 -1.5216027697382477 -1.3894537406978695 0 
0 -1.495172963930172 -1.4819580610261343 -1.1780152942332645 -0.279401896758693 0.5002773745795381 0.6985009181401054 0.8570797529885592 0.9099393646047105 0.870294655892597 0.8835095587966348 0.8438648500845214 0.8306499471804836 0.8438648500845214 0.8570797529885592 0.7777903355643323 -0.13403796481427702 -1.4555282552180586 -1.8123306336270797 -1.7991157307230419 -1.8387604394351553 -1.865190245243231 -1.8519753423391931 -1.7066114103947772 -1.50838786683421 0 
0 -1.495172963930172 -1.4687431581220964 -1.20444510004134 -0.17368267352639047 0.6192115007158785 0.6985009181401054 0.7910052384683701 0.8438648500845214 0.8438648500845214 0.8967244617006727 0.9099393646047105 0.9231542675087483 0.9099393646047105 0.8042201413724079 0.5399220832916516 -0.10760815900620138 -1.2440898087534535 -1.8123306336270797 -1.8519753423391931 -1.865190245243231 -1.8387604394351553 -1.8387604394351553 -1.7991157307230419 -1.5876772842584368 0 
0 -1.5612474784503612 -1.4158835465059452 -1.0855109739049997 0.011325967130138961 0.6720711123320298 0.724930723948181 0.7645754326602945 0.7910052384683701 0.7777903355643323 0.8042201413724079 0.8306499471804836 0.8438648500845214 0.8174350442764458 0.6324264036199163 0.2888389281149331 -0.34547641127888207 -1.3762388377938317 -1.8123306336270797 -1.8387604394351553 -1.8519753423391931 -1.8123306336270797 -1.7726859249149662 -1.6669667016826637 -1.5216027697382477 0 
0 -1.5612474784503612 -1.3365941290817183 -0.9005023332484704 0.22276441359474403 0.724930723948181 0.7910052384683701 0.8174350442764458 0.8042201413724079 0.6720711123320298 0.4209879571553113 0.2756240252108953 0.3549134426351222 0.31526873392300875 0.2624091223068575 0.1963346077866684 -0.6494191780717519 -1.640536895874588 -1.8387604394351553 -1.8387604394351553 -1.785900827819004 -1.6273219929705502 -1.5480325755463233 -1.4819580610261343 -1.4158835465059452 0 
0 -1.4819580610261343 -1.2573047116574914 -0.6890638867838653 0.31526873392300875 0.724930723948181 0.7645754326602945 0.724930723948181 0.5531369861956894 0.32848363682704657 0.15668989907455494 0.1963346077866684 0.2756240252108953 0.07740048165032805 0.30205383101897093 0.39455815134723565 -0.6494191780717519 -1.6933965074907393 -1.865190245243231 -1.8519753423391931 -1.719826313298815 -1.4555282552180586 -1.4423133523140208 -1.4555282552180586 -1.429098449409983 0 
0 -1.4423133523140208 -1.3101643232736426 -0.6494191780717519 0.3416985397310844 0.7117158210441432 0.7513605297562567 0.5927816949078029 0.32848363682704657 0.22276441359474403 0.24919421940281966 0.4342028600593491 0.46063266586742474 0.24919421940281966 0.5927816949078029 0.5002773745795381 -0.5040552461273359 -1.5216027697382477 -1.7594710220109284 -1.8255455365311175 -1.7594710220109284 -1.5216027697382477 -1.50838786683421 -1.5348176726422855 -1.4819580610261343 0 
0 -1.4423133523140208 -1.4687431581220964 -1.138370585521151 0.14347499617051712 0.7117158210441432 0.7117158210441432 0.5002773745795381 0.1963346077866684 0.2624091223068575 0.4870624716755004 0.5531369861956894 0.3416985397310844 0.32848363682704657 0.6985009181401054 0.658856209427992 -0.09439325610216356 -1.1515854884251888 -1.7066114103947772 -1.8387604394351553 -1.7462561191068906 -1.4423133523140208 -1.349809031985756 -1.283734517465567 -1.20444510004134 0 
0 -1.4423133523140208 -1.3894537406978695 -1.1119407797130754 0.36812834553916 0.7645754326602945 0.7513605297562567 0.5002773745795381 0.30205383101897093 0.4870624716755004 0.724930723948181 0.658856209427992 0.38134324844319784 0.46063266586742474 0.7381456268522189 0.7513605297562567 0.06418557874629023 -1.138370585521151 -1.7726859249149662 -1.8519753423391931 -1.6141070900665124 -1.1912301971373023 -1.0458662651928863 -0.9533619448646217 -0.8212129158242435 0 
0 -1.363023934889794 -1.3233792261776804 -0.715493692591941 0.6456413065239541 0.7910052384683701 0.7645754326602945 0.5531369861956894 0.5267071803876138 0.5531369861956894 0.5531369861956894 0.6192115007158785 0.5927816949078029 0.5399220832916516 0.6852860152360676 0.6720711123320298 -0.028318741581974487 -1.20444510004134 -1.7726859249149662 -1.8255455365311175 -1.4687431581220964 -0.8079980129202057 -0.6097744693596384 -0.570129760647525 -0.4644105374152224 0 
0 -1.2573047116574914 -1.0855109739049997 -0.34547641127888207 0.6985009181401054 0.7777903355643323 0.8042201413724079 0.6324264036199163 0.30205383101897093 0.1302600932664793 0.32848363682704657 0.579566792003765 0.5663518890997272 0.4342028600593491 0.6456413065239541 0.7117158210441432 -0.01510383867793667 -1.283734517465567 -1.7991157307230419 -1.7991157307230419 -1.5480325755463233 -1.0987258768090375 -0.9930066535767351 -0.9665768477686595 -0.8740725274403948 0 
0 -0.9005023332484704 -0.78156820711213 -0.26618699385465516 0.6720711123320298 0.7910052384683701 0.7117158210441432 0.02454087003417678 -0.6229893722636762 -0.23975718804657956 0.24919421940281966 0.4342028600593491 0.31526873392300875 0.15668989907455494 0.5663518890997272 0.7381456268522189 -0.09439325610216356 -1.4423133523140208 -1.865190245243231 -1.8255455365311175 -1.785900827819004 -1.8123306336270797 -1.8255455365311175 -1.8387604394351553 -1.8387604394351553 0 
0 -0.31904660547080643 -0.23975718804657956 -0.05474854739005012 0.7117158210441432 0.8570797529885592 0.579566792003765 -0.5436999548394493 -1.1912301971373023 -0.5304850519354115 -0.028318741581974487 0.11704519036244149 -0.06796345029408794 -0.31904660547080643 0.32848363682704657 0.6985009181401054 -0.34547641127888207 -1.429098449409983 -1.4026686436019074 -1.4687431581220964 -1.640536895874588 -1.6273219929705502 -1.6273219929705502 -1.719826313298815 -1.785900827819004 0 
0 -0.18689757643042829 -0.18689757643042829 -0.10760815900620138 0.658856209427992 0.8835095587966348 0.5002773745795381 -0.7551384013040544 -1.2440898087534535 -0.5833446635515628 -0.2926167996627308 -0.2926167996627308 -0.26618699385465516 -0.42476582870310897 0.24919421940281966 0.6720711123320298 -0.3851211199909955 -1.138370585521151 -0.636204275167714 -0.6494191780717519 -0.7947831100161679 -0.7287085954959788 -0.7022787896879031 -0.8079980129202057 -0.9137172361525082 0 
0 -0.21332738223850392 -0.21332738223850392 -0.16046777062235265 0.5663518890997272 0.9760138791248996 0.3416985397310844 -1.0062215564807728 -0.78156820711213 -0.17368267352639047 -0.49084034322329806 -0.6097744693596384 -0.47762544031926024 -0.3851211199909955 0.32848363682704657 0.7910052384683701 0.037755772938214596 -0.8212129158242435 -0.6758489838798275 -0.5569148577434871 -0.5569148577434871 -0.5436999548394493 -0.5040552461273359 -0.4644105374152224 -0.42476582870310897 0 
0 -0.23975718804657956 -0.279401896758693 -0.33226150837484425 0.39455815134723565 1.015658587837013 0.2095495106907062 -1.1912301971373023 -0.78156820711213 -0.33226150837484425 -0.4644105374152224 -0.42476582870310897 -0.3719062170869577 -0.3058317025667686 0.32848363682704657 0.7513605297562567 0.4474177629633869 -0.06796345029408794 -0.3586913141829199 -0.4511956345111846 -0.4644105374152224 -0.42476582870310897 -0.39833602289503334 -0.3719062170869577 -0.3586913141829199 0 
0 0 0 0 0 0 0 0 0 0 0 0 0 0 0 0 0 0 0 0 0 0 0 0 0 0 

