0 0 0 0 0 0 0 0 0 0 0 0 0 0 0 0 0 0 0 0 0 0 0 0 0 0 
0 -0.3854318920327083 0.4366138668777241 2.0565275682600466 1.7905715874360832 0.025590987422507896 0.46079168331626624 0.6300363983860612 1.1861261764725302 0.6542142148246033 -0.24036499340145553 -0.3854318920327083 0.4366138668777241 1.2344818093496144 1.355370891542325 1.1135927271569037 1.0652370942798195 0.992703644964193 1.1861261764725302 1.4279043408579515 1.379548707980867 1.4279043408579515 1.1861261764725302 0.9201701956485667 0.8234589298943982 0 
0 1.2103039929110722 1.379548707980867 1.6455046888048306 1.5729712394892041 0.5575029490704347 0.46079168331626624 -0.143653727647287 1.2828374422266986 1.7663937709975412 1.5004377901735777 1.5487934230506621 2.0081719353829626 1.911460669628794 1.6696825052433726 1.8389272203131677 1.6696825052433726 1.2344818093496144 1.0894149107183615 1.2103039929110722 1.3311930751037828 1.1861261764725302 1.137770543595446 1.0168814614027353 0.9201701956485667 0 
0 0.6542142148246033 1.1861261764725302 0.8476367463329403 1.2828374422266986 -0.5546766071025032 -1.4009001824514777 -1.2558332838202249 -0.24036499340145553 1.379548707980867 1.9839941189444203 1.7663937709975412 1.1861261764725302 0.7267476641402296 0.775103297017314 1.5487934230506621 1.8147494038746255 1.911460669628794 1.5487934230506621 1.0652370942798195 1.2344818093496144 0.8959923792100245 0.968525828525651 1.0894149107183615 1.0894149107183615 0 
0 0.6542142148246033 2.0081719353829626 1.9839941189444203 1.8147494038746255 -0.7480991386108402 -1.7635674290296097 -1.4734336317671042 -0.6755656892952139 0.6783920312631454 1.3311930751037828 1.137770543595446 0.8476367463329403 0.6783920312631454 0.48496949975480835 1.3311930751037828 1.6696825052433726 1.8389272203131677 0.992703644964193 1.1135927271569037 1.355370891542325 1.2344818093496144 1.355370891542325 1.137770543595446 0.9443480120871088 0 
0 0.4366138668777241 1.7905715874360832 2.0565275682600466 1.4520821572964935 -0.2161871769629134 -1.4976114482056462 -1.3525445495743935 -0.5546766071025032 -0.3854318920327083 -0.046942461893118494 0.31572478468501347 0.605858581947519 0.17065788605376067 1.379548707980867 0.8234589298943982 0.8959923792100245 1.7663937709975412 0.41243605043918197 0.5575029490704347 0.7509254805787717 1.2828374422266986 1.8631050367517097 1.718038138120457 1.6696825052433726 0 
0 -0.45796534134833466 -0.11947591120874489 0.775103297017314 -0.046942461893118494 -0.2161871769629134 -0.6755656892952139 -0.506320974225419 0.17065788605376067 -0.6755656892952139 -0.9173438536806351 -0.19200936052437126 0.6542142148246033 0.025590987422507896 0.968525828525651 0.14648006961521853 0.5575029490704347 1.2344818093496144 0.3399026011235556 0.24319133536938706 -0.143653727647287 0.6300363983860612 1.2828374422266986 1.5487934230506621 2.104883201137131 0 
0 -0.9415216701191773 -0.6030322399795874 -0.022764645454576363 -0.5546766071025032 -0.7480991386108402 -0.143653727647287 0.5816807655089768 0.7992811134558561 -0.3854318920327083 -1.08658856875043 -0.45796534134833466 0.3640804175620977 0.605858581947519 0.5816807655089768 0.6300363983860612 1.2586596257881564 0.9443480120871088 0.14648006961521853 0.6783920312631454 0.2673691518079292 0.025590987422507896 0.41243605043918197 0.8959923792100245 1.6455046888048306 0 
0 -0.7964547714879245 -0.5788544235410453 -0.5304987906639611 -0.5788544235410453 -0.5304987906639611 -0.48214315778687683 -0.2887206262785398 0.3399026011235556 0.04976880386105002 -0.6030322399795874 -0.2887206262785398 0.025590987422507896 0.5575029490704347 -0.143653727647287 0.2673691518079292 0.8234589298943982 0.775103297017314 0.775103297017314 0.6542142148246033 0.2915469682464713 0.38825823400063986 0.7267476641402296 1.7905715874360832 1.8389272203131677 0 
0 -0.33707625915562406 -0.24036499340145553 -0.7239213221722981 -0.893166037242093 -0.7239213221722981 -0.5788544235410453 -0.45796534134833466 -0.2161871769629134 0.0014131709839657657 0.5333251326318926 0.3399026011235556 -0.3128984427170819 -0.48214315778687683 -0.33707625915562406 0.025590987422507896 -0.07112027833166062 0.0014131709839657657 -0.24036499340145553 -0.07112027833166062 1.355370891542325 1.7663937709975412 1.5004377901735777 2.2257722833298414 1.4037265244194093 0 
0 -0.11947591120874489 -0.07112027833166062 -0.3854318920327083 -0.7964547714879245 -0.8206325879264667 -0.7239213221722981 -0.6513878728566718 -0.6755656892952139 -0.48214315778687683 -0.143653727647287 0.2673691518079292 0.0014131709839657657 0.38825823400063986 1.1135927271569037 0.6300363983860612 0.2915469682464713 0.14648006961521853 -0.6513878728566718 0.8476367463329403 2.5884395299079737 0.968525828525651 0.1948357024923028 1.2828374422266986 0.5816807655089768 0 
0 -0.09529809477020275 -0.11947591120874489 -0.11947591120874489 -0.24036499340145553 -0.33707625915562406 -0.7964547714879245 -0.9415216701191773 -0.8689882208035509 -0.7239213221722981 -0.6030322399795874 -0.09529809477020275 0.17065788605376067 1.2103039929110722 2.491728264153805 1.8389272203131677 0.9201701956485667 1.0410592778412773 0.14648006961521853 1.2344818093496144 2.129061017575673 1.5971490559277464 0.5816807655089768 0.38825823400063986 -0.2645428098399977 0 
0 -0.09529809477020275 -0.09529809477020275 0.04976880386105002 -0.07112027833166062 -0.046942461893118494 -0.48214315778687683 -0.9656994865577194 -0.893166037242093 -0.893166037242093 -0.6513878728566718 -0.16783154408582915 0.46079168331626624 0.9201701956485667 1.0894149107183615 1.0894149107183615 1.0410592778412773 1.1861261764725302 0.21901351893084492 0.3399026011235556 0.4366138668777241 0.4366138668777241 -0.143653727647287 -0.48214315778687683 -0.8206325879264667 0 
0 -0.19200936052437126 0.0014131709839657657 0.07394662029959215 0.38825823400063986 0.992703644964193 -0.2161871769629134 -1.1832998345045986 -1.1349442016275144 -1.0382329358733458 -0.7480991386108402 -0.36125407559416617 0.07394662029959215 0.04976880386105002 0.31572478468501347 1.5004377901735777 0.48496949975480835 0.24319133536938706 -0.24036499340145553 -0.8448104043650088 -0.11947591120874489 0.3399026011235556 -0.43378752490979255 -0.6755656892952139 -0.8689882208035509 0 
0 0.09812443673813429 0.4366138668777241 0.6783920312631454 1.6455046888048306 1.5487934230506621 -0.5304987906639611 -1.7635674290296097 -1.811923061906694 -1.3525445495743935 -1.0140551194348038 -1.0140551194348038 -1.0140551194348038 -0.7722769550493823 0.7267476641402296 1.6696825052433726 0.6542142148246033 -0.2645428098399977 -0.8689882208035509 -0.9898773029962615 -0.36125407559416617 -0.11947591120874489 -0.7722769550493823 -0.36125407559416617 -0.3128984427170819 0 
0 0.605858581947519 1.6455046888048306 2.4433726312767208 2.709328612100684 1.2828374422266986 -0.9173438536806351 -1.9328121440994046 -1.7635674290296097 -1.4734336317671042 -0.9656994865577194 -1.1349442016275144 -1.5459670810827304 -0.2161871769629134 0.9443480120871088 0.21901351893084492 0.1948357024923028 -1.0382329358733458 -1.642678346836899 -1.5217892646441884 -1.280011100258767 -1.3767223660129355 -1.5701448975212726 -1.1591220180660564 -0.8689882208035509 0 
0 0.7025698477016875 1.4037265244194093 1.6696825052433726 0.9201701956485667 0.3640804175620977 -0.8206325879264667 -1.1349442016275144 -1.0140551194348038 -1.08658856875043 -1.062410752311888 -1.2316554673816829 -0.8206325879264667 1.3311930751037828 0.9443480120871088 -0.45796534134833466 -1.062410752311888 -1.666856163275441 -2.029523409853573 -2.029523409853573 -1.8844565112223204 -1.7877452454681517 -1.811923061906694 -1.6910339797139833 -1.642678346836899 0 
0 0.9201701956485667 0.3399026011235556 0.2915469682464713 -0.2645428098399977 -0.2887206262785398 -0.48214315778687683 -0.5304987906639611 -0.8448104043650088 -1.0140551194348038 -1.2316554673816829 -1.4976114482056462 0.14648006961521853 1.0652370942798195 -0.046942461893118494 -0.6030322399795874 -1.5459670810827304 -1.8844565112223204 -1.9086343276608624 -1.8844565112223204 -1.811923061906694 -1.9328121440994046 -2.005345593415031 -1.7635674290296097 -1.8361008783452362 0 
0 0.24319133536938706 -0.19200936052437126 -0.19200936052437126 -0.3128984427170819 -0.506320974225419 -0.6755656892952139 -0.5304987906639611 -0.893166037242093 -1.08658856875043 -1.4734336317671042 -0.8689882208035509 0.605858581947519 0.2673691518079292 -0.6755656892952139 -0.9898773029962615 -1.7152117961525255 -1.8602786947837782 -1.7635674290296097 -1.6185005303983568 -1.5459670810827304 -1.7393896125910675 -1.8844565112223204 -1.642678346836899 -1.5459670810827304 0 
0 -0.5304987906639611 -0.7722769550493823 -0.8689882208035509 -0.893166037242093 -0.6030322399795874 -0.6272100564181295 -0.6513878728566718 -1.1591220180660564 -0.7239213221722981 -0.2887206262785398 0.24319133536938706 0.24319133536938706 -0.3854318920327083 -1.1832998345045986 -1.666856163275441 -1.8602786947837782 -1.8361008783452362 -1.7393896125910675 -1.4976114482056462 -1.1832998345045986 -1.1591220180660564 -1.280011100258767 -1.2074776509431406 -0.9898773029962615 0 
0 -0.43378752490979255 -1.2558332838202249 -1.4734336317671042 -1.3283667331358513 -0.5546766071025032 -0.48214315778687683 -0.8689882208035509 -0.7480991386108402 0.41243605043918197 0.992703644964193 0.17065788605376067 -0.11947591120874489 -0.9173438536806351 -1.5459670810827304 -1.6910339797139833 -1.7393896125910675 -1.5943227139598148 -1.280011100258767 -1.0140551194348038 -0.6755656892952139 -0.5546766071025032 -0.5304987906639611 -0.5788544235410453 -0.6030322399795874 0 
0 -0.40960970847125044 -0.9173438536806351 -1.2558332838202249 -1.3041889166973093 -0.5788544235410453 -0.506320974225419 -0.24036499340145553 -0.046942461893118494 1.0168814614027353 1.8631050367517097 0.7267476641402296 -0.7239213221722981 -1.42507799889002 -1.4734336317671042 -1.3525445495743935 -1.449255815328562 -1.1107663851889722 -0.699743505733756 -0.5788544235410453 -0.2645428098399977 -0.07112027833166062 -0.36125407559416617 -0.45796534134833466 -0.2161871769629134 0 
0 -0.5304987906639611 -0.7722769550493823 -0.7480991386108402 -1.1107663851889722 -0.8689882208035509 -0.8206325879264667 -0.7480991386108402 -0.699743505733756 0.46079168331626624 1.4279043408579515 1.3311930751037828 -1.1349442016275144 -1.4734336317671042 -0.9415216701191773 -0.7722769550493823 -1.0382329358733458 -0.40960970847125044 -0.19200936052437126 -0.2161871769629134 0.7509254805787717 0.31572478468501347 -0.36125407559416617 -0.2645428098399977 -0.3854318920327083 0 
0 -0.8689882208035509 -0.9656994865577194 -0.8689882208035509 -1.2558332838202249 -1.2074776509431406 -1.1832998345045986 -1.449255815328562 -0.36125407559416617 -0.022764645454576363 0.38825823400063986 -0.11947591120874489 -0.699743505733756 -0.48214315778687683 -0.506320974225419 -0.5546766071025032 -0.6755656892952139 -0.3128984427170819 -0.07112027833166062 0.04976880386105002 0.605858581947519 0.09812443673813429 -0.36125407559416617 -0.022764645454576363 -0.3128984427170819 0 
0 -1.3767223660129355 -1.2316554673816829 -0.6030322399795874 -0.8689882208035509 -1.42507799889002 -1.449255815328562 -0.9415216701191773 -0.2161871769629134 -0.6755656892952139 0.1948357024923028 -0.33707625915562406 -0.11947591120874489 -0.022764645454576363 -0.2645428098399977 -0.2161871769629134 -0.43378752490979255 -0.40960970847125044 -0.2645428098399977 0.07394662029959215 -0.07112027833166062 -0.33707625915562406 -0.43378752490979255 -0.5546766071025032 -0.8689882208035509 0 
0 0 0 0 0 0 0 0 0 0 0 0 0 0 0 0 0 0 0 0 0 0 0 0 0 0 

0 0 0 0 0 0 0 0 0 0 0 0 0 0 0 0 0 0 0 0 0 0 0 0 0 0 
0 -0.2161871769629134 0.5091473161933505 1.911460669628794 1.6696825052433726 0.09812443673813429 0.6300363983860612 0.6783920312631454 1.137770543595446 0.5816807655089768 -0.24036499340145553 -0.2887206262785398 0.6300363983860612 1.4279043408579515 1.5487934230506621 1.3070152586652408 1.2344818093496144 1.0894149107183615 1.2828374422266986 1.52461560661212 1.4520821572964935 1.5004377901735777 1.3070152586652408 1.0652370942798195 0.968525828525651 0 
0 1.379548707980867 1.4279043408579515 1.4520821572964935 1.379548707980867 0.5575029490704347 0.605858581947519 -0.07112027833166062 1.2344818093496144 1.6696825052433726 1.4520821572964935 1.6213268723662884 2.2015944668912995 2.129061017575673 1.8389272203131677 2.0081719353829626 1.8389272203131677 1.355370891542325 1.1861261764725302 1.3070152586652408 1.379548707980867 1.2586596257881564 1.2344818093496144 1.137770543595446 1.0410592778412773 0 
0 0.6542142148246033 1.161948360033988 0.7992811134558561 1.2828374422266986 -0.48214315778687683 -1.2316554673816829 -1.08658856875043 -0.19200936052437126 1.3070152586652408 1.7905715874360832 1.6213268723662884 1.2344818093496144 0.7509254805787717 0.775103297017314 1.5487934230506621 1.7905715874360832 1.911460669628794 1.5487934230506621 1.0894149107183615 1.2586596257881564 0.8959923792100245 0.968525828525651 1.137770543595446 1.137770543595446 0 
0 0.5575029490704347 1.9356384860673361 1.9839941189444203 1.8631050367517097 -0.699743505733756 -1.666856163275441 -1.3767223660129355 -0.6513878728566718 0.6300363983860612 1.161948360033988 0.9443480120871088 0.775103297017314 0.5816807655089768 0.3399026011235556 1.161948360033988 1.5004377901735777 1.742215954558999 0.968525828525651 1.1135927271569037 1.379548707980867 1.2586596257881564 1.355370891542325 1.1135927271569037 0.968525828525651 0 
0 0.3640804175620977 1.6696825052433726 1.9839941189444203 1.4037265244194093 -0.24036499340145553 -1.5459670810827304 -1.4009001824514777 -0.6030322399795874 -0.43378752490979255 -0.11947591120874489 0.24319133536938706 0.48496949975480835 0.025590987422507896 1.1861261764725302 0.5816807655089768 0.6542142148246033 1.6455046888048306 0.3640804175620977 0.5333251326318926 0.775103297017314 1.3311930751037828 1.8631050367517097 1.718038138120457 1.6938603216819148 0 
0 -0.506320974225419 -0.2161871769629134 0.7267476641402296 -0.11947591120874489 -0.2887206262785398 -0.7964547714879245 -0.6755656892952139 0.07394662029959215 -0.6755656892952139 -0.8689882208035509 -0.16783154408582915 0.5575029490704347 -0.143653727647287 0.775103297017314 -0.11947591120874489 0.2915469682464713 1.0410592778412773 0.21901351893084492 0.17065788605376067 -0.16783154408582915 0.6300363983860612 1.2828374422266986 1.52461560661212 2.129061017575673 0 
0 -0.8689882208035509 -0.6272100564181295 -0.022764645454576363 -0.5788544235410453 -0.8206325879264667 -0.2887206262785398 0.38825823400063986 0.6783920312631454 -0.40960970847125044 -1.0382329358733458 -0.3854318920327083 0.3399026011235556 0.5091473161933505 0.46079168331626624 0.4366138668777241 1.0410592778412773 0.7025698477016875 -0.07112027833166062 0.5091473161933505 0.17065788605376067 -0.022764645454576363 0.3640804175620977 0.8476367463329403 1.6213268723662884 0 
0 -0.6030322399795874 -0.45796534134833466 -0.43378752490979255 -0.5304987906639611 -0.5546766071025032 -0.5546766071025032 -0.40960970847125044 0.2673691518079292 0.0014131709839657657 -0.5788544235410453 -0.24036499340145553 0.07394662029959215 0.5816807655089768 -0.16783154408582915 0.1948357024923028 0.6783920312631454 0.5333251326318926 0.5091473161933505 0.46079168331626624 0.1948357024923028 0.3399026011235556 0.6542142148246033 1.6938603216819148 1.7905715874360832 0 
0 -0.046942461893118494 0.04976880386105002 -0.48214315778687683 -0.7239213221722981 -0.6513878728566718 -0.5788544235410453 -0.48214315778687683 -0.2645428098399977 -0.046942461893118494 0.48496949975480835 0.3640804175620977 -0.16783154408582915 -0.36125407559416617 -0.2645428098399977 0.04976880386105002 -0.143653727647287 -0.2161871769629134 -0.48214315778687683 -0.2161871769629134 1.2828374422266986 1.718038138120457 1.4037265244194093 2.104883201137131 1.3311930751037828 0 
0 0.31572478468501347 0.38825823400063986 0.0014131709839657657 -0.48214315778687683 -0.6030322399795874 -0.6272100564181295 -0.6272100564181295 -0.6513878728566718 -0.48214315778687683 -0.143653727647287 0.2673691518079292 0.04976880386105002 0.41243605043918197 1.0894149107183615 0.5333251326318926 0.14648006961521853 -0.07112027833166062 -0.8689882208035509 0.6783920312631454 2.4433726312767208 0.8234589298943982 0.04976880386105002 1.137770543595446 0.4366138668777241 0 
0 0.3640804175620977 0.3399026011235556 0.2915469682464713 0.09812443673813429 -0.07112027833166062 -0.6513878728566718 -0.9173438536806351 -0.8448104043650088 -0.699743505733756 -0.5788544235410453 -0.09529809477020275 0.14648006961521853 1.161948360033988 2.4433726312767208 1.6938603216819148 0.7267476641402296 0.8476367463329403 -0.046942461893118494 1.0410592778412773 1.9598163025058781 1.4279043408579515 0.41243605043918197 0.24319133536938706 -0.40960970847125044 0 
0 0.31572478468501347 0.31572478468501347 0.38825823400063986 0.1948357024923028 0.17065788605376067 -0.36125407559416617 -0.9173438536806351 -0.8689882208035509 -0.8448104043650088 -0.6030322399795874 -0.143653727647287 0.46079168331626624 0.8959923792100245 1.0168814614027353 0.9443480120871088 0.8476367463329403 1.0168814614027353 0.07394662029959215 0.14648006961521853 0.2673691518079292 0.24319133536938706 -0.3128984427170819 -0.6272100564181295 -0.9173438536806351 0 
0 0.1948357024923028 0.3399026011235556 0.3399026011235556 0.5575029490704347 1.1135927271569037 -0.11947591120874489 -1.1591220180660564 -1.1107663851889722 -1.0140551194348038 -0.699743505733756 -0.33707625915562406 0.04976880386105002 0.025590987422507896 0.24319133536938706 1.355370891542325 0.2915469682464713 0.09812443673813429 -0.40960970847125044 -1.0140551194348038 -0.3128984427170819 0.14648006961521853 -0.6030322399795874 -0.7964547714879245 -0.9656994865577194 0 
0 0.46079168331626624 0.7025698477016875 0.8718145627714824 1.7663937709975412 1.5971490559277464 -0.506320974225419 -1.7393896125910675 -1.811923061906694 -1.3525445495743935 -0.9898773029962615 -1.0140551194348038 -1.0382329358733458 -0.8206325879264667 0.6783920312631454 1.52461560661212 0.46079168331626624 -0.40960970847125044 -0.9898773029962615 -1.1349442016275144 -0.506320974225419 -0.2645428098399977 -0.893166037242093 -0.45796534134833466 -0.36125407559416617 0 
0 0.9201701956485667 1.8631050367517097 2.5884395299079737 2.7335064285392265 1.2344818093496144 -0.9656994865577194 -1.9569899605379466 -1.7635674290296097 -1.4734336317671042 -0.9656994865577194 -1.1349442016275144 -1.5701448975212726 -0.24036499340145553 0.8959923792100245 0.07394662029959215 0.0014131709839657657 -1.1832998345045986 -1.7393896125910675 -1.6185005303983568 -1.3767223660129355 -1.4734336317671042 -1.666856163275441 -1.2074776509431406 -0.893166037242093 0 
0 1.0168814614027353 1.6213268723662884 1.7905715874360832 0.9443480120871088 0.31572478468501347 -0.8689882208035509 -1.08658856875043 -1.0140551194348038 -1.08658856875043 -1.08658856875043 -1.2558332838202249 -0.8448104043650088 1.3070152586652408 0.8959923792100245 -0.5788544235410453 -1.2316554673816829 -1.7877452454681517 -2.1020568591691995 -2.0778790427306575 -1.9569899605379466 -1.8361008783452362 -1.8361008783452362 -1.7152117961525255 -1.642678346836899 0 
0 1.0410592778412773 0.41243605043918197 0.38825823400063986 -0.07112027833166062 -0.046942461893118494 -0.16783154408582915 -0.2161871769629134 -0.6272100564181295 -0.9415216701191773 -1.2558332838202249 -1.5943227139598148 0.04976880386105002 0.992703644964193 -0.11947591120874489 -0.6755656892952139 -1.5943227139598148 -1.8844565112223204 -1.8844565112223204 -1.8602786947837782 -1.811923061906694 -1.9086343276608624 -1.9328121440994046 -1.666856163275441 -1.7635674290296097 0 
0 0.3399026011235556 -0.143653727647287 -0.07112027833166062 -0.07112027833166062 -0.143653727647287 -0.24036499340145553 -0.09529809477020275 -0.6030322399795874 -0.9415216701191773 -1.4976114482056462 -0.9656994865577194 0.46079168331626624 0.14648006961521853 -0.7480991386108402 -1.062410752311888 -1.7152117961525255 -1.7877452454681517 -1.666856163275441 -1.5217892646441884 -1.449255815328562 -1.666856163275441 -1.7635674290296097 -1.4976114482056462 -1.42507799889002 0 
0 -0.40960970847125044 -0.6755656892952139 -0.699743505733756 -0.6513878728566718 -0.2887206262785398 -0.2645428098399977 -0.2887206262785398 -0.893166037242093 -0.6272100564181295 -0.2887206262785398 0.14648006961521853 0.09812443673813429 -0.506320974225419 -1.280011100258767 -1.7152117961525255 -1.8602786947837782 -1.7393896125910675 -1.5701448975212726 -1.3283667331358513 -1.0382329358733458 -1.0382329358733458 -1.1107663851889722 -1.0140551194348038 -0.8206325879264667 0 
0 -0.2645428098399977 -1.1107663851889722 -1.280011100258767 -1.08658856875043 -0.2645428098399977 -0.19200936052437126 -0.6030322399795874 -0.5546766071025032 0.48496949975480835 0.992703644964193 0.09812443673813429 -0.2161871769629134 -0.9898773029962615 -1.5943227139598148 -1.7152117961525255 -1.7152117961525255 -1.42507799889002 -1.062410752311888 -0.8206325879264667 -0.48214315778687683 -0.3854318920327083 -0.3128984427170819 -0.33707625915562406 -0.36125407559416617 0 
0 -0.2161871769629134 -0.7480991386108402 -1.0382329358733458 -1.08658856875043 -0.33707625915562406 -0.2887206262785398 -0.07112027833166062 0.07394662029959215 1.0652370942798195 1.887282853190252 0.7509254805787717 -0.699743505733756 -1.4009001824514777 -1.4009001824514777 -1.2074776509431406 -1.2558332838202249 -0.8448104043650088 -0.40960970847125044 -0.3128984427170819 -0.022764645454576363 0.1948357024923028 -0.09529809477020275 -0.16783154408582915 0.09812443673813429 0 
0 -0.3128984427170819 -0.5546766071025032 -0.5304987906639611 -0.893166037242093 -0.6755656892952139 -0.6755656892952139 -0.6513878728566718 -0.6272100564181295 0.5091473161933505 1.4762599737350357 1.4037265244194093 -0.9656994865577194 -1.2558332838202249 -0.699743505733756 -0.43378752490979255 -0.699743505733756 -0.07112027833166062 0.14648006961521853 0.12230225317667641 1.0652370942798195 0.6300363983860612 -0.022764645454576363 0.09812443673813429 -0.022764645454576363 0 
0 -0.6513878728566718 -0.7480991386108402 -0.6272100564181295 -1.0140551194348038 -1.0140551194348038 -1.08658856875043 -1.4009001824514777 -0.3128984427170819 0.025590987422507896 0.41243605043918197 0.0014131709839657657 -0.3854318920327083 -0.09529809477020275 -0.09529809477020275 -0.09529809477020275 -0.19200936052437126 0.07394662029959215 0.2915469682464713 0.41243605043918197 0.9443480120871088 0.4366138668777241 -0.022764645454576363 0.3640804175620977 0.07394662029959215 0 
0 -1.2316554673816829 -1.0382329358733458 -0.3854318920327083 -0.6272100564181295 -1.1832998345045986 -1.280011100258767 -0.8448104043650088 -0.143653727647287 -0.6030322399795874 0.24319133536938706 -0.19200936052437126 0.31572478468501347 0.46079168331626624 0.21901351893084492 0.2673691518079292 0.04976880386105002 -0.07112027833166062 0.09812443673813429 0.5091473161933505 0.2915469682464713 -0.11947591120874489 -0.16783154408582915 -0.2161871769629134 -0.5546766071025032 0 
0 0 0 0 0 0 0 0 0 0 0 0 0 0 0 0 0 0 0 0 0 0 0 0 0 0 

0 0 0 0 0 0 0 0 0 0 0 0 0 0 0 0 0 0 0 0 0 0 0 0 0 0 
0 -0.07112027833166062 0.3640804175620977 1.4520821572964935 1.2103039929110722 -0.046942461893118494 0.6300363983860612 0.5575029490704347 0.9443480120871088 0.4366138668777241 -0.24036499340145553 -0.19200936052437126 0.605858581947519 1.4520821572964935 1.6213268723662884 1.4279043408579515 1.4037265244194093 1.3311930751037828 1.5729712394892041 1.887282853190252 1.887282853190252 1.9598163025058781 1.6938603216819148 1.4037265244194093 1.3070152586652408 0 
0 1.4037265244194093 1.1861261764725302 0.9443480120871088 0.992703644964193 0.5575029490704347 0.6542142148246033 -0.24036499340145553 0.992703644964193 1.4762599737350357 1.4037265244194093 1.6455046888048306 2.080705384698589 1.9839941189444203 1.7905715874360832 1.9839941189444203 1.8389272203131677 1.4279043408579515 1.3311930751037828 1.5487934230506621 1.742215954558999 1.6938603216819148 1.6213268723662884 1.4762599737350357 1.379548707980867 0 
0 0.46079168331626624 0.8476367463329403 0.38825823400063986 1.0168814614027353 -0.40960970847125044 -1.08658856875043 -1.1107663851889722 -0.2887206262785398 1.137770543595446 1.5971490559277464 1.4520821572964935 1.137770543595446 0.6300363983860612 0.5816807655089768 1.2828374422266986 1.4762599737350357 1.6213268723662884 1.355370891542325 1.0652370942798195 1.4520821572964935 1.2344818093496144 1.2344818093496144 1.355370891542325 1.4520821572964935 0 
0 0.2915469682464713 1.5971490559277464 1.6213268723662884 1.6455046888048306 -0.6513878728566718 -1.5459670810827304 -1.3525445495743935 -0.699743505733756 0.48496949975480835 0.9443480120871088 0.7509254805787717 0.6783920312631454 0.46079168331626624 0.09812443673813429 0.7992811134558561 1.0410592778412773 1.161948360033988 0.46079168331626624 0.7992811134558561 1.2586596257881564 1.2828374422266986 1.4037265244194093 1.2103039929110722 1.137770543595446 0 
0 0.17065788605376067 1.379548707980867 1.6455046888048306 1.161948360033988 -0.2887206262785398 -1.5217892646441884 -1.4976114482056462 -0.7239213221722981 -0.5546766071025032 -0.2161871769629134 0.12230225317667641 0.3399026011235556 -0.19200936052437126 0.8959923792100245 0.21901351893084492 0.1948357024923028 1.0168814614027353 -0.19200936052437126 0.07394662029959215 0.41243605043918197 1.0652370942798195 1.6938603216819148 1.5971490559277464 1.6696825052433726 0 
0 -0.5546766071025032 -0.3854318920327083 0.4366138668777241 -0.3854318920327083 -0.40960970847125044 -0.9173438536806351 -0.8689882208035509 -0.09529809477020275 -0.7964547714879245 -0.9173438536806351 -0.24036499340145553 0.3399026011235556 -0.40960970847125044 0.48496949975480835 -0.45796534134833466 -0.09529809477020275 0.6300363983860612 -0.16783154408582915 -0.16783154408582915 -0.48214315778687683 0.3640804175620977 0.968525828525651 1.2344818093496144 1.911460669628794 0 
0 -0.7480991386108402 -0.5788544235410453 -0.143653727647287 -0.7722769550493823 -0.9173438536806351 -0.40960970847125044 0.17065788605376067 0.5091473161933505 -0.506320974225419 -1.062410752311888 -0.43378752490979255 0.12230225317667641 0.24319133536938706 0.1948357024923028 0.17065788605376067 0.775103297017314 0.5575029490704347 -0.19200936052437126 0.3640804175620977 -0.022764645454576363 -0.24036499340145553 0.025590987422507896 0.4366138668777241 1.3311930751037828 0 
0 -0.2887206262785398 -0.2161871769629134 -0.43378752490979255 -0.6272100564181295 -0.6030322399795874 -0.6272100564181295 -0.5788544235410453 0.12230225317667641 -0.09529809477020275 -0.6755656892952139 -0.33707625915562406 -0.09529809477020275 0.38825823400063986 -0.33707625915562406 0.025590987422507896 0.5575029490704347 0.46079168331626624 0.41243605043918197 0.2673691518079292 -0.11947591120874489 -0.046942461893118494 0.21901351893084492 1.3070152586652408 1.5004377901735777 0 
0 0.41243605043918197 0.46079168331626624 -0.33707625915562406 -0.7239213221722981 -0.6272100564181295 -0.6030322399795874 -0.5788544235410453 -0.33707625915562406 -0.143653727647287 0.38825823400063986 0.24319133536938706 -0.33707625915562406 -0.5304987906639611 -0.40960970847125044 -0.046942461893118494 -0.2161871769629134 -0.43378752490979255 -0.8448104043650088 -0.6755656892952139 0.6542142148246033 1.0168814614027353 0.8718145627714824 1.742215954558999 1.0410592778412773 0 
0 0.9201701956485667 0.9201701956485667 0.3640804175620977 -0.2645428098399977 -0.45796534134833466 -0.5304987906639611 -0.5788544235410453 -0.6030322399795874 -0.40960970847125044 -0.09529809477020275 0.2915469682464713 -0.09529809477020275 0.14648006961521853 0.775103297017314 0.2915469682464713 -0.07112027833166062 -0.40960970847125044 -1.3041889166973093 0.14648006961521853 1.7905715874360832 0.12230225317667641 -0.5304987906639611 0.7025698477016875 0.12230225317667641 0 
0 1.0410592778412773 0.968525828525651 0.7509254805787717 0.3640804175620977 0.025590987422507896 -0.5788544235410453 -0.8206325879264667 -0.7480991386108402 -0.6030322399795874 -0.48214315778687683 -0.046942461893118494 0.025590987422507896 0.8476367463329403 2.0081719353829626 1.3070152586652408 0.4366138668777241 0.4366138668777241 -0.506320974225419 0.5575029490704347 1.4279043408579515 0.8476367463329403 -0.07112027833166062 -0.16783154408582915 -0.699743505733756 0 
0 0.992703644964193 0.968525828525651 0.8476367463329403 0.41243605043918197 0.17065788605376067 -0.40960970847125044 -0.893166037242093 -0.8448104043650088 -0.8206325879264667 -0.5788544235410453 -0.11947591120874489 0.31572478468501347 0.5816807655089768 0.5816807655089768 0.5816807655089768 0.5575029490704347 0.5816807655089768 -0.40960970847125044 -0.2645428098399977 -0.09529809477020275 -0.09529809477020275 -0.6513878728566718 -0.9173438536806351 -1.1349442016275144 0 
0 0.7992811134558561 0.9201701956485667 0.7267476641402296 0.7267476641402296 1.0410592778412773 -0.2161871769629134 -1.1349442016275144 -1.08658856875043 -0.9898773029962615 -0.6755656892952139 -0.33707625915562406 -0.07112027833166062 -0.2887206262785398 -0.16783154408582915 0.992703644964193 0.0014131709839657657 -0.3128984427170819 -0.7964547714879245 -1.3283667331358513 -0.5304987906639611 0.0014131709839657657 -0.7964547714879245 -0.9898773029962615 -1.062410752311888 0 
0 0.9443480120871088 1.161948360033988 1.1861261764725302 1.911460669628794 1.5487934230506621 -0.506320974225419 -1.642678346836899 -1.7152117961525255 -1.2558332838202249 -0.893166037242093 -0.9656994865577194 -1.1591220180660564 -1.1107663851889722 0.24319133536938706 1.137770543595446 0.21901351893084492 -0.699743505733756 -1.2558332838202249 -1.3041889166973093 -0.6272100564181295 -0.33707625915562406 -0.9656994865577194 -0.5304987906639611 -0.36125407559416617 0 
0 1.2586596257881564 2.104883201137131 2.7818620614163105 2.854395510731937 1.3070152586652408 -0.8448104043650088 -1.7152117961525255 -1.5459670810827304 -1.2558332838202249 -0.7239213221722981 -0.9898773029962615 -1.666856163275441 -0.5546766071025032 0.46079168331626624 -0.3128984427170819 -0.2645428098399977 -1.2558332838202249 -1.811923061906694 -1.6910339797139833 -1.4734336317671042 -1.5701448975212726 -1.6910339797139833 -1.1832998345045986 -0.7722769550493823 0 
0 1.1861261764725302 1.6938603216819148 1.9356384860673361 1.1135927271569037 0.5091473161933505 -0.6030322399795874 -0.7722769550493823 -0.6755656892952139 -0.7722769550493823 -0.7480991386108402 -1.0382329358733458 -0.9898773029962615 0.968525828525651 0.48496949975480835 -0.9173438536806351 -1.42507799889002 -1.7393896125910675 -2.029523409853573 -2.1020568591691995 -2.029523409853573 -1.9328121440994046 -1.8602786947837782 -1.642678346836899 -1.4976114482056462 0 
0 1.1861261764725302 0.5333251326318926 0.7267476641402296 0.3399026011235556 0.31572478468501347 0.1948357024923028 0.1948357024923028 -0.2887206262785398 -0.6755656892952139 -1.0382329358733458 -1.5701448975212726 -0.3128984427170819 0.5816807655089768 -0.40960970847125044 -0.8206325879264667 -1.6185005303983568 -1.8844565112223204 -1.9086343276608624 -1.8602786947837782 -1.7877452454681517 -1.9086343276608624 -1.9569899605379466 -1.666856163275441 -1.6910339797139833 0 
0 0.46079168331626624 0.04976880386105002 0.3640804175620977 0.41243605043918197 0.2673691518079292 0.14648006961521853 0.31572478468501347 -0.2887206262785398 -0.7480991386108402 -1.3767223660129355 -1.062410752311888 0.025590987422507896 -0.2645428098399977 -0.9898773029962615 -1.1349442016275144 -1.6910339797139833 -1.811923061906694 -1.6910339797139833 -1.4734336317671042 -1.3525445495743935 -1.5217892646441884 -1.666856163275441 -1.4009001824514777 -1.2558332838202249 0 
0 -0.24036499340145553 -0.45796534134833466 -0.33707625915562406 -0.24036499340145553 0.12230225317667641 0.12230225317667641 0.07394662029959215 -0.6272100564181295 -0.48214315778687683 -0.24036499340145553 0.025590987422507896 -0.2645428098399977 -0.8448104043650088 -1.4734336317671042 -1.7877452454681517 -1.8602786947837782 -1.6910339797139833 -1.4976114482056462 -1.1832998345045986 -0.8206325879264667 -0.7722769550493823 -0.8206325879264667 -0.6755656892952139 -0.45796534134833466 0 
0 0.0014131709839657657 -0.8448104043650088 -0.9656994865577194 -0.7480991386108402 0.12230225317667641 0.1948357024923028 -0.2887206262785398 -0.33707625915562406 0.5575029490704347 0.9443480120871088 -0.046942461893118494 -0.48214315778687683 -1.2074776509431406 -1.6910339797139833 -1.7152117961525255 -1.6185005303983568 -1.2316554673816829 -0.8206325879264667 -0.5304987906639611 -0.143653727647287 0.025590987422507896 0.1948357024923028 0.1948357024923028 0.17065788605376067 0 
0 0.17065788605376067 -0.40960970847125044 -0.7964547714879245 -0.7964547714879245 0.025590987422507896 0.07394662029959215 0.1948357024923028 0.21901351893084492 1.0652370942798195 1.718038138120457 0.5575029490704347 -0.7964547714879245 -1.42507799889002 -1.3525445495743935 -1.1107663851889722 -1.08658856875043 -0.5304987906639611 -0.022764645454576363 0.12230225317667641 0.48496949975480835 0.7509254805787717 0.5575029490704347 0.5091473161933505 0.7267476641402296 0 
0 0.24319133536938706 -0.19200936052437126 -0.3128984427170819 -0.6755656892952139 -0.33707625915562406 -0.2887206262785398 -0.43378752490979255 -0.5546766071025032 0.4366138668777241 1.2103039929110722 1.1861261764725302 -0.8448104043650088 -1.062410752311888 -0.48214315778687683 -0.19200936052437126 -0.40960970847125044 0.3640804175620977 0.6542142148246033 0.6783920312631454 1.6938603216819148 1.3070152586652408 0.7025698477016875 0.8234589298943982 0.6300363983860612 0 
0 -0.022764645454576363 -0.3854318920327083 -0.43378752490979255 -0.8448104043650088 -0.6755656892952139 -0.7239213221722981 -1.2316554673816829 -0.2645428098399977 -0.07112027833166062 0.17065788605376067 -0.143653727647287 -0.09529809477020275 0.2673691518079292 0.2673691518079292 0.2673691518079292 0.1948357024923028 0.5816807655089768 0.8959923792100245 1.0652370942798195 1.6455046888048306 1.161948360033988 0.7025698477016875 1.0410592778412773 0.6783920312631454 0 
0 -0.7722769550493823 -0.7722769550493823 -0.16783154408582915 -0.40960970847125044 -0.9173438536806351 -1.062410752311888 -0.7722769550493823 -0.046942461893118494 -0.5304987906639611 0.31572478468501347 0.0014131709839657657 0.8234589298943982 1.0168814614027353 0.7267476641402296 0.775103297017314 0.5333251326318926 0.48496949975480835 0.7509254805787717 1.2103039929110722 0.9443480120871088 0.4366138668777241 0.41243605043918197 0.31572478468501347 -0.09529809477020275 0 
0 0 0 0 0 0 0 0 0 0 0 0 0 0 0 0 0 0 0 0 0 0 0 0 0 0 

