0 0 0 0 0 0 0 0 0 0 0 0 0 0 0 0 0 0 0 0 0 0 0 0 0 0 
0 -0.7850016376026798 -0.7669130292393105 -0.8935332877828959 -0.8030902459660492 -0.7669130292393105 -0.8211788543294185 -0.7850016376026798 -0.7307358125125718 -0.6583813790590943 -0.8030902459660492 -0.8392674626927878 -0.8030902459660492 -0.7488244208759411 -0.6764699874224637 0.6982642481936067 1.331365540911534 -0.007191477977797855 -0.27852060342833806 -0.3689636452451848 -0.2604319950649687 -0.38705225360855416 -0.4051408619719235 -0.38705225360855416 -0.27852060342833806 0 
0 -0.8754446794195265 -0.8935332877828959 -0.8030902459660492 -0.7126472041492025 -0.7669130292393105 -0.7488244208759411 -0.8030902459660492 -0.8211788543294185 -0.7307358125125718 -0.8754446794195265 -0.7669130292393105 -0.7307358125125718 -0.7488244208759411 -0.5679383372422476 0.9695933736441469 1.7112263165422903 0.06516295547567953 -0.3689636452451848 -0.38705225360855416 -0.31469782015507675 -0.4051408619719235 -0.4051408619719235 -0.24234338670159938 -0.025280086341167202 0 
0 -0.8935332877828959 -0.9116218961462652 -0.8754446794195265 -0.8211788543294185 -0.8573560710561572 -0.7850016376026798 -0.7850016376026798 -0.8573560710561572 -0.8211788543294185 -0.7850016376026798 -0.8030902459660492 -0.7850016376026798 -0.7307358125125718 -0.4413180786986622 0.5716439896500213 0.8791503318273002 -0.169988953248122 -0.531761120515509 -0.5679383372422476 -0.3508750368818155 -0.38705225360855416 -0.18807756161149133 0.06516295547567953 -0.11572312815801394 0 
0 -0.8392674626927878 -0.8754446794195265 -0.9839763295997427 -0.8935332877828959 -0.8573560710561572 -0.8754446794195265 -0.7850016376026798 -0.7488244208759411 -0.6583813790590943 -0.42322947033529285 -0.18807756161149133 0.11942878056578758 -0.2604319950649687 -0.4051408619719235 -0.025280086341167202 -0.09763451979464459 -0.531761120515509 -0.5136725121521396 -0.49558390378877026 -0.3327864285184461 -0.15190034488475262 -0.025280086341167202 0.04707434711231019 -0.31469782015507675 0 
0 -0.8573560710561572 -0.9477991128730039 -0.9297105045096345 -0.9658877212363732 -0.9477991128730039 -0.8935332877828959 -0.4594066870620315 0.02898573874894084 0.5354667729232826 1.0419478070976242 1.9463782252660917 2.5613909096206493 1.494163016181858 -0.3689636452451848 -0.8030902459660492 -0.7488244208759411 -0.7307358125125718 -0.6764699874224637 -0.640292770695725 -0.3508750368818155 0.04707434711231019 -0.04336869470453655 -0.22425477833823002 -0.3689636452451848 0 
0 -1.1105965881433282 -1.0201535463264813 -0.8030902459660492 -0.025280086341167202 -0.04336869470453655 0.08325156383904889 0.17369460565589562 0.2641376474727424 0.9876819820075162 1.2228338907313179 1.8378465750858757 2.597568126347388 2.398593434350325 -0.169988953248122 -1.1105965881433282 -0.9658877212363732 -0.7307358125125718 -0.5498497288788783 -0.31469782015507675 0.17369460565589562 0.33649208092621974 0.2641376474727424 0.010897130385571493 0.13751738892915694 0 
0 -0.9297105045096345 -0.640292770695725 -0.007191477977797855 1.6388718830888127 1.602694666362074 1.1866566740045792 0.5716439896500213 0.06516295547567953 0.8972389401906695 0.9695933736441469 1.2047452823679485 1.801669358359137 1.9282896169027224 -0.42322947033529285 -1.1467738048700669 -1.0382421546898506 -0.8211788543294185 -0.3327864285184461 -0.169988953248122 0.08325156383904889 0.33649208092621974 0.5354667729232826 0.3184034725628504 0.06516295547567953 0 
0 -0.4413180786986622 -0.4594066870620315 0.4631123394698052 1.7835807499957677 1.801669358359137 1.1685680656412099 0.9153275485540389 0.08325156383904889 0.5354667729232826 0.8610617234639308 1.0962136321877323 1.602694666362074 1.43989719109175 -0.6945585957858331 -1.1648624132334362 -1.0925079797799586 -1.002064937963112 0.08325156383904889 0.7525300732837148 0.6982642481936067 0.6439984231034986 0.44502373110643584 0.3184034725628504 0.10134017220241823 0 
0 1.5303402329085967 0.3545806892895891 0.2822262558361117 1.0057705903708856 1.0057705903708856 1.1143022405511016 1.0962136321877323 0.30031486419948106 0.5173781645599133 1.023859198734255 1.5122516245452273 2.3081503925334785 1.5122516245452273 -0.7850016376026798 -1.002064937963112 -1.0744193714165893 -1.1467738048700669 -0.007191477977797855 1.8740237918126144 2.0910870921730464 1.801669358359137 1.3675427576382726 1.0419478070976242 0.5535553812866519 0 
0 2.217707350716632 1.602694666362074 1.4037199743650113 1.5122516245452273 1.078125023824363 0.5535553812866519 0.60782120637676 0.7706186816470841 1.0419478070976242 1.7293149249056596 2.3262390008968477 2.8869858601612974 1.2409224990946872 -0.9839763295997427 -1.0382421546898506 -1.0744193714165893 -1.2010396299601749 -0.4413180786986622 1.9282896169027224 2.2538845674433707 2.0006440503562 1.8740237918126144 1.8740237918126144 1.43989719109175 0 
0 0.30031486419948106 0.8972389401906695 1.2590111074580566 1.3132769325481646 1.132390848914471 0.7887072900104535 0.3545806892895891 1.1143022405511016 1.4218085827283806 1.6931377081789207 1.7654921416323983 1.9463782252660917 0.3907579060163278 -1.0382421546898506 -1.0382421546898506 -1.0382421546898506 -1.05633076305322 -0.20616616997486067 1.7654921416323983 2.7603656016177123 2.3624162176235863 2.0368212670829386 1.747403533269029 1.7293149249056596 0 
0 -0.7850016376026798 0.04707434711231019 0.15560599729252628 0.17369460565589562 0.246049039109373 0.30031486419948106 0.3545806892895891 0.5354667729232826 0.7344414649203455 0.8972389401906695 1.0057705903708856 1.0600364154609936 -0.2966092117917074 -0.9839763295997427 -0.9658877212363732 -1.0201535463264813 -0.9297105045096345 0.20987182238263433 1.0962136321877323 2.7603656016177123 2.8327200350711896 2.7603656016177123 2.3081503925334785 1.8921124001759837 0 
0 -0.640292770695725 -0.4413180786986622 -0.169988953248122 -0.18807756161149133 -0.169988953248122 -0.169988953248122 -0.09763451979464459 0.04707434711231019 0.20987182238263433 0.40884651437969716 0.5354667729232826 0.5354667729232826 -0.6041155539689863 -0.9839763295997427 -0.9477991128730039 -0.9839763295997427 -0.5679383372422476 0.662087031466868 1.132390848914471 2.0729984838096773 2.6337453430741267 2.8508086434345588 2.81463142670782 2.615656734710757 0 
0 -0.5679383372422476 -0.5679383372422476 -0.4051408619719235 -0.4413180786986622 -0.4051408619719235 -0.3508750368818155 -0.2966092117917074 -0.15190034488475262 -0.04336869470453655 0.15560599729252628 0.22796043074600367 0.08325156383904889 -0.8211788543294185 -1.0382421546898506 -0.9658877212363732 -0.9658877212363732 -0.4413180786986622 1.078125023824363 1.2951883241847952 1.132390848914471 1.4037199743650113 2.5794795179840184 2.615656734710757 1.747403533269029 0 
0 -0.4051408619719235 -0.7669130292393105 -0.640292770695725 -0.5136725121521396 -0.531761120515509 -0.531761120515509 -0.5136725121521396 -0.4413180786986622 -0.38705225360855416 -0.27852060342833806 -0.15190034488475262 -0.5498497288788783 -1.0201535463264813 -1.002064937963112 -0.8935332877828959 -1.0925079797799586 -0.3508750368818155 0.19178321401926496 0.5897325980133906 1.0600364154609936 0.6259098147401293 1.1866566740045792 0.716352856556976 -0.11572312815801394 0 
0 -0.38705225360855416 -0.8754446794195265 -0.9839763295997427 -0.7669130292393105 -0.6945585957858331 -0.6583813790590943 -0.6041155539689863 -0.5679383372422476 -0.586026945605617 -0.5679383372422476 -0.49558390378877026 -0.8754446794195265 -1.05633076305322 -1.1105965881433282 -1.0382421546898506 -1.2372168466869136 -0.27852060342833806 0.2641376474727424 0.3545806892895891 0.6982642481936067 0.8972389401906695 0.7887072900104535 0.9153275485540389 0.5535553812866519 0 
0 -0.3327864285184461 -0.9297105045096345 -1.309571280140391 -1.2372168466869136 -1.1648624132334362 -0.9839763295997427 -0.8392674626927878 -0.6945585957858331 -0.640292770695725 -0.6041155539689863 -0.6222041623323556 -0.9297105045096345 -0.9116218961462652 -1.002064937963112 -1.1829510215968055 -1.1105965881433282 -0.7307358125125718 0.246049039109373 0.5173781645599133 0.6982642481936067 0.6982642481936067 0.4812009478331745 0.9515047652807775 -0.09763451979464459 0 
0 -0.6583813790590943 -1.1648624132334362 -1.363837105230499 -1.3819257135938683 -1.363837105230499 -1.3457484968671296 -1.3276598885037603 -1.2010396299601749 -1.0925079797799586 -0.9297105045096345 -0.8935332877828959 -1.002064937963112 -0.7488244208759411 -1.0201535463264813 -1.2010396299601749 -1.1286851965066975 -1.1105965881433282 -0.8573560710561572 -0.6583813790590943 -0.531761120515509 -0.4413180786986622 -0.8030902459660492 -0.8211788543294185 -0.8754446794195265 0 
0 -0.9477991128730039 -1.05633076305322 -1.1467738048700669 -1.2191282383235442 -1.2372168466869136 -1.2733940634136522 -1.3276598885037603 -1.3276598885037603 -1.363837105230499 -1.363837105230499 -1.3457484968671296 -1.2372168466869136 -0.6764699874224637 -1.0382421546898506 -1.2010396299601749 -1.05633076305322 -1.1648624132334362 -1.1105965881433282 -1.0744193714165893 -0.8573560710561572 -0.2966092117917074 -0.8392674626927878 -1.0744193714165893 -0.9658877212363732 0 
0 -0.6583813790590943 -0.7488244208759411 -0.8211788543294185 -0.9297105045096345 -0.9839763295997427 -1.0382421546898506 -1.0744193714165893 -1.1467738048700669 -1.2191282383235442 -1.309571280140391 -1.309571280140391 -1.309571280140391 -0.8211788543294185 -0.9839763295997427 -1.1648624132334362 -0.9658877212363732 -1.2191282383235442 -1.3276598885037603 -1.3457484968671296 -1.2191282383235442 -0.9839763295997427 -1.2372168466869136 -1.255305455050283 -1.1467738048700669 0 
0 -0.4774952954254009 -0.5498497288788783 -0.6041155539689863 -0.6764699874224637 -0.6945585957858331 -0.7669130292393105 -0.8754446794195265 -0.9658877212363732 -1.0382421546898506 -1.1467738048700669 -1.1829510215968055 -1.2010396299601749 -1.1648624132334362 -1.1467738048700669 -1.1829510215968055 -1.1467738048700669 -1.2733940634136522 -1.2914826717770216 -1.309571280140391 -1.3276598885037603 -1.309571280140391 -1.2733940634136522 -1.1829510215968055 -1.0382421546898506 0 
0 -0.27852060342833806 -0.4051408619719235 -0.49558390378877026 -0.531761120515509 -0.5498497288788783 -0.6222041623323556 -0.7126472041492025 -0.7669130292393105 -0.8211788543294185 -0.9297105045096345 -1.002064937963112 -1.0201535463264813 -0.6222041623323556 -0.7307358125125718 -1.1467738048700669 -1.2372168466869136 -1.2733940634136522 -1.2733940634136522 -1.2733940634136522 -1.2372168466869136 -1.1467738048700669 -1.1286851965066975 -1.0744193714165893 -0.9658877212363732 0 
0 -0.0614573030679059 -0.24234338670159938 -0.3689636452451848 -0.4051408619719235 -0.4413180786986622 -0.5136725121521396 -0.5498497288788783 -0.5679383372422476 -0.6222041623323556 -0.6945585957858331 -0.7850016376026798 -0.6583813790590943 0.3545806892895891 0.06516295547567953 -0.31469782015507675 -1.1467738048700669 -1.0925079797799586 -1.1467738048700669 -1.1286851965066975 -1.05633076305322 -0.9658877212363732 -0.9297105045096345 -0.8392674626927878 -0.7850016376026798 0 
0 0.15560599729252628 0.010897130385571493 -0.15190034488475262 -0.24234338670159938 -0.31469782015507675 -0.38705225360855416 -0.4413180786986622 -0.4594066870620315 -0.49558390378877026 -0.5498497288788783 -0.6041155539689863 -0.5679383372422476 -0.2966092117917074 -0.2966092117917074 -0.31469782015507675 -1.0382421546898506 -0.9477991128730039 -0.9116218961462652 -0.8754446794195265 -0.8392674626927878 -0.7488244208759411 -0.6583813790590943 -0.6041155539689863 -0.531761120515509 0 
0 0 0 0 0 0 0 0 0 0 0 0 0 0 0 0 0 0 0 0 0 0 0 0 0 0 

0 0 0 0 0 0 0 0 0 0 0 0 0 0 0 0 0 0 0 0 0 0 0 0 0 0 
0 -0.20616616997486067 -0.169988953248122 -0.31469782015507675 -0.20616616997486067 -0.18807756161149133 -0.18807756161149133 -0.0614573030679059 -0.025280086341167202 0.02898573874894084 -0.169988953248122 -0.24234338670159938 -0.11572312815801394 0.04707434711231019 0.010897130385571493 0.9153275485540389 1.4579857994551193 0.44502373110643584 0.17369460565589562 0.13751738892915694 0.22796043074600367 -0.07954591143127525 -0.07954591143127525 -0.09763451979464459 -0.025280086341167202 0 
0 -0.31469782015507675 -0.3508750368818155 -0.2604319950649687 -0.09763451979464459 -0.22425477833823002 -0.15190034488475262 -0.13381173652138328 -0.025280086341167202 0.010897130385571493 -0.22425477833823002 -0.09763451979464459 -0.13381173652138328 -0.0614573030679059 0.04707434711231019 1.0600364154609936 1.6388718830888127 0.4812009478331745 0.010897130385571493 -0.025280086341167202 0.08325156383904889 -0.07954591143127525 -0.11572312815801394 -0.04336869470453655 0.13751738892915694 0 
0 -0.42322947033529285 -0.3327864285184461 -0.31469782015507675 -0.2604319950649687 -0.24234338670159938 -0.18807756161149133 -0.169988953248122 -0.11572312815801394 -0.007191477977797855 -0.0614573030679059 -0.09763451979464459 -0.11572312815801394 -0.09763451979464459 0.06516295547567953 0.49928955619654386 0.7525300732837148 0.2822262558361117 -0.20616616997486067 -0.3327864285184461 -0.07954591143127525 -0.04336869470453655 0.08325156383904889 0.33649208092621974 0.2822262558361117 0 
0 -0.31469782015507675 -0.31469782015507675 -0.4051408619719235 -0.3327864285184461 -0.22425477833823002 -0.27852060342833806 -0.24234338670159938 -0.13381173652138328 -0.025280086341167202 0.15560599729252628 0.3545806892895891 0.5716439896500213 0.246049039109373 -0.025280086341167202 -0.42322947033529285 -0.42322947033529285 -0.0614573030679059 -0.20616616997486067 -0.22425477833823002 -0.09763451979464459 0.13751738892915694 0.4631123394698052 0.6259098147401293 0.3184034725628504 0 
0 -0.38705225360855416 -0.4051408619719235 -0.3327864285184461 -0.4051408619719235 -0.42322947033529285 -0.3508750368818155 -0.04336869470453655 0.44502373110643584 0.8972389401906695 1.4760744078184886 2.1815301339898934 2.6518339514374962 1.7654921416323983 0.010897130385571493 -0.9116218961462652 -0.8392674626927878 -0.2966092117917074 -0.3508750368818155 -0.3508750368818155 -0.13381173652138328 0.3726692976529585 0.5535553812866519 0.3726692976529585 0.17369460565589562 0 
0 -0.8030902459660492 -0.5498497288788783 -0.24234338670159938 0.662087031466868 0.7887072900104535 0.6801756398302373 0.49928955619654386 1.1685680656412099 2.018732658719569 2.398593434350325 2.7603656016177123 3.0497833354316217 2.597568126347388 0.11942878056578758 -0.8030902459660492 -0.7126472041492025 -0.3508750368818155 -0.24234338670159938 -0.07954591143127525 0.3907579060163278 0.60782120637676 0.5535553812866519 0.2822262558361117 0.40884651437969716 0 
0 -0.531761120515509 -0.20616616997486067 0.5354667729232826 2.3262390008968477 2.615656734710757 2.235795959080001 0.7706186816470841 1.2228338907313179 2.27197317580674 2.344327609260217 2.5252136928939106 2.8688972517979283 2.4709478678038024 -0.18807756161149133 -0.9116218961462652 -0.8573560710561572 -0.5498497288788783 -0.04336869470453655 0.04707434711231019 0.33649208092621974 0.60782120637676 0.8248845067371922 0.5535553812866519 0.2822262558361117 0 
0 -0.09763451979464459 -0.025280086341167202 0.9876819820075162 2.5613909096206493 2.8688972517979283 2.5794795179840184 1.132390848914471 0.9334161569174082 1.8197579667225063 2.163441525626524 2.4709478678038024 2.8869858601612974 2.1996187423532625 -0.4051408619719235 -0.8573560710561572 -0.9297105045096345 -0.8211788543294185 0.20987182238263433 0.8791503318273002 0.8972389401906695 0.8429731151005615 0.7706186816470841 0.6982642481936067 0.4269351227430665 0 
0 1.4579857994551193 0.3907579060163278 0.4631123394698052 1.8197579667225063 1.9463782252660917 1.6207832747254434 1.0419478070976242 0.5716439896500213 1.6207832747254434 2.127264308899785 2.4166820427136946 2.8688972517979283 1.747403533269029 -0.4594066870620315 -0.49558390378877026 -0.7307358125125718 -0.9658877212363732 0.010897130385571493 1.3494541492749033 1.656960491452182 1.4579857994551193 1.1866566740045792 1.0600364154609936 0.716352856556976 0 
0 1.8197579667225063 1.2590111074580566 1.132390848914471 1.5303402329085967 0.9876819820075162 0.08325156383904889 0.10134017220241823 0.5173781645599133 1.3675427576382726 1.9463782252660917 2.380504825986956 2.796542818344451 1.277099715821426 -0.6222041623323556 -0.6041155539689863 -0.7488244208759411 -1.0201535463264813 -0.3689636452451848 1.3675427576382726 1.2409224990946872 0.7706186816470841 0.8248845067371922 1.1504794572778405 1.0962136321877323 0 
0 -0.11572312815801394 0.22796043074600367 0.6801756398302373 0.6801756398302373 0.3545806892895891 0.08325156383904889 -0.24234338670159938 0.5897325980133906 0.8610617234639308 1.0057705903708856 1.1866566740045792 1.3675427576382726 0.40884651437969716 -0.5679383372422476 -0.6583813790590943 -0.6945585957858331 -0.8392674626927878 -0.09763451979464459 1.8378465750858757 2.4347706510770637 1.4037199743650113 0.5897325980133906 0.20987182238263433 0.5173781645599133 0 
0 -0.640292770695725 -0.5498497288788783 -0.6041155539689863 -0.6764699874224637 -0.6945585957858331 -0.640292770695725 -0.5498497288788783 -0.24234338670159938 -0.025280086341167202 0.04707434711231019 0.22796043074600367 0.3726692976529585 -0.2604319950649687 -0.49558390378877026 -0.4774952954254009 -0.4774952954254009 -0.6583813790590943 -0.22425477833823002 0.8791503318273002 2.7422769932543427 2.796542818344451 2.380504825986956 1.494163016181858 0.6259098147401293 0 
0 -0.18807756161149133 -0.6222041623323556 -0.8211788543294185 -0.8392674626927878 -0.8211788543294185 -0.8211788543294185 -0.7669130292393105 -0.7126472041492025 -0.6583813790590943 -0.5679383372422476 -0.5136725121521396 -0.18807756161149133 -0.4594066870620315 -0.531761120515509 -0.4594066870620315 -0.3689636452451848 -0.5679383372422476 -0.31469782015507675 0.662087031466868 1.9825554419928304 2.398593434350325 2.688011168164235 2.597568126347388 2.0729984838096773 0 
0 -0.07954591143127525 -0.5679383372422476 -0.9658877212363732 -0.9658877212363732 -0.9297105045096345 -0.8935332877828959 -0.8935332877828959 -0.8754446794195265 -0.8211788543294185 -0.7126472041492025 -0.7850016376026798 -0.5498497288788783 -0.5498497288788783 -0.5136725121521396 -0.42322947033529285 -0.3689636452451848 -0.6222041623323556 -0.13381173652138328 0.9876819820075162 1.331365540911534 0.6982642481936067 1.9825554419928304 1.910201008539353 1.132390848914471 0 
0 0.08325156383904889 -0.5679383372422476 -0.9116218961462652 -0.9839763295997427 -0.9839763295997427 -1.002064937963112 -1.002064937963112 -1.0201535463264813 -1.002064937963112 -0.9839763295997427 -1.002064937963112 -0.8392674626927878 -0.7669130292393105 -0.531761120515509 -0.169988953248122 -0.6945585957858331 -1.05633076305322 -1.1286851965066975 -0.0614573030679059 0.9153275485540389 -0.3508750368818155 0.3184034725628504 0.10134017220241823 -0.3689636452451848 0 
0 0.08325156383904889 -0.586026945605617 -1.002064937963112 -0.9658877212363732 -0.9297105045096345 -0.8935332877828959 -0.8935332877828959 -0.9477991128730039 -1.002064937963112 -1.0744193714165893 -1.1467738048700669 -0.9297105045096345 -0.8392674626927878 -0.6222041623323556 -0.2604319950649687 -0.9477991128730039 -1.1286851965066975 -0.9116218961462652 -0.6583813790590943 -0.2966092117917074 -0.11572312815801394 -0.0614573030679059 0.17369460565589562 0.662087031466868 0 
0 0.19178321401926496 -0.7307358125125718 -1.255305455050283 -1.1829510215968055 -1.1467738048700669 -1.0201535463264813 -0.9297105045096345 -0.8754446794195265 -0.8573560710561572 -0.8754446794195265 -1.0201535463264813 -0.9297105045096345 -0.6222041623323556 -0.49558390378877026 -0.531761120515509 -0.8030902459660492 -1.05633076305322 -0.169988953248122 0.15560599729252628 0.10134017220241823 0.2641376474727424 0.010897130385571493 -0.09763451979464459 -0.15190034488475262 0 
0 -0.24234338670159938 -1.0201535463264813 -1.255305455050283 -1.2372168466869136 -1.2914826717770216 -1.3276598885037603 -1.2733940634136522 -1.2191282383235442 -1.1467738048700669 -1.002064937963112 -0.9839763295997427 -0.8754446794195265 -0.38705225360855416 -0.4774952954254009 -0.5679383372422476 -0.8573560710561572 -1.0744193714165893 -0.9297105045096345 -0.7126472041492025 -0.6041155539689863 -0.3689636452451848 -0.8935332877828959 -1.1105965881433282 -0.9839763295997427 0 
0 -0.42322947033529285 -0.6764699874224637 -0.7850016376026798 -0.8754446794195265 -0.9839763295997427 -1.0925079797799586 -1.1648624132334362 -1.2372168466869136 -1.309571280140391 -1.2914826717770216 -1.2733940634136522 -1.1467738048700669 -0.2966092117917074 -0.4413180786986622 -0.5679383372422476 -0.7850016376026798 -1.05633076305322 -1.2914826717770216 -1.363837105230499 -1.1467738048700669 -0.22425477833823002 -0.9658877212363732 -1.1648624132334362 -0.9658877212363732 0 
0 -0.007191477977797855 -0.15190034488475262 -0.24234338670159938 -0.38705225360855416 -0.5136725121521396 -0.640292770695725 -0.7850016376026798 -0.8935332877828959 -1.0201535463264813 -1.1105965881433282 -1.2010396299601749 -1.2733940634136522 -0.49558390378877026 -0.2966092117917074 -0.49558390378877026 -0.6583813790590943 -1.1286851965066975 -1.3276598885037603 -1.3457484968671296 -1.2191282383235442 -0.8935332877828959 -1.2191282383235442 -1.2010396299601749 -1.0382421546898506 0 
0 0.11942878056578758 0.04707434711231019 0.010897130385571493 -0.09763451979464459 -0.18807756161149133 -0.24234338670159938 -0.3327864285184461 -0.4594066870620315 -0.586026945605617 -0.7126472041492025 -0.8392674626927878 -0.9658877212363732 -0.8573560710561572 -0.4413180786986622 -0.5679383372422476 -0.9477991128730039 -1.2733940634136522 -1.3276598885037603 -1.309571280140391 -1.2914826717770216 -1.2914826717770216 -1.2010396299601749 -1.0382421546898506 -0.8392674626927878 0 
0 0.246049039109373 0.17369460565589562 0.13751738892915694 0.08325156383904889 0.02898573874894084 -0.007191477977797855 -0.0614573030679059 -0.13381173652138328 -0.24234338670159938 -0.3508750368818155 -0.4594066870620315 -0.5498497288788783 -0.04336869470453655 0.04707434711231019 -0.5498497288788783 -1.0744193714165893 -1.1286851965066975 -1.1467738048700669 -1.1286851965066975 -1.0744193714165893 -0.9658877212363732 -0.8754446794195265 -0.7307358125125718 -0.586026945605617 0 
0 0.3545806892895891 0.2641376474727424 0.20987182238263433 0.15560599729252628 0.10134017220241823 0.06516295547567953 0.06516295547567953 0.04707434711231019 -0.025280086341167202 -0.09763451979464459 -0.18807756161149133 -0.0614573030679059 1.132390848914471 0.8791503318273002 0.3726692976529585 -0.8392674626927878 -0.7850016376026798 -0.7488244208759411 -0.7488244208759411 -0.6764699874224637 -0.5498497288788783 -0.42322947033529285 -0.3327864285184461 -0.2604319950649687 0 
0 0.5173781645599133 0.44502373110643584 0.3545806892895891 0.246049039109373 0.19178321401926496 0.13751738892915694 0.13751738892915694 0.13751738892915694 0.11942878056578758 0.06516295547567953 0.010897130385571493 0.04707434711231019 0.30031486419948106 0.30031486419948106 0.2822262558361117 -0.4774952954254009 -0.4051408619719235 -0.3508750368818155 -0.31469782015507675 -0.27852060342833806 -0.18807756161149133 -0.11572312815801394 -0.0614573030679059 0.010897130385571493 0 
0 0 0 0 0 0 0 0 0 0 0 0 0 0 0 0 0 0 0 0 0 0 0 0 0 0 

0 0 0 0 0 0 0 0 0 0 0 0 0 0 0 0 0 0 0 0 0 0 0 0 0 0 
0 -0.3508750368818155 -0.31469782015507675 -0.49558390378877026 -0.4594066870620315 -0.42322947033529285 -0.4774952954254009 -0.42322947033529285 -0.4413180786986622 -0.4594066870620315 -0.4774952954254009 -0.4774952954254009 -0.4594066870620315 -0.2966092117917074 -0.2604319950649687 0.9153275485540389 1.5303402329085967 0.20987182238263433 -0.0614573030679059 -0.18807756161149133 -0.007191477977797855 -0.22425477833823002 -0.2966092117917074 -0.24234338670159938 -0.18807756161149133 0 
0 -0.38705225360855416 -0.4594066870620315 -0.3689636452451848 -0.2966092117917074 -0.4051408619719235 -0.3508750368818155 -0.3689636452451848 -0.49558390378877026 -0.42322947033529285 -0.4774952954254009 -0.38705225360855416 -0.4051408619719235 -0.2966092117917074 -0.18807756161149133 1.0962136321877323 1.747403533269029 0.246049039109373 -0.11572312815801394 -0.169988953248122 -0.09763451979464459 -0.20616616997486067 -0.18807756161149133 -0.15190034488475262 -0.04336869470453655 0 
0 -0.531761120515509 -0.4774952954254009 -0.4413180786986622 -0.4051408619719235 -0.4051408619719235 -0.3689636452451848 -0.4413180786986622 -0.5498497288788783 -0.4774952954254009 -0.4594066870620315 -0.4594066870620315 -0.4413180786986622 -0.3508750368818155 -0.09763451979464459 0.5535553812866519 0.8248845067371922 0.19178321401926496 -0.20616616997486067 -0.2966092117917074 -0.0614573030679059 -0.13381173652138328 -0.007191477977797855 0.20987182238263433 0.10134017220241823 0 
0 -0.4051408619719235 -0.4051408619719235 -0.586026945605617 -0.4594066870620315 -0.38705225360855416 -0.42322947033529285 -0.4594066870620315 -0.3327864285184461 -0.3508750368818155 -0.18807756161149133 0.17369460565589562 0.40884651437969716 -0.007191477977797855 -0.11572312815801394 -0.2966092117917074 -0.38705225360855416 0.06516295547567953 -0.09763451979464459 -0.20616616997486067 -0.11572312815801394 -0.025280086341167202 0.17369460565589562 0.33649208092621974 0.010897130385571493 0 
0 -0.3327864285184461 -0.42322947033529285 -0.4774952954254009 -0.4594066870620315 -0.5136725121521396 -0.4051408619719235 0.02898573874894084 0.662087031466868 1.1685680656412099 1.801669358359137 2.398593434350325 2.6699225598008653 1.6207832747254434 -0.09763451979464459 -0.6945585957858331 -0.6945585957858331 -0.15190034488475262 -0.15190034488475262 -0.3508750368818155 -0.24234338670159938 0.10134017220241823 0.15560599729252628 -0.04336869470453655 -0.22425477833823002 0 
0 -0.7850016376026798 -0.6041155539689863 -0.22425477833823002 0.8610617234639308 0.9695933736441469 0.8248845067371922 1.023859198734255 1.910201008539353 2.6518339514374962 2.8869858601612974 2.9955175103415135 3.0497833354316217 2.5433023012572797 0.13751738892915694 -0.3508750368818155 -0.3327864285184461 -0.24234338670159938 -0.15190034488475262 -0.0614573030679059 0.30031486419948106 0.30031486419948106 0.2641376474727424 0.08325156383904889 0.15560599729252628 0 
0 -0.6764699874224637 -0.18807756161149133 0.7525300732837148 2.489036476167172 2.8508086434345588 2.5794795179840184 1.43989719109175 2.018732658719569 2.905074468524667 2.923163076888036 2.959340293614775 3.031694727068252 2.5433023012572797 -0.09763451979464459 -0.5136725121521396 -0.4051408619719235 -0.4774952954254009 -0.13381173652138328 0.04707434711231019 0.20987182238263433 0.3545806892895891 0.6259098147401293 0.3907579060163278 -0.025280086341167202 0 
0 -0.13381173652138328 0.19178321401926496 1.331365540911534 2.6518339514374962 2.9774289019781444 2.923163076888036 1.6750490998155514 1.6207832747254434 2.5794795179840184 2.9774289019781444 2.959340293614775 2.9955175103415135 2.235795959080001 -0.31469782015507675 -0.49558390378877026 -0.4774952954254009 -0.7307358125125718 0.20987182238263433 0.8972389401906695 0.8429731151005615 0.7706186816470841 0.6982642481936067 0.5354667729232826 0.20987182238263433 0 
0 1.656960491452182 0.6801756398302373 0.7887072900104535 2.1815301339898934 2.380504825986956 2.0910870921730464 1.6388718830888127 1.385631366001642 2.3262390008968477 2.6699225598008653 2.7422769932543427 2.923163076888036 1.7835807499957677 -0.20616616997486067 0.08325156383904889 -0.2604319950649687 -0.8211788543294185 -0.007191477977797855 1.2951883241847952 1.6388718830888127 1.602694666362074 1.385631366001642 1.2409224990946872 0.7706186816470841 0 
0 2.3081503925334785 1.7835807499957677 1.656960491452182 2.0729984838096773 1.6207832747254434 0.60782120637676 0.662087031466868 1.3132769325481646 2.0549098754463078 2.4528592594404333 2.688011168164235 2.905074468524667 1.385631366001642 -0.2604319950649687 -0.11572312815801394 -0.31469782015507675 -0.7850016376026798 -0.3508750368818155 1.3675427576382726 1.2409224990946872 0.8248845067371922 1.023859198734255 1.548428841271966 1.5122516245452273 0 
0 0.4269351227430665 0.8067958983738228 1.1143022405511016 1.0962136321877323 0.8429731151005615 0.4812009478331745 0.22796043074600367 1.385631366001642 1.656960491452182 1.8197579667225063 1.9825554419928304 2.0549098754463078 0.7344414649203455 -0.13381173652138328 -0.20616616997486067 -0.20616616997486067 -0.42322947033529285 0.06516295547567953 2.0368212670829386 2.5794795179840184 1.4037199743650113 0.60782120637676 0.4269351227430665 1.023859198734255 0 
0 -0.3689636452451848 -0.2604319950649687 -0.3508750368818155 -0.42322947033529285 -0.4774952954254009 -0.42322947033529285 -0.20616616997486067 0.30031486419948106 0.5354667729232826 0.6439984231034986 0.9153275485540389 1.0057705903708856 0.06516295547567953 -0.025280086341167202 0.04707434711231019 0.04707434711231019 -0.24234338670159938 0.04707434711231019 1.0419478070976242 2.9412516852514057 2.959340293614775 2.489036476167172 1.5303402329085967 0.6259098147401293 0 
0 0.11942878056578758 -0.3689636452451848 -0.5679383372422476 -0.586026945605617 -0.586026945605617 -0.586026945605617 -0.531761120515509 -0.4413180786986622 -0.3508750368818155 -0.22425477833823002 -0.07954591143127525 0.13751738892915694 -0.24234338670159938 -0.04336869470453655 0.10134017220241823 0.19178321401926496 -0.07954591143127525 0.3184034725628504 1.078125023824363 2.3262390008968477 2.7422769932543427 2.959340293614775 2.8688972517979283 2.2538845674433707 0 
0 0.22796043074600367 -0.2604319950649687 -0.6764699874224637 -0.7126472041492025 -0.7126472041492025 -0.6583813790590943 -0.6222041623323556 -0.586026945605617 -0.531761120515509 -0.531761120515509 -0.6041155539689863 -0.4413180786986622 -0.42322947033529285 -0.07954591143127525 0.13751738892915694 0.20987182238263433 -0.15190034488475262 0.44502373110643584 1.4760744078184886 1.6931377081789207 1.132390848914471 2.5794795179840184 2.597568126347388 1.548428841271966 0 
0 0.3907579060163278 -0.2966092117917074 -0.6945585957858331 -0.7126472041492025 -0.7126472041492025 -0.7488244208759411 -0.7669130292393105 -0.7488244208759411 -0.7126472041492025 -0.7850016376026798 -0.8573560710561572 -0.8030902459660492 -0.6583813790590943 -0.09763451979464459 0.40884651437969716 -0.31469782015507675 -0.8030902459660492 -1.0744193714165893 0.10134017220241823 1.1866566740045792 0.08325156383904889 0.8791503318273002 0.5354667729232826 -0.15190034488475262 0 
0 0.4812009478331745 -0.2966092117917074 -0.8030902459660492 -0.7126472041492025 -0.6764699874224637 -0.6583813790590943 -0.6764699874224637 -0.6945585957858331 -0.7669130292393105 -0.8211788543294185 -0.9297105045096345 -0.8573560710561572 -0.7488244208759411 -0.18807756161149133 0.3726692976529585 -0.6945585957858331 -0.9839763295997427 -0.8030902459660492 -0.42322947033529285 0.13751738892915694 0.5354667729232826 0.4269351227430665 0.2641376474727424 0.8248845067371922 0 
0 0.6439984231034986 -0.4594066870620315 -1.1105965881433282 -1.1286851965066975 -1.0744193714165893 -0.8754446794195265 -0.7669130292393105 -0.6583813790590943 -0.6222041623323556 -0.6041155539689863 -0.7669130292393105 -0.7307358125125718 -0.42322947033529285 0.010897130385571493 0.13751738892915694 -0.5679383372422476 -0.9116218961462652 0.22796043074600367 0.716352856556976 0.7706186816470841 1.023859198734255 0.33649208092621974 -0.2966092117917074 -0.11572312815801394 0 
0 0.08325156383904889 -0.7850016376026798 -1.1105965881433282 -1.1829510215968055 -1.2372168466869136 -1.2191282383235442 -1.2010396299601749 -1.1467738048700669 -1.0382421546898506 -0.8754446794195265 -0.8573560710561572 -0.7126472041492025 -0.18807756161149133 0.02898573874894084 0.08325156383904889 -0.640292770695725 -0.9297105045096345 -0.7307358125125718 -0.4413180786986622 -0.2966092117917074 -0.07954591143127525 -0.7488244208759411 -1.1105965881433282 -0.8030902459660492 0 
0 -0.007191477977797855 -0.27852060342833806 -0.4413180786986622 -0.586026945605617 -0.6764699874224637 -0.8392674626927878 -1.002064937963112 -1.1829510215968055 -1.2010396299601749 -1.1829510215968055 -1.255305455050283 -1.0382421546898506 -0.0614573030679059 0.11942878056578758 0.10134017220241823 -0.5679383372422476 -0.8754446794195265 -1.2372168466869136 -1.2372168466869136 -1.0201535463264813 0.010897130385571493 -0.7850016376026798 -1.05633076305322 -0.7488244208759411 0 
0 0.5173781645599133 0.3726692976529585 0.2822262558361117 0.10134017220241823 -0.0614573030679059 -0.20616616997486067 -0.3508750368818155 -0.5498497288788783 -0.7850016376026798 -0.8935332877828959 -1.0925079797799586 -1.1829510215968055 -0.13381173652138328 0.40884651437969716 0.11942878056578758 -0.38705225360855416 -0.9297105045096345 -1.255305455050283 -1.2733940634136522 -1.1467738048700669 -0.8030902459660492 -1.1648624132334362 -1.0744193714165893 -0.8392674626927878 0 
0 0.5716439896500213 0.5354667729232826 0.49928955619654386 0.40884651437969716 0.3545806892895891 0.2822262558361117 0.13751738892915694 0.010897130385571493 -0.18807756161149133 -0.3327864285184461 -0.49558390378877026 -0.7126472041492025 -0.4051408619719235 0.3545806892895891 0.11942878056578758 -0.7307358125125718 -1.1467738048700669 -1.2191282383235442 -1.255305455050283 -1.2191282383235442 -1.2010396299601749 -1.0382421546898506 -0.8030902459660492 -0.531761120515509 0 
0 0.6439984231034986 0.5897325980133906 0.5535553812866519 0.5354667729232826 0.5354667729232826 0.4812009478331745 0.4269351227430665 0.3545806892895891 0.2641376474727424 0.15560599729252628 0.02898573874894084 -0.13381173652138328 0.3726692976529585 0.6439984231034986 0.10134017220241823 -0.8211788543294185 -0.9297105045096345 -0.9477991128730039 -0.9477991128730039 -0.8573560710561572 -0.7307358125125718 -0.586026945605617 -0.4051408619719235 -0.20616616997486067 0 
0 0.7525300732837148 0.662087031466868 0.6259098147401293 0.60782120637676 0.5535553812866519 0.5173781645599133 0.5716439896500213 0.5535553812866519 0.49928955619654386 0.4269351227430665 0.30031486419948106 0.3907579060163278 1.548428841271966 1.2951883241847952 0.7706186816470841 -0.4594066870620315 -0.4051408619719235 -0.4413180786986622 -0.38705225360855416 -0.27852060342833806 -0.15190034488475262 -0.025280086341167202 0.10134017220241823 0.17369460565589562 0 
0 0.8972389401906695 0.8248845067371922 0.7525300732837148 0.6982642481936067 0.6259098147401293 0.5897325980133906 0.60782120637676 0.60782120637676 0.60782120637676 0.5535553812866519 0.5173781645599133 0.5354667729232826 0.7525300732837148 0.716352856556976 0.6982642481936067 -0.025280086341167202 0.06516295547567953 0.10134017220241823 0.15560599729252628 0.20987182238263433 0.30031486419948106 0.3545806892895891 0.40884651437969716 0.49928955619654386 0 
0 0 0 0 0 0 0 0 0 0 0 0 0 0 0 0 0 0 0 0 0 0 0 0 0 0 

