0 0 0 0 0 0 0 0 0 0 0 0 0 0 0 0 0 0 0 0 0 0 0 0 0 0 
0 0.12304912252489614 0.23128474671579483 0.4297167243991091 0.15912766392186237 -0.526364622620496 -0.5444038933189791 -0.7067573296053271 -1.464406698941618 -1.01342493147954 -0.6706787882083609 -0.9412678486856076 -0.2918541035402155 -0.1655792086508337 -0.4722468105250467 -0.2738148328417324 -0.11146139655538435 -0.7247966003038103 -0.8149929537962258 -0.5804824347159454 -1.5726423231325166 -1.3020532626552699 -0.1655792086508337 -0.6346002468113947 -0.23773629144476616 0 
0 -0.07538285515841812 0.014813498333997447 0.21324547601731172 0.15912766392186237 -0.4902860812235298 -0.6165609761129116 -0.9232285779871245 -1.5365637817355504 -0.9773463900825738 -0.6165609761129116 -0.8691107658916752 -0.3459719156356649 -0.12950066725386747 -0.4902860812235298 -0.18361847934931683 -0.11146139655538435 -0.6526395175098778 -0.688718058906844 -0.5444038933189791 -1.5185245110370673 -1.2118569091628544 -0.11146139655538435 -0.526364622620496 -0.09342212585690124 0 
0 -0.1655792086508337 -0.09342212585690124 0.12304912252489614 0.0689313104294468 -0.5624431640174622 -0.5444038933189791 -0.7789144123992596 -1.446367428243135 -0.8691107658916752 -0.5083253519220129 -0.7428358710022934 -0.3098933742386986 -0.07538285515841812 -0.5444038933189791 -0.11146139655538435 -0.09342212585690124 -0.5804824347159454 -0.5083253519220129 -0.4722468105250467 -1.3922496161476856 -1.139699826368922 -0.1475399379523506 -0.43616826912808043 -0.021265043062968784 0 
0 -0.25577556214324926 -0.23773629144476616 0.0689313104294468 -0.039304313761451895 -0.7067573296053271 -0.5083253519220129 -0.688718058906844 -1.4102888868461687 -0.8149929537962258 -0.4902860812235298 -1.01342493147954 -0.6346002468113947 0.21324547601731172 0.1771669346203455 0.05089203973096368 -0.1655792086508337 -0.5083253519220129 -0.25577556214324926 -0.3459719156356649 -1.3561710747507194 -0.9953856607810571 -0.07538285515841812 -0.4722468105250467 -0.09342212585690124 0 
0 -0.3820504570326311 -0.2918541035402155 -0.09342212585690124 -0.12950066725386747 -0.7969536830977427 -0.5444038933189791 -0.8330322244947089 -1.5546030524340335 -0.9232285779871245 -0.5804824347159454 -1.320092533353753 -0.9232285779871245 1.1332482816399505 1.6383478611974778 -0.039304313761451895 -0.8871500365901583 -1.1036212849719558 -0.4722468105250467 -0.3820504570326311 -1.446367428243135 -1.01342493147954 -0.039304313761451895 -0.5083253519220129 -0.039304313761451895 0 
0 -0.364011186334148 -0.43616826912808043 -0.11146139655538435 -0.12950066725386747 -0.688718058906844 -0.5083253519220129 -0.8871500365901583 -1.5185245110370673 -0.8691107658916752 -0.5804824347159454 -1.1036212849719558 -0.3098933742386986 0.8626592211627039 0.4297167243991091 -0.5624431640174622 -0.7247966003038103 -0.9051893072886414 -0.3098933742386986 -0.5624431640174622 -1.5185245110370673 -1.0675427435749896 -0.12950066725386747 -0.4902860812235298 -0.05734358445993502 0 
0 -0.8510714951931921 -1.1216605556704389 -0.364011186334148 -0.3820504570326311 -0.4722468105250467 -0.41812899842959733 -0.8510714951931921 -1.2479354505598206 -0.8510714951931921 -0.2738148328417324 0.7003057848763559 1.818740568182309 1.512072966308096 0.8446199504642208 0.12304912252489614 0.1771669346203455 0.6281487020824233 0.880698491861187 0.24932401741427795 -1.3020532626552699 -1.0314642021780231 -0.12950066725386747 -0.40008972773111423 -0.12950066725386747 0 
0 -1.2659747212583037 -1.1938176384643713 -0.6706787882083609 -0.43616826912808043 -0.688718058906844 -0.6526395175098778 -0.688718058906844 -0.7067573296053271 -0.5083253519220129 1.1873660937354 1.1873660937354 0.26736328811276105 -0.8149929537962258 -1.1036212849719558 0.14108839322337927 -0.7067573296053271 -1.139699826368922 -0.6526395175098778 0.411677453700626 0.3214811002082104 -0.688718058906844 0.014813498333997447 -0.364011186334148 -0.25577556214324926 0 
0 -0.7608751417007765 -0.364011186334148 -0.3820504570326311 0.014813498333997447 -0.6706787882083609 -0.688718058906844 -0.20165775004779993 0.24932401741427795 0.880698491861187 1.9089369216747245 0.23128474671579483 -0.7608751417007765 -1.4283281575446518 -1.3561710747507194 0.15912766392186237 -0.6706787882083609 -1.6447994059264492 -1.8071528422127972 -1.1036212849719558 1.0791304695445012 0.6461879727809064 0.1952062053188286 -0.5444038933189791 -0.7247966003038103 0 
0 -0.9412678486856076 -0.3459719156356649 -0.5083253519220129 -0.1475399379523506 -0.1655792086508337 0.21324547601731172 0.5199130778915246 1.025012657449052 0.6642272434793896 0.9889341160520857 -0.3279326449371817 -0.2918541035402155 -1.4102888868461687 -1.3561710747507194 0.3395203709066935 -0.5985217054144285 -1.2659747212583037 -1.5365637817355504 -1.4824459696401011 0.39363818300214287 1.5661907784035454 0.6822665141778728 0.3034418295097273 -0.7247966003038103 0 
0 -0.3459719156356649 0.555991619288491 1.061091198846018 1.5842300491020285 1.9269761923732076 2.1975652528504543 1.9269761923732076 2.2697223356443867 1.025012657449052 -0.6526395175098778 -1.3561710747507194 -1.320092533353753 -1.4283281575446518 -1.2840139919567868 0.3395203709066935 -0.8691107658916752 -1.157739097067405 -1.1036212849719558 -1.2298961798613375 -0.07538285515841812 1.5842300491020285 1.5301122370065792 1.512072966308096 1.0069733867505688 0 
0 2.125408170056522 2.486193584026184 2.5403113961216333 2.5583506668201164 2.486193584026184 2.4140365012322516 2.4140365012322516 2.2697223356443867 1.4218766128156803 0.21324547601731172 0.1771669346203455 0.3214811002082104 0.48383453649455843 0.37559891230365977 0.880698491861187 0.6281487020824233 0.574030889986974 0.7003057848763559 0.5379523485900078 0.8446199504642208 1.692465673292927 1.7465834853883766 1.818740568182309 1.8908976509762414 0 
0 2.468154313327701 2.341879418438319 2.0712903579610726 2.0171725458656233 1.7646227560868597 1.7105049439914102 1.674426402594444 1.6022693198005116 1.6203085904989947 1.6203085904989947 1.4759944249111299 1.3316802593232648 1.6563871318959609 0.6461879727809064 1.061091198846018 1.7285442146898935 1.5661907784035454 1.512072966308096 0.718345055574839 0.5018738071930415 1.169326823036917 1.1873660937354 1.1512875523384336 1.1152090109414674 0 
0 1.367758800720231 1.692465673292927 1.4759944249111299 0.5018738071930415 -0.3459719156356649 -0.20165775004779993 -0.2738148328417324 -0.20165775004779993 -0.1655792086508337 -0.20165775004779993 0.0689313104294468 0.10500985182641302 -0.039304313761451895 -0.07538285515841812 0.24932401741427795 0.555991619288491 0.14108839322337927 -0.23773629144476616 -0.5624431640174622 -0.6526395175098778 -0.7969536830977427 -0.6165609761129116 0.014813498333997447 0.3214811002082104 0 
0 1.043051928147535 1.367758800720231 -0.3820504570326311 -1.5906815938309997 -1.789113571514314 -1.2118569091628544 -0.039304313761451895 0.12304912252489614 0.28540255881124416 0.4297167243991091 0.48383453649455843 0.48383453649455843 0.9167770332581532 1.1332482816399505 1.1873660937354 1.3136409886247817 1.0971697402429843 0.9528555746551195 0.9348163039566363 -0.25577556214324926 -1.6628386766249323 -1.446367428243135 0.3575596416051766 1.169326823036917 0 
0 1.2956017179262986 0.39363818300214287 -1.464406698941618 -1.464406698941618 -1.4824459696401011 -1.320092533353753 0.9708948453536026 1.5301122370065792 1.6203085904989947 1.674426402594444 1.6203085904989947 1.5301122370065792 1.7646227560868597 1.692465673292927 1.6383478611974778 1.692465673292927 1.6383478611974778 1.5301122370065792 1.025012657449052 -1.0314642021780231 -1.2118569091628544 -1.3561710747507194 -0.5624431640174622 0.8265806797657377 0 
0 0.9889341160520857 -0.5624431640174622 -1.5004852403385842 -0.6706787882083609 -0.5804824347159454 -1.3381318040522363 0.3395203709066935 1.512072966308096 1.6203085904989947 1.6563871318959609 1.674426402594444 1.7105049439914102 1.7105049439914102 1.6383478611974778 1.5661907784035454 1.5661907784035454 1.5481515077050623 1.4038373421171972 0.3395203709066935 -1.1036212849719558 -0.021265043062968784 -0.5985217054144285 -0.8149929537962258 0.7905021383687714 0 
0 1.1152090109414674 -0.07538285515841812 -1.2118569091628544 -0.12950066725386747 0.05089203973096368 -1.0855820142734727 -0.09342212585690124 1.2054053644338831 1.2775624472278155 1.2234446351323662 1.1873660937354 1.1873660937354 1.1512875523384336 1.1512875523384336 1.025012657449052 0.9528555746551195 0.8987377625596701 0.7905021383687714 -0.3820504570326311 -0.9773463900825738 0.4297167243991091 -0.2738148328417324 -0.7247966003038103 0.3034418295097273 0 
0 0.555991619288491 0.14108839322337927 -1.0495034728765062 -0.21969702074628306 -0.1475399379523506 -1.0675427435749896 -1.1036212849719558 -0.6526395175098778 -0.688718058906844 -0.7067573296053271 -0.7247966003038103 -0.7067573296053271 -0.7067573296053271 -0.8149929537962258 -0.8510714951931921 -0.9232285779871245 -1.0314642021780231 -1.0855820142734727 -1.3381318040522363 -1.01342493147954 -0.1475399379523506 -0.45420753982656353 -0.9232285779871245 -0.3459719156356649 0 
0 -0.3820504570326311 -1.0314642021780231 -1.2840139919567868 -0.6706787882083609 -0.7969536830977427 -1.4102888868461687 -1.5906815938309997 -1.5906815938309997 -1.6267601352279661 -1.5906815938309997 -1.5365637817355504 -1.5004852403385842 -1.446367428243135 -1.5365637817355504 -1.5365637817355504 -1.5365637817355504 -1.5546030524340335 -1.5365637817355504 -1.5004852403385842 -1.3381318040522363 -0.688718058906844 -1.0675427435749896 -1.4102888868461687 -1.139699826368922 0 
0 -0.7428358710022934 -1.0675427435749896 -1.4283281575446518 -1.3742103454492025 -1.446367428243135 -1.6087208645294828 -1.5546030524340335 -1.5365637817355504 -1.4102888868461687 -1.3561710747507194 -1.2840139919567868 -1.2118569091628544 -1.2118569091628544 -1.1216605556704389 -1.0855820142734727 -1.0675427435749896 -1.1036212849719558 -1.1216605556704389 -1.1757783677658882 -1.320092533353753 -1.3020532626552699 -1.157739097067405 -1.0314642021780231 -0.9051893072886414 0 
0 -0.4902860812235298 -0.6706787882083609 -0.688718058906844 -0.8149929537962258 -0.9593071193840907 -0.9593071193840907 -0.8149929537962258 -0.688718058906844 -0.4902860812235298 -0.3820504570326311 -0.11146139655538435 0.0689313104294468 0.08697058112792991 0.05089203973096368 -0.039304313761451895 -0.21969702074628306 -0.23773629144476616 -0.20165775004779993 -0.2918541035402155 -0.3098933742386986 -0.40008972773111423 -0.23773629144476616 -0.09342212585690124 -0.021265043062968784 0 
0 0.3395203709066935 0.08697058112792991 0.08697058112792991 0.3034418295097273 0.37559891230365977 0.23128474671579483 0.1952062053188286 0.3214811002082104 0.5199130778915246 0.718345055574839 0.8085414090672545 0.7363843262733221 0.5920701606854571 0.48383453649455843 0.39363818300214287 0.3214811002082104 0.3034418295097273 0.3395203709066935 0.26736328811276105 0.23128474671579483 0.1771669346203455 0.08697058112792991 0.12304912252489614 0.3214811002082104 0 
0 1.0069733867505688 0.9348163039566363 0.880698491861187 0.9708948453536026 1.2956017179262986 1.4038373421171972 1.4038373421171972 1.3857980714187141 1.2054053644338831 1.0791304695445012 1.061091198846018 1.043051928147535 1.0791304695445012 1.061091198846018 0.9708948453536026 0.8265806797657377 0.7544235969718052 0.7544235969718052 0.6822665141778728 0.5920701606854571 0.6101094313839402 0.574030889986974 0.555991619288491 0.555991619288491 0 
0 0 0 0 0 0 0 0 0 0 0 0 0 0 0 0 0 0 0 0 0 0 0 0 0 0 

0 0 0 0 0 0 0 0 0 0 0 0 0 0 0 0 0 0 0 0 0 0 0 0 0 0 
0 0.14108839322337927 0.23128474671579483 0.4297167243991091 0.14108839322337927 -0.526364622620496 -0.45420753982656353 -0.6526395175098778 -1.464406698941618 -1.0675427435749896 -0.7608751417007765 -1.0495034728765062 -0.40008972773111423 -0.2738148328417324 -0.5804824347159454 -0.3459719156356649 -0.09342212585690124 -0.688718058906844 -0.7789144123992596 -0.5444038933189791 -1.5726423231325166 -1.3381318040522363 -0.2738148328417324 -0.7969536830977427 -0.41812899842959733 0 
0 -0.07538285515841812 0.014813498333997447 0.1952062053188286 0.14108839322337927 -0.4902860812235298 -0.5083253519220129 -0.8510714951931921 -1.5185245110370673 -0.9953856607810571 -0.6706787882083609 -0.9773463900825738 -0.45420753982656353 -0.23773629144476616 -0.5985217054144285 -0.25577556214324926 -0.1475399379523506 -0.6706787882083609 -0.7247966003038103 -0.5804824347159454 -1.5546030524340335 -1.2298961798613375 -0.18361847934931683 -0.6526395175098778 -0.25577556214324926 0 
0 -0.1475399379523506 -0.11146139655538435 0.10500985182641302 0.05089203973096368 -0.5444038933189791 -0.41812899842959733 -0.688718058906844 -1.4102888868461687 -0.8871500365901583 -0.5624431640174622 -0.8510714951931921 -0.41812899842959733 -0.18361847934931683 -0.6526395175098778 -0.21969702074628306 -0.18361847934931683 -0.6706787882083609 -0.5985217054144285 -0.5624431640174622 -1.464406698941618 -1.157739097067405 -0.18361847934931683 -0.5444038933189791 -0.1655792086508337 0 
0 -0.23773629144476616 -0.21969702074628306 0.0689313104294468 -0.039304313761451895 -0.6706787882083609 -0.40008972773111423 -0.5804824347159454 -1.3381318040522363 -0.7789144123992596 -0.4722468105250467 -1.0675427435749896 -0.7428358710022934 0.0689313104294468 -0.0032257723644856674 -0.1475399379523506 -0.3459719156356649 -0.6706787882083609 -0.40008972773111423 -0.45420753982656353 -1.4283281575446518 -1.0314642021780231 -0.12950066725386747 -0.5985217054144285 -0.23773629144476616 0 
0 -0.3279326449371817 -0.25577556214324926 -0.039304313761451895 -0.09342212585690124 -0.7428358710022934 -0.45420753982656353 -0.7247966003038103 -1.4283281575446518 -0.7969536830977427 -0.45420753982656353 -1.3020532626552699 -0.9773463900825738 0.9528555746551195 1.349719530021748 -0.3820504570326311 -1.1757783677658882 -1.3381318040522363 -0.6165609761129116 -0.43616826912808043 -1.464406698941618 -1.0675427435749896 -0.11146139655538435 -0.6526395175098778 -0.20165775004779993 0 
0 -0.2918541035402155 -0.364011186334148 -0.039304313761451895 -0.05734358445993502 -0.6346002468113947 -0.4722468105250467 -0.8330322244947089 -1.446367428243135 -0.7969536830977427 -0.4902860812235298 -0.9953856607810571 -0.2738148328417324 0.7544235969718052 0.21324547601731172 -0.8149929537962258 -0.9232285779871245 -1.0495034728765062 -0.3820504570326311 -0.5624431640174622 -1.5004852403385842 -1.1036212849719558 -0.20165775004779993 -0.6165609761129116 -0.21969702074628306 0 
0 -0.7608751417007765 -1.0314642021780231 -0.2738148328417324 -0.2918541035402155 -0.40008972773111423 -0.43616826912808043 -0.8691107658916752 -1.2479354505598206 -0.8510714951931921 -0.20165775004779993 0.8987377625596701 1.9450154630716907 1.5301122370065792 0.7544235969718052 0.014813498333997447 0.12304912252489614 0.6281487020824233 0.8987377625596701 0.3214811002082104 -1.2298961798613375 -1.0495034728765062 -0.18361847934931683 -0.5083253519220129 -0.2738148328417324 0 
0 -1.1757783677658882 -1.0855820142734727 -0.5624431640174622 -0.3279326449371817 -0.6165609761129116 -0.6706787882083609 -0.7247966003038103 -0.7247966003038103 -0.5444038933189791 1.2414839058308493 1.4579551542126468 0.48383453649455843 -0.688718058906844 -1.0495034728765062 0.1771669346203455 -0.5985217054144285 -1.0314642021780231 -0.526364622620496 0.555991619288491 0.4297167243991091 -0.6526395175098778 -0.021265043062968784 -0.43616826912808043 -0.3820504570326311 0 
0 -0.6526395175098778 -0.25577556214324926 -0.2738148328417324 0.14108839322337927 -0.5804824347159454 -0.7067573296053271 -0.23773629144476616 0.21324547601731172 0.8446199504642208 1.9630547337701738 0.5379523485900078 -0.4722468105250467 -1.2298961798613375 -1.2118569091628544 0.28540255881124416 -0.4722468105250467 -1.446367428243135 -1.6267601352279661 -0.9051893072886414 1.2234446351323662 0.7003057848763559 0.21324547601731172 -0.5804824347159454 -0.8149929537962258 0 
0 -0.8330322244947089 -0.21969702074628306 -0.3820504570326311 -0.021265043062968784 -0.05734358445993502 0.21324547601731172 0.5199130778915246 1.025012657449052 0.6461879727809064 1.025012657449052 -0.07538285515841812 -0.021265043062968784 -1.1757783677658882 -1.157739097067405 0.555991619288491 -0.3098933742386986 -1.01342493147954 -1.3381318040522363 -1.320092533353753 0.5199130778915246 1.6383478611974778 0.7363843262733221 0.3034418295097273 -0.7789144123992596 0 
0 -0.23773629144476616 0.6642272434793896 1.169326823036917 1.692465673292927 2.0171725458656233 2.2697223356443867 1.9991332751671402 2.323840147739836 1.0791304695445012 -0.5804824347159454 -1.1938176384643713 -1.139699826368922 -1.2118569091628544 -1.0675427435749896 0.574030889986974 -0.5624431640174622 -0.9051893072886414 -0.9412678486856076 -1.1216605556704389 0.032852769032480564 1.692465673292927 1.6022693198005116 1.5301122370065792 0.9889341160520857 0 
0 2.2156045235489374 2.5763899375185995 2.648547020312532 2.648547020312532 2.6124684789155657 2.5583506668201164 2.5583506668201164 2.4140365012322516 1.5481515077050623 0.3034418295097273 0.24932401741427795 0.4297167243991091 0.6281487020824233 0.574030889986974 1.1332482816399505 0.9167770332581532 0.7905021383687714 0.8446199504642208 0.6101094313839402 0.9167770332581532 1.800701297483826 1.836779838880792 1.8728583802777583 1.8908976509762414 0 
0 2.486193584026184 2.3959972305337685 2.2156045235489374 2.2156045235489374 1.9991332751671402 1.9450154630716907 1.9269761923732076 1.836779838880792 1.836779838880792 1.800701297483826 1.5301122370065792 1.4038373421171972 1.7465834853883766 0.7544235969718052 1.1873660937354 1.836779838880792 1.674426402594444 1.6203085904989947 0.8446199504642208 0.6642272434793896 1.367758800720231 1.3316802593232648 1.1512875523384336 0.9889341160520857 0 
0 1.2956017179262986 1.692465673292927 1.6203085904989947 0.7724628676702883 -0.021265043062968784 0.08697058112792991 0.032852769032480564 0.08697058112792991 0.12304912252489614 0.032852769032480564 0.12304912252489614 0.14108839322337927 -0.0032257723644856674 -0.039304313761451895 0.23128474671579483 0.46579526579607533 0.12304912252489614 -0.12950066725386747 -0.3279326449371817 -0.364011186334148 -0.4902860812235298 -0.45420753982656353 -0.021265043062968784 0.10500985182641302 0 
0 1.043051928147535 1.4218766128156803 -0.2738148328417324 -1.3922496161476856 -1.5546030524340335 -1.01342493147954 0.1771669346203455 0.3214811002082104 0.48383453649455843 0.5920701606854571 0.5199130778915246 0.5018738071930415 0.9348163039566363 1.1512875523384336 1.1873660937354 1.2414839058308493 1.0971697402429843 1.061091198846018 1.1512875523384336 -0.021265043062968784 -1.464406698941618 -1.3381318040522363 0.3395203709066935 1.043051928147535 0 
0 1.4038373421171972 0.5018738071930415 -1.3922496161476856 -1.3922496161476856 -1.3922496161476856 -1.2298961798613375 1.0791304695445012 1.6203085904989947 1.7105049439914102 1.7646227560868597 1.6203085904989947 1.5301122370065792 1.7646227560868597 1.692465673292927 1.6203085904989947 1.6383478611974778 1.6383478611974778 1.6203085904989947 1.2054053644338831 -0.8691107658916752 -1.157739097067405 -1.320092533353753 -0.5624431640174622 0.7724628676702883 0 
0 1.1512875523384336 -0.41812899842959733 -1.446367428243135 -0.6706787882083609 -0.6165609761129116 -1.3381318040522363 0.3395203709066935 1.512072966308096 1.6203085904989947 1.6563871318959609 1.6563871318959609 1.692465673292927 1.692465673292927 1.6203085904989947 1.5481515077050623 1.5301122370065792 1.5301122370065792 1.4759944249111299 0.46579526579607533 -1.0314642021780231 -0.07538285515841812 -0.6346002468113947 -0.8330322244947089 0.7905021383687714 0 
0 1.2234446351323662 0.014813498333997447 -1.1938176384643713 -0.1655792086508337 -0.021265043062968784 -1.139699826368922 -0.1475399379523506 1.1512875523384336 1.2234446351323662 1.1873660937354 1.169326823036917 1.169326823036917 1.1332482816399505 1.1152090109414674 1.0069733867505688 0.9348163039566363 0.880698491861187 0.8265806797657377 -0.3279326449371817 -0.9773463900825738 0.3034418295097273 -0.364011186334148 -0.7789144123992596 0.3034418295097273 0 
0 0.5379523485900078 0.14108839322337927 -1.0495034728765062 -0.21969702074628306 -0.1655792086508337 -1.1036212849719558 -1.157739097067405 -0.7067573296053271 -0.7428358710022934 -0.7608751417007765 -0.7789144123992596 -0.7608751417007765 -0.7428358710022934 -0.8510714951931921 -0.9051893072886414 -0.9412678486856076 -1.0495034728765062 -1.1036212849719558 -1.3381318040522363 -1.0675427435749896 -0.2738148328417324 -0.5804824347159454 -1.01342493147954 -0.40008972773111423 0 
0 -0.5624431640174622 -1.139699826368922 -1.3020532626552699 -0.6346002468113947 -0.7247966003038103 -1.4102888868461687 -1.6087208645294828 -1.6087208645294828 -1.6447994059264492 -1.6267601352279661 -1.6447994059264492 -1.5906815938309997 -1.5546030524340335 -1.6267601352279661 -1.6087208645294828 -1.5546030524340335 -1.5906815938309997 -1.5906815938309997 -1.5546030524340335 -1.4102888868461687 -0.8149929537962258 -1.2118569091628544 -1.5365637817355504 -1.2840139919567868 0 
0 -1.0314642021780231 -1.2479354505598206 -1.464406698941618 -1.2840139919567868 -1.3020532626552699 -1.5726423231325166 -1.5185245110370673 -1.5004852403385842 -1.3742103454492025 -1.3742103454492025 -1.4102888868461687 -1.3561710747507194 -1.3381318040522363 -1.2659747212583037 -1.1757783677658882 -1.0855820142734727 -1.157739097067405 -1.1938176384643713 -1.2840139919567868 -1.4102888868461687 -1.3922496161476856 -1.3020532626552699 -1.2118569091628544 -1.1216605556704389 0 
0 -0.7247966003038103 -0.8510714951931921 -0.8149929537962258 -0.8871500365901583 -1.01342493147954 -1.0314642021780231 -0.9232285779871245 -0.7789144123992596 -0.5624431640174622 -0.4902860812235298 -0.3459719156356649 -0.18361847934931683 -0.1655792086508337 -0.18361847934931683 -0.2738148328417324 -0.40008972773111423 -0.43616826912808043 -0.41812899842959733 -0.5083253519220129 -0.5083253519220129 -0.5444038933189791 -0.40008972773111423 -0.2918541035402155 -0.23773629144476616 0 
0 0.12304912252489614 -0.12950066725386747 -0.12950066725386747 0.08697058112792991 0.14108839322337927 0.032852769032480564 -0.021265043062968784 0.12304912252489614 0.3395203709066935 0.48383453649455843 0.46579526579607533 0.37559891230365977 0.23128474671579483 0.12304912252489614 0.05089203973096368 -0.0032257723644856674 -0.021265043062968784 0.014813498333997447 -0.05734358445993502 -0.07538285515841812 -0.05734358445993502 -0.12950066725386747 -0.09342212585690124 0.08697058112792991 0 
0 0.718345055574839 0.6461879727809064 0.6101094313839402 0.6822665141778728 1.0069733867505688 1.0971697402429843 1.0971697402429843 1.0971697402429843 0.9167770332581532 0.7544235969718052 0.6281487020824233 0.6101094313839402 0.6461879727809064 0.6281487020824233 0.5379523485900078 0.44775599509759223 0.37559891230365977 0.3575596416051766 0.3034418295097273 0.23128474671579483 0.26736328811276105 0.23128474671579483 0.21324547601731172 0.23128474671579483 0 
0 0 0 0 0 0 0 0 0 0 0 0 0 0 0 0 0 0 0 0 0 0 0 0 0 0 

0 0 0 0 0 0 0 0 0 0 0 0 0 0 0 0 0 0 0 0 0 0 0 0 0 0 
0 0.08697058112792991 0.21324547601731172 0.48383453649455843 0.23128474671579483 -0.40008972773111423 -0.3279326449371817 -0.5083253519220129 -1.3020532626552699 -0.8871500365901583 -0.5804824347159454 -0.8510714951931921 -0.20165775004779993 -0.07538285515841812 -0.3820504570326311 -0.1655792086508337 0.05089203973096368 -0.5624431640174622 -0.6526395175098778 -0.41812899842959733 -1.3922496161476856 -1.1216605556704389 -0.07538285515841812 -0.6346002468113947 -0.2918541035402155 0 
0 -0.07538285515841812 0.032852769032480564 0.28540255881124416 0.24932401741427795 -0.3459719156356649 -0.3459719156356649 -0.688718058906844 -1.320092533353753 -0.7969536830977427 -0.45420753982656353 -0.7428358710022934 -0.21969702074628306 -0.0032257723644856674 -0.364011186334148 -0.039304313761451895 0.0689313104294468 -0.4722468105250467 -0.5083253519220129 -0.364011186334148 -1.320092533353753 -0.9773463900825738 0.0689313104294468 -0.43616826912808043 -0.09342212585690124 0 
0 -0.1475399379523506 -0.07538285515841812 0.1952062053188286 0.1771669346203455 -0.40008972773111423 -0.23773629144476616 -0.4902860812235298 -1.1938176384643713 -0.6706787882083609 -0.3279326449371817 -0.5985217054144285 -0.1655792086508337 0.0689313104294468 -0.3820504570326311 0.05089203973096368 0.08697058112792991 -0.40008972773111423 -0.3279326449371817 -0.2918541035402155 -1.1757783677658882 -0.8510714951931921 0.0689313104294468 -0.3098933742386986 0.05089203973096368 0 
0 -0.12950066725386747 -0.09342212585690124 0.23128474671579483 0.15912766392186237 -0.43616826912808043 -0.1475399379523506 -0.3459719156356649 -1.1216605556704389 -0.5624431640174622 -0.25577556214324926 -0.8330322244947089 -0.5083253519220129 0.28540255881124416 0.1771669346203455 0.0689313104294468 -0.07538285515841812 -0.41812899842959733 -0.12950066725386747 -0.21969702074628306 -1.157739097067405 -0.7247966003038103 0.14108839322337927 -0.3459719156356649 -0.021265043062968784 0 
0 -0.05734358445993502 0.05089203973096368 0.24932401741427795 0.21324547601731172 -0.41812899842959733 -0.07538285515841812 -0.40008972773111423 -1.1757783677658882 -0.6165609761129116 -0.3098933742386986 -1.1036212849719558 -0.8149929537962258 1.0971697402429843 1.4399158835141637 -0.2738148328417324 -0.9593071193840907 -1.139699826368922 -0.43616826912808043 -0.2918541035402155 -1.2840139919567868 -0.7969536830977427 0.14108839322337927 -0.41812899842959733 -0.021265043062968784 0 
0 -0.07538285515841812 -0.1475399379523506 0.1771669346203455 0.15912766392186237 -0.40008972773111423 -0.1475399379523506 -0.5444038933189791 -1.2479354505598206 -0.6526395175098778 -0.3820504570326311 -0.8691107658916752 -0.1475399379523506 0.880698491861187 0.3575596416051766 -0.6526395175098778 -0.6706787882083609 -0.7969536830977427 -0.1655792086508337 -0.364011186334148 -1.2840139919567868 -0.8330322244947089 0.05089203973096368 -0.3820504570326311 -0.039304313761451895 0 
0 -0.6706787882083609 -0.9412678486856076 -0.18361847934931683 -0.21969702074628306 -0.2918541035402155 -0.21969702074628306 -0.6706787882083609 -1.1216605556704389 -0.7789144123992596 -0.1655792086508337 0.9167770332581532 2.0171725458656233 1.692465673292927 0.9889341160520857 0.28540255881124416 0.44775599509759223 0.9348163039566363 1.2054053644338831 0.6101094313839402 -0.9412678486856076 -0.7789144123992596 0.0689313104294468 -0.2918541035402155 -0.11146139655538435 0 
0 -1.1757783677658882 -1.1036212849719558 -0.5804824347159454 -0.3459719156356649 -0.5985217054144285 -0.5804824347159454 -0.6526395175098778 -0.6706787882083609 -0.5083253519220129 1.2414839058308493 1.4399158835141637 0.5379523485900078 -0.4902860812235298 -0.7428358710022934 0.5379523485900078 -0.25577556214324926 -0.6706787882083609 -0.18361847934931683 0.8987377625596701 0.7363843262733221 -0.40008972773111423 0.23128474671579483 -0.21969702074628306 -0.21969702074628306 0 
0 -0.7428358710022934 -0.3459719156356649 -0.3820504570326311 0.032852769032480564 -0.6526395175098778 -0.7067573296053271 -0.21969702074628306 0.23128474671579483 0.8626592211627039 1.9991332751671402 0.555991619288491 -0.3820504570326311 -0.9953856607810571 -0.8691107658916752 0.6642272434793896 -0.11146139655538435 -1.1036212849719558 -1.2659747212583037 -0.5444038933189791 1.5481515077050623 0.9528555746551195 0.44775599509759223 -0.40008972773111423 -0.6706787882083609 0 
0 -0.9412678486856076 -0.3459719156356649 -0.5083253519220129 -0.1475399379523506 -0.1655792086508337 0.1771669346203455 0.5018738071930415 1.043051928147535 0.718345055574839 1.1512875523384336 0.08697058112792991 0.1771669346203455 -0.9051893072886414 -0.8330322244947089 0.8987377625596701 -0.0032257723644856674 -0.7067573296053271 -0.9953856607810571 -0.9773463900825738 0.8446199504642208 1.8728583802777583 0.9528555746551195 0.48383453649455843 -0.6346002468113947 0 
0 -0.3279326449371817 0.5920701606854571 1.0791304695445012 1.6022693198005116 1.9450154630716907 2.2156045235489374 1.981094004468657 2.3599186891368023 1.2054053644338831 -0.3820504570326311 -0.8510714951931921 -0.8149929537962258 -0.9051893072886414 -0.7608751417007765 0.8626592211627039 -0.2918541035402155 -0.6165609761129116 -0.6165609761129116 -0.7789144123992596 0.3575596416051766 1.9269761923732076 1.818740568182309 1.7105049439914102 1.1152090109414674 0 
0 2.161486711453488 2.5403113961216333 2.6124684789155657 2.6124684789155657 2.5583506668201164 2.52227212542315 2.5763899375185995 2.486193584026184 1.7285442146898935 0.5920701606854571 0.7363843262733221 0.880698491861187 0.9708948453536026 0.8446199504642208 1.349719530021748 1.1332482816399505 1.043051928147535 1.1152090109414674 0.9167770332581532 1.2054053644338831 2.0352118165641064 2.0352118165641064 2.0352118165641064 2.0171725458656233 0 
0 2.486193584026184 2.4140365012322516 2.2336437942474205 2.2336437942474205 2.0532510872625895 2.143447440755005 2.161486711453488 2.125408170056522 2.1795259821519712 2.1795259821519712 1.9630547337701738 1.800701297483826 2.0712903579610726 1.025012657449052 1.4038373421171972 2.0532510872625895 1.9450154630716907 1.9630547337701738 1.2414839058308493 1.0971697402429843 1.800701297483826 1.674426402594444 1.4218766128156803 1.169326823036917 0 
0 1.349719530021748 1.7646227560868597 1.7105049439914102 0.8626592211627039 0.15912766392186237 0.5199130778915246 0.48383453649455843 0.555991619288491 0.5920701606854571 0.44775599509759223 0.39363818300214287 0.411677453700626 0.26736328811276105 0.21324547601731172 0.48383453649455843 0.718345055574839 0.44775599509759223 0.28540255881124416 0.15912766392186237 0.21324547601731172 0.10500985182641302 0.032852769032480564 0.3214811002082104 0.3034418295097273 0 
0 1.0791304695445012 1.4759944249111299 -0.18361847934931683 -1.2659747212583037 -1.3742103454492025 -0.6346002468113947 0.574030889986974 0.718345055574839 0.8987377625596701 0.9528555746551195 0.7544235969718052 0.718345055574839 1.1512875523384336 1.367758800720231 1.3857980714187141 1.4218766128156803 1.349719530021748 1.4038373421171972 1.5661907784035454 0.44775599509759223 -0.9953856607810571 -0.9412678486856076 0.6281487020824233 1.2414839058308493 0 
0 1.4218766128156803 0.5379523485900078 -1.2840139919567868 -1.2298961798613375 -1.1757783677658882 -0.9412678486856076 1.367758800720231 1.9269761923732076 2.0171725458656233 2.0171725458656233 1.7646227560868597 1.6563871318959609 1.8908976509762414 1.836779838880792 1.7465834853883766 1.7465834853883766 1.800701297483826 1.8548191095792752 1.494033695609613 -0.5444038933189791 -0.8691107658916752 -1.0495034728765062 -0.3279326449371817 1.0069733867505688 0 
0 1.1512875523384336 -0.40008972773111423 -1.320092533353753 -0.4902860812235298 -0.3820504570326311 -1.1036212849719558 0.5920701606854571 1.7465834853883766 1.8728583802777583 1.8728583802777583 1.7646227560868597 1.7826620267853428 1.7826620267853428 1.7105049439914102 1.6383478611974778 1.6022693198005116 1.6563871318959609 1.6383478611974778 0.6642272434793896 -0.8330322244947089 0.10500985182641302 -0.43616826912808043 -0.6165609761129116 1.043051928147535 0 
0 1.2414839058308493 0.0689313104294468 -1.0675427435749896 0.05089203973096368 0.23128474671579483 -0.9232285779871245 0.0689313104294468 1.349719530021748 1.4218766128156803 1.367758800720231 1.2775624472278155 1.2595231765293324 1.2414839058308493 1.2234446351323662 1.0971697402429843 1.025012657449052 0.9889341160520857 0.9528555746551195 -0.1655792086508337 -0.8149929537962258 0.46579526579607533 -0.1655792086508337 -0.526364622620496 0.574030889986974 0 
0 0.574030889986974 0.21324547601731172 -0.9232285779871245 -0.039304313761451895 0.05089203973096368 -0.9051893072886414 -0.9593071193840907 -0.5083253519220129 -0.5444038933189791 -0.5624431640174622 -0.6165609761129116 -0.5985217054144285 -0.5804824347159454 -0.688718058906844 -0.7428358710022934 -0.7969536830977427 -0.9051893072886414 -0.9412678486856076 -1.1938176384643713 -0.8871500365901583 -0.021265043062968784 -0.3098933742386986 -0.7067573296053271 -0.05734358445993502 0 
0 -0.4722468105250467 -1.0314642021780231 -1.157739097067405 -0.45420753982656353 -0.526364622620496 -1.1938176384643713 -1.3742103454492025 -1.3922496161476856 -1.4283281575446518 -1.3922496161476856 -1.3922496161476856 -1.3381318040522363 -1.3020532626552699 -1.3742103454492025 -1.3561710747507194 -1.320092533353753 -1.3561710747507194 -1.3742103454492025 -1.3561710747507194 -1.139699826368922 -0.40008972773111423 -0.8149929537962258 -1.139699826368922 -0.9051893072886414 0 
0 -0.9232285779871245 -1.1036212849719558 -1.320092533353753 -1.139699826368922 -1.139699826368922 -1.3381318040522363 -1.3020532626552699 -1.2840139919567868 -1.157739097067405 -1.1216605556704389 -1.1036212849719558 -1.0314642021780231 -1.01342493147954 -0.9412678486856076 -0.8691107658916752 -0.7969536830977427 -0.8510714951931921 -0.9232285779871245 -1.01342493147954 -1.0855820142734727 -0.8871500365901583 -0.8149929537962258 -0.7789144123992596 -0.7067573296053271 0 
0 -0.688718058906844 -0.7789144123992596 -0.7608751417007765 -0.8330322244947089 -0.9232285779871245 -0.8871500365901583 -0.7789144123992596 -0.6706787882083609 -0.4902860812235298 -0.40008972773111423 -0.18361847934931683 -0.0032257723644856674 -0.0032257723644856674 -0.021265043062968784 -0.09342212585690124 -0.1655792086508337 -0.20165775004779993 -0.18361847934931683 -0.2738148328417324 -0.25577556214324926 -0.21969702074628306 -0.07538285515841812 0.014813498333997447 0.05089203973096368 0 
0 0.08697058112792991 -0.1475399379523506 -0.1655792086508337 0.0689313104294468 0.14108839322337927 0.08697058112792991 0.014813498333997447 0.08697058112792991 0.26736328811276105 0.411677453700626 0.48383453649455843 0.411677453700626 0.26736328811276105 0.15912766392186237 0.10500985182641302 0.15912766392186237 0.12304912252489614 0.1771669346203455 0.08697058112792991 0.08697058112792991 0.12304912252489614 0.05089203973096368 0.08697058112792991 0.26736328811276105 0 
0 0.6101094313839402 0.5379523485900078 0.5018738071930415 0.574030889986974 0.9167770332581532 1.0791304695445012 1.043051928147535 0.9889341160520857 0.7724628676702883 0.6101094313839402 0.574030889986974 0.574030889986974 0.6101094313839402 0.5920701606854571 0.5379523485900078 0.5018738071930415 0.4297167243991091 0.4297167243991091 0.37559891230365977 0.3034418295097273 0.39363818300214287 0.3395203709066935 0.3395203709066935 0.3395203709066935 0 
0 0 0 0 0 0 0 0 0 0 0 0 0 0 0 0 0 0 0 0 0 0 0 0 0 0 

