0 0 0 0 0 0 0 0 0 0 0 0 0 0 0 0 0 0 0 0 0 0 0 0 0 0 
0 -1.8091931850059868 -1.8091931850059868 -1.8091931850059868 -1.8091931850059868 -1.8091931850059868 -1.8091931850059868 -1.8091931850059868 -1.8309486760860094 -1.5263718009656915 -0.09050938968419171 0.714443780276649 0.6274218159565581 0.2793339586761946 -0.4821082291246007 -1.1130174704452596 -1.156528452605305 -1.0477509972051915 -0.8954625596450324 -0.5256192112846462 -0.06875389860416899 -0.1775313540042826 -1.243550416925396 -1.3305723812454868 0.38811141407630817 0 
0 -1.8091931850059868 -1.8091931850059868 -1.8091931850059868 -1.8091931850059868 -1.8091931850059868 -1.8309486760860094 -1.722171220685896 -1.548127292045714 -1.0695064882852143 0.25757846759617187 0.714443780276649 0.21406748543612641 -0.24279782724435076 -1.243550416925396 -1.2653059080054188 -0.7214186310048507 -0.4821082291246007 -0.35157528264446436 0.14880101219605824 0.45337788731637635 0.25757846759617187 -0.43859724696455527 -0.699663139924828 -0.1775313540042826 0 
0 -1.8091931850059868 -1.7439267117659185 -1.6569047474458278 -1.722171220685896 -1.787437693925964 -1.8309486760860094 -1.482860818805646 -0.1775313540042826 0.4098669051563309 0.8667322178368081 0.4751333783963991 0.32284494083624005 0.38811141407630817 -0.1775313540042826 0.38811141407630817 1.1277981107970807 1.5629079323975352 1.7151963699576942 1.9980177539979898 2.193817173718194 2.1720616826381716 1.8457293164378306 1.4323749859173989 0.45337788731637635 0 
0 -1.6569047474458278 -1.635149256365805 -1.2870613990854414 -1.091261979365237 -1.4175943455655777 -1.3958388544855551 -0.5256192112846462 0.9972651643169445 1.1277981107970807 0.9102431999968535 0.45337788731637635 1.5411524413175124 2.3025946291183077 2.2590836469582625 2.411372084518421 2.4766385577584895 2.6506824863986713 2.6941934685587166 2.454883066678467 2.672437977478694 2.8464819061188757 2.3243501201983303 2.1067952093981033 1.3235975305172853 0 
0 -1.1782839436853279 -1.4611053277256232 -0.851951577484987 -0.22104233616432806 -0.8084405953249415 -0.6343966666847598 0.5839108337965127 1.28008654835724 0.953754182156899 0.7579547624366945 0.714443780276649 1.5629079323975352 2.6506824863986713 2.9770148525990123 3.0640368169191032 2.9335038704389667 2.8029709239588305 2.411372084518421 2.193817173718194 2.9770148525990123 2.607171504238626 1.5846634234775578 1.6064189145575807 1.5411524413175124 0 
0 -0.7431741220848734 -0.6779076488448053 -0.11226488076421443 0.1923119943561037 -0.7649296131648962 -0.6561521577647825 0.953754182156899 1.345353021597308 1.0842871286370352 1.6716853877976487 2.0850397183180807 2.520149539918535 2.672437977478694 2.498394048838512 2.2373281558782394 2.1067952093981033 1.889240298597876 1.345353021597308 1.8674848075178534 2.7812154328788075 1.6064189145575807 1.4106194948373763 1.976262262917967 1.1277981107970807 0 
0 -0.43859724696455527 -0.0034874253641008187 0.23582297651614914 0.06177904787596735 -0.8954625596450324 -1.0695064882852143 0.2793339586761946 1.1277981107970807 1.6716853877976487 2.5636605220785804 2.7159489596387396 2.672437977478694 2.454883066678467 2.1067952093981033 1.7804628431977625 1.6064189145575807 0.9319986910768763 0.3446004319162627 1.5629079323975352 2.672437977478694 2.585416013158603 2.367861102358376 2.0632842272380576 0.714443780276649 0 
0 -0.5038637202046234 -0.09050938968419171 0.040023556795944625 -0.19928684508430533 -1.0477509972051915 -1.569882783125737 -1.004240015045146 1.2365755661971944 2.6289269953186487 2.6941934685587166 2.0632842272380576 1.8674848075178534 1.6499298967176261 1.1495536018771035 0.9319986910768763 0.7797102535167172 0.1923119943561037 0.1923119943561037 1.3235975305172853 2.041528736158035 1.9327512807579215 1.193064584037149 0.7361992713566717 0.14880101219605824 0 
0 -0.9389735418050779 -0.41684175588453254 -0.5473747023646689 -0.7649296131648962 -1.2217949258453733 -1.3958388544855551 -0.9824845239651233 1.7804628431977625 3.390369183119444 3.238080745559285 1.9545067718379443 0.9319986910768763 0.8014657445967399 0.5403998516364672 0.4098669051563309 0.38811141407630817 0.14880101219605824 -0.02524291644412354 0.2793339586761946 0.3446004319162627 0.1270455211160355 -0.06875389860416899 0.040023556795944625 0.040023556795944625 0 
0 -1.0695064882852143 -0.5473747023646689 -0.5038637202046234 -0.5473747023646689 -0.5691301934446916 -0.4821082291246007 0.3010894497562173 1.976262262917967 2.9335038704389667 2.8464819061188757 2.1067952093981033 1.5411524413175124 1.3888640037573534 1.0407761464769898 0.6926882891966263 0.5403998516364672 0.17055650327608096 -0.3733307737244871 -0.5256192112846462 -0.460352738044578 -0.4821082291246007 -0.460352738044578 -0.32981979156444163 -0.09050938968419171 0 
0 -0.5473747023646689 -0.1775313540042826 0.018268065715921905 0.018268065715921905 0.018268065715921905 -0.02524291644412354 0.6274218159565581 1.8457293164378306 2.7812154328788075 2.8682373971988984 2.0197732450780124 1.4541304769974215 0.9102431999968535 0.4316223962363536 0.018268065715921905 -0.1775313540042826 -0.35157528264446436 -0.699663139924828 -0.6126411756047371 -0.3733307737244871 -0.4821082291246007 -0.6126411756047371 -0.41684175588453254 -0.4821082291246007 0 
0 -0.28630880940439624 -0.22104233616432806 -0.19928684508430533 -0.22104233616432806 -0.13402037184423715 -0.09050938968419171 0.25757846759617187 1.345353021597308 2.1720616826381716 1.802218334277785 0.9102431999968535 -0.1775313540042826 -1.1347729615252824 -1.2870613990854414 -1.3740833634055323 -1.1782839436853279 -0.8954625596450324 -0.9824845239651233 -0.5256192112846462 -0.3733307737244871 -0.5473747023646689 -0.5038637202046234 -0.06875389860416899 -0.3733307737244871 0 
0 -0.5256192112846462 -0.6126411756047371 -0.6343966666847598 -0.7214186310048507 -0.6126411756047371 -0.32981979156444163 0.2793339586761946 1.4758859680774443 2.280839138038285 1.6716853877976487 0.6056663248765354 -0.3080643004844189 -1.0259955061251689 -0.9389735418050779 -0.8301960864049642 -0.6343966666847598 -0.6779076488448053 -0.8954625596450324 -0.8084405953249415 -0.9172180507250551 -1.0259955061251689 -1.1130174704452596 -1.243550416925396 -1.4393498366456006 0 
0 -0.9172180507250551 -0.8301960864049642 -0.6779076488448053 -0.4821082291246007 -0.11226488076421443 0.040023556795944625 0.4316223962363536 1.193064584037149 1.1495536018771035 0.7797102535167172 0.1923119943561037 -0.43859724696455527 -0.9389735418050779 -1.091261979365237 -1.1782839436853279 -1.1347729615252824 -1.1782839436853279 -1.4611053277256232 -1.5916382742057595 -1.5916382742057595 -1.569882783125737 -1.5046163098856686 -1.2870613990854414 -1.1782839436853279 0 
0 -0.19928684508430533 -0.04699840752414627 -0.02524291644412354 0.1052900300360128 0.25757846759617187 0.32284494083624005 0.32284494083624005 0.3446004319162627 -0.3733307737244871 -0.9607290328851006 -1.156528452605305 -1.0695064882852143 -1.0695064882852143 -1.1347729615252824 -1.1782839436853279 -1.2000394347653505 -1.2000394347653505 -1.243550416925396 -1.1347729615252824 -0.9389735418050779 -0.7214186310048507 -0.3733307737244871 0.06177904787596735 0.21406748543612641 0 
0 0.17055650327608096 0.23582297651614914 0.23582297651614914 0.32284494083624005 0.4316223962363536 0.45337788731637635 0.32284494083624005 0.23582297651614914 -0.11226488076421443 -0.4821082291246007 -0.5691301934446916 -0.5908856845247143 -0.6343966666847598 -0.5691301934446916 -0.460352738044578 -0.35157528264446436 -0.09050938968419171 0.21406748543612641 0.45337788731637635 0.6274218159565581 0.714443780276649 0.7797102535167172 0.8014657445967399 0.6491773070365808 0 
0 0.3010894497562173 0.32284494083624005 0.3446004319162627 0.38811141407630817 0.4316223962363536 0.4098669051563309 0.36635592299628544 0.23582297651614914 0.1052900300360128 0.040023556795944625 0.14880101219605824 0.1923119943561037 0.2793339586761946 0.4968888694764218 0.7361992713566717 0.8884877089168308 0.9972651643169445 1.0190206553969672 0.9319986910768763 0.8232212356767626 0.714443780276649 0.6274218159565581 0.5621553427164899 0.4316223962363536 0 
0 0.38811141407630817 0.3446004319162627 0.32284494083624005 0.3010894497562173 0.3010894497562173 0.3010894497562173 0.3446004319162627 0.4751333783963991 0.6056663248765354 0.7361992713566717 0.8884877089168308 0.9755096732369217 1.0407761464769898 1.0407761464769898 1.0190206553969672 0.8884877089168308 0.7361992713566717 0.6274218159565581 0.5186443605564445 0.4751333783963991 0.4751333783963991 0.45337788731637635 0.4098669051563309 0.3446004319162627 0 
0 0.3446004319162627 0.32284494083624005 0.4098669051563309 0.4968888694764218 0.6056663248765354 0.7579547624366945 0.9319986910768763 1.0842871286370352 1.1495536018771035 1.106042619717058 1.0190206553969672 0.8884877089168308 0.7797102535167172 0.6709327981166036 0.5839108337965127 0.5403998516364672 0.4968888694764218 0.4098669051563309 0.36635592299628544 0.38811141407630817 0.4098669051563309 0.38811141407630817 0.3446004319162627 0.25757846759617187 0 
0 0.714443780276649 0.8449767267567854 0.9755096732369217 1.106042619717058 1.1277981107970807 1.0842871286370352 0.9972651643169445 0.8667322178368081 0.7361992713566717 0.6274218159565581 0.5621553427164899 0.5403998516364672 0.4968888694764218 0.4751333783963991 0.4316223962363536 0.4098669051563309 0.4098669051563309 0.3446004319162627 0.2793339586761946 0.2793339586761946 0.25757846759617187 0.23582297651614914 0.21406748543612641 0.1270455211160355 0 
0 1.0842871286370352 1.0625316375570126 0.9972651643169445 0.8884877089168308 0.7579547624366945 0.6274218159565581 0.5621553427164899 0.5621553427164899 0.5621553427164899 0.5403998516364672 0.5186443605564445 0.4751333783963991 0.4316223962363536 0.38811141407630817 0.3446004319162627 0.32284494083624005 0.32284494083624005 0.2793339586761946 0.23582297651614914 0.21406748543612641 0.14880101219605824 0.1923119943561037 0.2793339586761946 0.23582297651614914 0 
0 0.714443780276649 0.6491773070365808 0.5621553427164899 0.5403998516364672 0.5186443605564445 0.5403998516364672 0.5186443605564445 0.4751333783963991 0.4098669051563309 0.45337788731637635 0.4968888694764218 0.4098669051563309 0.36635592299628544 0.3446004319162627 0.3446004319162627 0.3446004319162627 0.32284494083624005 0.23582297651614914 0.14880101219605824 0.14880101219605824 0.23582297651614914 0.36635592299628544 0.38811141407630817 0.3446004319162627 0 
0 0.5621553427164899 0.5621553427164899 0.5186443605564445 0.5186443605564445 0.4751333783963991 0.45337788731637635 0.4316223962363536 0.38811141407630817 0.36635592299628544 0.38811141407630817 0.4098669051563309 0.36635592299628544 0.32284494083624005 0.2793339586761946 0.25757846759617187 0.21406748543612641 0.1923119943561037 0.17055650327608096 0.1270455211160355 0.1923119943561037 0.38811141407630817 0.4098669051563309 0.3446004319162627 0.3446004319162627 0 
0 0.4968888694764218 0.45337788731637635 0.4751333783963991 0.4968888694764218 0.4316223962363536 0.36635592299628544 0.3446004319162627 0.36635592299628544 0.3446004319162627 0.32284494083624005 0.3010894497562173 0.2793339586761946 0.23582297651614914 0.17055650327608096 0.14880101219605824 0.1270455211160355 0.1270455211160355 0.1923119943561037 0.23582297651614914 0.3010894497562173 0.4098669051563309 0.36635592299628544 0.3010894497562173 0.25757846759617187 0 
0 0 0 0 0 0 0 0 0 0 0 0 0 0 0 0 0 0 0 0 0 0 0 0 0 0 

0 0 0 0 0 0 0 0 0 0 0 0 0 0 0 0 0 0 0 0 0 0 0 0 0 0 
0 -1.8091931850059868 -1.8091931850059868 -1.8091931850059868 -1.8091931850059868 -1.8091931850059868 -1.8091931850059868 -1.7004157296058733 -1.787437693925964 -1.5916382742057595 -0.28630880940439624 0.32284494083624005 0.2793339586761946 0.38811141407630817 0.1923119943561037 -0.35157528264446436 -0.6126411756047371 -0.5691301934446916 -0.5256192112846462 -0.13402037184423715 0.4098669051563309 0.3446004319162627 -0.7431741220848734 -0.9607290328851006 0.45337788731637635 0 
0 -1.8091931850059868 -1.8091931850059868 -1.8091931850059868 -1.8091931850059868 -1.8091931850059868 -1.8091931850059868 -1.5916382742057595 -1.5263718009656915 -1.2000394347653505 -0.0034874253641008187 0.2793339586761946 0.040023556795944625 0.25757846759617187 -0.11226488076421443 -0.24279782724435076 -0.41684175588453254 -0.5256192112846462 -0.2645533183243735 0.32284494083624005 0.714443780276649 0.5621553427164899 -0.13402037184423715 -0.5256192112846462 -0.3080643004844189 0 
0 -1.787437693925964 -1.7004157296058733 -1.6133937652857824 -1.7004157296058733 -1.787437693925964 -1.722171220685896 -1.2217949258453733 -0.2645533183243735 0.14880101219605824 0.36635592299628544 -0.0034874253641008187 0.3446004319162627 0.7579547624366945 0.4098669051563309 0.7797102535167172 0.9319986910768763 1.0190206553969672 1.28008654835724 1.497641459157467 1.6934408788776716 1.736951861037717 1.497641459157467 1.106042619717058 -0.13402037184423715 0 
0 -1.6786602385258504 -1.5916382742057595 -1.2217949258453733 -1.0695064882852143 -1.4175943455655777 -1.2870613990854414 -0.4821082291246007 0.4968888694764218 0.5839108337965127 0.1052900300360128 -0.19928684508430533 1.2365755661971944 1.889240298597876 1.9109957896778988 1.9980177539979898 1.9327512807579215 1.9545067718379443 1.889240298597876 1.5411524413175124 1.7804628431977625 2.0632842272380576 1.5629079323975352 1.3888640037573534 0.4316223962363536 0 
0 -1.3305723812454868 -1.569882783125737 -0.8954625596450324 -0.24279782724435076 -0.851951577484987 -0.6561521577647825 0.17055650327608096 0.3446004319162627 0.14880101219605824 -0.35157528264446436 -0.41684175588453254 0.7797102535167172 1.889240298597876 2.2590836469582625 2.2590836469582625 1.976262262917967 1.6064189145575807 0.9972651643169445 1.0407761464769898 2.1503061915581485 1.7804628431977625 0.4968888694764218 0.6491773070365808 0.7361992713566717 0 
0 -0.9389735418050779 -0.8301960864049642 -0.1775313540042826 0.17055650327608096 -0.8301960864049642 -0.699663139924828 0.6709327981166036 0.6056663248765354 0.32284494083624005 0.32284494083624005 0.36635592299628544 1.1277981107970807 1.4106194948373763 1.258331057277217 0.9319986910768763 0.6274218159565581 0.23582297651614914 -0.28630880940439624 0.8449767267567854 2.1720616826381716 0.8449767267567854 0.3010894497562173 0.9972651643169445 0.4316223962363536 0 
0 -0.5473747023646689 -0.06875389860416899 0.25757846759617187 0.1052900300360128 -0.9172180507250551 -1.0695064882852143 -0.0034874253641008187 0.25757846759617187 0.4968888694764218 0.4751333783963991 0.040023556795944625 0.5621553427164899 0.7579547624366945 0.5621553427164899 0.38811141407630817 0.23582297651614914 -0.460352738044578 -0.7866851042449188 0.9102431999968535 2.3243501201983303 2.1503061915581485 1.6716853877976487 1.28008654835724 0.17055650327608096 0 
0 -0.4821082291246007 -0.06875389860416899 0.17055650327608096 -0.02524291644412354 -0.9172180507250551 -1.3523278723255097 -1.004240015045146 0.5403998516364672 1.5846634234775578 0.6491773070365808 -0.6779076488448053 0.08353453895599007 0.5839108337965127 0.14880101219605824 -0.09050938968419171 -0.32981979156444163 -0.9824845239651233 -0.851951577484987 0.4316223962363536 1.3235975305172853 1.193064584037149 0.25757846759617187 -0.19928684508430533 -0.2645533183243735 0 
0 -0.851951577484987 -0.3080643004844189 -0.35157528264446436 -0.5256192112846462 -0.9172180507250551 -0.9607290328851006 -0.7431741220848734 1.2148200751171716 2.454883066678467 1.5411524413175124 -0.43859724696455527 -0.851951577484987 -0.5256192112846462 -0.7214186310048507 -0.8737070685650097 -1.004240015045146 -1.2217949258453733 -1.156528452605305 -0.8737070685650097 -0.8737070685650097 -1.0695064882852143 -1.3088168901654642 -1.0259955061251689 -0.28630880940439624 0 
0 -0.9607290328851006 -0.4821082291246007 -0.3733307737244871 -0.35157528264446436 -0.3080643004844189 -0.11226488076421443 0.1270455211160355 0.4316223962363536 0.6709327981166036 0.3446004319162627 -0.699663139924828 -1.1782839436853279 -1.0695064882852143 -1.0259955061251689 -1.0477509972051915 -1.091261979365237 -1.2653059080054188 -1.3523278723255097 -1.482860818805646 -1.5046163098856686 -1.5263718009656915 -1.482860818805646 -1.2653059080054188 -0.3950862648045098 0 
0 -0.32981979156444163 0.018268065715921905 0.23582297651614914 0.3010894497562173 0.3010894497562173 0.32284494083624005 0.32284494083624005 -0.28630880940439624 -0.3080643004844189 0.08353453895599007 -0.7214186310048507 -1.156528452605305 -1.1130174704452596 -1.156528452605305 -1.2217949258453733 -1.2870613990854414 -1.4175943455655777 -1.569882783125737 -1.482860818805646 -1.243550416925396 -1.3523278723255097 -1.5046163098856686 -1.243550416925396 -0.7431741220848734 0 
0 0.25757846759617187 0.4098669051563309 0.38811141407630817 0.32284494083624005 0.3446004319162627 0.4098669051563309 0.25757846759617187 -0.3733307737244871 -0.5038637202046234 -0.41684175588453254 -1.0259955061251689 -1.4611053277256232 -1.6569047474458278 -1.6786602385258504 -1.7004157296058733 -1.635149256365805 -1.5263718009656915 -1.7439267117659185 -1.3740833634055323 -1.2217949258453733 -1.3958388544855551 -1.3523278723255097 -0.8084405953249415 -0.5691301934446916 0 
0 0.17055650327608096 0.14880101219605824 0.018268065715921905 -0.1775313540042826 -0.19928684508430533 -0.0034874253641008187 -0.09050938968419171 -0.4821082291246007 -0.4821082291246007 -0.5908856845247143 -1.156528452605305 -1.3523278723255097 -1.4393498366456006 -1.3523278723255097 -1.3305723812454868 -1.3740833634055323 -1.5046163098856686 -1.5263718009656915 -1.3958388544855551 -1.5046163098856686 -1.5916382742057595 -1.6569047474458278 -1.722171220685896 -1.569882783125737 0 
0 -0.3733307737244871 -0.32981979156444163 -0.32981979156444163 -0.28630880940439624 -0.06875389860416899 -0.0034874253641008187 -0.15577586292425988 -0.5038637202046234 -1.091261979365237 -0.9824845239651233 -1.091261979365237 -1.3088168901654642 -1.482860818805646 -1.5916382742057595 -1.6569047474458278 -1.6786602385258504 -1.7004157296058733 -1.7004157296058733 -1.787437693925964 -1.787437693925964 -1.7656822028459414 -1.7004157296058733 -1.569882783125737 -1.2653059080054188 0 
0 0.040023556795944625 0.06177904787596735 -0.0034874253641008187 -0.02524291644412354 -0.0034874253641008187 0.018268065715921905 0.08353453895599007 -0.35157528264446436 -1.3088168901654642 -1.548127292045714 -1.482860818805646 -1.4611053277256232 -1.5046163098856686 -1.482860818805646 -1.3958388544855551 -1.3740833634055323 -1.3088168901654642 -1.243550416925396 -1.1130174704452596 -0.9389735418050779 -0.7214186310048507 -0.3950862648045098 -0.09050938968419171 0.17055650327608096 0 
0 0.1923119943561037 0.1270455211160355 0.08353453895599007 0.1052900300360128 0.1052900300360128 0.08353453895599007 -0.0034874253641008187 -0.15577586292425988 -0.4821082291246007 -0.699663139924828 -0.7431741220848734 -0.7649296131648962 -0.7214186310048507 -0.6561521577647825 -0.5256192112846462 -0.3733307737244871 -0.06875389860416899 0.17055650327608096 0.4098669051563309 0.5621553427164899 0.6709327981166036 0.714443780276649 0.714443780276649 0.6709327981166036 0 
0 0.1923119943561037 0.1923119943561037 0.1923119943561037 0.21406748543612641 0.21406748543612641 0.14880101219605824 0.06177904787596735 -0.0034874253641008187 -0.04699840752414627 -0.06875389860416899 -0.02524291644412354 0.06177904787596735 0.23582297651614914 0.38811141407630817 0.6056663248765354 0.7361992713566717 0.8667322178368081 0.8884877089168308 0.8232212356767626 0.6926882891966263 0.6056663248765354 0.5186443605564445 0.4751333783963991 0.45337788731637635 0 
0 0.23582297651614914 0.25757846759617187 0.23582297651614914 0.21406748543612641 0.1923119943561037 0.1923119943561037 0.1923119943561037 0.3446004319162627 0.4968888694764218 0.6491773070365808 0.7579547624366945 0.8884877089168308 0.9755096732369217 0.9755096732369217 0.9319986910768763 0.8232212356767626 0.6709327981166036 0.5621553427164899 0.45337788731637635 0.4098669051563309 0.4098669051563309 0.38811141407630817 0.36635592299628544 0.3446004319162627 0 
0 0.23582297651614914 0.23582297651614914 0.32284494083624005 0.4098669051563309 0.5186443605564445 0.6709327981166036 0.8232212356767626 0.9755096732369217 1.0407761464769898 0.9972651643169445 0.9102431999968535 0.8232212356767626 0.7361992713566717 0.6274218159565581 0.5403998516364672 0.4968888694764218 0.45337788731637635 0.36635592299628544 0.32284494083624005 0.3446004319162627 0.36635592299628544 0.3446004319162627 0.3010894497562173 0.23582297651614914 0 
0 0.6274218159565581 0.7579547624366945 0.8884877089168308 1.0190206553969672 1.0407761464769898 0.9972651643169445 0.9102431999968535 0.7579547624366945 0.6274218159565581 0.5186443605564445 0.45337788731637635 0.45337788731637635 0.45337788731637635 0.4316223962363536 0.38811141407630817 0.36635592299628544 0.36635592299628544 0.3010894497562173 0.23582297651614914 0.23582297651614914 0.21406748543612641 0.1923119943561037 0.17055650327608096 0.1052900300360128 0 
0 1.0190206553969672 0.9755096732369217 0.9102431999968535 0.8014657445967399 0.6709327981166036 0.5403998516364672 0.45337788731637635 0.45337788731637635 0.45337788731637635 0.4316223962363536 0.4098669051563309 0.38811141407630817 0.38811141407630817 0.3446004319162627 0.3010894497562173 0.2793339586761946 0.2793339586761946 0.23582297651614914 0.1923119943561037 0.17055650327608096 0.1052900300360128 0.14880101219605824 0.23582297651614914 0.21406748543612641 0 
0 0.6491773070365808 0.5621553427164899 0.4751333783963991 0.45337788731637635 0.4316223962363536 0.4316223962363536 0.4316223962363536 0.36635592299628544 0.3010894497562173 0.3446004319162627 0.38811141407630817 0.3446004319162627 0.32284494083624005 0.3010894497562173 0.3010894497562173 0.3010894497562173 0.2793339586761946 0.1923119943561037 0.1052900300360128 0.1052900300360128 0.1923119943561037 0.32284494083624005 0.36635592299628544 0.32284494083624005 0 
0 0.4751333783963991 0.4751333783963991 0.4316223962363536 0.4316223962363536 0.38811141407630817 0.36635592299628544 0.32284494083624005 0.2793339586761946 0.25757846759617187 0.3010894497562173 0.3010894497562173 0.3010894497562173 0.2793339586761946 0.23582297651614914 0.1923119943561037 0.17055650327608096 0.14880101219605824 0.1270455211160355 0.08353453895599007 0.14880101219605824 0.3446004319162627 0.36635592299628544 0.32284494083624005 0.32284494083624005 0 
0 0.4098669051563309 0.36635592299628544 0.4098669051563309 0.4098669051563309 0.3446004319162627 0.3010894497562173 0.25757846759617187 0.2793339586761946 0.2793339586761946 0.23582297651614914 0.21406748543612641 0.21406748543612641 0.1923119943561037 0.1270455211160355 0.1052900300360128 0.08353453895599007 0.08353453895599007 0.14880101219605824 0.1923119943561037 0.2793339586761946 0.36635592299628544 0.3446004319162627 0.2793339586761946 0.23582297651614914 0 
0 0 0 0 0 0 0 0 0 0 0 0 0 0 0 0 0 0 0 0 0 0 0 0 0 0 

0 0 0 0 0 0 0 0 0 0 0 0 0 0 0 0 0 0 0 0 0 0 0 0 0 0 
0 -1.7656822028459414 -1.7656822028459414 -1.7656822028459414 -1.7656822028459414 -1.7656822028459414 -1.787437693925964 -1.8091931850059868 -1.7439267117659185 -1.8091931850059868 -1.2653059080054188 -1.004240015045146 -0.9172180507250551 0.1052900300360128 0.5403998516364672 0.14880101219605824 0.018268065715921905 -0.19928684508430533 -0.02524291644412354 0.1923119943561037 0.45337788731637635 0.4316223962363536 -0.41684175588453254 -0.6343966666847598 0.4751333783963991 0 
0 -1.7656822028459414 -1.7656822028459414 -1.787437693925964 -1.7656822028459414 -1.7656822028459414 -1.8091931850059868 -1.7656822028459414 -1.6133937652857824 -1.6133937652857824 -1.091261979365237 -1.004240015045146 -0.6126411756047371 0.6709327981166036 0.3010894497562173 -0.13402037184423715 -0.13402037184423715 -0.5256192112846462 -0.43859724696455527 -0.1775313540042826 -0.11226488076421443 -0.2645533183243735 -0.6779076488448053 -0.5038637202046234 -0.13402037184423715 0 
0 -1.8309486760860094 -1.787437693925964 -1.722171220685896 -1.7004157296058733 -1.7656822028459414 -1.8744596582460549 -1.7004157296058733 -1.1347729615252824 -1.156528452605305 -0.8301960864049642 -0.699663139924828 0.08353453895599007 0.7579547624366945 -0.11226488076421443 -0.3080643004844189 -0.22104233616432806 -0.24279782724435076 -0.0034874253641008187 0.21406748543612641 0.2793339586761946 0.3446004319162627 0.4968888694764218 0.8884877089168308 -0.06875389860416899 0 
0 -1.7656822028459414 -1.7004157296058733 -1.569882783125737 -1.3305723812454868 -1.6786602385258504 -1.7656822028459414 -1.243550416925396 -0.851951577484987 -1.1347729615252824 -1.004240015045146 -0.6343966666847598 0.6056663248765354 0.8449767267567854 0.6056663248765354 0.6491773070365808 0.7797102535167172 0.9972651643169445 1.106042619717058 1.1495536018771035 1.2148200751171716 1.3018420394372625 1.4541304769974215 1.6934408788776716 0.5621553427164899 0 
0 -1.4393498366456006 -1.722171220685896 -1.548127292045714 -1.0259955061251689 -1.4611053277256232 -1.3958388544855551 -1.0695064882852143 -1.0259955061251689 -1.0259955061251689 -0.851951577484987 -0.5908856845247143 0.5839108337965127 1.6281744056376033 1.8674848075178534 1.9109957896778988 1.8457293164378306 1.823973825357808 1.4323749859173989 0.8449767267567854 1.258331057277217 1.1495536018771035 1.0190206553969672 1.4541304769974215 1.106042619717058 0 
0 -1.3088168901654642 -1.3740833634055323 -1.243550416925396 -0.9824845239651233 -1.5046163098856686 -1.3958388544855551 -1.0259955061251689 -0.9172180507250551 -0.32981979156444163 0.5839108337965127 0.8449767267567854 1.345353021597308 1.4758859680774443 1.1495536018771035 0.7797102535167172 0.5403998516364672 0.5403998516364672 0.1923119943561037 -0.24279782724435076 0.5621553427164899 0.23582297651614914 0.32284494083624005 1.2365755661971944 0.7579547624366945 0 
0 -1.2653059080054188 -1.091261979365237 -1.156528452605305 -1.1130174704452596 -1.482860818805646 -1.5263718009656915 -1.1782839436853279 -0.6561521577647825 0.4316223962363536 1.1713090929571262 0.6709327981166036 0.23582297651614914 -0.19928684508430533 -0.35157528264446436 -0.3950862648045098 -0.3733307737244871 -0.699663139924828 -0.8737070685650097 0.06177904787596735 1.5411524413175124 1.9545067718379443 1.193064584037149 0.8884877089168308 0.25757846759617187 0 
0 -1.2217949258453733 -1.2000394347653505 -1.1782839436853279 -1.0695064882852143 -1.4611053277256232 -1.7656822028459414 -1.548127292045714 0.17055650327608096 1.5411524413175124 1.0190206553969672 -0.5038637202046234 -0.7214186310048507 -0.7214186310048507 -0.9172180507250551 -0.8084405953249415 -0.7214186310048507 -1.156528452605305 -0.9607290328851006 0.4316223962363536 1.193064584037149 0.8667322178368081 -0.0034874253641008187 -0.43859724696455527 -0.3080643004844189 0 
0 -1.3523278723255097 -1.2000394347653505 -1.3523278723255097 -1.3088168901654642 -1.548127292045714 -1.7004157296058733 -1.4611053277256232 0.5839108337965127 2.0197732450780124 1.5629079323975352 -0.32981979156444163 -1.0695064882852143 -0.8301960864049642 -0.9172180507250551 -0.9172180507250551 -0.8954625596450324 -1.091261979365237 -0.9824845239651233 -0.5038637202046234 -0.7649296131648962 -1.2870613990854414 -1.156528452605305 -0.9389735418050779 -0.24279782724435076 0 
0 -1.569882783125737 -1.3958388544855551 -1.3523278723255097 -1.2870613990854414 -1.2870613990854414 -1.2217949258453733 -0.8301960864049642 -0.2645533183243735 0.25757846759617187 0.32284494083624005 -0.32981979156444163 -0.7649296131648962 -0.7431741220848734 -0.7649296131648962 -0.7866851042449188 -0.8301960864049642 -1.0477509972051915 -1.156528452605305 -1.2000394347653505 -1.2653059080054188 -1.3958388544855551 -1.2653059080054188 -1.091261979365237 -0.19928684508430533 0 
0 -1.2870613990854414 -1.2217949258453733 -0.9824845239651233 -0.9389735418050779 -0.9172180507250551 -0.8954625596450324 -0.6779076488448053 -0.8301960864049642 -0.6126411756047371 -0.11226488076421443 -0.5473747023646689 -0.7649296131648962 -0.851951577484987 -1.004240015045146 -1.1347729615252824 -1.2000394347653505 -1.3305723812454868 -1.482860818805646 -1.3523278723255097 -1.1130174704452596 -1.2217949258453733 -1.3740833634055323 -1.0477509972051915 -0.5473747023646689 0 
0 -0.8737070685650097 -0.9172180507250551 -0.8954625596450324 -0.8737070685650097 -0.7866851042449188 -0.699663139924828 -0.699663139924828 -0.9607290328851006 -0.8737070685650097 -0.8084405953249415 -1.2000394347653505 -1.4393498366456006 -1.6133937652857824 -1.6786602385258504 -1.722171220685896 -1.5916382742057595 -1.4393498366456006 -1.6569047474458278 -1.2217949258453733 -1.091261979365237 -1.243550416925396 -1.2000394347653505 -0.6343966666847598 -0.3950862648045098 0 
0 -0.8084405953249415 -0.8954625596450324 -0.9172180507250551 -1.004240015045146 -0.9172180507250551 -0.6561521577647825 -0.5908856845247143 -0.6343966666847598 -0.5473747023646689 -0.7649296131648962 -1.2653059080054188 -1.3740833634055323 -1.4393498366456006 -1.3305723812454868 -1.2653059080054188 -1.2000394347653505 -1.3088168901654642 -1.4175943455655777 -1.2870613990854414 -1.3958388544855551 -1.5046163098856686 -1.5916382742057595 -1.6569047474458278 -1.4611053277256232 0 
0 -0.8954625596450324 -0.8084405953249415 -0.7214186310048507 -0.5691301934446916 -0.2645533183243735 -0.13402037184423715 -0.1775313540042826 -0.32981979156444163 -0.8737070685650097 -0.9172180507250551 -1.0695064882852143 -1.3305723812454868 -1.569882783125737 -1.6133937652857824 -1.635149256365805 -1.6569047474458278 -1.6786602385258504 -1.6786602385258504 -1.7439267117659185 -1.7656822028459414 -1.722171220685896 -1.6569047474458278 -1.5046163098856686 -1.1782839436853279 0 
0 -0.04699840752414627 0.040023556795944625 -0.02524291644412354 -0.02524291644412354 0.040023556795944625 0.08353453895599007 0.06177904787596735 -0.32981979156444163 -1.2870613990854414 -1.5916382742057595 -1.548127292045714 -1.548127292045714 -1.6133937652857824 -1.6133937652857824 -1.5263718009656915 -1.5046163098856686 -1.4175943455655777 -1.2217949258453733 -1.0695064882852143 -0.8954625596450324 -0.6779076488448053 -0.35157528264446436 0.018268065715921905 0.23582297651614914 0 
0 0.25757846759617187 0.21406748543612641 0.1052900300360128 0.06177904787596735 0.040023556795944625 -0.02524291644412354 -0.11226488076421443 -0.3080643004844189 -0.6779076488448053 -0.9172180507250551 -0.8954625596450324 -0.851951577484987 -0.8084405953249415 -0.7431741220848734 -0.5691301934446916 -0.41684175588453254 -0.06875389860416899 0.25757846759617187 0.5186443605564445 0.6709327981166036 0.7797102535167172 0.8232212356767626 0.8014657445967399 0.714443780276649 0 
0 0.21406748543612641 0.23582297651614914 0.17055650327608096 0.1270455211160355 0.06177904787596735 -0.0034874253641008187 -0.04699840752414627 -0.15577586292425988 -0.24279782724435076 -0.24279782724435076 -0.13402037184423715 0.06177904787596735 0.25757846759617187 0.4316223962363536 0.6709327981166036 0.8449767267567854 0.9755096732369217 1.0190206553969672 0.9319986910768763 0.8232212356767626 0.714443780276649 0.6491773070365808 0.5839108337965127 0.5186443605564445 0 
0 0.21406748543612641 0.2793339586761946 0.23582297651614914 0.21406748543612641 0.17055650327608096 0.17055650327608096 0.23582297651614914 0.36635592299628544 0.5186443605564445 0.6709327981166036 0.8014657445967399 0.9102431999968535 0.9972651643169445 0.9972651643169445 0.9755096732369217 0.8667322178368081 0.714443780276649 0.6491773070365808 0.5403998516364672 0.4751333783963991 0.4751333783963991 0.4751333783963991 0.45337788731637635 0.4316223962363536 0 
0 0.23582297651614914 0.25757846759617187 0.3446004319162627 0.4316223962363536 0.5186443605564445 0.6926882891966263 0.9102431999968535 1.0625316375570126 1.1277981107970807 1.0842871286370352 0.9972651643169445 0.8667322178368081 0.7579547624366945 0.6491773070365808 0.5621553427164899 0.5186443605564445 0.4751333783963991 0.4316223962363536 0.38811141407630817 0.4098669051563309 0.4316223962363536 0.4098669051563309 0.38811141407630817 0.3446004319162627 0 
0 0.6926882891966263 0.7797102535167172 0.9102431999968535 1.0407761464769898 1.0625316375570126 1.0190206553969672 0.9755096732369217 0.8449767267567854 0.714443780276649 0.6056663248765354 0.5403998516364672 0.5186443605564445 0.4968888694764218 0.4751333783963991 0.4316223962363536 0.4316223962363536 0.4316223962363536 0.36635592299628544 0.3010894497562173 0.3010894497562173 0.2793339586761946 0.25757846759617187 0.2793339586761946 0.21406748543612641 0 
0 1.106042619717058 0.9972651643169445 0.9319986910768763 0.8232212356767626 0.6926882891966263 0.5621553427164899 0.5403998516364672 0.5403998516364672 0.5403998516364672 0.5186443605564445 0.4968888694764218 0.4751333783963991 0.4751333783963991 0.4316223962363536 0.36635592299628544 0.3446004319162627 0.3446004319162627 0.3010894497562173 0.25757846759617187 0.23582297651614914 0.17055650327608096 0.21406748543612641 0.32284494083624005 0.32284494083624005 0 
0 0.714443780276649 0.5839108337965127 0.4968888694764218 0.4751333783963991 0.45337788731637635 0.4751333783963991 0.4968888694764218 0.45337788731637635 0.38811141407630817 0.4316223962363536 0.4751333783963991 0.4316223962363536 0.4098669051563309 0.4098669051563309 0.4098669051563309 0.4098669051563309 0.36635592299628544 0.25757846759617187 0.17055650327608096 0.17055650327608096 0.25757846759617187 0.38811141407630817 0.45337788731637635 0.4316223962363536 0 
0 0.5186443605564445 0.4968888694764218 0.45337788731637635 0.45337788731637635 0.4098669051563309 0.38811141407630817 0.38811141407630817 0.36635592299628544 0.3446004319162627 0.38811141407630817 0.38811141407630817 0.38811141407630817 0.38811141407630817 0.36635592299628544 0.32284494083624005 0.3010894497562173 0.25757846759617187 0.1923119943561037 0.14880101219605824 0.21406748543612641 0.4098669051563309 0.4316223962363536 0.4098669051563309 0.4316223962363536 0 
0 0.45337788731637635 0.38811141407630817 0.4316223962363536 0.45337788731637635 0.38811141407630817 0.36635592299628544 0.3446004319162627 0.36635592299628544 0.36635592299628544 0.32284494083624005 0.3010894497562173 0.32284494083624005 0.32284494083624005 0.25757846759617187 0.23582297651614914 0.21406748543612641 0.21406748543612641 0.23582297651614914 0.2793339586761946 0.3446004319162627 0.4316223962363536 0.4098669051563309 0.36635592299628544 0.3446004319162627 0 
0 0 0 0 0 0 0 0 0 0 0 0 0 0 0 0 0 0 0 0 0 0 0 0 0 0 

