0 0 0 0 0 0 0 0 0 0 0 0 0 0 0 0 0 0 0 0 0 0 0 0 0 0 
0 -1.171376735175884 -1.0852825442894203 -1.128329639732652 -1.128329639732652 -1.128329639732652 -1.1068060920110363 -1.0852825442894203 -1.0422354488461885 -1.0207119011245724 -1.0207119011245724 -1.0207119011245724 -1.0207119011245724 -0.8915706147948769 -0.7839528761867972 -0.6332880421354857 -0.2458641831463989 -0.6548115898571016 -0.9130941625164928 -0.9776648056813406 -0.9991883534029565 -0.9991883534029565 -0.9991883534029565 -0.9991883534029565 -0.9991883534029565 0 
0 -1.0852825442894203 -1.0637589965678043 -1.0852825442894203 -1.0637589965678043 -1.0422354488461885 -1.0207119011245724 -1.0207119011245724 -0.9776648056813406 -0.9776648056813406 -0.9776648056813406 -0.9776648056813406 -0.9776648056813406 -0.8915706147948769 -0.8054764239084131 -0.7409057807435654 -0.6117644944138697 -0.7839528761867972 -0.870047067073261 -0.870047067073261 -0.8915706147948769 -0.8915706147948769 -0.9130941625164928 -0.9130941625164928 -0.9130941625164928 0 
0 -0.870047067073261 -0.9561412579597247 -0.9991883534029565 -0.9991883534029565 -0.9561412579597247 -0.9130941625164928 -0.9130941625164928 -0.870047067073261 -0.870047067073261 -0.870047067073261 -0.848523519351645 -0.826999971630029 -0.7839528761867972 -0.7624293284651813 -0.6978586853003335 -0.7193822330219494 -0.7624293284651813 -0.7839528761867972 -0.7409057807435654 -0.7624293284651813 -0.7839528761867972 -0.8054764239084131 -0.8054764239084131 -0.8054764239084131 0 
0 -0.6763351375787175 -0.826999971630029 -0.9346177102381087 -0.9346177102381087 -0.870047067073261 -0.848523519351645 -0.848523519351645 -0.7839528761867972 -0.7409057807435654 -0.7409057807435654 -0.7624293284651813 -0.7624293284651813 -0.7624293284651813 -0.7839528761867972 -0.7193822330219494 -0.6548115898571016 -0.6548115898571016 -0.6763351375787175 -0.6548115898571016 -0.6548115898571016 -0.6763351375787175 -0.7193822330219494 -0.7193822330219494 -0.7193822330219494 0 
0 -0.46109966036255823 -0.6763351375787175 -0.826999971630029 -0.826999971630029 -0.7409057807435654 -0.7193822330219494 -0.7193822330219494 -0.6763351375787175 -0.6117644944138697 -0.6332880421354857 -0.6117644944138697 -0.6332880421354857 -0.6117644944138697 -0.6117644944138697 -0.6117644944138697 -0.5687173989706379 -0.5687173989706379 -0.5902409466922538 -0.6117644944138697 -0.6117644944138697 -0.5902409466922538 -0.5902409466922538 -0.6117644944138697 -0.6117644944138697 0 
0 -0.7409057807435654 -0.4395761126409423 -0.6117644944138697 -0.6117644944138697 -0.5687173989706379 -0.547193851249022 -0.5687173989706379 -0.50414675580579 -0.50414675580579 -0.5256703035274061 -0.50414675580579 -0.5256703035274061 -0.50414675580579 -0.50414675580579 -0.4395761126409423 -0.4395761126409423 -0.48262320808417414 -0.48262320808417414 -0.48262320808417414 -0.50414675580579 -0.46109966036255823 -0.39652901719771044 -0.41805256491932635 -0.39652901719771044 0 
0 -0.11672289681670332 -0.35348192175447857 -0.48262320808417414 -0.50414675580579 -0.4395761126409423 -0.46109966036255823 -0.4395761126409423 -0.3750054694760945 -0.35348192175447857 -0.3750054694760945 -0.3750054694760945 -0.35348192175447857 -0.33195837403286266 -0.33195837403286266 -0.33195837403286266 -0.2889112785896308 -0.2889112785896308 -0.2889112785896308 -0.3104348263112467 -0.2889112785896308 -0.2458641831463989 -0.22434063542478297 -0.22434063542478297 -0.22434063542478297 0 
0 -0.11672289681670332 -0.48262320808417414 -0.20281708770316703 -0.3104348263112467 -0.22434063542478297 -0.15976999225993518 -0.07367580137347145 -0.07367580137347145 -0.07367580137347145 -0.18129353998155112 -0.15976999225993518 -0.18129353998155112 -0.18129353998155112 -0.18129353998155112 -0.13824644453831925 -0.09519934909508738 -0.03062870593023959 -0.03062870593023959 -0.07367580137347145 -0.09519934909508738 -0.09519934909508738 -0.05215225365185552 -0.03062870593023959 -0.009105158208623655 0 
0 -0.3750054694760945 -0.22434063542478297 -0.2458641831463989 -0.20281708770316703 -0.15976999225993518 -0.009105158208623655 0.18460677128591974 0.24917741445076752 0.14155967584268786 0.1630832235643038 0.1630832235643038 0.033941937234608206 0.055465484956224144 0.055465484956224144 0.055465484956224144 0.012418389512992276 0.12003612812107194 0.14155967584268786 0.20613031900753567 0.42136579622369497 0.5935541779966225 0.8733602983776295 1.1316428710370208 1.1101193233154047 0 
0 -0.870047067073261 -0.48262320808417414 -1.7094654282162822 -0.2673877308680148 -0.5256703035274061 -0.5256703035274061 -0.3750054694760945 0.033941937234608206 0.33527160533723127 0.42136579622369497 0.42136579622369497 0.37831870078046315 0.2922245098939994 0.20613031900753567 0.2922245098939994 0.39984224850207906 0.8087896552127818 1.088595775593789 1.2177370619234844 1.368401895974796 1.5621138254693394 1.5836373731909552 1.6266844686341873 1.734302207242267 0 
0 -0.6548115898571016 -1.7525125236595143 -2.785642814297079 -0.5902409466922538 0.20613031900753567 -0.05215225365185552 -0.46109966036255823 -0.547193851249022 -0.2889112785896308 0.1630832235643038 0.5505070825533905 0.6366012734398543 0.7872661074911659 1.067072227872173 1.2823077050883323 1.389925443696412 1.5405902777477234 1.4760196345828756 1.4544960868612598 1.325354800531564 0.6150777257182384 -0.05215225365185552 0.4859364393885428 1.712778659520651 0 
0 0.18460677128591974 -2.3121247644215286 -2.7425957188538472 -1.9031773577108257 0.744219012047934 0.5935541779966225 0.33527160533723127 0.12003612812107194 0.39984224850207906 0.8303132029343977 1.325354800531564 1.4975431823044916 1.5405902777477234 1.4760196345828756 1.368401895974796 1.1962135142018686 1.1531664187586366 1.2177370619234844 1.368401895974796 0.722695464326318 -0.7839528761867972 -1.6233712373298186 -0.07367580137347145 1.5190667300261076 0 
0 1.045548680150557 -0.826999971630029 -2.656501527967383 -2.828689909740311 -0.22434063542478297 1.3038312528099483 1.4544960868612598 1.5190667300261076 1.648208016355803 1.4975431823044916 1.368401895974796 1.411448991418028 1.2392606096451004 1.2823077050883323 1.411448991418028 1.6266844686341873 1.7773493026854987 1.734302207242267 1.5836373731909552 0.5720306302750066 -0.4395761126409423 -0.03062870593023959 0.37831870078046315 0.8087896552127818 0 
0 0.9379309415424774 0.5289835348317746 -2.0538421917621372 -2.8502134574619267 -2.2690776689782965 1.045548680150557 1.34687834825318 1.4544960868612598 1.2823077050883323 1.368401895974796 1.4544960868612598 1.4329725391396437 1.6912551117990349 1.6912551117990349 1.5621138254693394 1.4760196345828756 1.2177370619234844 0.9379309415424774 0.6796483688830862 0.6150777257182384 0.5935541779966225 0.6366012734398543 0.6366012734398543 0.6150777257182384 0 
0 1.1531664187586366 1.4975431823044916 -0.39652901719771044 -2.721072171132231 -2.9793547437916224 -0.7839528761867972 1.2607841573667162 1.325354800531564 1.6266844686341873 1.648208016355803 1.6051609209125712 1.325354800531564 1.1746899664802526 0.8948838460992455 0.9379309415424774 0.5720306302750066 0.5074599871101587 0.42136579622369497 0.33527160533723127 0.2922245098939994 0.2276538667291516 -0.05215225365185552 -0.3104348263112467 -0.6978586853003335 0 
0 1.7773493026854987 1.411448991418028 0.20613031900753567 -1.3220415692271956 -2.785642814297079 -2.5919308848025353 0.8518367506560136 1.389925443696412 1.1531664187586366 1.024025132428941 0.722695464326318 0.6366012734398543 0.5935541779966225 0.5074599871101587 0.24917741445076752 0.2276538667291516 -0.07367580137347145 0.055465484956224144 -0.3104348263112467 -0.6332880421354857 -0.6978586853003335 -1.1498531874542681 -1.1929002828975 -0.7839528761867972 0 
0 0.37831870078046315 -0.5687173989706379 -1.3005180215055796 -2.0323186440405214 -2.527360241637688 -2.8502134574619267 -1.4081357601136593 0.39984224850207906 0.42136579622369497 0.37831870078046315 0.46441289166692684 -0.6332880421354857 -0.9346177102381087 -1.2574709260623478 -0.9561412579597247 -0.46109966036255823 -0.7409057807435654 -0.50414675580579 0.055465484956224144 0.39984224850207906 -0.39652901719771044 -0.3104348263112467 0.07698903267784007 0.3567951530588472 0 
0 -1.2789944737839636 -2.3982189553079922 -3.022401839234854 -2.5704073370809195 -2.6134544325241515 -2.8717370051835425 -2.699548623410615 -0.5687173989706379 -0.009105158208623655 0.39984224850207906 0.33527160533723127 -2.441266050751224 -2.8717370051835425 -2.721072171132231 -1.5803241418865868 -0.48262320808417414 1.024025132428941 1.002501584707325 1.3038312528099483 1.4544960868612598 0.20613031900753567 -0.03062870593023959 -0.07367580137347145 -0.11672289681670332 0 
0 -0.50414675580579 -0.9346177102381087 -1.5588005941649707 -1.77403607138113 -2.2906012166999123 -3.000878291513238 -3.1945902210077817 -2.5919308848025353 -1.3435651169488114 0.33527160533723127 0.5935541779966225 0.20613031900753567 -2.0538421917621372 -2.656501527967383 -2.441266050751224 -0.009105158208623655 1.389925443696412 0.8948838460992455 0.098512580399456 -0.009105158208623655 -0.2889112785896308 -0.3104348263112467 -0.33195837403286266 -0.2889112785896308 0 
0 -0.8915706147948769 -0.9346177102381087 -0.9561412579597247 -1.0637589965678043 -0.9561412579597247 -1.3220415692271956 -1.6233712373298186 -1.77403607138113 -1.3435651169488114 -0.9346177102381087 -0.4395761126409423 -0.20281708770316703 -1.472706403278507 -1.2359473783407318 -1.515753498721739 -1.3435651169488114 -0.6117644944138697 -0.9130941625164928 -1.214423830619116 -1.0207119011245724 -0.48262320808417414 -0.5256703035274061 -0.547193851249022 -0.5256703035274061 0 
0 -1.3650886646704274 -1.472706403278507 -1.537277046443355 -1.3866122123920432 -1.0852825442894203 -0.8915706147948769 -0.870047067073261 -0.7193822330219494 -0.547193851249022 -0.6548115898571016 -0.7839528761867972 -0.7624293284651813 -0.46109966036255823 -0.3750054694760945 -0.4395761126409423 -1.2359473783407318 -1.214423830619116 -0.870047067073261 -0.5687173989706379 -0.547193851249022 -0.6548115898571016 -0.7839528761867972 -0.826999971630029 -0.848523519351645 0 
0 -1.472706403278507 -1.472706403278507 -1.537277046443355 -1.451182855556891 -1.3435651169488114 -1.2574709260623478 -1.2574709260623478 -1.1068060920110363 -0.8054764239084131 -0.826999971630029 -0.8054764239084131 -0.7839528761867972 -0.7624293284651813 -0.826999971630029 -0.826999971630029 -0.6978586853003335 -0.6548115898571016 -0.6332880421354857 -0.826999971630029 -0.848523519351645 -0.9346177102381087 -1.0637589965678043 -1.1068060920110363 -1.128329639732652 0 
0 -1.3650886646704274 -1.3220415692271956 -1.2789944737839636 -1.2789944737839636 -1.2359473783407318 -1.2574709260623478 -1.2574709260623478 -1.214423830619116 -1.0637589965678043 -0.9991883534029565 -0.9776648056813406 -1.0422354488461885 -1.0852825442894203 -1.0852825442894203 -1.1068060920110363 -1.0852825442894203 -0.826999971630029 -0.9346177102381087 -0.9991883534029565 -1.1068060920110363 -1.214423830619116 -1.2789944737839636 -1.3220415692271956 -1.3650886646704274 0 
0 -1.3650886646704274 -1.2789944737839636 -1.214423830619116 -1.2359473783407318 -1.1929002828975 -1.128329639732652 -1.214423830619116 -1.2359473783407318 -1.128329639732652 -1.0852825442894203 -1.171376735175884 -1.2574709260623478 -1.1068060920110363 -1.1498531874542681 -1.128329639732652 -1.0207119011245724 -1.0207119011245724 -1.0422354488461885 -1.1498531874542681 -1.214423830619116 -1.3866122123920432 -1.4296593078352753 -1.451182855556891 -1.4296593078352753 0 
0 0 0 0 0 0 0 0 0 0 0 0 0 0 0 0 0 0 0 0 0 0 0 0 0 0 

0 0 0 0 0 0 0 0 0 0 0 0 0 0 0 0 0 0 0 0 0 0 0 0 0 0 
0 -0.3750054694760945 -0.33195837403286266 -0.3750054694760945 -0.35348192175447857 -0.35348192175447857 -0.33195837403286266 -0.3104348263112467 -0.2673877308680148 -0.2458641831463989 -0.2458641831463989 -0.2673877308680148 -0.2673877308680148 -0.2889112785896308 -0.18129353998155112 -0.05215225365185552 0.33527160533723127 0.055465484956224144 -0.13824644453831925 -0.20281708770316703 -0.22434063542478297 -0.22434063542478297 -0.22434063542478297 -0.22434063542478297 -0.22434063542478297 0 
0 -0.33195837403286266 -0.2673877308680148 -0.2673877308680148 -0.2673877308680148 -0.2673877308680148 -0.2458641831463989 -0.2458641831463989 -0.20281708770316703 -0.22434063542478297 -0.22434063542478297 -0.22434063542478297 -0.22434063542478297 -0.2458641831463989 -0.18129353998155112 -0.11672289681670332 0.012418389512992276 -0.05215225365185552 -0.11672289681670332 -0.11672289681670332 -0.13824644453831925 -0.13824644453831925 -0.15976999225993518 -0.15976999225993518 -0.15976999225993518 0 
0 -0.15976999225993518 -0.18129353998155112 -0.15976999225993518 -0.18129353998155112 -0.15976999225993518 -0.13824644453831925 -0.13824644453831925 -0.11672289681670332 -0.15976999225993518 -0.15976999225993518 -0.11672289681670332 -0.11672289681670332 -0.13824644453831925 -0.11672289681670332 -0.05215225365185552 -0.07367580137347145 -0.07367580137347145 -0.07367580137347145 -0.03062870593023959 -0.05215225365185552 -0.05215225365185552 -0.07367580137347145 -0.07367580137347145 -0.07367580137347145 0 
0 -0.03062870593023959 -0.07367580137347145 -0.05215225365185552 -0.07367580137347145 -0.09519934909508738 -0.07367580137347145 -0.07367580137347145 -0.03062870593023959 -0.03062870593023959 -0.03062870593023959 -0.05215225365185552 -0.05215225365185552 -0.05215225365185552 -0.07367580137347145 -0.009105158208623655 0.055465484956224144 0.055465484956224144 0.033941937234608206 0.07698903267784007 0.07698903267784007 0.033941937234608206 0.012418389512992276 0.012418389512992276 0.012418389512992276 0 
0 0.012418389512992276 -0.009105158208623655 -0.05215225365185552 -0.07367580137347145 -0.03062870593023959 0.012418389512992276 0.012418389512992276 0.055465484956224144 0.098512580399456 0.07698903267784007 0.098512580399456 0.07698903267784007 0.12003612812107194 0.12003612812107194 0.098512580399456 0.14155967584268786 0.1630832235643038 0.14155967584268786 0.12003612812107194 0.12003612812107194 0.12003612812107194 0.07698903267784007 0.07698903267784007 0.07698903267784007 0 
0 -0.50414675580579 0.098512580399456 0.033941937234608206 0.055465484956224144 0.098512580399456 0.12003612812107194 0.12003612812107194 0.1630832235643038 0.1630832235643038 0.1630832235643038 0.1630832235643038 0.1630832235643038 0.1630832235643038 0.18460677128591974 0.24917741445076752 0.2276538667291516 0.2276538667291516 0.2276538667291516 0.2276538667291516 0.20613031900753567 0.18460677128591974 0.1630832235643038 0.18460677128591974 0.20613031900753567 0 
0 -0.03062870593023959 0.033941937234608206 0.098512580399456 0.12003612812107194 0.1630832235643038 0.1630832235643038 0.18460677128591974 0.24917741445076752 0.2707009621723835 0.2276538667291516 0.24917741445076752 0.2707009621723835 0.2922245098939994 0.2922245098939994 0.2922245098939994 0.33527160533723127 0.3137480576156153 0.3137480576156153 0.2922245098939994 0.3137480576156153 0.2922245098939994 0.24917741445076752 0.2707009621723835 0.2922245098939994 0 
0 -0.22434063542478297 -0.35348192175447857 0.24917741445076752 0.24917741445076752 0.3137480576156153 0.37831870078046315 0.46441289166692684 0.46441289166692684 0.46441289166692684 0.3567951530588472 0.37831870078046315 0.3567951530588472 0.3567951530588472 0.3567951530588472 0.39984224850207906 0.44288934394531093 0.42136579622369497 0.39984224850207906 0.3567951530588472 0.3137480576156153 0.2922245098939994 0.2922245098939994 0.33527160533723127 0.3567951530588472 0 
0 -0.6548115898571016 -0.33195837403286266 0.033941937234608206 0.2707009621723835 0.2922245098939994 0.46441289166692684 0.6581248211614702 0.7011719166047021 0.5935541779966225 0.6150777257182384 0.5935541779966225 0.46441289166692684 0.4859364393885428 0.4859364393885428 0.5074599871101587 0.46441289166692684 0.39984224850207906 0.39984224850207906 0.46441289166692684 0.6581248211614702 0.8087896552127818 1.067072227872173 1.325354800531564 1.325354800531564 0 
0 -1.2574709260623478 -0.7624293284651813 -1.6018476896082026 0.055465484956224144 -0.18129353998155112 -0.18129353998155112 -0.03062870593023959 0.3567951530588472 0.6366012734398543 0.744219012047934 0.744219012047934 0.7011719166047021 0.6150777257182384 0.5289835348317746 0.5935541779966225 0.722695464326318 0.9809780369857092 1.1962135142018686 1.325354800531564 1.4760196345828756 1.648208016355803 1.669731564077419 1.734302207242267 1.8203963981287306 0 
0 -1.0422354488461885 -2.182983478091833 -2.8932605529051587 -0.41805256491932635 0.39984224850207906 0.14155967584268786 -0.2458641831463989 -0.35348192175447857 -0.11672289681670332 0.3567951530588472 0.744219012047934 0.8087896552127818 0.9809780369857092 1.2392606096451004 1.4760196345828756 1.5621138254693394 1.6051609209125712 1.4975431823044916 1.4544960868612598 1.34687834825318 0.6366012734398543 -0.009105158208623655 0.5505070825533905 1.7988728504071145 0 
0 -0.09519934909508738 -2.785642814297079 -3.000878291513238 -1.9031773577108257 0.8303132029343977 0.7011719166047021 0.42136579622369497 0.20613031900753567 0.4859364393885428 0.9164073938208614 1.411448991418028 1.5836373731909552 1.6266844686341873 1.5621138254693394 1.4544960868612598 1.2607841573667162 1.1746899664802526 1.1962135142018686 1.34687834825318 0.7011719166047021 -0.7839528761867972 -1.5588005941649707 -0.009105158208623655 1.5836373731909552 0 
0 0.8518367506560136 -1.3435651169488114 -3.04392538695647 -2.9578311960700066 -0.20281708770316703 1.325354800531564 1.4544960868612598 1.5405902777477234 1.669731564077419 1.5190667300261076 1.389925443696412 1.4329725391396437 1.2607841573667162 1.3038312528099483 1.4329725391396437 1.6266844686341873 1.7558257549638827 1.712778659520651 1.5621138254693394 0.5505070825533905 -0.41805256491932635 0.012418389512992276 0.44288934394531093 0.8948838460992455 0 
0 0.8948838460992455 0.12003612812107194 -2.5058366939160717 -3.04392538695647 -2.2906012166999123 1.024025132428941 1.325354800531564 1.4329725391396437 1.2607841573667162 1.34687834825318 1.4544960868612598 1.411448991418028 1.669731564077419 1.669731564077419 1.5405902777477234 1.4544960868612598 1.1962135142018686 0.9164073938208614 0.6581248211614702 0.6150777257182384 0.6366012734398543 0.722695464326318 0.722695464326318 0.7011719166047021 0 
0 1.325354800531564 1.34687834825318 -0.7624293284651813 -2.8932605529051587 -2.9147841006267745 -0.7193822330219494 1.325354800531564 1.368401895974796 1.648208016355803 1.669731564077419 1.6051609209125712 1.325354800531564 1.1746899664802526 0.9164073938208614 0.9379309415424774 0.5935541779966225 0.4859364393885428 0.39984224850207906 0.37831870078046315 0.37831870078046315 0.3137480576156153 0.012418389512992276 -0.2458641831463989 -0.6332880421354857 0 
0 1.8203963981287306 1.325354800531564 -0.11672289681670332 -1.537277046443355 -2.8071663620186946 -2.6134544325241515 0.8303132029343977 1.368401895974796 1.1746899664802526 1.045548680150557 0.744219012047934 0.6581248211614702 0.6150777257182384 0.5289835348317746 0.2707009621723835 0.24917741445076752 -0.09519934909508738 0.055465484956224144 -0.2458641831463989 -0.50414675580579 -0.5687173989706379 -1.0637589965678043 -1.0852825442894203 -0.6978586853003335 0 
0 0.37831870078046315 -0.6763351375787175 -1.537277046443355 -2.2475541212566807 -2.6780250756889994 -2.9793547437916224 -1.5588005941649707 0.2922245098939994 0.4859364393885428 0.42136579622369497 0.5289835348317746 -0.5687173989706379 -0.8915706147948769 -1.1929002828975 -0.8915706147948769 -0.41805256491932635 -0.7409057807435654 -0.48262320808417414 0.14155967584268786 0.5289835348317746 -0.22434063542478297 -0.11672289681670332 0.2707009621723835 0.5505070825533905 0 
0 -1.128329639732652 -2.2690776689782965 -2.9147841006267745 -2.5488837893593037 -2.699548623410615 -2.9578311960700066 -2.785642814297079 -0.5902409466922538 0.098512580399456 0.5289835348317746 0.44288934394531093 -2.3336483121431444 -2.764119266575463 -2.5919308848025353 -1.472706403278507 -0.35348192175447857 1.088595775593789 1.067072227872173 1.4544960868612598 1.648208016355803 0.4859364393885428 0.3137480576156153 0.2707009621723835 0.2276538667291516 0 
0 0.012418389512992276 -0.33195837403286266 -0.9130941625164928 -1.3435651169488114 -2.0968892872053693 -2.785642814297079 -2.9793547437916224 -2.376695407586376 -1.1068060920110363 0.5720306302750066 0.8303132029343977 0.44288934394531093 -1.8170831668243619 -2.419742503029608 -2.2045070258134487 0.2276538667291516 1.5836373731909552 1.067072227872173 0.33527160533723127 0.2922245098939994 0.14155967584268786 0.2276538667291516 0.2276538667291516 0.24917741445076752 0 
0 0.098512580399456 0.14155967584268786 0.20613031900753567 -0.13824644453831925 -0.2889112785896308 -0.6763351375787175 -0.9561412579597247 -1.1929002828975 -0.9130941625164928 -0.5256703035274061 -0.03062870593023959 0.20613031900753567 -1.0637589965678043 -0.8054764239084131 -1.1068060920110363 -0.9346177102381087 -0.2673877308680148 -0.547193851249022 -0.826999971630029 -0.547193851249022 0.12003612812107194 0.20613031900753567 0.18460677128591974 0.20613031900753567 0 
0 -0.05215225365185552 -0.09519934909508738 -0.11672289681670332 -0.15976999225993518 -0.09519934909508738 0.12003612812107194 0.12003612812107194 0.18460677128591974 0.07698903267784007 -0.05215225365185552 -0.18129353998155112 -0.15976999225993518 0.14155967584268786 0.2276538667291516 0.1630832235643038 -0.6332880421354857 -0.6763351375787175 -0.3104348263112467 0.055465484956224144 0.12003612812107194 0.1630832235643038 0.12003612812107194 0.098512580399456 0.07698903267784007 0 
0 -0.11672289681670332 -0.11672289681670332 -0.20281708770316703 -0.22434063542478297 -0.20281708770316703 -0.09519934909508738 -0.11672289681670332 -0.05215225365185552 0.012418389512992276 -0.03062870593023959 -0.009105158208623655 -0.009105158208623655 0.033941937234608206 -0.03062870593023959 -0.03062870593023959 0.098512580399456 0.098512580399456 0.12003612812107194 -0.009105158208623655 0.012418389512992276 0.055465484956224144 0.012418389512992276 -0.03062870593023959 -0.03062870593023959 0 
0 -0.15976999225993518 -0.18129353998155112 -0.20281708770316703 -0.18129353998155112 -0.11672289681670332 -0.11672289681670332 -0.13824644453831925 -0.11672289681670332 -0.09519934909508738 -0.05215225365185552 -0.03062870593023959 -0.09519934909508738 -0.13824644453831925 -0.13824644453831925 -0.15976999225993518 -0.11672289681670332 0.055465484956224144 -0.03062870593023959 -0.05215225365185552 -0.11672289681670332 -0.11672289681670332 -0.09519934909508738 -0.13824644453831925 -0.18129353998155112 0 
0 -0.20281708770316703 -0.15976999225993518 -0.22434063542478297 -0.20281708770316703 -0.07367580137347145 -0.03062870593023959 -0.11672289681670332 -0.18129353998155112 -0.11672289681670332 -0.05215225365185552 -0.09519934909508738 -0.18129353998155112 -0.11672289681670332 -0.15976999225993518 -0.13824644453831925 -0.03062870593023959 -0.03062870593023959 -0.05215225365185552 -0.15976999225993518 -0.15976999225993518 -0.2458641831463989 -0.22434063542478297 -0.22434063542478297 -0.15976999225993518 0 
0 0 0 0 0 0 0 0 0 0 0 0 0 0 0 0 0 0 0 0 0 0 0 0 0 0 

0 0 0 0 0 0 0 0 0 0 0 0 0 0 0 0 0 0 0 0 0 0 0 0 0 0 
0 0.46441289166692684 0.5289835348317746 0.4859364393885428 0.44288934394531093 0.37831870078046315 0.39984224850207906 0.42136579622369497 0.44288934394531093 0.44288934394531093 0.44288934394531093 0.42136579622369497 0.39984224850207906 0.3567951530588472 0.44288934394531093 0.5720306302750066 0.9594544892640933 0.722695464326318 0.5289835348317746 0.46441289166692684 0.46441289166692684 0.46441289166692684 0.44288934394531093 0.44288934394531093 0.44288934394531093 0 
0 0.46441289166692684 0.5289835348317746 0.5289835348317746 0.4859364393885428 0.46441289166692684 0.4859364393885428 0.4859364393885428 0.5074599871101587 0.44288934394531093 0.42136579622369497 0.42136579622369497 0.42136579622369497 0.39984224850207906 0.46441289166692684 0.5289835348317746 0.6581248211614702 0.5935541779966225 0.5289835348317746 0.5289835348317746 0.5074599871101587 0.5074599871101587 0.4859364393885428 0.4859364393885428 0.4859364393885428 0 
0 0.46441289166692684 0.5074599871101587 0.5935541779966225 0.5720306302750066 0.5505070825533905 0.5935541779966225 0.5935541779966225 0.5935541779966225 0.5074599871101587 0.5074599871101587 0.5505070825533905 0.5505070825533905 0.5505070825533905 0.5935541779966225 0.6581248211614702 0.6150777257182384 0.6150777257182384 0.5935541779966225 0.6366012734398543 0.6150777257182384 0.5935541779966225 0.5935541779966225 0.5935541779966225 0.5935541779966225 0 
0 0.46441289166692684 0.5074599871101587 0.6366012734398543 0.6366012734398543 0.6366012734398543 0.6581248211614702 0.6581248211614702 0.6581248211614702 0.6150777257182384 0.5935541779966225 0.5935541779966225 0.5935541779966225 0.6796483688830862 0.6796483688830862 0.722695464326318 0.7872661074911659 0.722695464326318 0.6581248211614702 0.7011719166047021 0.7011719166047021 0.6581248211614702 0.6366012734398543 0.6366012734398543 0.6366012734398543 0 
0 0.42136579622369497 0.39984224850207906 0.6581248211614702 0.744219012047934 0.7011719166047021 0.744219012047934 0.744219012047934 0.744219012047934 0.6796483688830862 0.6581248211614702 0.6796483688830862 0.6796483688830862 0.7657425597695499 0.7657425597695499 0.7657425597695499 0.8087896552127818 0.8087896552127818 0.7872661074911659 0.7657425597695499 0.7657425597695499 0.7657425597695499 0.722695464326318 0.7011719166047021 0.6581248211614702 0 
0 -0.13824644453831925 0.37831870078046315 0.744219012047934 0.8948838460992455 0.744219012047934 0.7872661074911659 0.7657425597695499 0.7872661074911659 0.7011719166047021 0.7011719166047021 0.7011719166047021 0.7011719166047021 0.7011719166047021 0.722695464326318 0.7872661074911659 0.7657425597695499 0.8518367506560136 0.8948838460992455 0.8733602983776295 0.8518367506560136 0.8518367506560136 0.8303132029343977 0.7872661074911659 0.744219012047934 0 
0 0.2276538667291516 0.37831870078046315 0.722695464326318 0.7872661074911659 0.7011719166047021 0.7011719166047021 0.722695464326318 0.7657425597695499 0.744219012047934 0.722695464326318 0.722695464326318 0.7657425597695499 0.7657425597695499 0.7657425597695499 0.7657425597695499 0.8303132029343977 0.8518367506560136 0.8518367506560136 0.8303132029343977 0.8518367506560136 0.8733602983776295 0.8303132029343977 0.7872661074911659 0.722695464326318 0 
0 -0.11672289681670332 0.07698903267784007 0.744219012047934 0.6796483688830862 0.7011719166047021 0.7657425597695499 0.8518367506560136 0.8518367506560136 0.8948838460992455 0.7872661074911659 0.7872661074911659 0.7872661074911659 0.7657425597695499 0.7872661074911659 0.8303132029343977 0.8733602983776295 0.8303132029343977 0.8087896552127818 0.7657425597695499 0.744219012047934 0.7657425597695499 0.7657425597695499 0.722695464326318 0.6796483688830862 0 
0 -0.7193822330219494 0.07698903267784007 0.39984224850207906 0.4859364393885428 0.5289835348317746 0.6796483688830862 0.8733602983776295 0.9594544892640933 0.9379309415424774 0.9594544892640933 0.9379309415424774 0.8303132029343977 0.8303132029343977 0.8303132029343977 0.8518367506560136 0.8087896552127818 0.722695464326318 0.7011719166047021 0.7657425597695499 0.9594544892640933 1.1316428710370208 1.325354800531564 1.5621138254693394 1.4975431823044916 0 
0 -1.451182855556891 -0.50414675580579 -1.4081357601136593 0.14155967584268786 -0.07367580137347145 -0.07367580137347145 0.07698903267784007 0.5074599871101587 0.8948838460992455 1.002501584707325 1.002501584707325 0.9594544892640933 0.8733602983776295 0.7657425597695499 0.8518367506560136 0.9594544892640933 1.1531664187586366 1.389925443696412 1.4975431823044916 1.6051609209125712 1.7988728504071145 1.7988728504071145 1.8203963981287306 1.8203963981287306 0 
0 -1.3435651169488114 -2.139936382648601 -2.8071663620186946 -0.35348192175447857 0.46441289166692684 0.20613031900753567 -0.20281708770316703 -0.2458641831463989 0.033941937234608206 0.5074599871101587 0.8948838460992455 0.9809780369857092 1.1316428710370208 1.368401895974796 1.5836373731909552 1.6912551117990349 1.669731564077419 1.6051609209125712 1.5621138254693394 1.4329725391396437 0.8087896552127818 0.2276538667291516 0.7011719166047021 1.8203963981287306 0 
0 -0.48262320808417414 -3.086972482399702 -3.022401839234854 -1.795559619102746 0.8948838460992455 0.7657425597695499 0.5074599871101587 0.2707009621723835 0.5720306302750066 0.9809780369857092 1.4760196345828756 1.6266844686341873 1.669731564077419 1.6266844686341873 1.4975431823044916 1.34687834825318 1.2607841573667162 1.2823077050883323 1.4544960868612598 0.7872661074911659 -0.6117644944138697 -1.3435651169488114 0.12003612812107194 1.6266844686341873 0 
0 0.44288934394531093 -1.9462244531540576 -3.108496030121318 -2.764119266575463 -0.13824644453831925 1.389925443696412 1.5405902777477234 1.6051609209125712 1.6912551117990349 1.5190667300261076 1.389925443696412 1.4544960868612598 1.2823077050883323 1.325354800531564 1.4544960868612598 1.648208016355803 1.8203963981287306 1.7988728504071145 1.648208016355803 0.6366012734398543 -0.2458641831463989 0.2707009621723835 0.5935541779966225 0.9809780369857092 0 
0 0.5074599871101587 -0.5902409466922538 -2.656501527967383 -2.8502134574619267 -2.1614599303702167 1.1316428710370208 1.4544960868612598 1.5190667300261076 1.2607841573667162 1.34687834825318 1.4544960868612598 1.411448991418028 1.669731564077419 1.669731564077419 1.5405902777477234 1.4544960868612598 1.2392606096451004 1.024025132428941 0.7657425597695499 0.722695464326318 0.7872661074911659 0.9164073938208614 0.8518367506560136 0.7872661074911659 0 
0 1.067072227872173 0.9379309415424774 -1.0852825442894203 -2.8932605529051587 -2.6780250756889994 -0.48262320808417414 1.5190667300261076 1.5405902777477234 1.6912551117990349 1.6912551117990349 1.648208016355803 1.368401895974796 1.2392606096451004 0.9594544892640933 0.9809780369857092 0.6366012734398543 0.5289835348317746 0.46441289166692684 0.4859364393885428 0.5074599871101587 0.39984224850207906 0.033941937234608206 -0.2458641831463989 -0.6548115898571016 0 
0 1.8203963981287306 1.1746899664802526 -0.39652901719771044 -1.6233712373298186 -2.6349779802457673 -2.46278959847284 0.9594544892640933 1.4975431823044916 1.2607841573667162 1.1316428710370208 0.8303132029343977 0.744219012047934 0.7011719166047021 0.6150777257182384 0.3567951530588472 0.3137480576156153 -0.07367580137347145 0.07698903267784007 -0.18129353998155112 -0.3750054694760945 -0.48262320808417414 -1.0207119011245724 -1.0422354488461885 -0.6548115898571016 0 
0 0.5289835348317746 -0.6548115898571016 -1.6018476896082026 -2.3121247644215286 -2.721072171132231 -3.04392538695647 -1.6018476896082026 0.2922245098939994 0.5505070825533905 0.5074599871101587 0.5935541779966225 -0.50414675580579 -0.8054764239084131 -1.128329639732652 -0.826999971630029 -0.35348192175447857 -0.7193822330219494 -0.48262320808417414 0.18460677128591974 0.6366012734398543 -0.07367580137347145 0.055465484956224144 0.44288934394531093 0.722695464326318 0 
0 -0.826999971630029 -2.075365739483753 -2.8071663620186946 -2.5919308848025353 -2.8071663620186946 -3.065448934678086 -2.8932605529051587 -0.6548115898571016 0.18460677128591974 0.6150777257182384 0.5289835348317746 -2.2475541212566807 -2.6780250756889994 -2.527360241637688 -1.3866122123920432 -0.2673877308680148 1.1101193233154047 1.088595775593789 1.5190667300261076 1.712778659520651 0.7011719166047021 0.6150777257182384 0.5720306302750066 0.5289835348317746 0 
0 0.42136579622369497 -0.05215225365185552 -0.6978586853003335 -1.2574709260623478 -2.0538421917621372 -2.764119266575463 -2.9363076483483903 -2.3121247644215286 -0.9776648056813406 0.7011719166047021 0.9594544892640933 0.5505070825533905 -1.6879418804946664 -2.3121247644215286 -2.075365739483753 0.3567951530588472 1.6266844686341873 1.1316428710370208 0.46441289166692684 0.46441289166692684 0.42136579622369497 0.6366012734398543 0.6366012734398543 0.6581248211614702 0 
0 0.5074599871101587 0.4859364393885428 0.46441289166692684 0.098512580399456 -0.05215225365185552 -0.41805256491932635 -0.7193822330219494 -0.9561412579597247 -0.6978586853003335 -0.3104348263112467 0.18460677128591974 0.42136579622369497 -0.848523519351645 -0.6117644944138697 -0.8915706147948769 -0.7193822330219494 -0.11672289681670332 -0.39652901719771044 -0.6117644944138697 -0.2889112785896308 0.5074599871101587 0.6796483688830862 0.6581248211614702 0.6796483688830862 0 
0 0.33527160533723127 0.2707009621723835 0.2276538667291516 0.2276538667291516 0.3567951530588472 0.5720306302750066 0.5720306302750066 0.5935541779966225 0.39984224850207906 0.2707009621723835 0.14155967584268786 0.1630832235643038 0.46441289166692684 0.5505070825533905 0.4859364393885428 -0.3104348263112467 -0.3750054694760945 -0.03062870593023959 0.37831870078046315 0.5074599871101587 0.5935541779966225 0.6366012734398543 0.5935541779966225 0.5720306302750066 0 
0 0.3137480576156153 0.3137480576156153 0.2707009621723835 0.2707009621723835 0.2922245098939994 0.37831870078046315 0.3567951530588472 0.39984224850207906 0.46441289166692684 0.42136579622369497 0.44288934394531093 0.44288934394531093 0.4859364393885428 0.42136579622369497 0.42136579622369497 0.5505070825533905 0.4859364393885428 0.5289835348317746 0.44288934394531093 0.5289835348317746 0.5289835348317746 0.4859364393885428 0.44288934394531093 0.42136579622369497 0 
0 0.33527160533723127 0.37831870078046315 0.39984224850207906 0.33527160533723127 0.2707009621723835 0.2707009621723835 0.24917741445076752 0.3137480576156153 0.44288934394531093 0.5074599871101587 0.5074599871101587 0.46441289166692684 0.39984224850207906 0.39984224850207906 0.39984224850207906 0.42136579622369497 0.5505070825533905 0.46441289166692684 0.5074599871101587 0.5074599871101587 0.42136579622369497 0.33527160533723127 0.2707009621723835 0.24917741445076752 0 
0 0.2922245098939994 0.37831870078046315 0.37831870078046315 0.33527160533723127 0.3137480576156153 0.3567951530588472 0.2276538667291516 0.2276538667291516 0.42136579622369497 0.4859364393885428 0.42136579622369497 0.33527160533723127 0.39984224850207906 0.3567951530588472 0.37831870078046315 0.4859364393885428 0.46441289166692684 0.46441289166692684 0.42136579622369497 0.46441289166692684 0.33527160533723127 0.2707009621723835 0.24917741445076752 0.2707009621723835 0 
0 0 0 0 0 0 0 0 0 0 0 0 0 0 0 0 0 0 0 0 0 0 0 0 0 0 

