0 0 0 0 0 0 0 0 0 0 0 0 0 0 0 0 0 0 0 0 0 0 0 0 0 0 
0 0.09425543485905089 0.6131858637658831 -0.11803428605738048 -1.1323073971025526 -1.2738338777135068 -1.2974216244819992 -0.8964299294176288 -1.0143686632600908 -1.0851319035655678 -0.0944465392888881 0.7547123443768373 -0.04727104575190336 1.108528545904223 1.1792917862097 0.40089614284945174 1.6274589748110553 3.2078380083000444 2.1699771504863796 -0.11803428605738048 -0.23597301989984235 0.07066768809055851 -0.8020789423436593 -1.226658384176522 -1.0615441567970754 0 
0 2.2879158843288416 0.6839491040713602 -0.778491195575167 -1.2502461309450144 -1.415360358324461 -1.2974216244819992 -1.1794828906395374 -1.1323073971025526 -1.0851319035655678 -0.589789221427228 0.14143092839603563 -0.2595607666683347 1.7925732021905019 2.311503631097334 0.4480716363864365 1.2736427732836695 3.278601248605521 2.618144339087735 0.8726510782192992 0.353720649312467 -0.0944465392888881 -0.6841402085011975 -0.8492544358806441 -0.7549034488066746 0 
0 1.4623447474316085 0.5188348766919136 -0.2595607666683347 -0.6369647149642127 -0.8020789423436593 -0.7549034488066746 -0.9200176761861212 -0.8728421826491365 -0.8964299294176288 -0.778491195575167 -0.5426137278902432 -0.7077279552696898 1.8869241892644713 3.06631152768909 0.7075368508398526 0.919826571756284 2.806846313235674 2.3822668714028112 1.1321162926727153 0.919826571756284 0.5660103702288983 0.21219416870151275 -0.3774995005107966 -0.4482627408162737 0 
0 0.731124597608345 0.731124597608345 0.49524712992342124 0.02349219455357376 -0.21238527313134997 -0.11803428605738048 -0.4482627408162737 -0.8964299294176288 -0.9907809164915983 -0.6605524617327051 -0.5662014746587356 -0.6841402085011975 1.8633364424959789 3.4673032227534604 1.4623447474316085 1.0849407991357305 2.476617858476781 1.8869241892644713 0.9670020652932687 1.0613530523672383 1.2028795329781925 1.226467279746685 0.18860642193302038 -0.5662014746587356 0 
0 0.18860642193302038 0.5188348766919136 0.6131858637658831 0.02349219455357376 -0.1887975263628576 -0.11803428605738048 -0.7549034488066746 -1.226658384176522 -0.9436054229546136 -0.1887975263628576 -0.14162203282587285 -0.40108724727928896 2.052038416643918 3.6324174501329067 1.934099682801456 1.2500550265151773 2.193564897254872 1.2736427732836695 1.0613530523672383 1.226467279746685 1.2028795329781925 1.3208182668206543 0.8962388249877916 -0.30673626020531947 0 
0 -0.3774995005107966 0.14143092839603563 0.4480716363864365 -0.11803428605738048 -0.33032400697381187 -0.5662014746587356 -1.1087196503340602 -0.9200176761861212 -0.04727104575190336 0.919826571756284 0.5660103702288983 -0.1887975263628576 2.240740390791857 3.703180690438384 2.1463894037178872 1.3208182668206543 1.9105119360329637 1.3915815071261315 1.1321162926727153 1.3915815071261315 1.1792917862097 0.9905898120617611 1.1557040394412077 0.4716593831549289 0 
0 -0.3539117537423042 -0.16520977959436522 -0.0944465392888881 -0.778491195575167 -0.8728421826491365 -0.8964299294176288 -0.5662014746587356 0.18860642193302038 0.9670020652932687 1.5095202409685933 0.9905898120617611 0.2593696622384975 2.2171526440233644 3.278601248605521 2.099213910180903 1.556695734505578 1.556695734505578 1.556695734505578 1.0613530523672383 1.226467279746685 0.8726510782192992 0.8962388249877916 0.9905898120617611 0.7783000911453297 0 
0 0.33013290254397465 0.21219416870151275 -0.14162203282587285 -1.1087196503340602 -1.0615441567970754 -0.589789221427228 -0.14162203282587285 0.4480716363864365 0.8254755846823145 1.2736427732836695 0.9905898120617611 0.6131858637658831 1.7689854554220095 1.5802834812740705 1.0141775588302535 1.3208182668206543 1.1557040394412077 1.1557040394412077 1.1321162926727153 1.1321162926727153 0.6839491040713602 0.8490633314508068 0.8962388249877916 0.6367736105343755 0 
0 0.6839491040713602 0.4480716363864365 0.3773083960809594 -0.4718504875847661 -0.778491195575167 -0.4718504875847661 -0.4482627408162737 -0.14162203282587285 0.2593696622384975 1.0141775588302535 1.5095202409685933 1.2736427732836695 1.226467279746685 0.4480716363864365 0.6603613573028678 0.6839491040713602 0.5895981169973907 0.919826571756284 1.037765305598746 0.8490633314508068 0.3773083960809594 0.4716593831549289 0.731124597608345 0.5188348766919136 0 
0 0.33013290254397465 0.14143092839603563 0.353720649312467 -0.023683298983410987 -0.49543823435325846 -0.8492544358806441 -0.6605524617327051 -0.23597301989984235 0.23578191547000513 0.731124597608345 1.2736427732836695 1.9105119360329637 0.9670020652932687 0.6839491040713602 0.7783000911453297 0.4480716363864365 0.11784318162754326 0.5660103702288983 0.6839491040713602 0.23578191547000513 0.07066768809055851 0.23578191547000513 0.5188348766919136 0.3773083960809594 0 
0 0.14143092839603563 0.02349219455357376 -0.14162203282587285 -0.5190259811217508 -0.6133769681957203 -0.8728421826491365 -0.21238527313134997 0.04707994132206614 0.2829574090069899 0.3773083960809594 1.2028795329781925 1.6510467215795475 0.2593696622384975 0.8254755846823145 0.6367736105343755 0.4716593831549289 0.23578191547000513 0.4716593831549289 0.5188348766919136 0.09425543485905089 0.165018675164528 0.09425543485905089 0.40089614284945174 0.165018675164528 0 
0 0.3773083960809594 -0.07085879252039573 -0.5662014746587356 -1.1323073971025526 -0.9907809164915983 -0.40108724727928896 0.6131858637658831 0.5188348766919136 0.23578191547000513 -0.04727104575190336 1.2028795329781925 2.193564897254872 1.0849407991357305 1.415169253894624 0.4480716363864365 0.30654515577548225 0.30654515577548225 0.7783000911453297 0.731124597608345 0.42448388961794414 0.4480716363864365 -0.04727104575190336 0.42448388961794414 0.2593696622384975 0 
0 0.165018675164528 -0.42467499404778136 -0.3774995005107966 -0.7549034488066746 -1.0615441567970754 -0.0944465392888881 0.7783000911453297 0.6839491040713602 0.49524712992342124 0.30654515577548225 0.8490633314508068 2.2879158843288416 2.099213910180903 1.4859324942001009 0.18860642193302038 -0.04727104575190336 -0.04727104575190336 0.4716593831549289 0.7547123443768373 0.49524712992342124 0.40089614284945174 0.09425543485905089 0.5188348766919136 0.5660103702288983 0 
0 -0.21238527313134997 0.11784318162754326 0.33013290254397465 -0.07085879252039573 -1.0143686632600908 -0.30673626020531947 0.4716593831549289 0.5188348766919136 0.731124597608345 0.919826571756284 1.0613530523672383 1.9105119360329637 1.6510467215795475 1.0849407991357305 0.165018675164528 -0.589789221427228 -0.4718504875847661 0.30654515577548225 0.9905898120617611 0.5895981169973907 0.07066768809055851 -0.023683298983410987 0.21219416870151275 0.542422623460406 0 
0 -0.4718504875847661 0.6131858637658831 0.6839491040713602 0.11784318162754326 -0.967193169723106 -0.778491195575167 0.02349219455357376 0.5188348766919136 1.367993760357639 1.4387570006631163 1.0849407991357305 1.5095202409685933 1.3915815071261315 1.1321162926727153 0.04707994132206614 -0.8492544358806441 -0.49543823435325846 0.4716593831549289 1.1792917862097 1.0613530523672383 0.2829574090069899 -0.23597301989984235 -0.0944465392888881 0.353720649312467 0 
0 -0.589789221427228 0.353720649312467 0.4716593831549289 -0.11803428605738048 -1.155895143871045 -1.155895143871045 -0.7313157020381822 0.33013290254397465 1.6274589748110553 1.415169253894624 1.0141775588302535 1.6274589748110553 1.108528545904223 1.0141775588302535 0.353720649312467 -0.23597301989984235 -0.11803428605738048 0.33013290254397465 0.8018878379138221 1.1321162926727153 0.4480716363864365 -0.2831485134368271 -0.0944465392888881 0.30654515577548225 0 
0 -0.3774995005107966 -0.0944465392888881 -0.23597301989984235 -0.6605524617327051 -1.3210093712504916 -1.1323073971025526 -1.037956410028583 -0.6369647149642127 -0.3774995005107966 0.09425543485905089 0.9434143185247763 1.6982222151165323 0.731124597608345 0.8254755846823145 0.9670020652932687 0.731124597608345 0.7075368508398526 0.4480716363864365 0.5188348766919136 0.8254755846823145 0.49524712992342124 -0.16520977959436522 -0.2595607666683347 -9.555221491861158e-05 0 
0 -0.6369647149642127 -0.7313157020381822 -0.9907809164915983 -1.1794828906395374 -1.3681848647874764 -1.0143686632600908 -1.1087196503340602 -1.3210093712504916 -1.1794828906395374 -0.16520977959436522 1.6038712280425629 2.122801656949395 1.108528545904223 1.037765305598746 1.108528545904223 0.8726510782192992 0.919826571756284 0.6603613573028678 0.7547123443768373 0.8018878379138221 0.5660103702288983 0.07066768809055851 -0.21238527313134997 -0.14162203282587285 0 
0 -1.0143686632600908 -0.8728421826491365 -1.1794828906395374 -1.344597118018984 -1.3210093712504916 -0.6605524617327051 -1.1087196503340602 -1.3917726115559688 -0.7313157020381822 -0.07085879252039573 1.556695734505578 2.854021806772659 2.2643281375603492 1.8633364424959789 1.1321162926727153 0.353720649312467 0.6603613573028678 0.7783000911453297 0.5660103702288983 0.42448388961794414 0.6603613573028678 0.40089614284945174 0.30654515577548225 0.6131858637658831 0 
0 -0.9436054229546136 -0.8492544358806441 -1.2502461309450144 -1.3210093712504916 -1.1087196503340602 -0.1887975263628576 -0.9436054229546136 -0.967193169723106 -0.04727104575190336 0.02349219455357376 1.1321162926727153 3.396539982447983 3.5852419565959224 2.7832585664671816 1.0613530523672383 0.18860642193302038 0.7075368508398526 0.6603613573028678 -0.4718504875847661 0.2593696622384975 1.556695734505578 1.4859324942001009 1.0141775588302535 1.0849407991357305 0 
0 -0.9200176761861212 -0.967193169723106 -1.3681848647874764 -1.3681848647874764 -0.9907809164915983 -0.023683298983410987 -0.8256666891121517 -0.4482627408162737 0.4716593831549289 0.2829574090069899 1.0613530523672383 3.6324174501329067 4.2928743596506935 2.948372793846628 0.4716593831549289 0.14143092839603563 0.6367736105343755 -0.07085879252039573 -1.2502461309450144 0.353720649312467 2.429442364939796 2.854021806772659 2.3350913778658264 1.6038712280425629 0 
0 -0.6369647149642127 -0.7549034488066746 -1.2030706374080298 -1.226658384176522 -0.967193169723106 0.07066768809055851 -0.3539117537423042 0.04707994132206614 0.4716593831549289 0.49524712992342124 0.7075368508398526 3.325776742142506 4.245698866113709 1.9812751763384409 -9.555221491861158e-05 0.14143092839603563 0.40089614284945174 -0.5190259811217508 -1.415360358324461 0.6367736105343755 2.854021806772659 3.514478716290445 3.443715475984968 2.7124953261617044 0 
0 0.21219416870151275 -0.04727104575190336 -0.14162203282587285 -0.30673626020531947 -0.4718504875847661 0.4480716363864365 0.5660103702288983 0.5895981169973907 0.5188348766919136 0.9434143185247763 0.731124597608345 2.8304340600041664 3.6324174501329067 1.3444060135891467 0.2829574090069899 0.731124597608345 0.8254755846823145 -0.7077279552696898 -1.2738338777135068 0.49524712992342124 2.500205605245273 3.325776742142506 3.7267684372068763 3.325776742142506 0 
0 1.226467279746685 1.2500550265151773 1.4623447474316085 1.415169253894624 0.9670020652932687 1.556695734505578 1.8633364424959789 1.7925732021905019 1.745397708653517 2.0284506698754257 1.8397486957274864 2.240740390791857 2.618144339087735 1.3208182668206543 1.2028795329781925 2.099213910180903 1.7218099618850247 -0.42467499404778136 -0.7077279552696898 0.21219416870151275 1.8869241892644713 3.0898992744575824 3.7267684372068763 3.0427237809205976 0 
0 0 0 0 0 0 0 0 0 0 0 0 0 0 0 0 0 0 0 0 0 0 0 0 0 0 

0 0 0 0 0 0 0 0 0 0 0 0 0 0 0 0 0 0 0 0 0 0 0 0 0 0 
0 -0.4482627408162737 0.04707994132206614 -0.3774995005107966 -1.0143686632600908 -1.0851319035655678 -1.226658384176522 -0.8020789423436593 -0.8020789423436593 -0.8728421826491365 -0.0944465392888881 0.4716593831549289 -0.23597301989984235 0.6603613573028678 0.6131858637658831 -9.555221491861158e-05 0.8018878379138221 2.0756261634124105 1.3915815071261315 -0.2595607666683347 -0.33032400697381187 -9.555221491861158e-05 -0.7313157020381822 -1.0851319035655678 -0.8964299294176288 0 
0 0.919826571756284 0.09425543485905089 -0.778491195575167 -1.1087196503340602 -1.2974216244819992 -1.226658384176522 -1.037956410028583 -0.9436054229546136 -0.8964299294176288 -0.4718504875847661 -0.023683298983410987 -0.30673626020531947 1.0141775588302535 1.3208182668206543 0.04707994132206614 0.5895981169973907 2.0048629231069333 1.5802834812740705 0.4716593831549289 0.21219416870151275 -0.16520977959436522 -0.6369647149642127 -0.6841402085011975 -0.6369647149642127 0 
0 0.542422623460406 0.02349219455357376 -0.3774995005107966 -0.6133769681957203 -0.778491195575167 -0.7549034488066746 -0.8964299294176288 -0.8492544358806441 -0.8256666891121517 -0.7077279552696898 -0.589789221427228 -0.6369647149642127 1.0613530523672383 1.934099682801456 0.23578191547000513 0.2829574090069899 1.556695734505578 1.3444060135891467 0.7075368508398526 0.6839491040713602 0.33013290254397465 0.04707994132206614 -0.4482627408162737 -0.4482627408162737 0 
0 0.4480716363864365 0.353720649312467 0.21219416870151275 -0.0944465392888881 -0.30673626020531947 -0.1887975263628576 -0.4482627408162737 -0.8728421826491365 -0.9200176761861212 -0.5662014746587356 -0.5426137278902432 -0.589789221427228 1.037765305598746 2.2643281375603492 0.8726510782192992 0.42448388961794414 1.2972305200521619 0.9670020652932687 0.542422623460406 0.6839491040713602 0.7783000911453297 0.8490633314508068 -0.0944465392888881 -0.6369647149642127 0 
0 0.02349219455357376 0.33013290254397465 0.42448388961794414 -0.11803428605738048 -0.2831485134368271 -0.16520977959436522 -0.6369647149642127 -1.0615441567970754 -0.8728421826491365 -0.11803428605738048 -0.16520977959436522 -0.3539117537423042 1.2028795329781925 2.358679124634319 1.2028795329781925 0.5660103702288983 1.1321162926727153 0.49524712992342124 0.6839491040713602 0.8018878379138221 0.731124597608345 0.8962388249877916 0.5188348766919136 -0.4718504875847661 0 
0 -0.49543823435325846 0.04707994132206614 0.33013290254397465 -0.1887975263628576 -0.33032400697381187 -0.4718504875847661 -0.9436054229546136 -0.8256666891121517 -0.14162203282587285 0.731124597608345 0.40089614284945174 -0.2595607666683347 1.3208182668206543 2.3350913778658264 1.2736427732836695 0.5660103702288983 0.919826571756284 0.7075368508398526 0.8018878379138221 0.9905898120617611 0.7783000911453297 0.7075368508398526 0.8726510782192992 0.2593696622384975 0 
0 -0.49543823435325846 -0.30673626020531947 -0.1887975263628576 -0.7313157020381822 -0.778491195575167 -0.778491195575167 -0.5190259811217508 0.07066768809055851 0.6131858637658831 0.9905898120617611 0.7075368508398526 0.165018675164528 1.3208182668206543 2.052038416643918 1.226467279746685 0.8490633314508068 0.8254755846823145 1.0613530523672383 0.731124597608345 0.8254755846823145 0.5660103702288983 0.7075368508398526 0.8254755846823145 0.5895981169973907 0 
0 0.02349219455357376 -0.023683298983410987 -0.21238527313134997 -0.9907809164915983 -0.9436054229546136 -0.5662014746587356 -0.23597301989984235 0.2829574090069899 0.42448388961794414 0.6131858637658831 0.49524712992342124 0.33013290254397465 0.8962388249877916 0.6839491040713602 0.353720649312467 0.7783000911453297 0.8254755846823145 0.919826571756284 0.7783000911453297 0.731124597608345 0.40089614284945174 0.6367736105343755 0.7783000911453297 0.5188348766919136 0 
0 0.40089614284945174 0.2593696622384975 0.30654515577548225 -0.4482627408162737 -0.6841402085011975 -0.42467499404778136 -0.49543823435325846 -0.21238527313134997 0.04707994132206614 0.49524712992342124 0.7547123443768373 0.4480716363864365 0.30654515577548225 -0.0944465392888881 0.2829574090069899 0.353720649312467 0.4716593831549289 0.7783000911453297 0.7547123443768373 0.5660103702288983 0.165018675164528 0.2593696622384975 0.6131858637658831 0.42448388961794414 0 
0 0.11784318162754326 0.04707994132206614 0.23578191547000513 -0.0944465392888881 -0.42467499404778136 -0.8256666891121517 -0.6841402085011975 -0.23597301989984235 0.18860642193302038 0.40089614284945174 0.4716593831549289 0.8490633314508068 0.21219416870151275 0.49524712992342124 0.6839491040713602 0.3773083960809594 0.09425543485905089 0.4716593831549289 0.49524712992342124 0.07066768809055851 -0.04727104575190336 0.11784318162754326 0.4480716363864365 0.2829574090069899 0 
0 0.02349219455357376 -0.04727104575190336 -0.23597301989984235 -0.5662014746587356 -0.5662014746587356 -0.8728421826491365 -0.30673626020531947 -9.555221491861158e-05 0.21219416870151275 0.09425543485905089 0.4716593831549289 0.6839491040713602 -0.2595607666683347 0.7075368508398526 0.6603613573028678 0.5188348766919136 0.18860642193302038 0.33013290254397465 0.3773083960809594 -9.555221491861158e-05 0.07066768809055851 0.02349219455357376 0.353720649312467 0.07066768809055851 0 
0 0.2829574090069899 -0.14162203282587285 -0.5662014746587356 -1.037956410028583 -0.8964299294176288 -0.3774995005107966 0.4480716363864365 0.33013290254397465 0.04707994132206614 -0.40108724727928896 0.4716593831549289 1.2500550265151773 0.42448388961794414 0.8962388249877916 0.353720649312467 0.2593696622384975 0.09425543485905089 0.49524712992342124 0.5895981169973907 0.353720649312467 0.353720649312467 -0.07085879252039573 0.3773083960809594 0.18860642193302038 0 
0 0.11784318162754326 -0.49543823435325846 -0.42467499404778136 -0.6841402085011975 -0.967193169723106 -0.0944465392888881 0.6131858637658831 0.4480716363864365 0.09425543485905089 -0.33032400697381187 -0.023683298983410987 1.2972305200521619 1.2500550265151773 0.7075368508398526 0.02349219455357376 -0.11803428605738048 -0.2831485134368271 0.21219416870151275 0.542422623460406 0.3773083960809594 0.353720649312467 0.09425543485905089 0.4480716363864365 0.4480716363864365 0 
0 -0.2595607666683347 -0.023683298983410987 0.165018675164528 -0.11803428605738048 -0.9200176761861212 -0.3539117537423042 0.33013290254397465 0.11784318162754326 -0.07085879252039573 -0.04727104575190336 0.11784318162754326 0.8490633314508068 0.7075368508398526 0.2593696622384975 -0.07085879252039573 -0.6133769681957203 -0.6369647149642127 0.07066768809055851 0.6603613573028678 0.33013290254397465 0.02349219455357376 0.04707994132206614 0.165018675164528 0.42448388961794414 0 
0 -0.5662014746587356 0.42448388961794414 0.49524712992342124 0.09425543485905089 -0.8964299294176288 -0.7313157020381822 -0.023683298983410987 -0.04727104575190336 0.33013290254397465 0.4716593831549289 0.21219416870151275 0.4480716363864365 0.42448388961794414 0.2829574090069899 -0.21238527313134997 -0.8964299294176288 -0.6605524617327051 0.23578191547000513 0.7783000911453297 0.7547123443768373 0.14143092839603563 -0.14162203282587285 -9.555221491861158e-05 0.30654515577548225 0 
0 -0.6605524617327051 0.165018675164528 0.30654515577548225 -0.11803428605738048 -1.0615441567970754 -1.037956410028583 -0.5662014746587356 -0.023683298983410987 0.8490633314508068 0.7783000911453297 0.2829574090069899 0.5660103702288983 0.11784318162754326 0.14143092839603563 -9.555221491861158e-05 -0.33032400697381187 -0.2831485134368271 0.14143092839603563 0.542422623460406 0.9434143185247763 0.3773083960809594 -0.16520977959436522 0.02349219455357376 0.33013290254397465 0 
0 -0.3539117537423042 -0.16520977959436522 -0.2595607666683347 -0.6133769681957203 -1.2502461309450144 -0.9907809164915983 -0.8256666891121517 -0.6133769681957203 -0.589789221427228 -0.11803428605738048 0.353720649312467 0.6367736105343755 -0.2595607666683347 -0.0944465392888881 0.4480716363864365 0.5188348766919136 0.4480716363864365 0.2593696622384975 0.2829574090069899 0.5895981169973907 0.353720649312467 -0.1887975263628576 -0.21238527313134997 0.04707994132206614 0 
0 -0.5426137278902432 -0.6133769681957203 -0.8492544358806441 -1.0851319035655678 -1.2974216244819992 -0.9200176761861212 -1.0143686632600908 -1.1794828906395374 -1.037956410028583 -0.23597301989984235 1.0613530523672383 1.0613530523672383 0.09425543485905089 0.04707994132206614 0.42448388961794414 0.5188348766919136 0.542422623460406 0.2829574090069899 0.23578191547000513 0.2593696622384975 0.14143092839603563 -0.21238527313134997 -0.30673626020531947 -0.16520977959436522 0 
0 -0.8964299294176288 -0.7313157020381822 -1.0615441567970754 -1.2738338777135068 -1.3210093712504916 -0.6133769681957203 -1.0143686632600908 -1.2974216244819992 -0.7313157020381822 -0.16520977959436522 1.1321162926727153 1.9576874295699485 1.2736427732836695 0.7075368508398526 0.30654515577548225 -0.11803428605738048 0.02349219455357376 0.07066768809055851 -0.07085879252039573 -0.30673626020531947 -0.16520977959436522 -0.30673626020531947 -0.2831485134368271 0.04707994132206614 0 
0 -0.8492544358806441 -0.7313157020381822 -1.1323073971025526 -1.226658384176522 -1.0615441567970754 -0.16520977959436522 -0.8256666891121517 -0.967193169723106 -0.16520977959436522 -0.07085879252039573 0.8726510782192992 2.7124953261617044 2.736083072930197 1.6510467215795475 0.21219416870151275 -0.42467499404778136 -0.14162203282587285 -0.0944465392888881 -0.9200176761861212 -0.4718504875847661 0.4480716363864365 0.42448388961794414 -9.555221491861158e-05 -9.555221491861158e-05 0 
0 -0.8492544358806441 -0.8964299294176288 -1.2738338777135068 -1.2502461309450144 -0.9436054229546136 -0.0944465392888881 -0.8492544358806441 -0.49543823435325846 0.33013290254397465 0.18860642193302038 0.9434143185247763 3.1606625147630596 3.7267684372068763 2.052038416643918 -0.2595607666683347 -0.5190259811217508 -0.23597301989984235 -0.5662014746587356 -1.3917726115559688 -0.40108724727928896 1.0849407991357305 1.5331079877370857 1.108528545904223 0.2829574090069899 0 
0 -0.7313157020381822 -0.8256666891121517 -1.2502461309450144 -1.226658384176522 -0.967193169723106 -0.0944465392888881 -0.5190259811217508 -0.07085879252039573 0.30654515577548225 0.33013290254397465 0.6367736105343755 3.019136034152105 3.8447071710493383 1.2736427732836695 -0.5426137278902432 -0.49543823435325846 -0.3539117537423042 -0.778491195575167 -1.3917726115559688 -0.07085879252039573 1.415169253894624 2.0284506698754257 2.122801656949395 1.3444060135891467 0 
0 -0.07085879252039573 -0.21238527313134997 -0.3774995005107966 -0.5190259811217508 -0.5662014746587356 0.21219416870151275 0.30654515577548225 0.42448388961794414 0.33013290254397465 0.7075368508398526 0.5660103702288983 2.500205605245273 3.2078380083000444 0.5895981169973907 -0.3774995005107966 -0.11803428605738048 0.02349219455357376 -0.9436054229546136 -1.226658384176522 -0.11803428605738048 1.1557040394412077 1.8161609489589943 2.4530301117082884 2.1463894037178872 0 
0 0.8726510782192992 1.0141775588302535 1.1321162926727153 1.0613530523672383 0.8254755846823145 1.3444060135891467 1.5802834812740705 1.6274589748110553 1.5802834812740705 1.7689854554220095 1.5802834812740705 1.8633364424959789 2.122801656949395 0.4716593831549289 0.23578191547000513 0.9434143185247763 0.7547123443768373 -0.778491195575167 -0.778491195575167 -0.33032400697381187 0.7547123443768373 1.6746344683480399 2.57096884555075 2.099213910180903 0 
0 0 0 0 0 0 0 0 0 0 0 0 0 0 0 0 0 0 0 0 0 0 0 0 0 0 

0 0 0 0 0 0 0 0 0 0 0 0 0 0 0 0 0 0 0 0 0 0 0 0 0 0 
0 -1.1794828906395374 -0.7313157020381822 -1.0143686632600908 -1.2738338777135068 -1.2974216244819992 -1.3917726115559688 -1.1794828906395374 -1.155895143871045 -1.2502461309450144 -0.8492544358806441 -0.5662014746587356 -1.0143686632600908 -0.0944465392888881 -0.23597301989984235 -0.7313157020381822 -0.0944465392888881 0.9670020652932687 0.3773083960809594 -0.9200176761861212 -0.9907809164915983 -0.8256666891121517 -1.226658384176522 -1.3681848647874764 -1.2502461309450144 0 
0 -0.4718504875847661 -0.8728421826491365 -1.2974216244819992 -1.3681848647874764 -1.4625358518614457 -1.415360358324461 -1.3681848647874764 -1.2502461309450144 -1.2738338777135068 -1.0851319035655678 -0.7313157020381822 -1.0143686632600908 0.09425543485905089 0.3773083960809594 -0.6605524617327051 -0.23597301989984235 0.8726510782192992 0.42448388961794414 -0.5190259811217508 -0.6841402085011975 -0.9907809164915983 -1.2030706374080298 -1.226658384176522 -1.1794828906395374 0 
0 -0.7313157020381822 -0.8728421826491365 -0.967193169723106 -1.0851319035655678 -1.155895143871045 -1.1794828906395374 -1.3210093712504916 -1.2030706374080298 -1.226658384176522 -1.2974216244819992 -1.1323073971025526 -1.2738338777135068 0.04707994132206614 0.8254755846823145 -0.6133769681957203 -0.5662014746587356 0.4480716363864365 0.21219416870151275 -0.4482627408162737 -0.40108724727928896 -0.6133769681957203 -0.8020789423436593 -1.0851319035655678 -0.8964299294176288 0 
0 -0.5190259811217508 -0.6133769681957203 -0.6369647149642127 -0.8256666891121517 -0.8964299294176288 -0.8256666891121517 -0.8964299294176288 -1.155895143871045 -1.2974216244819992 -1.1087196503340602 -1.037956410028583 -1.1794828906395374 -9.555221491861158e-05 1.0141775588302535 -0.14162203282587285 -0.49543823435325846 0.23578191547000513 -0.11803428605738048 -0.6605524617327051 -0.5190259811217508 -0.3539117537423042 -0.33032400697381187 -0.8728421826491365 -1.0851319035655678 0 
0 -0.8020789423436593 -0.7313157020381822 -0.6605524617327051 -0.9200176761861212 -0.9436054229546136 -0.8020789423436593 -1.0615441567970754 -1.344597118018984 -1.2502461309450144 -0.7549034488066746 -0.8020789423436593 -0.967193169723106 0.165018675164528 1.0613530523672383 0.07066768809055851 -0.42467499404778136 0.04707994132206614 -0.589789221427228 -0.589789221427228 -0.5426137278902432 -0.4718504875847661 -0.42467499404778136 -0.49543823435325846 -1.0851319035655678 0 
0 -1.1794828906395374 -0.8256666891121517 -0.6605524617327051 -0.9436054229546136 -0.8964299294176288 -0.9907809164915983 -1.3681848647874764 -1.2738338777135068 -0.8020789423436593 -0.2831485134368271 -0.5426137278902432 -0.967193169723106 0.30654515577548225 1.0613530523672383 0.11784318162754326 -0.42467499404778136 -0.21238527313134997 -0.42467499404778136 -0.5426137278902432 -0.40108724727928896 -0.40108724727928896 -0.5426137278902432 -0.40108724727928896 -0.6841402085011975 0 
0 -1.155895143871045 -0.9907809164915983 -0.967193169723106 -1.226658384176522 -1.0851319035655678 -1.2030706374080298 -1.1323073971025526 -0.6369647149642127 -0.30673626020531947 -0.16520977959436522 -0.4482627408162737 -0.7549034488066746 0.30654515577548225 0.8962388249877916 0.11784318162754326 -0.2831485134368271 -0.42467499404778136 -0.21238527313134997 -0.6605524617327051 -0.5426137278902432 -0.5662014746587356 -0.4718504875847661 -0.5426137278902432 -0.5662014746587356 0 
0 -0.8020789423436593 -0.8256666891121517 -0.967193169723106 -1.415360358324461 -1.155895143871045 -1.0615441567970754 -0.967193169723106 -0.5426137278902432 -0.49543823435325846 -0.40108724727928896 -0.589789221427228 -0.6841402085011975 -0.11803428605738048 -0.30673626020531947 -0.6369647149642127 -0.40108724727928896 -0.42467499404778136 -0.40108724727928896 -0.6133769681957203 -0.5426137278902432 -0.6841402085011975 -0.5190259811217508 -0.5662014746587356 -0.6605524617327051 0 
0 -0.5190259811217508 -0.6605524617327051 -0.589789221427228 -1.155895143871045 -1.2502461309450144 -0.9907809164915983 -1.1087196503340602 -0.9436054229546136 -0.8964299294176288 -0.5426137278902432 -0.21238527313134997 -0.40108724727928896 -0.5190259811217508 -1.0615441567970754 -0.7077279552696898 -0.7077279552696898 -0.5662014746587356 -0.33032400697381187 -0.4482627408162737 -0.5426137278902432 -0.778491195575167 -0.8020789423436593 -0.6841402085011975 -0.7313157020381822 0 
0 -0.8964299294176288 -0.967193169723106 -0.6133769681957203 -0.8020789423436593 -1.0615441567970754 -1.2502461309450144 -1.1794828906395374 -0.9436054229546136 -0.778491195575167 -0.6369647149642127 -0.4482627408162737 0.04707994132206614 -0.49543823435325846 -0.5426137278902432 -0.5190259811217508 -0.7313157020381822 -0.8964299294176288 -0.5662014746587356 -0.5662014746587356 -0.8728421826491365 -0.9200176761861212 -0.8728421826491365 -0.8256666891121517 -0.8256666891121517 0 
0 -1.037956410028583 -0.967193169723106 -0.8964299294176288 -1.0143686632600908 -0.967193169723106 -1.226658384176522 -0.9200176761861212 -0.8256666891121517 -0.7077279552696898 -0.778491195575167 -0.3774995005107966 -0.2595607666683347 -0.9907809164915983 -0.40108724727928896 -0.6605524617327051 -0.6369647149642127 -0.8492544358806441 -0.7077279552696898 -0.6369647149642127 -0.9200176761861212 -0.8256666891121517 -0.9200176761861212 -0.8492544358806441 -0.967193169723106 0 
0 -0.7313157020381822 -0.8728421826491365 -1.1087196503340602 -1.3917726115559688 -1.1794828906395374 -0.9907809164915983 -0.5426137278902432 -0.6841402085011975 -0.8020789423436593 -1.037956410028583 -0.2831485134368271 0.21219416870151275 -0.33032400697381187 -0.11803428605738048 -0.7077279552696898 -0.6605524617327051 -0.7313157020381822 -0.5190259811217508 -0.49543823435325846 -0.6841402085011975 -0.7077279552696898 -1.0143686632600908 -0.778491195575167 -0.8256666891121517 0 
0 -0.778491195575167 -1.1323073971025526 -0.9907809164915983 -1.1794828906395374 -1.2974216244819992 -0.8728421826491365 -0.5426137278902432 -0.6605524617327051 -0.8020789423436593 -0.9907809164915983 -0.778491195575167 0.2829574090069899 0.42448388961794414 -0.2831485134368271 -0.8964299294176288 -0.778491195575167 -0.9436054229546136 -0.8020789423436593 -0.6133769681957203 -0.6841402085011975 -0.7077279552696898 -0.8492544358806441 -0.6605524617327051 -0.589789221427228 0 
0 -0.9200176761861212 -0.778491195575167 -0.7077279552696898 -0.8020789423436593 -1.3210093712504916 -1.0143686632600908 -0.6605524617327051 -0.8728421826491365 -0.9436054229546136 -0.8256666891121517 -0.7077279552696898 -0.0944465392888881 -0.14162203282587285 -0.6841402085011975 -0.8964299294176288 -1.1087196503340602 -1.1323073971025526 -0.8964299294176288 -0.5426137278902432 -0.7549034488066746 -0.9436054229546136 -0.8728421826491365 -0.8728421826491365 -0.6841402085011975 0 
0 -1.1087196503340602 -0.5426137278902432 -0.6605524617327051 -0.7313157020381822 -1.2974216244819992 -1.226658384176522 -0.8256666891121517 -0.8020789423436593 -0.42467499404778136 -0.3774995005107966 -0.589789221427228 -0.49543823435325846 -0.4482627408162737 -0.5662014746587356 -0.9436054229546136 -1.3681848647874764 -1.1087196503340602 -0.6133769681957203 -0.4482627408162737 -0.5662014746587356 -0.8256666891121517 -0.9436054229546136 -0.9436054229546136 -0.8020789423436593 0 
0 -1.155895143871045 -0.6841402085011975 -0.7549034488066746 -0.9436054229546136 -1.4389481050929533 -1.3917726115559688 -1.1794828906395374 -0.589789221427228 0.18860642193302038 -0.14162203282587285 -0.5426137278902432 -0.3774995005107966 -0.7077279552696898 -0.7077279552696898 -0.9200176761861212 -1.0851319035655678 -1.037956410028583 -0.778491195575167 -0.7077279552696898 -0.49543823435325846 -0.6133769681957203 -0.8964299294176288 -0.8256666891121517 -0.7313157020381822 0 
0 -0.8964299294176288 -0.7549034488066746 -0.967193169723106 -1.2030706374080298 -1.5097113453984305 -1.2974216244819992 -1.2502461309450144 -1.037956410028583 -1.1794828906395374 -1.0143686632600908 -0.42467499404778136 -0.33032400697381187 -1.0851319035655678 -0.9436054229546136 -0.6605524617327051 -0.5662014746587356 -0.6369647149642127 -0.8020789423436593 -0.8728421826491365 -0.6605524617327051 -0.6133769681957203 -0.9436054229546136 -0.9907809164915983 -0.8964299294176288 0 
0 -1.0851319035655678 -1.155895143871045 -1.3681848647874764 -1.3917726115559688 -1.4389481050929533 -1.2030706374080298 -1.3210093712504916 -1.4389481050929533 -1.4861235986299381 -0.9436054229546136 0.33013290254397465 0.09425543485905089 -0.7313157020381822 -0.778491195575167 -0.6605524617327051 -0.5426137278902432 -0.5662014746587356 -0.7549034488066746 -0.6605524617327051 -0.6133769681957203 -0.7549034488066746 -0.9907809164915983 -1.037956410028583 -0.9907809164915983 0 
0 -1.344597118018984 -1.226658384176522 -1.3917726115559688 -1.3917726115559688 -1.4625358518614457 -0.967193169723106 -1.2738338777135068 -1.5097113453984305 -1.1794828906395374 -0.8020789423436593 0.5660103702288983 1.037765305598746 0.23578191547000513 -0.21238527313134997 -0.6133769681957203 -0.8492544358806441 -0.778491195575167 -0.8020789423436593 -0.6841402085011975 -0.8728421826491365 -0.9200176761861212 -1.0851319035655678 -1.0615441567970754 -0.7313157020381822 0 
0 -1.2974216244819992 -1.1794828906395374 -1.415360358324461 -1.415360358324461 -1.3681848647874764 -0.7313157020381822 -1.226658384176522 -1.3210093712504916 -0.8256666891121517 -0.8728421826491365 0.3773083960809594 1.8869241892644713 1.6274589748110553 0.6367736105343755 -0.6605524617327051 -1.037956410028583 -0.8964299294176288 -0.8020789423436593 -1.344597118018984 -1.0143686632600908 -0.4482627408162737 -0.4482627408162737 -0.8728421826491365 -0.7549034488066746 0 
0 -1.2738338777135068 -1.226658384176522 -1.4625358518614457 -1.4625358518614457 -1.3210093712504916 -0.7549034488066746 -1.3210093712504916 -0.9436054229546136 -0.4482627408162737 -0.7549034488066746 0.40089614284945174 2.429442364939796 2.6653198326247196 1.0849407991357305 -0.9907809164915983 -1.1794828906395374 -1.037956410028583 -1.155895143871045 -1.6512378260093847 -0.9907809164915983 -0.04727104575190336 0.353720649312467 -0.023683298983410987 -0.6369647149642127 0 
0 -1.037956410028583 -1.037956410028583 -1.3681848647874764 -1.3917726115559688 -1.3210093712504916 -0.6841402085011975 -0.9907809164915983 -0.5662014746587356 -0.4718504875847661 -0.5662014746587356 -9.555221491861158e-05 2.311503631097334 2.8776095535411508 0.42448388961794414 -1.1087196503340602 -1.1323073971025526 -1.0851319035655678 -1.226658384176522 -1.5804745857039078 -0.6841402085011975 0.11784318162754326 0.49524712992342124 0.6131858637658831 0.11784318162754326 0 
0 -0.5662014746587356 -0.7077279552696898 -0.8020789423436593 -0.9436054229546136 -1.1087196503340602 -0.49543823435325846 -0.40108724727928896 -0.30673626020531947 -0.5662014746587356 -0.2595607666683347 -0.2595607666683347 1.7689854554220095 2.3822668714028112 -0.16520977959436522 -0.967193169723106 -0.8964299294176288 -0.778491195575167 -1.415360358324461 -1.4861235986299381 -0.778491195575167 -0.11803428605738048 0.21219416870151275 0.8490633314508068 0.919826571756284 0 
0 -0.04727104575190336 0.02349219455357376 0.18860642193302038 0.165018675164528 -0.0944465392888881 0.30654515577548225 0.49524712992342124 0.4716593831549289 0.40089614284945174 0.6131858637658831 0.542422623460406 1.0613530523672383 1.3444060135891467 -0.30673626020531947 -0.6133769681957203 -0.14162203282587285 -0.30673626020531947 -1.415360358324461 -1.1323073971025526 -0.967193169723106 -0.3539117537423042 0.30654515577548225 1.226467279746685 1.1321162926727153 0 
0 0 0 0 0 0 0 0 0 0 0 0 0 0 0 0 0 0 0 0 0 0 0 0 0 0 

