0 0 0 0 0 0 0 0 0 0 0 0 0 0 0 0 0 0 0 0 0 0 0 0 0 0 
0 -0.9806021560216035 -0.4317255738072521 0.2578885935902663 0.6801013491397673 0.6801013491397673 0.5956587980298671 0.5675112809932337 0.5393637639566004 0.5252900054382836 0.5252900054382836 0.5393637639566004 0.5393637639566004 0.5393637639566004 0.5112162469199669 0.4971424884016502 0.4830687298833335 0.4549212128467001 0.4267736958100667 0.41269993729175 0.39862617877343326 0.3704786617367999 0.34233114470016646 0.3282573861818498 0.3282573861818498 0 
0 -1.149487258241404 -1.3465198774978377 -1.1635610167597206 -0.5865369175087358 0.11715100840709924 0.6378800735848172 0.7645439002496676 0.7223226246947174 0.6660275906214507 0.6378800735848172 0.6378800735848172 0.6238063150665005 0.6238063150665005 0.6097325565481838 0.5956587980298671 0.5815850395115504 0.5675112809932337 0.553437522474917 0.5252900054382836 0.5112162469199669 0.4971424884016502 0.4689949713650168 0.4549212128467001 0.4408474543283834 0 
0 0.0045609402605656275 -0.628758193063686 -1.107265982686454 -1.3465198774978377 -1.1354134997230871 -0.5443156419537858 0.13122476692541596 0.6660275906214507 0.8630602098778845 0.8208389343229343 0.7645439002496676 0.7363963832130341 0.7363963832130341 0.7223226246947174 0.7082488661764007 0.694175107658084 0.6801013491397673 0.6801013491397673 0.6660275906214507 0.651953832103134 0.6378800735848172 0.6238063150665005 0.5815850395115504 0.553437522474917 0 
0 1.116387863207585 0.8912077269145179 0.39862617877343326 -0.20654543751418492 -0.8398645708384365 -1.2198560508329874 -1.2057822923146708 -0.7413482612102196 0.10307724988878254 0.7363963832130341 0.9334290024694679 0.8771339683962012 0.8067651758046176 0.8208389343229343 0.8067651758046176 0.792691417286301 0.8067651758046176 0.8067651758046176 0.8067651758046176 0.792691417286301 0.7786176587679843 0.7504701417313508 0.7223226246947174 0.6801013491397673 0 
0 1.1867566557991687 1.214904172835802 1.2430516898724353 1.116387863207585 0.6238063150665005 -0.1221028864042847 -0.7976432952834864 -1.1354134997230871 -1.191708533796354 -0.811717053801803 -0.07988161084933458 0.6238063150665005 1.017871553579368 1.0037977950610515 0.9334290024694679 0.8771339683962012 0.8912077269145179 0.9193552439511512 0.9052814854328346 0.8912077269145179 0.8630602098778845 0.8489864513595677 0.8208389343229343 0.792691417286301 0 
0 1.2571254483907521 1.2430516898724353 1.2289779313541187 1.2852729654273856 1.1445353802442184 0.18751980099868276 -0.6850532271369527 -0.91023336343002 -1.093192224168137 -1.2902248434245709 -1.2902248434245709 -0.91023336343002 -0.15025040344091808 0.5393637639566004 0.9756502780244181 1.0460190706160015 1.017871553579368 0.9897240365427348 0.9756502780244181 0.9615765195061013 0.9475027609877846 0.9334290024694679 0.9193552439511512 0.8912077269145179 0 
0 1.3415679995006524 1.3274942409823356 1.3415679995006524 1.2571254483907521 0.27196235210858294 -0.7413482612102196 -0.9524546389849701 -0.9806021560216035 -1.0650447071315037 -1.1635610167597206 -1.2198560508329874 -1.3324461189795211 -1.4028149115711046 -1.1213397412047705 -0.40357805677061875 0.3704786617367999 0.9475027609877846 1.1304616217259018 1.1023141046892684 1.0600928291343183 1.0460190706160015 1.031945312097685 1.017871553579368 1.0037977950610515 0 
0 1.4260105506105525 1.4260105506105525 1.3415679995006524 0.3141836276635331 -0.7554220197285363 -0.811717053801803 -0.8257908123201197 -0.9243071219483368 -1.0087496730582368 -1.0650447071315037 -1.0650447071315037 -1.107265982686454 -1.1776347752780374 -1.2761510849062543 -1.3887411530527878 -1.191708533796354 -0.6006106760270525 0.30010986914521637 0.9756502780244181 1.2430516898724353 1.214904172835802 1.1445353802442184 1.1023141046892684 1.0882403461709518 0 
0 1.454158067647186 1.454158067647186 1.397863033573919 0.7363963832130341 -0.2909879886240851 -0.8398645708384365 -1.1354134997230871 -1.2902248434245709 -1.2620773263879375 -1.0368971900948702 -0.811717053801803 -0.8257908123201197 -0.91023336343002 -1.050970948613187 -1.191708533796354 -1.3183723604612043 -1.430962428607738 -1.3183723604612043 -0.769495778246853 0.10307724988878254 0.834912692841251 1.2289779313541187 1.2711992069090687 1.214904172835802 0 
0 1.4682318261655027 1.4823055846838193 1.454158067647186 1.4823055846838193 1.2008304143174853 0.07492973285214914 -1.2057822923146708 -1.430962428607738 -1.2761510849062543 -0.8680120878750699 -0.628758193063686 -0.6991269856552694 -0.7976432952834864 -0.9665283975032868 -1.2057822923146708 -1.3465198774978377 -1.4168886700894212 -1.5013312211993215 -1.5435524967542715 -1.430962428607738 -1.0228234315765536 -0.1924716789958682 0.5815850395115504 1.116387863207585 0 
0 1.3697155165372856 1.3837892750556025 1.355641758018969 1.355641758018969 0.9756502780244181 -0.1361766449226014 -0.6850532271369527 -0.6146844345453693 -0.6006106760270525 -0.5724631589904191 -0.5724631589904191 -0.6991269856552694 -0.9243071219483368 -1.1354134997230871 -1.3887411530527878 -1.529478738235955 -1.571700013790905 -1.5998475308275384 -1.5998475308275384 -1.613921289345855 -1.6842900819374387 -1.6983638404557553 -1.4028149115711046 -0.6709794686186361 0 
0 1.0037977950610515 1.017871553579368 1.0037977950610515 0.9475027609877846 0.28603611062689965 -0.5443156419537858 -0.8680120878750699 -0.9946759145399202 -1.1213397412047705 -1.1354134997230871 -1.1776347752780374 -1.3042986019428877 -1.4591099456443715 -1.529478738235955 -1.5435524967542715 -1.5435524967542715 -1.571700013790905 -1.571700013790905 -1.5998475308275384 -1.6561425649008052 -1.6983638404557553 -1.6842900819374387 -1.6702163234191219 -1.6842900819374387 0 
0 0.8489864513595677 0.9052814854328346 0.8912077269145179 0.8489864513595677 0.7786176587679843 0.4689949713650168 -0.17839792047755149 -0.91023336343002 -1.3605936360161546 -1.529478738235955 -1.5576262552725884 -1.3465198774978377 -1.0650447071315037 -0.9806021560216035 -1.0650447071315037 -1.1776347752780374 -1.2902248434245709 -1.3605936360161546 -1.4591099456443715 -1.571700013790905 -1.6702163234191219 -1.6842900819374387 -1.6842900819374387 -1.5576262552725884 0 
0 1.017871553579368 1.031945312097685 1.017871553579368 1.017871553579368 1.031945312097685 1.031945312097685 0.9897240365427348 0.35640490321848317 -0.8961596049117033 -1.515404979717638 -1.5857737723092218 -1.4028149115711046 -1.0368971900948702 -1.093192224168137 -1.2761510849062543 -1.430962428607738 -1.5576262552725884 -1.6279950478641718 -1.6983638404557553 -1.6983638404557553 -1.6983638404557553 -1.6702163234191219 -1.6983638404557553 -1.0650447071315037 0 
0 0.9897240365427348 0.9897240365427348 1.031945312097685 1.0460190706160015 1.0460190706160015 1.0460190706160015 0.8912077269145179 0.060855974333832434 -0.8680120878750699 -1.050970948613187 -1.093192224168137 -1.1354134997230871 -1.2057822923146708 -1.2620773263879375 -1.2902248434245709 -1.3324461189795211 -1.3887411530527878 -1.4591099456443715 -1.5435524967542715 -1.5857737723092218 -1.571700013790905 -1.6420688063824884 -1.3605936360161546 -0.09395536936765128 0 
0 0.9756502780244181 0.9615765195061013 1.017871553579368 1.0460190706160015 1.017871553579368 0.9897240365427348 0.8489864513595677 0.3845524202551166 -0.248766713069135 -0.7132007441735861 -0.9665283975032868 -1.050970948613187 -1.0791184656498205 -1.1354134997230871 -1.1776347752780374 -1.2620773263879375 -1.3465198774978377 -1.4028149115711046 -1.4872574626810047 -1.5576262552725884 -1.5998475308275384 -1.5576262552725884 -0.628758193063686 0.6238063150665005 0 
0 0.9193552439511512 0.9193552439511512 0.9897240365427348 1.0037977950610515 0.9475027609877846 0.9334290024694679 0.9475027609877846 0.9756502780244181 0.8489864513595677 0.4267736958100667 -0.1924716789958682 -0.7272745026919029 -0.9665283975032868 -1.0087496730582368 -1.0650447071315037 -1.191708533796354 -1.3042986019428877 -1.3887411530527878 -1.473183704162688 -1.5435524967542715 -1.6702163234191219 -1.149487258241404 0.34233114470016646 0.8630602098778845 0 
0 0.792691417286301 0.8067651758046176 0.8771339683962012 0.9052814854328346 0.8912077269145179 0.8771339683962012 0.8630602098778845 0.8630602098778845 0.8912077269145179 0.9052814854328346 0.8067651758046176 0.4408474543283834 -0.1221028864042847 -0.628758193063686 -0.9946759145399202 -1.149487258241404 -1.2339298093513043 -1.3605936360161546 -1.4872574626810047 -1.5998475308275384 -1.529478738235955 -0.15025040344091808 0.8208389343229343 0.9193552439511512 0 
0 0.9193552439511512 0.9615765195061013 0.9756502780244181 0.9615765195061013 0.9334290024694679 0.8912077269145179 0.8771339683962012 0.8489864513595677 0.8067651758046176 0.792691417286301 0.8208389343229343 0.834912692841251 0.792691417286301 0.4408474543283834 -0.3191355056607185 -0.8539383293567532 -1.149487258241404 -1.3746673945344712 -1.515404979717638 -1.571700013790905 -0.6006106760270525 0.7082488661764007 0.8630602098778845 0.8630602098778845 0 
0 0.8771339683962012 0.8771339683962012 0.8912077269145179 0.8630602098778845 0.8630602098778845 0.8771339683962012 0.8912077269145179 0.8912077269145179 0.8912077269145179 0.8630602098778845 0.8630602098778845 0.9052814854328346 0.9615765195061013 0.651953832103134 -0.1361766449226014 -0.7413482612102196 -1.191708533796354 -1.473183704162688 -1.5576262552725884 -1.093192224168137 0.4549212128467001 0.9193552439511512 0.8489864513595677 0.8771339683962012 0 
0 0.694175107658084 0.7223226246947174 0.7504701417313508 0.7504701417313508 0.7645439002496676 0.792691417286301 0.792691417286301 0.8067651758046176 0.8208389343229343 0.834912692841251 0.8208389343229343 0.9193552439511512 0.7363963832130341 -0.05173409381270118 -0.6146844345453693 -0.9946759145399202 -1.3183723604612043 -1.4872574626810047 -1.430962428607738 -0.1924716789958682 0.7504701417313508 0.7504701417313508 0.7504701417313508 0.7645439002496676 0 
0 0.7504701417313508 0.7645439002496676 0.7504701417313508 0.7363963832130341 0.7645439002496676 0.7645439002496676 0.7363963832130341 0.7504701417313508 0.7645439002496676 0.7645439002496676 0.7786176587679843 0.7082488661764007 -0.023586576776067777 -0.6850532271369527 -0.9524546389849701 -1.2057822923146708 -1.3887411530527878 -1.430962428607738 -0.6569057101003194 0.4408474543283834 0.651953832103134 0.6238063150665005 0.5815850395115504 0.553437522474917 0 
0 0.8489864513595677 0.8630602098778845 0.8067651758046176 0.7645439002496676 0.7504701417313508 0.7223226246947174 0.6801013491397673 0.6660275906214507 0.651953832103134 0.6238063150665005 0.5956587980298671 0.060855974333832434 -0.6850532271369527 -0.8961596049117033 -1.149487258241404 -1.3324461189795211 -1.4028149115711046 -1.0228234315765536 0.14529852544373265 0.6801013491397673 0.6801013491397673 0.651953832103134 0.5675112809932337 0.4971424884016502 0 
0 0.9193552439511512 0.9193552439511512 0.9193552439511512 0.9052814854328346 0.8771339683962012 0.834912692841251 0.7786176587679843 0.7363963832130341 0.694175107658084 0.5956587980298671 0.01863469877888233 -0.8820858463933866 -0.8961596049117033 -1.0087496730582368 -1.2761510849062543 -1.4028149115711046 -1.2902248434245709 -0.23469295455081832 0.6097325565481838 0.7082488661764007 0.694175107658084 0.6238063150665005 0.5393637639566004 0.4689949713650168 0 
0 0 0 0 0 0 0 0 0 0 0 0 0 0 0 0 0 0 0 0 0 0 0 0 0 0 

0 0 0 0 0 0 0 0 0 0 0 0 0 0 0 0 0 0 0 0 0 0 0 0 0 0 
0 -0.8539383293567532 -0.2909879886240851 0.4549212128467001 0.9475027609877846 0.9615765195061013 0.9193552439511512 0.9193552439511512 0.9193552439511512 0.9052814854328346 0.8912077269145179 0.8771339683962012 0.8771339683962012 0.8771339683962012 0.8630602098778845 0.8489864513595677 0.8208389343229343 0.8208389343229343 0.8208389343229343 0.8067651758046176 0.792691417286301 0.7645439002496676 0.7363963832130341 0.7223226246947174 0.7082488661764007 0 
0 -1.0650447071315037 -1.2620773263879375 -1.0228234315765536 -0.4176518152889354 0.3141836276635331 0.8771339683962012 1.031945312097685 1.0037977950610515 0.9615765195061013 0.9615765195061013 0.9615765195061013 0.9615765195061013 0.9615765195061013 0.9334290024694679 0.9193552439511512 0.9052814854328346 0.8912077269145179 0.8912077269145179 0.8771339683962012 0.8489864513595677 0.834912692841251 0.8067651758046176 0.792691417286301 0.7786176587679843 0 
0 0.04678221581551573 -0.6006106760270525 -1.0650447071315037 -1.3042986019428877 -1.0650447071315037 -0.45987309084388556 0.24381483507194956 0.8208389343229343 1.031945312097685 1.0600928291343183 1.0460190706160015 1.017871553579368 1.017871553579368 1.0037977950610515 0.9897240365427348 0.9756502780244181 0.9615765195061013 0.9475027609877846 0.9193552439511512 0.9052814854328346 0.8912077269145179 0.8771339683962012 0.8489864513595677 0.8208389343229343 0 
0 1.116387863207585 0.8771339683962012 0.34233114470016646 -0.27691423010576843 -0.8961596049117033 -1.2480035678696209 -1.2198560508329874 -0.7132007441735861 0.15937228396204936 0.8912077269145179 1.1726828972808518 1.1304616217259018 1.0600928291343183 1.0600928291343183 1.0600928291343183 1.0460190706160015 1.017871553579368 1.0037977950610515 0.9897240365427348 0.9756502780244181 0.9615765195061013 0.9334290024694679 0.9052814854328346 0.8771339683962012 0 
0 1.1726828972808518 1.2008304143174853 1.1867566557991687 1.0460190706160015 0.5675112809932337 -0.1361766449226014 -0.7976432952834864 -1.107265982686454 -1.1354134997230871 -0.7132007441735861 0.07492973285214914 0.7786176587679843 1.1726828972808518 1.1867566557991687 1.1304616217259018 1.0882403461709518 1.074166587652635 1.0600928291343183 1.031945312097685 1.017871553579368 1.0037977950610515 0.9897240365427348 0.9615765195061013 0.9475027609877846 0 
0 1.2289779313541187 1.2289779313541187 1.2008304143174853 1.2430516898724353 1.116387863207585 0.18751980099868276 -0.6569057101003194 -0.8680120878750699 -1.0368971900948702 -1.2480035678696209 -1.2480035678696209 -0.8398645708384365 -0.06580785233101788 0.651953832103134 1.116387863207585 1.214904172835802 1.1586091387625352 1.1023141046892684 1.0882403461709518 1.074166587652635 1.0460190706160015 1.031945312097685 1.017871553579368 1.0037977950610515 0 
0 1.2993467239457022 1.2852729654273856 1.2711992069090687 1.1586091387625352 0.18751980099868276 -0.7976432952834864 -0.9665283975032868 -0.9806021560216035 -1.050970948613187 -1.149487258241404 -1.2057822923146708 -1.3042986019428877 -1.3605936360161546 -1.0368971900948702 -0.2909879886240851 0.4830687298833335 1.0460190706160015 1.214904172835802 1.1867566557991687 1.1445353802442184 1.116387863207585 1.1023141046892684 1.0882403461709518 1.0882403461709518 0 
0 1.3274942409823356 1.3415679995006524 1.2430516898724353 0.18751980099868276 -0.8680120878750699 -0.91023336343002 -0.8820858463933866 -0.9524546389849701 -1.0228234315765536 -1.093192224168137 -1.107265982686454 -1.1354134997230871 -1.1776347752780374 -1.2339298093513043 -1.3183723604612043 -1.1213397412047705 -0.5302418834354691 0.3282573861818498 1.017871553579368 1.2711992069090687 1.2430516898724353 1.1726828972808518 1.1304616217259018 1.1304616217259018 0 
0 1.3274942409823356 1.3274942409823356 1.2711992069090687 0.6238063150665005 -0.4176518152889354 -0.9524546389849701 -1.2198560508329874 -1.3465198774978377 -1.3042986019428877 -1.093192224168137 -0.8820858463933866 -0.8820858463933866 -0.9383808804666534 -1.050970948613187 -1.1635610167597206 -1.2761510849062543 -1.4028149115711046 -1.3042986019428877 -0.769495778246853 0.10307724988878254 0.834912692841251 1.2289779313541187 1.2711992069090687 1.2289779313541187 0 
0 1.313420482464019 1.313420482464019 1.3274942409823356 1.3837892750556025 1.074166587652635 -0.05173409381270118 -1.3324461189795211 -1.5576262552725884 -1.4028149115711046 -0.9665283975032868 -0.6991269856552694 -0.7554220197285363 -0.8398645708384365 -0.9946759145399202 -1.2198560508329874 -1.3605936360161546 -1.4168886700894212 -1.5013312211993215 -1.529478738235955 -1.4028149115711046 -0.9946759145399202 -0.17839792047755149 0.5956587980298671 1.1023141046892684 0 
0 1.2571254483907521 1.2711992069090687 1.2711992069090687 1.2993467239457022 0.9052814854328346 -0.20654543751418492 -0.7554220197285363 -0.6991269856552694 -0.6850532271369527 -0.6428319515820027 -0.628758193063686 -0.7554220197285363 -0.9665283975032868 -1.1776347752780374 -1.4168886700894212 -1.5576262552725884 -1.5857737723092218 -1.5857737723092218 -1.571700013790905 -1.5857737723092218 -1.6561425649008052 -1.6702163234191219 -1.3746673945344712 -0.6991269856552694 0 
0 0.9475027609877846 0.9615765195061013 0.9615765195061013 0.9334290024694679 0.2578885935902663 -0.5724631589904191 -0.8961596049117033 -1.0228234315765536 -1.149487258241404 -1.1635610167597206 -1.2057822923146708 -1.3324461189795211 -1.4872574626810047 -1.5576262552725884 -1.571700013790905 -1.571700013790905 -1.571700013790905 -1.5576262552725884 -1.571700013790905 -1.6279950478641718 -1.6702163234191219 -1.6561425649008052 -1.6420688063824884 -1.6842900819374387 0 
0 0.7363963832130341 0.792691417286301 0.8067651758046176 0.7786176587679843 0.7082488661764007 0.41269993729175 -0.23469295455081832 -0.9665283975032868 -1.4168886700894212 -1.571700013790905 -1.571700013790905 -1.3746673945344712 -1.093192224168137 -1.0087496730582368 -1.093192224168137 -1.2057822923146708 -1.3042986019428877 -1.3324461189795211 -1.4168886700894212 -1.529478738235955 -1.6279950478641718 -1.6420688063824884 -1.6420688063824884 -1.5435524967542715 0 
0 0.8067651758046176 0.8208389343229343 0.8208389343229343 0.834912692841251 0.8489864513595677 0.8630602098778845 0.834912692841251 0.21566731803531616 -1.0368971900948702 -1.571700013790905 -1.5998475308275384 -1.4168886700894212 -1.050970948613187 -1.1213397412047705 -1.3183723604612043 -1.473183704162688 -1.5857737723092218 -1.613921289345855 -1.6702163234191219 -1.6561425649008052 -1.6561425649008052 -1.6279950478641718 -1.6702163234191219 -1.0650447071315037 0 
0 0.7645439002496676 0.7786176587679843 0.7645439002496676 0.7786176587679843 0.792691417286301 0.8208389343229343 0.694175107658084 -0.10802912788596798 -1.0087496730582368 -1.1354134997230871 -1.107265982686454 -1.1354134997230871 -1.2198560508329874 -1.3042986019428877 -1.3465198774978377 -1.4028149115711046 -1.4591099456443715 -1.5013312211993215 -1.5435524967542715 -1.529478738235955 -1.5013312211993215 -1.6279950478641718 -1.4168886700894212 -0.20654543751418492 0 
0 0.7082488661764007 0.7082488661764007 0.7223226246947174 0.7223226246947174 0.7223226246947174 0.7223226246947174 0.6238063150665005 0.17344604248036605 -0.4317255738072521 -0.8398645708384365 -1.0368971900948702 -1.107265982686454 -1.1354134997230871 -1.191708533796354 -1.2339298093513043 -1.3042986019428877 -1.3887411530527878 -1.430962428607738 -1.473183704162688 -1.515404979717638 -1.5576262552725884 -1.5998475308275384 -0.7554220197285363 0.41269993729175 0 
0 0.6238063150665005 0.6378800735848172 0.6660275906214507 0.6378800735848172 0.6097325565481838 0.6097325565481838 0.651953832103134 0.7223226246947174 0.6238063150665005 0.22974107655363285 -0.3754305397339853 -0.8820858463933866 -1.0791184656498205 -1.093192224168137 -1.107265982686454 -1.2198560508329874 -1.3324461189795211 -1.4028149115711046 -1.4591099456443715 -1.515404979717638 -1.6842900819374387 -1.2620773263879375 0.10307724988878254 0.553437522474917 0 
0 0.4689949713650168 0.4971424884016502 0.5112162469199669 0.4971424884016502 0.5112162469199669 0.5252900054382836 0.5393637639566004 0.5675112809932337 0.6238063150665005 0.6378800735848172 0.553437522474917 0.22974107655363285 -0.2909879886240851 -0.7132007441735861 -1.0368971900948702 -1.149487258241404 -1.2198560508329874 -1.3605936360161546 -1.4591099456443715 -1.5857737723092218 -1.5857737723092218 -0.33320926417903524 0.4971424884016502 0.4971424884016502 0 
0 0.5252900054382836 0.5675112809932337 0.5815850395115504 0.5815850395115504 0.553437522474917 0.5252900054382836 0.5252900054382836 0.5112162469199669 0.4830687298833335 0.4689949713650168 0.4830687298833335 0.4971424884016502 0.4830687298833335 0.20159355951699945 -0.44579933232556884 -0.8820858463933866 -1.093192224168137 -1.3042986019428877 -1.5013312211993215 -1.6420688063824884 -0.7976432952834864 0.41269993729175 0.4689949713650168 0.4267736958100667 0 
0 0.4267736958100667 0.4408474543283834 0.4830687298833335 0.4971424884016502 0.4830687298833335 0.5112162469199669 0.5112162469199669 0.5112162469199669 0.5112162469199669 0.4971424884016502 0.4549212128467001 0.4689949713650168 0.5112162469199669 0.28603611062689965 -0.3613567812156686 -0.811717053801803 -1.1354134997230871 -1.3605936360161546 -1.571700013790905 -1.2902248434245709 0.13122476692541596 0.4971424884016502 0.4267736958100667 0.4549212128467001 0 
0 0.30010986914521637 0.3282573861818498 0.34233114470016646 0.34233114470016646 0.35640490321848317 0.3845524202551166 0.3845524202551166 0.39862617877343326 0.41269993729175 0.4267736958100667 0.4267736958100667 0.5393637639566004 0.39862617877343326 -0.3050617471424018 -0.769495778246853 -1.0650447071315037 -1.3183723604612043 -1.5013312211993215 -1.5576262552725884 -0.45987309084388556 0.35640490321848317 0.30010986914521637 0.30010986914521637 0.3282573861818498 0 
0 0.24381483507194956 0.27196235210858294 0.28603611062689965 0.3141836276635331 0.34233114470016646 0.3282573861818498 0.3141836276635331 0.3141836276635331 0.3282573861818498 0.3282573861818498 0.35640490321848317 0.3845524202551166 -0.23469295455081832 -0.7976432952834864 -1.0228234315765536 -1.2761510849062543 -1.473183704162688 -1.571700013790905 -0.91023336343002 0.04678221581551573 0.18751980099868276 0.13122476692541596 0.11715100840709924 0.11715100840709924 0 
0 0.17344604248036605 0.18751980099868276 0.24381483507194956 0.28603611062689965 0.27196235210858294 0.24381483507194956 0.20159355951699945 0.18751980099868276 0.17344604248036605 0.15937228396204936 0.17344604248036605 -0.23469295455081832 -0.811717053801803 -0.9383808804666534 -1.1776347752780374 -1.4028149115711046 -1.571700013790905 -1.2902248434245709 -0.2206191960325016 0.21566731803531616 0.15937228396204936 0.14529852544373265 0.08900349137046584 0.060855974333832434 0 
0 0.15937228396204936 0.17344604248036605 0.20159355951699945 0.24381483507194956 0.22974107655363285 0.20159355951699945 0.17344604248036605 0.13122476692541596 0.11715100840709924 0.07492973285214914 -0.40357805677061875 -1.1635610167597206 -1.050970948613187 -1.093192224168137 -1.3465198774978377 -1.5435524967542715 -1.5435524967542715 -0.6428319515820027 0.14529852544373265 0.21566731803531616 0.18751980099868276 0.13122476692541596 0.04678221581551573 0.0045609402605656275 0 
0 0 0 0 0 0 0 0 0 0 0 0 0 0 0 0 0 0 0 0 0 0 0 0 0 0 

0 0 0 0 0 0 0 0 0 0 0 0 0 0 0 0 0 0 0 0 0 0 0 0 0 0 
0 -0.5443156419537858 0.03270845729719903 0.7786176587679843 1.2711992069090687 1.2711992069090687 1.2289779313541187 1.214904172835802 1.2008304143174853 1.2008304143174853 1.2008304143174853 1.214904172835802 1.214904172835802 1.214904172835802 1.2008304143174853 1.1726828972808518 1.1586091387625352 1.1726828972808518 1.1867566557991687 1.1726828972808518 1.1586091387625352 1.1304616217259018 1.116387863207585 1.1023141046892684 1.0882403461709518 0 
0 -0.769495778246853 -0.9524546389849701 -0.7132007441735861 -0.09395536936765128 0.6378800735848172 1.1726828972808518 1.3274942409823356 1.2852729654273856 1.2430516898724353 1.2430516898724353 1.2711992069090687 1.2711992069090687 1.2711992069090687 1.2430516898724353 1.2289779313541187 1.214904172835802 1.214904172835802 1.2289779313541187 1.2289779313541187 1.2008304143174853 1.1867566557991687 1.1726828972808518 1.1445353802442184 1.1304616217259018 0 
0 0.30010986914521637 -0.33320926417903524 -0.769495778246853 -0.9946759145399202 -0.7554220197285363 -0.1643241619592348 0.5393637639566004 1.1023141046892684 1.313420482464019 1.3415679995006524 1.3274942409823356 1.313420482464019 1.313420482464019 1.2993467239457022 1.2852729654273856 1.2711992069090687 1.2711992069090687 1.2711992069090687 1.2571254483907521 1.2430516898724353 1.2289779313541187 1.214904172835802 1.1726828972808518 1.1586091387625352 0 
0 1.3415679995006524 1.116387863207585 0.6238063150665005 0.04678221581551573 -0.5865369175087358 -0.9524546389849701 -0.9243071219483368 -0.4317255738072521 0.4267736958100667 1.1586091387625352 1.4260105506105525 1.3837892750556025 1.3274942409823356 1.3274942409823356 1.3274942409823356 1.313420482464019 1.313420482464019 1.3274942409823356 1.313420482464019 1.2993467239457022 1.2993467239457022 1.2711992069090687 1.2289779313541187 1.2008304143174853 0 
0 1.3697155165372856 1.397863033573919 1.4119367920922359 1.2993467239457022 0.8208389343229343 0.11715100840709924 -0.5302418834354691 -0.8398645708384365 -0.8680120878750699 -0.44579933232556884 0.3282573861818498 1.0460190706160015 1.4260105506105525 1.4400843091288693 1.3837892750556025 1.3415679995006524 1.3415679995006524 1.3415679995006524 1.3274942409823356 1.313420482464019 1.2993467239457022 1.2711992069090687 1.2571254483907521 1.2430516898724353 0 
0 1.397863033573919 1.397863033573919 1.3837892750556025 1.4400843091288693 1.3274942409823356 0.4408474543283834 -0.3613567812156686 -0.5724631589904191 -0.7272745026919029 -0.9383808804666534 -0.9524546389849701 -0.5583894004721025 0.18751980099868276 0.9052814854328346 1.3415679995006524 1.4400843091288693 1.397863033573919 1.3697155165372856 1.355641758018969 1.3415679995006524 1.313420482464019 1.2993467239457022 1.2852729654273856 1.2711992069090687 0 
0 1.4260105506105525 1.4260105506105525 1.454158067647186 1.3837892750556025 0.4830687298833335 -0.45987309084388556 -0.6146844345453693 -0.6006106760270525 -0.6569057101003194 -0.7976432952834864 -0.91023336343002 -1.0087496730582368 -1.0650447071315037 -0.769495778246853 -0.05173409381270118 0.7223226246947174 1.2852729654273856 1.454158067647186 1.4119367920922359 1.3837892750556025 1.355641758018969 1.3415679995006524 1.3274942409823356 1.3274942409823356 0 
0 1.4260105506105525 1.4400843091288693 1.3837892750556025 0.41269993729175 -0.6006106760270525 -0.6146844345453693 -0.5724631589904191 -0.628758193063686 -0.6991269856552694 -0.769495778246853 -0.7835695367651697 -0.8257908123201197 -0.8680120878750699 -0.9524546389849701 -1.0368971900948702 -0.8398645708384365 -0.27691423010576843 0.5393637639566004 1.1867566557991687 1.4682318261655027 1.4400843091288693 1.3697155165372856 1.3274942409823356 1.3274942409823356 0 
0 1.397863033573919 1.4119367920922359 1.3697155165372856 0.7504701417313508 -0.2628404715874517 -0.7835695367651697 -1.0228234315765536 -1.1354134997230871 -1.0791184656498205 -0.811717053801803 -0.5583894004721025 -0.5583894004721025 -0.628758193063686 -0.7554220197285363 -0.8820858463933866 -0.9946759145399202 -1.149487258241404 -1.107265982686454 -0.5865369175087358 0.27196235210858294 0.9897240365427348 1.397863033573919 1.454158067647186 1.4119367920922359 0 
0 1.3837892750556025 1.397863033573919 1.397863033573919 1.454158067647186 1.1726828972808518 0.08900349137046584 -1.149487258241404 -1.3465198774978377 -1.1635610167597206 -0.6428319515820027 -0.33320926417903524 -0.4176518152889354 -0.5443156419537858 -0.7272745026919029 -0.9946759145399202 -1.149487258241404 -1.2198560508329874 -1.3042986019428877 -1.3324461189795211 -1.2198560508329874 -0.811717053801803 0.0045609402605656275 0.7786176587679843 1.2852729654273856 0 
0 1.4119367920922359 1.4260105506105525 1.4260105506105525 1.4400843091288693 1.0600928291343183 0.01863469877888233 -0.5020943663988356 -0.4176518152889354 -0.3754305397339853 -0.3191355056607185 -0.3050617471424018 -0.44579933232556884 -0.6850532271369527 -0.9383808804666534 -1.2198560508329874 -1.3746673945344712 -1.4028149115711046 -1.4028149115711046 -1.3887411530527878 -1.4028149115711046 -1.473183704162688 -1.4872574626810047 -1.191708533796354 -0.5020943663988356 0 
0 1.2008304143174853 1.214904172835802 1.2289779313541187 1.2008304143174853 0.5393637639566004 -0.2909879886240851 -0.6006106760270525 -0.7272745026919029 -0.8680120878750699 -0.9243071219483368 -0.9946759145399202 -1.1213397412047705 -1.2761510849062543 -1.3465198774978377 -1.3746673945344712 -1.3746673945344712 -1.3887411530527878 -1.3887411530527878 -1.4168886700894212 -1.473183704162688 -1.515404979717638 -1.5013312211993215 -1.4872574626810047 -1.515404979717638 0 
0 0.9897240365427348 1.0460190706160015 1.0882403461709518 1.0882403461709518 1.0037977950610515 0.6660275906214507 -0.009512818257751075 -0.769495778246853 -1.2339298093513043 -1.4450361871260546 -1.473183704162688 -1.2480035678696209 -0.9383808804666534 -0.8398645708384365 -0.8961596049117033 -0.9946759145399202 -1.1354134997230871 -1.2339298093513043 -1.3324461189795211 -1.430962428607738 -1.529478738235955 -1.5435524967542715 -1.5435524967542715 -1.4028149115711046 0 
0 1.031945312097685 1.0460190706160015 1.0882403461709518 1.1023141046892684 1.0882403461709518 1.0600928291343183 0.9897240365427348 0.34233114470016646 -0.9383808804666534 -1.5013312211993215 -1.529478738235955 -1.3183723604612043 -0.91023336343002 -0.9383808804666534 -1.093192224168137 -1.2198560508329874 -1.3746673945344712 -1.5013312211993215 -1.571700013790905 -1.5576262552725884 -1.571700013790905 -1.5576262552725884 -1.5857737723092218 -0.9243071219483368 0 
0 1.0037977950610515 1.017871553579368 0.9897240365427348 0.9897240365427348 1.0037977950610515 1.0037977950610515 0.8771339683962012 0.04678221581551573 -0.8539383293567532 -0.9665283975032868 -0.9243071219483368 -0.9524546389849701 -0.9806021560216035 -1.0228234315765536 -1.0368971900948702 -1.0791184656498205 -1.1635610167597206 -1.2761510849062543 -1.3605936360161546 -1.3746673945344712 -1.3746673945344712 -1.515404979717638 -1.3183723604612043 -0.05173409381270118 0 
0 0.9334290024694679 0.9334290024694679 0.9334290024694679 0.9475027609877846 0.9334290024694679 0.9193552439511512 0.8067651758046176 0.35640490321848317 -0.248766713069135 -0.6569057101003194 -0.8398645708384365 -0.8961596049117033 -0.8961596049117033 -0.9243071219483368 -0.9383808804666534 -1.0087496730582368 -1.107265982686454 -1.2057822923146708 -1.2902248434245709 -1.3465198774978377 -1.4168886700894212 -1.473183704162688 -0.628758193063686 0.5956587980298671 0 
0 0.8067651758046176 0.8208389343229343 0.8771339683962012 0.8771339683962012 0.834912692841251 0.834912692841251 0.8630602098778845 0.9193552439511512 0.8067651758046176 0.41269993729175 -0.1924716789958682 -0.6850532271369527 -0.8820858463933866 -0.8680120878750699 -0.8680120878750699 -0.9665283975032868 -1.0791184656498205 -1.191708533796354 -1.2761510849062543 -1.3465198774978377 -1.529478738235955 -1.107265982686454 0.27196235210858294 0.7645439002496676 0 
0 0.6238063150665005 0.651953832103134 0.7082488661764007 0.7504701417313508 0.7504701417313508 0.7504701417313508 0.7645439002496676 0.7786176587679843 0.8208389343229343 0.8208389343229343 0.7223226246947174 0.39862617877343326 -0.10802912788596798 -0.5302418834354691 -0.8398645708384365 -0.9524546389849701 -1.0228234315765536 -1.149487258241404 -1.2761510849062543 -1.4168886700894212 -1.4168886700894212 -0.15025040344091808 0.694175107658084 0.7363963832130341 0 
0 0.7082488661764007 0.7504701417313508 0.792691417286301 0.792691417286301 0.7645439002496676 0.7363963832130341 0.7363963832130341 0.7223226246947174 0.694175107658084 0.651953832103134 0.651953832103134 0.6801013491397673 0.694175107658084 0.4408474543283834 -0.2206191960325016 -0.6569057101003194 -0.8961596049117033 -1.1213397412047705 -1.3183723604612043 -1.4450361871260546 -0.6006106760270525 0.6097325565481838 0.6801013491397673 0.6378800735848172 0 
0 0.6378800735848172 0.6378800735848172 0.6801013491397673 0.6660275906214507 0.6660275906214507 0.6801013491397673 0.694175107658084 0.694175107658084 0.694175107658084 0.6378800735848172 0.6238063150665005 0.6660275906214507 0.7645439002496676 0.5815850395115504 -0.06580785233101788 -0.5443156419537858 -0.91023336343002 -1.2198560508329874 -1.4168886700894212 -1.093192224168137 0.34233114470016646 0.7082488661764007 0.6238063150665005 0.6238063150665005 0 
0 0.4408474543283834 0.4689949713650168 0.4971424884016502 0.4971424884016502 0.5112162469199669 0.5252900054382836 0.5393637639566004 0.553437522474917 0.5675112809932337 0.5675112809932337 0.5815850395115504 0.7223226246947174 0.6238063150665005 -0.05173409381270118 -0.5020943663988356 -0.7835695367651697 -1.093192224168137 -1.3465198774978377 -1.3887411530527878 -0.2628404715874517 0.5675112809932337 0.4971424884016502 0.4689949713650168 0.4830687298833335 0 
0 0.39862617877343326 0.41269993729175 0.4267736958100667 0.4408474543283834 0.4549212128467001 0.4549212128467001 0.4408474543283834 0.4408474543283834 0.4549212128467001 0.4689949713650168 0.5252900054382836 0.553437522474917 -0.05173409381270118 -0.6006106760270525 -0.7835695367651697 -0.9946759145399202 -1.2480035678696209 -1.4168886700894212 -0.7554220197285363 0.24381483507194956 0.3704786617367999 0.28603611062689965 0.24381483507194956 0.22974107655363285 0 
0 0.34233114470016646 0.35640490321848317 0.3845524202551166 0.3845524202551166 0.3845524202551166 0.34233114470016646 0.3141836276635331 0.30010986914521637 0.28603611062689965 0.30010986914521637 0.3282573861818498 -0.07988161084933458 -0.6709794686186361 -0.7554220197285363 -0.9524546389849701 -1.1354134997230871 -1.3324461189795211 -1.1213397412047705 -0.06580785233101788 0.3845524202551166 0.3141836276635331 0.27196235210858294 0.17344604248036605 0.14529852544373265 0 
0 0.3141836276635331 0.3141836276635331 0.35640490321848317 0.3845524202551166 0.3704786617367999 0.3282573861818498 0.30010986914521637 0.2578885935902663 0.22974107655363285 0.22974107655363285 -0.20654543751418492 -0.9946759145399202 -0.8961596049117033 -0.91023336343002 -1.1354134997230871 -1.2902248434245709 -1.3324461189795211 -0.5020943663988356 0.27196235210858294 0.34233114470016646 0.30010986914521637 0.22974107655363285 0.14529852544373265 0.10307724988878254 0 
0 0 0 0 0 0 0 0 0 0 0 0 0 0 0 0 0 0 0 0 0 0 0 0 0 0 

