0 0 0 0 0 0 0 0 0 0 0 0 0 0 0 0 0 0 0 0 0 0 0 0 0 0 
0 -1.4965629476800357 -1.4804487126919617 -1.5287914176561839 -1.6093625925965547 -1.1259355429543305 -0.6586227283001808 -1.4482202427158133 -1.6899337675369253 -2.1411323472030013 0.38880254592463803 -0.8358793131689962 -1.7382764725011477 -1.3354205977992943 -1.3515348327873684 -1.4804487126919617 -1.5126771826681098 -1.5610198876323322 -1.4965629476800357 -1.5449056526442582 -1.5771341226204063 -1.3837633027635168 -1.4482202427158133 -1.4965629476800357 -1.3193063628112203 0 
0 -1.4482202427158133 -1.4482202427158133 -1.4965629476800357 -1.3354205977992943 0.16320325609160014 -0.8519935481570703 -1.4482202427158133 -1.4643344777038874 -0.9809074280616634 0.5821733657815277 -1.5771341226204063 -1.4321060077277392 -1.0131358980378116 -1.0131358980378116 -1.2065067178947013 -1.04536436801396 -0.3202237935506239 -0.2235383836221791 -0.3685664985148463 -0.5135946134075134 -0.5458230833836618 -1.1420497779424048 -1.303192127823146 -1.2065067178947013 0 
0 -1.4643344777038874 -1.5287914176561839 -1.6254768275846287 -0.35245226352677217 -0.15908144366988256 -1.2226209528827754 -1.1903924829066272 -1.5287914176561839 0.16320325609160014 0.5982876007696017 -1.3676490677754427 -0.7553081382286255 -1.0131358980378116 -1.1098213079662564 -0.9003362531212927 -0.9164504881093669 0.147089021103526 0.9044580655430103 0.8077726556145655 0.8077726556145655 1.0817146504118258 0.8400011255907138 0.46937372086500867 0.5499448958053794 0 
0 -1.5610198876323322 -1.7221622375130736 -1.1420497779424048 0.3565740759484898 -0.7391939032405513 -0.6425084933121066 -0.690851198276329 -0.20742414863410494 0.9205723005310844 0.16320325609160014 -1.6415910625727028 -1.7543907074892218 -1.770504942477296 -1.1581640129304789 -0.7714223732166996 -0.1913099136460308 0.3726883109365639 0.9366865355191586 1.1622858253521964 0.9366865355191586 0.2760029010081191 -1.0131358980378116 -1.6093625925965547 -0.6425084933121066 0 
0 -1.6093625925965547 -1.7060480025249993 0.0504036111750812 0.5660591307934535 0.002060906210858798 0.034289376187007066 -0.8681077831451445 0.19543172606774842 1.1784000603402707 -0.3846807335029204 -1.7866191774653701 -1.8671903524057407 -0.6747369632882548 -0.030167563765289472 0.5660591307934535 1.0494861804356774 1.1622858253521964 0.5338306608173052 -0.6263942583240324 -1.6738195325488512 -2.0605611722626302 -1.6093625925965547 -0.8358793131689962 -0.014053328777215336 0 
0 -1.7060480025249993 -1.1098213079662564 1.0172577104595293 0.8722295955668621 0.7755441856384172 0.19543172606774842 -0.9809074280616634 0.6627445407218983 1.0333719454476034 -0.2235383836221791 0.0987463161393036 0.7272014806741949 1.1461715903641223 1.1784000603402707 1.0978288853998999 0.5821733657815277 -1.0131358980378116 -1.883304587393815 -1.9799899973222597 -1.2065067178947013 0.2921171359961932 0.743315715662269 0.6466303057338242 -0.07851026872951188 0 
0 -1.8349618824295926 -0.030167563765289472 0.9689150054953068 0.8400011255907138 0.9366865355191586 -0.3202237935506239 -0.449137673455217 1.1300573553760482 0.985029240483381 1.0172577104595293 1.3395424102210118 1.2589712352806413 1.0494861804356774 0.517716425829231 0.19543172606774842 -0.5458230833836618 -1.1098213079662564 0.11486055112737774 0.6627445407218983 0.7755441856384172 0.13097478611545188 -0.5458230833836618 -1.2709636578469978 -1.6093625925965547 0 
0 -0.3685664985148463 0.9205723005310844 0.5338306608173052 0.517716425829231 0.63051607074575 0.2921171359961932 0.6949730106980466 1.2428570002925672 1.2428570002925672 1.226742765304493 0.7916584206264914 0.2921171359961932 -0.07851026872951188 -0.40079496849099455 0.2760029010081191 0.6788587757099724 0.9044580655430103 0.6627445407218983 0.0504036111750812 -0.449137673455217 -0.6425084933121066 -0.9164504881093669 -1.2548494228589238 -1.4482202427158133 0 
0 1.0494861804356774 1.0978288853998999 1.1461715903641223 1.1461715903641223 1.0011434754714552 1.0817146504118258 1.3395424102210118 1.0817146504118258 0.46937372086500867 -0.06239603374143774 -0.4974803784194394 -0.06239603374143774 0.6788587757099724 1.1139431203879742 0.9044580655430103 0.3404598409604156 0.034289376187007066 -0.04628179875336361 -0.15908144366988256 -0.1429672086818084 -0.3202237935506239 -0.690851198276329 -1.1420497779424048 -1.4965629476800357 0 
0 0.9366865355191586 1.226742765304493 1.226742765304493 1.0172577104595293 1.0978288853998999 0.7916584206264914 0.13097478611545188 -0.2879953235744756 -0.06239603374143774 0.32434560597234147 0.9689150054953068 1.1461715903641223 0.9205723005310844 0.45325948587693454 0.22766019604389667 0.2760029010081191 -0.1429672086818084 -0.4169092034790687 0.19543172606774842 -0.030167563765289472 -0.23965261861025322 -0.6263942583240324 -1.2387351878708495 -1.7221622375130736 0 
0 0.2437744310319708 0.8400011255907138 1.0817146504118258 0.517716425829231 -0.1429672086818084 -0.2718810885864015 0.11486055112737774 0.8077726556145655 1.1945142953283447 1.1300573553760482 0.985029240483381 0.45325948587693454 0.22766019604389667 0.4210310159007863 0.5499448958053794 0.6949730106980466 -0.04628179875336361 -0.094624503717586 0.32434560597234147 0.21154596105582255 -0.04628179875336361 -0.7553081382286255 -1.8349618824295926 -1.9799899973222597 0 
0 0.30823137098426734 -0.3202237935506239 -0.04628179875336361 -0.030167563765289472 0.3726883109365639 1.1300573553760482 1.226742765304493 1.0494861804356774 0.7110872456861207 0.3726883109365639 0.3565740759484898 0.5338306608173052 0.7594299506503431 0.7594299506503431 0.6949730106980466 0.6466303057338242 0.6788587757099724 0.7272014806741949 0.48548795585308285 0.0987463161393036 -0.7875366082047738 -1.9316472923580372 -2.1733608171791494 -1.6415910625727028 0 
0 1.2911997052567896 1.0494861804356774 0.9366865355191586 1.1784000603402707 1.1784000603402707 0.8883438305549362 0.5821733657815277 0.3726883109365639 0.46937372086500867 0.5982876007696017 0.7594299506503431 0.8883438305549362 0.7916584206264914 0.8400011255907138 0.7916584206264914 0.8077726556145655 0.63051607074575 0.16320325609160014 -0.6263942583240324 -1.5287914176561839 -2.415074342000261 -2.4473028119764098 -1.8027334124534442 -1.7060480025249993 0 
0 1.0172577104595293 0.9689150054953068 1.0656004154237517 0.5821733657815277 0.46937372086500867 0.501602190841157 0.6466303057338242 0.8077726556145655 0.8238868906026396 0.7916584206264914 0.8722295955668621 0.9366865355191586 1.0172577104595293 0.8883438305549362 0.6788587757099724 -0.06239603374143774 -0.803650843192848 -1.7382764725011477 -2.382845872024113 -2.382845872024113 -1.7543907074892218 -1.7543907074892218 -1.8510761174176666 -1.8510761174176666 0 
0 1.226742765304493 1.1461715903641223 1.0011434754714552 0.63051607074575 0.7916584206264914 0.8561153605787879 0.8561153605787879 0.8238868906026396 0.8561153605787879 0.9366865355191586 0.8883438305549362 0.6949730106980466 0.2760029010081191 -0.3846807335029204 -1.174278247918553 -1.996104232310334 -2.350617402047965 -2.221703522143372 -1.1098213079662564 -0.3202237935506239 0.21154596105582255 -0.449137673455217 -1.7221622375130736 -1.6093625925965547 0 
0 1.2589712352806413 1.3395424102210118 1.2589712352806413 0.9528007705072328 0.7755441856384172 0.8077726556145655 0.8238868906026396 0.743315715662269 0.3726883109365639 -0.12685297369373427 -0.5297088483955876 -1.2387351878708495 -1.899418822381889 -2.382845872024113 -2.5439882219048546 -1.883304587393815 -0.7714223732166996 -0.1913099136460308 0.48548795585308285 0.38880254592463803 0.25988866602004496 0.16320325609160014 -1.2065067178947013 -2.125018112214927 0 
0 1.2911997052567896 1.2911997052567896 1.2589712352806413 0.7916584206264914 0.63051607074575 0.45325948587693454 -0.07851026872951188 -0.5780515533598101 -0.6102800233359583 -0.9486789580855152 -1.5126771826681098 -1.9638757623341856 -1.8188476474415183 -1.3837633027635168 -0.4330234384671428 0.517716425829231 0.7110872456861207 0.5660591307934535 0.25988866602004496 0.21154596105582255 0.0504036111750812 -0.15908144366988256 -1.2387351878708495 -2.157246582191075 0 
0 1.2428570002925672 1.0172577104595293 0.7594299506503431 0.21154596105582255 0.2921171359961932 0.17931749107967426 -0.17519567865795668 -0.06239603374143774 0.2921171359961932 0.2760029010081191 0.22766019604389667 0.22766019604389667 0.40491678091271216 0.7110872456861207 0.8883438305549362 0.8561153605787879 0.5982876007696017 0.46937372086500867 0.2921171359961932 -0.12685297369373427 -0.7069654332644031 -1.2709636578469978 -2.1411323472030013 -2.0766754072507045 0 
0 0.5338306608173052 0.01817514119893293 0.0987463161393036 0.08263208115122947 0.17931749107967426 0.11486055112737774 0.147089021103526 0.06651784616315534 0.19543172606774842 0.30823137098426734 0.5660591307934535 0.7755441856384172 0.7272014806741949 0.8400011255907138 0.7594299506503431 0.6788587757099724 0.5821733657815277 0.40491678091271216 0.08263208115122947 -0.7230796682524773 -1.0775928379901083 -1.5771341226204063 -2.1089038772268527 -2.1894750521672233 0 
0 0.147089021103526 0.0987463161393036 0.21154596105582255 0.17931749107967426 0.13097478611545188 0.22766019604389667 0.17931749107967426 0.22766019604389667 0.5338306608173052 0.6627445407218983 0.8561153605787879 0.8238868906026396 0.8238868906026396 0.7594299506503431 0.6949730106980466 0.6949730106980466 0.4210310159007863 -0.11073873870566014 -0.8358793131689962 -1.3676490677754427 -1.4643344777038874 -1.5932483576084806 -1.899418822381889 -2.1733608171791494 0 
0 0.19543172606774842 0.21154596105582255 0.16320325609160014 0.0987463161393036 0.25988866602004496 0.48548795585308285 0.5982876007696017 0.7272014806741949 0.8238868906026396 0.8722295955668621 0.8561153605787879 0.7916584206264914 0.8722295955668621 0.63051607074575 0.45325948587693454 0.501602190841157 -0.3202237935506239 -1.2065067178947013 -1.6254768275846287 -1.6738195325488512 -1.4804487126919617 -1.415991772739665 -1.899418822381889 -2.1411323472030013 0 
0 0.3404598409604156 0.3565740759484898 0.45325948587693454 0.6627445407218983 0.8077726556145655 0.9528007705072328 0.9205723005310844 0.9689150054953068 0.8722295955668621 0.8722295955668621 0.985029240483381 0.985029240483381 0.8400011255907138 0.5821733657815277 0.2921171359961932 0.0504036111750812 -0.690851198276329 -1.4804487126919617 -1.4643344777038874 -1.4321060077277392 -1.6254768275846287 -1.770504942477296 -2.012218467298408 -2.092789642238779 0 
0 -0.30410955856254973 -0.2718810885864015 -0.17519567865795668 0.034289376187007066 0.147089021103526 0.0504036111750812 0.034289376187007066 0.08263208115122947 -0.07851026872951188 -0.06239603374143774 0.08263208115122947 -0.1429672086818084 -0.20742414863410494 -0.1913099136460308 -0.4330234384671428 -0.5458230833836618 -1.04536436801396 -1.6254768275846287 -1.5126771826681098 -1.4482202427158133 -1.6738195325488512 -1.8349618824295926 -1.899418822381889 -1.8349618824295926 0 
0 -1.9316472923580372 -1.9316472923580372 -2.0605611722626302 -2.028332702286482 -1.9155330573699632 -1.9155330573699632 -1.8510761174176666 -1.9477615273461115 -1.9316472923580372 -1.899418822381889 -2.012218467298408 -1.8510761174176666 -1.9638757623341856 -2.012218467298408 -1.9638757623341856 -1.9638757623341856 -2.012218467298408 -2.028332702286482 -2.028332702286482 -1.9155330573699632 -1.9477615273461115 -1.996104232310334 -1.8671903524057407 -1.883304587393815 0 
0 0 0 0 0 0 0 0 0 0 0 0 0 0 0 0 0 0 0 0 0 0 0 0 0 0 

0 0 0 0 0 0 0 0 0 0 0 0 0 0 0 0 0 0 0 0 0 0 0 0 0 0 
0 -1.0775928379901083 -1.1098213079662564 -1.2065067178947013 -1.2709636578469978 -0.7875366082047738 -0.33633802853869804 -1.1259355429543305 -1.3676490677754427 -1.899418822381889 0.6466303057338242 -0.48136614343136525 -1.3354205977992943 -0.9486789580855152 -1.0292501330258859 -1.1581640129304789 -1.174278247918553 -1.2226209528827754 -1.1581640129304789 -1.2065067178947013 -1.2387351878708495 -1.061478603002034 -1.061478603002034 -1.061478603002034 -0.9003362531212927 0 
0 -1.0292501330258859 -1.0775928379901083 -1.2065067178947013 -1.0292501330258859 0.46937372086500867 -0.5458230833836618 -1.1420497779424048 -1.174278247918553 -0.7553081382286255 0.7916584206264914 -1.2709636578469978 -1.04536436801396 -0.6263942583240324 -0.6425084933121066 -0.9003362531212927 -0.7714223732166996 -0.04628179875336361 0.0504036111750812 -0.11073873870566014 -0.23965261861025322 -0.2718810885864015 -0.803650843192848 -0.9164504881093669 -0.819765078180922 0 
0 -1.04536436801396 -1.1581640129304789 -1.3354205977992943 -0.07851026872951188 0.13097478611545188 -0.9486789580855152 -0.9003362531212927 -1.2387351878708495 0.3404598409604156 0.7594299506503431 -1.0937070729781824 -0.40079496849099455 -0.6263942583240324 -0.7230796682524773 -0.5780515533598101 -0.7069654332644031 0.32434560597234147 1.0978288853998999 0.985029240483381 0.985029240483381 1.2589712352806413 1.0817146504118258 0.7594299506503431 0.8722295955668621 0 
0 -1.1259355429543305 -1.3515348327873684 -0.8519935481570703 0.6466303057338242 -0.4330234384671428 -0.33633802853869804 -0.40079496849099455 0.08263208115122947 1.0817146504118258 0.30823137098426734 -1.3998775377515909 -1.3998775377515909 -1.3837633027635168 -0.7553081382286255 -0.4652519084432911 -0.04628179875336361 0.48548795585308285 1.0494861804356774 1.2750854702687153 1.0494861804356774 0.3726883109365639 -0.819765078180922 -1.3515348327873684 -0.3685664985148463 0 
0 -1.2065067178947013 -1.3676490677754427 0.32434560597234147 0.8400011255907138 0.2760029010081191 0.2921171359961932 -0.6102800233359583 0.45325948587693454 1.3234281752329378 -0.23965261861025322 -1.5449056526442582 -1.5610198876323322 -0.33633802853869804 0.32434560597234147 0.8400011255907138 1.1784000603402707 1.2750854702687153 0.6466303057338242 -0.5297088483955876 -1.5771341226204063 -1.9638757623341856 -1.4321060077277392 -0.5780515533598101 0.21154596105582255 0 
0 -1.3837633027635168 -0.8519935481570703 1.1784000603402707 1.0333719454476034 0.9366865355191586 0.3404598409604156 -0.819765078180922 0.8077726556145655 1.1622858253521964 -0.07851026872951188 0.25988866602004496 0.9044580655430103 1.3234281752329378 1.3556566452090861 1.2911997052567896 0.8077726556145655 -0.803650843192848 -1.6577052975607771 -1.7866191774653701 -1.0292501330258859 0.45325948587693454 0.985029240483381 0.9689150054953068 0.25988866602004496 0 
0 -1.5449056526442582 0.19543172606774842 1.0817146504118258 0.9689150054953068 1.0333719454476034 -0.2235383836221791 -0.35245226352677217 1.2428570002925672 1.1139431203879742 1.1461715903641223 1.3556566452090861 1.3556566452090861 1.1784000603402707 0.63051607074575 0.3404598409604156 -0.30410955856254973 -0.8681077831451445 0.3565740759484898 0.9044580655430103 1.0011434754714552 0.3565740759484898 -0.23965261861025322 -0.8842220181332185 -1.2065067178947013 0 
0 -0.11073873870566014 1.1139431203879742 0.6627445407218983 0.63051607074575 0.7272014806741949 0.38880254592463803 0.8077726556145655 1.3556566452090861 1.3556566452090861 1.3556566452090861 0.9205723005310844 0.4371452508888604 0.0504036111750812 -0.2718810885864015 0.4210310159007863 0.8561153605787879 1.0978288853998999 0.9044580655430103 0.2921171359961932 -0.15908144366988256 -0.3685664985148463 -0.5941657883478841 -0.8681077831451445 -1.061478603002034 0 
0 1.2750854702687153 1.2750854702687153 1.2589712352806413 1.2589712352806413 1.1139431203879742 1.1784000603402707 1.3556566452090861 1.1945142953283447 0.6144018357576759 0.08263208115122947 -0.35245226352677217 0.06651784616315534 0.8077726556145655 1.226742765304493 1.0333719454476034 0.48548795585308285 0.19543172606774842 0.16320325609160014 0.08263208115122947 0.16320325609160014 0.01817514119893293 -0.3202237935506239 -0.7553081382286255 -1.1098213079662564 0 
0 1.1461715903641223 1.3556566452090861 1.3395424102210118 1.1300573553760482 1.1945142953283447 0.8883438305549362 0.22766019604389667 -0.17519567865795668 0.08263208115122947 0.46937372086500867 1.1139431203879742 1.2750854702687153 1.0494861804356774 0.5821733657815277 0.3565740759484898 0.3726883109365639 0.002060906210858798 -0.20742414863410494 0.45325948587693454 0.2760029010081191 0.11486055112737774 -0.23965261861025322 -0.8519935481570703 -1.3354205977992943 0 
0 0.40491678091271216 0.9528007705072328 1.1945142953283447 0.6466303057338242 -0.030167563765289472 -0.17519567865795668 0.22766019604389667 0.9044580655430103 1.3234281752329378 1.2589712352806413 1.1300573553760482 0.5982876007696017 0.3565740759484898 0.5499448958053794 0.6788587757099724 0.7916584206264914 0.0987463161393036 0.11486055112737774 0.5821733657815277 0.5338306608173052 0.30823137098426734 -0.3685664985148463 -1.4482202427158133 -1.5932483576084806 0 
0 0.38880254592463803 -0.20742414863410494 0.08263208115122947 0.08263208115122947 0.48548795585308285 1.226742765304493 1.3234281752329378 1.1461715903641223 0.8400011255907138 0.517716425829231 0.501602190841157 0.6788587757099724 0.8883438305549362 0.8883438305549362 0.8077726556145655 0.7755441856384172 0.8238868906026396 0.9366865355191586 0.743315715662269 0.4210310159007863 -0.4330234384671428 -1.5610198876323322 -1.7866191774653701 -1.2548494228589238 0 
0 1.3234281752329378 1.0978288853998999 1.0494861804356774 1.2911997052567896 1.2750854702687153 0.985029240483381 0.6949730106980466 0.48548795585308285 0.5982876007696017 0.743315715662269 0.9044580655430103 1.0172577104595293 0.9205723005310844 0.9689150054953068 0.9366865355191586 0.985029240483381 0.8400011255907138 0.40491678091271216 -0.3685664985148463 -1.2387351878708495 -2.1089038772268527 -2.1089038772268527 -1.415991772739665 -1.3193063628112203 0 
0 1.0011434754714552 1.0011434754714552 1.1945142953283447 0.6949730106980466 0.5660591307934535 0.5982876007696017 0.7594299506503431 0.9205723005310844 0.9689150054953068 0.9366865355191586 1.0011434754714552 1.0656004154237517 1.1300573553760482 1.0011434754714552 0.8238868906026396 0.147089021103526 -0.5619373183717359 -1.4804487126919617 -2.1411323472030013 -2.1411323472030013 -1.5126771826681098 -1.4482202427158133 -1.4643344777038874 -1.4643344777038874 0 
0 1.1784000603402707 1.1461715903641223 1.0978288853998999 0.7272014806741949 0.8883438305549362 0.9528007705072328 0.9528007705072328 0.9366865355191586 1.0172577104595293 1.0978288853998999 1.0494861804356774 0.8561153605787879 0.4210310159007863 -0.23965261861025322 -1.0131358980378116 -1.7543907074892218 -2.092789642238779 -1.996104232310334 -0.8842220181332185 -0.094624503717586 0.4210310159007863 -0.15908144366988256 -1.3354205977992943 -1.2226209528827754 0 
0 1.2106285303164188 1.3073139402448637 1.2911997052567896 1.0011434754714552 0.8561153605787879 0.9205723005310844 0.9528007705072328 0.8883438305549362 0.5982876007696017 0.13097478611545188 -0.2718810885864015 -0.9970216630497375 -1.6577052975607771 -2.1411323472030013 -2.3022746970837424 -1.6738195325488512 -0.5780515533598101 0.034289376187007066 0.6949730106980466 0.5982876007696017 0.501602190841157 0.45325948587693454 -0.8358793131689962 -1.7543907074892218 0 
0 1.2750854702687153 1.3073139402448637 1.3234281752329378 0.8883438305549362 0.7755441856384172 0.63051607074575 0.13097478611545188 -0.35245226352677217 -0.35245226352677217 -0.690851198276329 -1.2548494228589238 -1.7221622375130736 -1.5610198876323322 -1.1098213079662564 -0.20742414863410494 0.6627445407218983 0.8561153605787879 0.7594299506503431 0.48548795585308285 0.46937372086500867 0.32434560597234147 0.147089021103526 -0.8842220181332185 -1.8188476474415183 0 
0 1.3234281752329378 1.1461715903641223 0.9205723005310844 0.40491678091271216 0.517716425829231 0.4371452508888604 0.11486055112737774 0.22766019604389667 0.5338306608173052 0.501602190841157 0.4371452508888604 0.45325948587693454 0.63051607074575 0.9205723005310844 1.0817146504118258 0.985029240483381 0.7272014806741949 0.6466303057338242 0.5499448958053794 0.16320325609160014 -0.3685664985148463 -0.9486789580855152 -1.8349618824295926 -1.770504942477296 0 
0 0.6788587757099724 0.21154596105582255 0.32434560597234147 0.30823137098426734 0.4371452508888604 0.4210310159007863 0.46937372086500867 0.3726883109365639 0.40491678091271216 0.46937372086500867 0.743315715662269 0.9366865355191586 0.9044580655430103 1.0172577104595293 0.9044580655430103 0.7755441856384172 0.7110872456861207 0.5982876007696017 0.3565740759484898 -0.3846807335029204 -0.7069654332644031 -1.2387351878708495 -1.8349618824295926 -1.899418822381889 0 
0 0.2921171359961932 0.2760029010081191 0.40491678091271216 0.3726883109365639 0.3404598409604156 0.46937372086500867 0.4371452508888604 0.46937372086500867 0.6949730106980466 0.7755441856384172 0.985029240483381 0.9528007705072328 0.9366865355191586 0.8883438305549362 0.8077726556145655 0.8077726556145655 0.5660591307934535 0.0987463161393036 -0.5297088483955876 -0.9809074280616634 -1.0292501330258859 -1.2065067178947013 -1.6093625925965547 -1.883304587393815 0 
0 0.30823137098426734 0.32434560597234147 0.2921171359961932 0.22766019604389667 0.40491678091271216 0.63051607074575 0.743315715662269 0.8722295955668621 0.9528007705072328 1.0172577104595293 0.985029240483381 0.9366865355191586 1.0011434754714552 0.7594299506503431 0.5821733657815277 0.6788587757099724 -0.12685297369373427 -0.9486789580855152 -1.287077892835072 -1.2709636578469978 -1.04536436801396 -1.0292501330258859 -1.5932483576084806 -1.8349618824295926 0 
0 0.45325948587693454 0.46937372086500867 0.5982876007696017 0.7916584206264914 0.9366865355191586 1.0656004154237517 1.0333719454476034 1.0656004154237517 1.0172577104595293 1.0656004154237517 1.1622858253521964 1.1622858253521964 1.0172577104595293 0.7594299506503431 0.48548795585308285 0.2921171359961932 -0.4169092034790687 -1.174278247918553 -1.1098213079662564 -1.04536436801396 -1.2226209528827754 -1.3837633027635168 -1.6738195325488512 -1.7543907074892218 0 
0 -0.094624503717586 -0.04628179875336361 0.08263208115122947 0.25988866602004496 0.3404598409604156 0.22766019604389667 0.19543172606774842 0.22766019604389667 0.11486055112737774 0.17931749107967426 0.32434560597234147 0.0987463161393036 0.034289376187007066 0.0504036111750812 -0.15908144366988256 -0.20742414863410494 -0.690851198276329 -1.2709636578469978 -1.1581640129304789 -1.0775928379901083 -1.3193063628112203 -1.4643344777038874 -1.5126771826681098 -1.4643344777038874 0 
0 -1.5287914176561839 -1.5126771826681098 -1.6254768275846287 -1.6415910625727028 -1.5449056526442582 -1.5932483576084806 -1.5610198876323322 -1.6899337675369253 -1.6415910625727028 -1.5771341226204063 -1.6899337675369253 -1.5126771826681098 -1.6415910625727028 -1.6899337675369253 -1.6093625925965547 -1.5126771826681098 -1.5771341226204063 -1.6093625925965547 -1.6415910625727028 -1.5771341226204063 -1.6415910625727028 -1.6415910625727028 -1.4643344777038874 -1.4804487126919617 0 
0 0 0 0 0 0 0 0 0 0 0 0 0 0 0 0 0 0 0 0 0 0 0 0 0 0 

0 0 0 0 0 0 0 0 0 0 0 0 0 0 0 0 0 0 0 0 0 0 0 0 0 0 
0 -0.6425084933121066 -0.690851198276329 -0.819765078180922 -0.8842220181332185 -0.40079496849099455 0.0504036111750812 -0.7391939032405513 -0.9970216630497375 -1.7221622375130736 0.7110872456861207 -0.2718810885864015 -0.932564723097441 -0.449137673455217 -0.48136614343136525 -0.6586227283001808 -0.7875366082047738 -0.8519935481570703 -0.7875366082047738 -0.819765078180922 -0.8519935481570703 -0.6747369632882548 -0.690851198276329 -0.690851198276329 -0.4974803784194394 0 
0 -0.5780515533598101 -0.6747369632882548 -0.8358793131689962 -0.6747369632882548 0.8238868906026396 -0.1913099136460308 -0.7714223732166996 -0.819765078180922 -0.5941657883478841 0.8883438305549362 -0.9970216630497375 -0.6425084933121066 -0.1429672086818084 -0.12685297369373427 -0.4330234384671428 -0.449137673455217 0.25988866602004496 0.30823137098426734 0.147089021103526 0.034289376187007066 0.01817514119893293 -0.4974803784194394 -0.5619373183717359 -0.4652519084432911 0 
0 -0.6102800233359583 -0.7553081382286255 -0.9970216630497375 0.25988866602004496 0.46937372086500867 -0.6102800233359583 -0.5619373183717359 -0.9164504881093669 0.48548795585308285 0.8561153605787879 -0.819765078180922 0.002060906210858798 -0.1913099136460308 -0.2718810885864015 -0.17519567865795668 -0.449137673455217 0.5821733657815277 1.2428570002925672 1.0978288853998999 1.1461715903641223 1.3556566452090861 1.2106285303164188 0.9205723005310844 1.0978288853998999 0 
0 -0.690851198276329 -0.9647931930735892 -0.5135946134075134 0.9689150054953068 -0.11073873870566014 -0.014053328777215336 -0.07851026872951188 0.40491678091271216 1.1945142953283447 0.45325948587693454 -1.0775928379901083 -1.0131358980378116 -0.9647931930735892 -0.33633802853869804 -0.094624503717586 0.17931749107967426 0.6627445407218983 1.2428570002925672 1.3556566452090861 1.1622858253521964 0.517716425829231 -0.6586227283001808 -1.1903924829066272 -0.1429672086818084 0 
0 -0.7714223732166996 -0.9970216630497375 0.5660591307934535 1.0978288853998999 0.5338306608173052 0.5821733657815277 -0.30410955856254973 0.6627445407218983 1.3556566452090861 -0.04628179875336361 -1.2548494228589238 -1.2387351878708495 -0.014053328777215336 0.63051607074575 1.0172577104595293 1.3234281752329378 1.3556566452090861 0.7916584206264914 -0.3685664985148463 -1.3837633027635168 -1.770504942477296 -1.2548494228589238 -0.40079496849099455 0.3404598409604156 0 
0 -0.9970216630497375 -0.6425084933121066 1.226742765304493 1.1461715903641223 1.1139431203879742 0.5660591307934535 -0.6102800233359583 0.8883438305549362 1.2106285303164188 0.06651784616315534 0.40491678091271216 1.0172577104595293 1.3556566452090861 1.3556566452090861 1.3556566452090861 1.0011434754714552 -0.5619373183717359 -1.4321060077277392 -1.5610198876323322 -0.8681077831451445 0.5982876007696017 1.0978288853998999 1.1461715903641223 0.5499448958053794 0 
0 -1.2387351878708495 0.32434560597234147 1.0978288853998999 1.0333719454476034 1.1784000603402707 -0.014053328777215336 -0.17519567865795668 1.2911997052567896 1.1622858253521964 1.1945142953283447 1.3556566452090861 1.3556566452090861 1.2911997052567896 0.7755441856384172 0.5660591307934535 -0.04628179875336361 -0.6425084933121066 0.501602190841157 1.0011434754714552 1.1139431203879742 0.5499448958053794 0.0504036111750812 -0.48136614343136525 -0.819765078180922 0 
0 0.08263208115122947 1.1622858253521964 0.6788587757099724 0.6949730106980466 0.9205723005310844 0.5982876007696017 0.8883438305549362 1.3556566452090861 1.3556566452090861 1.3556566452090861 0.985029240483381 0.5821733657815277 0.22766019604389667 -0.07851026872951188 0.6144018357576759 1.0011434754714552 1.1784000603402707 1.0172577104595293 0.501602190841157 0.08263208115122947 -0.094624503717586 -0.2718810885864015 -0.48136614343136525 -0.690851198276329 0 
0 1.3556566452090861 1.3073139402448637 1.2750854702687153 1.3395424102210118 1.226742765304493 1.2911997052567896 1.3556566452090861 1.2589712352806413 0.6949730106980466 0.19543172606774842 -0.23965261861025322 0.21154596105582255 0.9205723005310844 1.2911997052567896 1.1784000603402707 0.5982876007696017 0.3565740759484898 0.38880254592463803 0.3404598409604156 0.45325948587693454 0.3404598409604156 0.034289376187007066 -0.3685664985148463 -0.7230796682524773 0 
0 1.226742765304493 1.3556566452090861 1.3556566452090861 1.2106285303164188 1.2911997052567896 1.0333719454476034 0.38880254592463803 -0.04628179875336361 0.16320325609160014 0.5338306608173052 1.1622858253521964 1.3395424102210118 1.1461715903641223 0.743315715662269 0.5338306608173052 0.501602190841157 0.147089021103526 -0.014053328777215336 0.6949730106980466 0.5821733657815277 0.48548795585308285 0.13097478611545188 -0.4652519084432911 -0.9486789580855152 0 
0 0.45325948587693454 0.9689150054953068 1.2106285303164188 0.7110872456861207 0.13097478611545188 0.06651784616315534 0.3726883109365639 0.9689150054953068 1.3556566452090861 1.3395424102210118 1.1945142953283447 0.743315715662269 0.5338306608173052 0.7594299506503431 0.8561153605787879 0.9044580655430103 0.2437744310319708 0.30823137098426734 0.8400011255907138 0.8400011255907138 0.6788587757099724 0.01817514119893293 -1.061478603002034 -1.2065067178947013 0 
0 0.4210310159007863 -0.1913099136460308 0.0987463161393036 0.17931749107967426 0.5982876007696017 1.3073139402448637 1.3556566452090861 1.2428570002925672 0.9366865355191586 0.63051607074575 0.63051607074575 0.8400011255907138 1.0656004154237517 1.0978288853998999 1.0172577104595293 0.9205723005310844 0.985029240483381 1.1300573553760482 1.0011434754714552 0.7110872456861207 -0.094624503717586 -1.2065067178947013 -1.3998775377515909 -0.8681077831451445 0 
0 1.3556566452090861 1.1300573553760482 1.0656004154237517 1.3234281752329378 1.3556566452090861 1.0817146504118258 0.8400011255907138 0.63051607074575 0.6949730106980466 0.8400011255907138 1.0172577104595293 1.1784000603402707 1.0978288853998999 1.1622858253521964 1.1461715903641223 1.1622858253521964 1.0333719454476034 0.6144018357576759 -0.12685297369373427 -0.9809074280616634 -1.8349618824295926 -1.770504942477296 -1.0292501330258859 -0.932564723097441 0 
0 1.1461715903641223 1.1139431203879742 1.2106285303164188 0.7755441856384172 0.7594299506503431 0.8238868906026396 0.9366865355191586 1.0494861804356774 1.0494861804356774 1.0333719454476034 1.1300573553760482 1.2106285303164188 1.3073139402448637 1.2106285303164188 1.0494861804356774 0.38880254592463803 -0.3202237935506239 -1.2387351878708495 -1.899418822381889 -1.899418822381889 -1.2709636578469978 -1.1581640129304789 -1.0775928379901083 -1.0775928379901083 0 
0 1.2750854702687153 1.2428570002925672 1.1139431203879742 0.8238868906026396 1.0494861804356774 1.1622858253521964 1.1300573553760482 1.0978288853998999 1.1300573553760482 1.226742765304493 1.1945142953283447 1.0333719454476034 0.63051607074575 -0.014053328777215336 -0.7714223732166996 -1.4965629476800357 -1.8349618824295926 -1.7543907074892218 -0.6263942583240324 0.11486055112737774 0.63051607074575 0.13097478611545188 -0.9486789580855152 -0.8358793131689962 0 
0 1.2106285303164188 1.2750854702687153 1.2428570002925672 1.0172577104595293 0.9528007705072328 1.0817146504118258 1.1622858253521964 1.1139431203879742 0.8561153605787879 0.4210310159007863 0.01817514119893293 -0.7069654332644031 -1.3676490677754427 -1.8349618824295926 -1.996104232310334 -1.4482202427158133 -0.35245226352677217 0.2437744310319708 0.9528007705072328 0.8561153605787879 0.7272014806741949 0.7594299506503431 -0.4652519084432911 -1.3676490677754427 0 
0 1.2750854702687153 1.2911997052567896 1.3234281752329378 0.9528007705072328 0.8722295955668621 0.8238868906026396 0.3726883109365639 -0.07851026872951188 -0.04628179875336361 -0.3685664985148463 -0.932564723097441 -1.415991772739665 -1.2548494228589238 -0.803650843192848 0.08263208115122947 0.8561153605787879 1.0656004154237517 0.9689150054953068 0.7272014806741949 0.743315715662269 0.5982876007696017 0.45325948587693454 -0.5458230833836618 -1.4482202427158133 0 
0 1.3556566452090861 1.2428570002925672 1.0817146504118258 0.5982876007696017 0.743315715662269 0.6788587757099724 0.38880254592463803 0.501602190841157 0.7594299506503431 0.7110872456861207 0.6627445407218983 0.6788587757099724 0.8400011255907138 1.1461715903641223 1.2750854702687153 1.1622858253521964 0.9366865355191586 0.8883438305549362 0.8238868906026396 0.48548795585308285 -0.030167563765289472 -0.6263942583240324 -1.5610198876323322 -1.4643344777038874 0 
0 0.8400011255907138 0.4371452508888604 0.63051607074575 0.6144018357576759 0.7272014806741949 0.6788587757099724 0.7110872456861207 0.6144018357576759 0.5660591307934535 0.5982876007696017 0.8561153605787879 1.0656004154237517 1.0333719454476034 1.1461715903641223 1.0494861804356774 0.9689150054953068 0.9366865355191586 0.8722295955668621 0.6788587757099724 -0.014053328777215336 -0.2879953235744756 -0.9003362531212927 -1.5932483576084806 -1.6415910625727028 0 
0 0.5499448958053794 0.5499448958053794 0.743315715662269 0.6949730106980466 0.6144018357576759 0.6949730106980466 0.63051607074575 0.6466303057338242 0.8238868906026396 0.8883438305549362 1.0817146504118258 1.0494861804356774 1.0333719454476034 0.985029240483381 0.9366865355191586 1.0333719454476034 0.8238868906026396 0.40491678091271216 -0.15908144366988256 -0.5780515533598101 -0.5619373183717359 -0.8681077831451445 -1.3998775377515909 -1.6577052975607771 0 
0 0.5499448958053794 0.5982876007696017 0.63051607074575 0.5338306608173052 0.6466303057338242 0.8077726556145655 0.8722295955668621 0.9689150054953068 1.0656004154237517 1.1139431203879742 1.0978288853998999 1.0494861804356774 1.1139431203879742 0.8722295955668621 0.7272014806741949 0.9366865355191586 0.17931749107967426 -0.5941657883478841 -0.8842220181332185 -0.803650843192848 -0.5458230833836618 -0.6425084933121066 -1.3515348327873684 -1.5932483576084806 0 
0 0.743315715662269 0.7755441856384172 0.9044580655430103 1.0817146504118258 1.1622858253521964 1.2428570002925672 1.1784000603402707 1.1784000603402707 1.1945142953283447 1.2589712352806413 1.3234281752329378 1.3395424102210118 1.226742765304493 0.9528007705072328 0.7272014806741949 0.6627445407218983 -0.030167563765289472 -0.7553081382286255 -0.6586227283001808 -0.5458230833836618 -0.7069654332644031 -0.9647931930735892 -1.3676490677754427 -1.4482202427158133 0 
0 0.32434560597234147 0.3404598409604156 0.4210310159007863 0.5821733657815277 0.63051607074575 0.501602190841157 0.4371452508888604 0.46937372086500867 0.4210310159007863 0.517716425829231 0.6144018357576759 0.40491678091271216 0.3726883109365639 0.38880254592463803 0.21154596105582255 0.25988866602004496 -0.20742414863410494 -0.7875366082047738 -0.6586227283001808 -0.5780515533598101 -0.819765078180922 -1.0131358980378116 -1.1098213079662564 -1.04536436801396 0 
0 -0.9486789580855152 -0.9809074280616634 -1.174278247918553 -1.174278247918553 -1.1098213079662564 -1.1420497779424048 -1.1259355429543305 -1.2226209528827754 -1.174278247918553 -1.1098213079662564 -1.2226209528827754 -1.061478603002034 -1.174278247918553 -1.2226209528827754 -1.1259355429543305 -0.9486789580855152 -1.0131358980378116 -1.0775928379901083 -1.1259355429543305 -1.0775928379901083 -1.1420497779424048 -1.1581640129304789 -0.9486789580855152 -0.9486789580855152 0 
0 0 0 0 0 0 0 0 0 0 0 0 0 0 0 0 0 0 0 0 0 0 0 0 0 0 

