0 0 0 0 0 0 0 0 0 0 0 0 0 0 0 0 0 0 0 0 0 0 0 0 0 0 
0 1.741463587810779 2.2009286998761435 1.6354331773341562 1.388028886222037 1.5294027668575336 1.776807057969653 0.9639072443155464 0.5044421322501819 2.0595548192406468 3.0845154538479984 1.7061201176519047 1.7061201176519047 3.01382851353025 1.2113115354276658 0.8225333636800497 1.8474939982874015 0.6104725427268045 -0.2377707410861763 0.539785602409056 0.6104725427268045 2.34230258051164 2.2009286998761435 0.4690986620913077 0.15100743066143987 0 
0 2.130241759558395 1.8828374684462756 1.3173419459042885 1.9888678789228982 2.7310807522592566 2.2362721700350177 1.2113115354276658 1.2113115354276658 1.953524408764024 3.01382851353025 2.483676461147137 2.978485043371376 3.8267283271843566 2.271615640193892 0.43375519193243345 1.600089707175282 1.0345941846332949 0.009633550025943086 0.2923813112969367 1.3173419459042885 2.695737282100382 0.9285637741566722 -0.6265489128337925 0.39841172177355927 0 
0 1.8828374684462756 1.600089707175282 1.1759680652687916 1.8828374684462756 2.4129895208293886 2.1655852297172693 1.388028886222037 1.741463587810779 2.766424222418131 3.367263215118992 2.34230258051164 2.766424222418131 3.68535444654886 3.68535444654886 1.8828374684462756 0.6811594830445529 0.8932203039977981 0.044977020184817286 0.044977020184817286 0.8932203039977981 1.2113115354276658 -0.025709920132931115 -0.20242727092730212 0.6104725427268045 0 
0 1.1406245951099174 1.1406245951099174 0.9285637741566722 1.4587158265397853 1.741463587810779 1.6707766474930303 1.3526854160631627 1.953524408764024 3.01382851353025 3.225889334483495 2.695737282100382 3.0491719836891242 3.897415267502105 3.43795015543674 2.801767692577005 1.5294027668575336 0.044977020184817286 -0.4851750321982957 -0.5912054426749183 -0.4498315620394215 -0.3791446217216731 -0.20242727092730212 -0.09639686045067951 0.2923813112969367 0 
0 0.7871898935211754 0.8225333636800497 0.7518464233623012 1.1406245951099174 1.24665500558654 1.2113115354276658 1.5294027668575336 2.3776460506705144 2.2362721700350177 2.6250503417826336 3.225889334483495 3.225889334483495 2.766424222418131 1.2113115354276658 1.4940592966986594 2.3776460506705144 0.8932203039977981 0.11566396050256568 0.2923813112969367 -0.3438011515627989 -0.061053390291805315 0.15100743066143987 0.8578768338389239 1.9181809386051498 0 
0 0.08032049034369149 -0.025709920132931115 -0.025709920132931115 0.18635090082031408 0.32772478145581085 0.4690986620913077 0.7871898935211754 1.1759680652687916 1.2819984757454141 1.3526854160631627 1.5294027668575336 0.7871898935211754 0.009633550025943086 -0.4144880918805473 -0.4498315620394215 0.009633550025943086 0.009633550025943086 0.5044421322501819 1.6354331773341562 -0.1670838007684279 -0.3791446217216731 0.044977020184817286 1.3526854160631627 1.9181809386051498 0 
0 -0.5912054426749183 -0.7325793233104151 -0.7325793233104151 -0.6618923829926667 -0.5912054426749183 -0.4851750321982957 -0.4498315620394215 -0.3438011515627989 -0.2377707410861763 -0.27311421124505053 -0.4498315620394215 -0.5205185023571699 -0.3791446217216731 -0.4851750321982957 -0.6618923829926667 -0.7679227934692893 -0.5912054426749183 0.18635090082031408 1.4587158265397853 0.7871898935211754 0.2570378411380625 0.15100743066143987 0.9639072443155464 1.24665500558654 0 
0 -0.8032662636281634 -0.8032662636281634 -0.7679227934692893 -0.7325793233104151 -0.6972358531515409 -0.6972358531515409 -0.6972358531515409 -0.7325793233104151 -0.6972358531515409 -0.6972358531515409 -0.6618923829926667 -0.4851750321982957 -0.5205185023571699 -0.5912054426749183 -0.6618923829926667 -0.6972358531515409 -0.6265489128337925 -0.4498315620394215 0.15100743066143987 1.3173419459042885 1.5294027668575336 0.6104725427268045 0.009633550025943086 0.8578768338389239 0 
0 -0.8032662636281634 -0.8032662636281634 -0.8032662636281634 -0.7679227934692893 -0.6972358531515409 -0.6972358531515409 -0.6972358531515409 -0.6972358531515409 -0.6265489128337925 -0.6265489128337925 -0.6972358531515409 -0.5912054426749183 -0.5912054426749183 -0.5912054426749183 -0.6618923829926667 -0.6972358531515409 -0.7325793233104151 -0.5912054426749183 -0.5912054426749183 0.044977020184817286 1.24665500558654 0.3630682516146851 -0.4498315620394215 0.08032049034369149 0 
0 -0.8032662636281634 -0.8032662636281634 -0.8032662636281634 -0.7679227934692893 -0.6972358531515409 -0.6972358531515409 -0.6972358531515409 -0.6972358531515409 -0.6972358531515409 -0.6972358531515409 -0.6972358531515409 -0.6618923829926667 -0.5912054426749183 -0.5912054426749183 -0.6618923829926667 -0.6972358531515409 -0.7679227934692893 -0.7325793233104151 -0.6618923829926667 -0.6618923829926667 0.43375519193243345 0.044977020184817286 -0.7679227934692893 -0.20242727092730212 0 
0 -0.8386097337870377 -0.8032662636281634 -0.8032662636281634 -0.7679227934692893 -0.6972358531515409 -0.6265489128337925 -0.6618923829926667 -0.6972358531515409 -0.6972358531515409 -0.6972358531515409 -0.7325793233104151 -0.6972358531515409 -0.5912054426749183 -0.5912054426749183 -0.6618923829926667 -0.6972358531515409 -0.8032662636281634 -0.8032662636281634 -0.7679227934692893 -0.6618923829926667 -0.061053390291805315 -0.20242727092730212 -0.8386097337870377 0.2923813112969367 0 
0 -0.8739532039459119 -0.8032662636281634 -0.8032662636281634 -0.7679227934692893 -0.6618923829926667 -0.5912054426749183 -0.6618923829926667 -0.6618923829926667 -0.6972358531515409 -0.6972358531515409 -0.7325793233104151 -0.6618923829926667 -0.5912054426749183 -0.5912054426749183 -0.6265489128337925 -0.6972358531515409 -0.8739532039459119 -0.8739532039459119 -0.9092966741047861 -0.1670838007684279 0.18635090082031408 0.39841172177355927 0.539785602409056 1.4940592966986594 0 
0 -0.8739532039459119 -0.8032662636281634 -0.8032662636281634 -0.7325793233104151 -0.6618923829926667 -0.6618923829926667 -0.6618923829926667 -0.6618923829926667 -0.6972358531515409 -0.6972358531515409 -0.7325793233104151 -0.6618923829926667 -0.5912054426749183 -0.6265489128337925 -0.6265489128337925 -0.6972358531515409 -0.8739532039459119 -0.9092966741047861 -0.8032662636281634 0.6458160128856787 0.8932203039977981 1.423372356380911 1.953524408764024 1.953524408764024 0 
0 -0.8032662636281634 -0.8386097337870377 -0.8032662636281634 -0.7679227934692893 -0.7679227934692893 -0.7679227934692893 -0.7325793233104151 -0.7325793233104151 -0.6618923829926667 -0.6618923829926667 -0.7325793233104151 -0.6618923829926667 -0.5558619725160441 -0.5912054426749183 -0.6265489128337925 -0.7325793233104151 -0.8386097337870377 -0.9092966741047861 0.11566396050256568 1.1759680652687916 1.2819984757454141 1.741463587810779 1.776807057969653 1.5647462370164078 0 
0 -0.8032662636281634 -0.8386097337870377 -0.8032662636281634 -0.7679227934692893 -0.8032662636281634 -0.8032662636281634 -0.8032662636281634 -0.7679227934692893 -0.6972358531515409 -0.6972358531515409 -0.6972358531515409 -0.5558619725160441 -0.5558619725160441 -0.5912054426749183 -0.6265489128337925 -0.7325793233104151 -0.8386097337870377 -0.7679227934692893 1.3173419459042885 1.5294027668575336 1.2113115354276658 1.423372356380911 1.2819984757454141 1.1406245951099174 0 
0 -0.8386097337870377 -0.8386097337870377 -0.8386097337870377 -0.8032662636281634 -0.8032662636281634 -0.8032662636281634 -0.8386097337870377 -0.8386097337870377 -0.7679227934692893 -0.7325793233104151 -0.7325793233104151 -0.5912054426749183 -0.5912054426749183 -0.6618923829926667 -0.6265489128337925 -0.7325793233104151 -0.8739532039459119 -0.4498315620394215 1.069937654792169 1.24665500558654 1.2113115354276658 1.5294027668575336 1.1052811249510432 0.5751290725679302 0 
0 -0.9092966741047861 -0.8032662636281634 -0.7679227934692893 -0.8032662636281634 -0.9092966741047861 -0.8386097337870377 -0.8739532039459119 -0.8739532039459119 -0.7679227934692893 -0.7679227934692893 -0.7325793233104151 -0.7325793233104151 -0.6972358531515409 -0.7325793233104151 -0.6972358531515409 -0.6972358531515409 -0.8386097337870377 0.2216943709791883 0.9639072443155464 0.8578768338389239 0.9992507144744207 1.776807057969653 1.423372356380911 0.3630682516146851 0 
0 -0.9446401442636603 -0.9092966741047861 -0.8739532039459119 -0.9092966741047861 -0.9446401442636603 -0.8739532039459119 -0.8739532039459119 -0.8386097337870377 -0.7679227934692893 -0.7679227934692893 -0.6972358531515409 -0.5558619725160441 -0.5205185023571699 -0.5558619725160441 -0.6618923829926667 -0.6972358531515409 -0.6972358531515409 0.9639072443155464 1.24665500558654 1.2819984757454141 1.4587158265397853 2.306959110352766 0.9992507144744207 0.2570378411380625 0 
0 -0.8032662636281634 -0.8739532039459119 -0.1670838007684279 -0.27311421124505053 -1.0153270845814086 -0.9799836144225345 -0.9092966741047861 -0.9092966741047861 -0.8386097337870377 -0.8032662636281634 -0.6265489128337925 -0.1670838007684279 -0.1317403306095537 -0.3438011515627989 -0.6972358531515409 -0.7325793233104151 -0.3438011515627989 1.423372356380911 1.9888678789228982 1.8474939982874015 1.388028886222037 2.5897068716237595 0.7518464233623012 0.5044421322501819 0 
0 -0.5912054426749183 -0.5912054426749183 1.423372356380911 1.600089707175282 0.11566396050256568 -0.6618923829926667 -0.7679227934692893 -0.7679227934692893 -0.4144880918805473 -0.1670838007684279 -0.27311421124505053 -0.27311421124505053 -0.1670838007684279 0.2923813112969367 0.2216943709791883 -0.4851750321982957 0.08032049034369149 1.6707766474930303 2.1655852297172693 1.4587158265397853 1.0345941846332949 2.4129895208293886 1.1406245951099174 1.1052811249510432 0 
0 -0.3791446217216731 -0.4144880918805473 1.8474939982874015 2.5897068716237595 2.0595548192406468 0.8932203039977981 0.5044421322501819 0.8578768338389239 1.1406245951099174 0.6104725427268045 -0.1317403306095537 -0.4851750321982957 -0.27311421124505053 0.9285637741566722 1.4940592966986594 -0.2377707410861763 0.5044421322501819 1.423372356380911 1.4587158265397853 0.716502953203427 1.2819984757454141 1.776807057969653 0.716502953203427 0.5044421322501819 0 
0 -0.27311421124505053 -0.4498315620394215 2.0595548192406468 2.9077981030536275 2.130241759558395 2.094898289399521 1.388028886222037 0.9992507144744207 0.39841172177355927 0.009633550025943086 -0.27311421124505053 -0.3791446217216731 0.08032049034369149 0.7518464233623012 0.9285637741566722 0.044977020184817286 0.5044421322501819 0.6811594830445529 0.6811594830445529 0.43375519193243345 0.8225333636800497 0.7518464233623012 0.2216943709791883 -0.1670838007684279 0 
0 -0.4851750321982957 -0.2377707410861763 2.0595548192406468 1.9181809386051498 1.776807057969653 2.2009286998761435 1.24665500558654 0.044977020184817286 -0.27311421124505053 -0.1317403306095537 -0.09639686045067951 -0.1317403306095537 0.18635090082031408 0.32772478145581085 0.39841172177355927 0.11566396050256568 -0.09639686045067951 0.009633550025943086 -0.061053390291805315 -0.061053390291805315 -0.09639686045067951 -0.09639686045067951 -0.4144880918805473 -0.4498315620394215 0 
0 -0.4144880918805473 -0.061053390291805315 1.6354331773341562 1.1759680652687916 0.8225333636800497 0.8932203039977981 0.32772478145581085 -0.27311421124505053 -0.3791446217216731 0.11566396050256568 0.15100743066143987 0.08032049034369149 0.2216943709791883 0.43375519193243345 0.2216943709791883 0.18635090082031408 -0.4851750321982957 -0.4851750321982957 -0.5912054426749183 -0.5558619725160441 -0.4851750321982957 -0.27311421124505053 -0.5205185023571699 -0.5205185023571699 0 
0 0 0 0 0 0 0 0 0 0 0 0 0 0 0 0 0 0 0 0 0 0 0 0 0 0 

0 0 0 0 0 0 0 0 0 0 0 0 0 0 0 0 0 0 0 0 0 0 0 0 0 0 
0 1.6707766474930303 2.130241759558395 1.388028886222037 1.1759680652687916 1.5294027668575336 1.776807057969653 0.8932203039977981 0.3630682516146851 1.776807057969653 2.9077981030536275 1.5294027668575336 1.423372356380911 2.6250503417826336 0.7518464233623012 0.43375519193243345 1.6354331773341562 0.39841172177355927 -0.4851750321982957 0.32772478145581085 0.39841172177355927 2.2009286998761435 2.0595548192406468 0.2216943709791883 -0.1670838007684279 0 
0 1.9888678789228982 1.741463587810779 1.1406245951099174 1.8121505281285273 2.5543634014648853 2.0595548192406468 0.9285637741566722 0.9285637741566722 1.741463587810779 2.837111162735879 2.34230258051164 2.801767692577005 3.5086370957544886 1.8474939982874015 0.044977020184817286 1.2819984757454141 0.716502953203427 -0.3791446217216731 -0.061053390291805315 0.9992507144744207 2.483676461147137 0.7518464233623012 -0.9092966741047861 0.08032049034369149 0 
0 1.6707766474930303 1.423372356380911 0.9992507144744207 1.6707766474930303 2.1655852297172693 1.8828374684462756 1.069937654792169 1.423372356380911 2.4483329909882627 3.0491719836891242 2.0595548192406468 2.519019931306011 3.402606685277866 3.402606685277866 1.6354331773341562 0.39841172177355927 0.6458160128856787 -0.2377707410861763 -0.27311421124505053 0.6104725427268045 0.9992507144744207 -0.2377707410861763 -0.4851750321982957 0.32772478145581085 0 
0 0.9639072443155464 0.9992507144744207 0.7518464233623012 1.24665500558654 1.4940592966986594 1.423372356380911 1.1052811249510432 1.6707766474930303 2.5543634014648853 2.801767692577005 2.271615640193892 2.660393811941508 3.6500109763899857 3.2965762748012435 2.695737282100382 1.423372356380911 0.009633550025943086 -0.5205185023571699 -0.6618923829926667 -0.5205185023571699 -0.5205185023571699 -0.4851750321982957 -0.3791446217216731 0.08032049034369149 0 
0 0.6811594830445529 0.716502953203427 0.6104725427268045 0.9639072443155464 0.9992507144744207 0.9992507144744207 1.388028886222037 2.1655852297172693 1.8121505281285273 2.1655852297172693 2.801767692577005 2.766424222418131 2.483676461147137 0.9992507144744207 1.388028886222037 2.306959110352766 0.9285637741566722 0.11566396050256568 0.2923813112969367 -0.3791446217216731 -0.2377707410861763 -0.1670838007684279 0.6458160128856787 1.776807057969653 0 
0 0.009633550025943086 -0.09639686045067951 -0.09639686045067951 0.044977020184817286 0.08032049034369149 0.2923813112969367 0.6458160128856787 0.9992507144744207 0.9992507144744207 1.0345941846332949 1.2113115354276658 0.4690986620913077 -0.3438011515627989 -0.6972358531515409 -0.6265489128337925 -0.09639686045067951 -0.09639686045067951 0.3630682516146851 1.5294027668575336 -0.3084576814039247 -0.6265489128337925 -0.2377707410861763 1.1406245951099174 1.741463587810779 0 
0 -0.6265489128337925 -0.7679227934692893 -0.7679227934692893 -0.7679227934692893 -0.7679227934692893 -0.6618923829926667 -0.6265489128337925 -0.5205185023571699 -0.3438011515627989 -0.4144880918805473 -0.5912054426749183 -0.7325793233104151 -0.6972358531515409 -0.7679227934692893 -0.8032662636281634 -0.8032662636281634 -0.8386097337870377 -0.20242727092730212 1.1406245951099174 0.4690986620913077 -0.09639686045067951 -0.1317403306095537 0.7871898935211754 1.1052811249510432 0 
0 -0.8032662636281634 -0.8032662636281634 -0.7679227934692893 -0.8032662636281634 -0.8386097337870377 -0.8386097337870377 -0.8739532039459119 -0.8739532039459119 -0.8032662636281634 -0.8386097337870377 -0.7679227934692893 -0.6265489128337925 -0.6972358531515409 -0.7679227934692893 -0.7679227934692893 -0.7679227934692893 -0.7679227934692893 -0.6972358531515409 -0.1670838007684279 0.9639072443155464 1.069937654792169 0.18635090082031408 -0.09639686045067951 0.8578768338389239 0 
0 -0.8032662636281634 -0.8032662636281634 -0.8032662636281634 -0.8386097337870377 -0.8386097337870377 -0.8386097337870377 -0.8386097337870377 -0.8386097337870377 -0.7679227934692893 -0.7679227934692893 -0.8386097337870377 -0.7325793233104151 -0.7325793233104151 -0.7325793233104151 -0.8032662636281634 -0.8739532039459119 -0.8032662636281634 -0.6972358531515409 -0.8386097337870377 -0.27311421124505053 0.7871898935211754 -0.09639686045067951 -0.5558619725160441 0.11566396050256568 0 
0 -0.8032662636281634 -0.8032662636281634 -0.8032662636281634 -0.8032662636281634 -0.8386097337870377 -0.8386097337870377 -0.8386097337870377 -0.8386097337870377 -0.8386097337870377 -0.8386097337870377 -0.8386097337870377 -0.8032662636281634 -0.7325793233104151 -0.7325793233104151 -0.8032662636281634 -0.8386097337870377 -0.8386097337870377 -0.8032662636281634 -0.8739532039459119 -0.9446401442636603 0.009633550025943086 -0.3438011515627989 -0.8386097337870377 -0.2377707410861763 0 
0 -0.8386097337870377 -0.8032662636281634 -0.8032662636281634 -0.8386097337870377 -0.8386097337870377 -0.7679227934692893 -0.8032662636281634 -0.8386097337870377 -0.8386097337870377 -0.8386097337870377 -0.8739532039459119 -0.8386097337870377 -0.7325793233104151 -0.7325793233104151 -0.8032662636281634 -0.8386097337870377 -0.8386097337870377 -0.8032662636281634 -0.9092966741047861 -0.8739532039459119 -0.3791446217216731 -0.4498315620394215 -0.8032662636281634 0.2216943709791883 0 
0 -0.8739532039459119 -0.8032662636281634 -0.8032662636281634 -0.8386097337870377 -0.8032662636281634 -0.7325793233104151 -0.8032662636281634 -0.8032662636281634 -0.8386097337870377 -0.8386097337870377 -0.8739532039459119 -0.8032662636281634 -0.7325793233104151 -0.7325793233104151 -0.7679227934692893 -0.8386097337870377 -0.8032662636281634 -0.7325793233104151 -0.8739532039459119 -0.2377707410861763 0.009633550025943086 0.2923813112969367 0.6458160128856787 1.388028886222037 0 
0 -0.8739532039459119 -0.8032662636281634 -0.8032662636281634 -0.8032662636281634 -0.8032662636281634 -0.8032662636281634 -0.8032662636281634 -0.8032662636281634 -0.8386097337870377 -0.8386097337870377 -0.8739532039459119 -0.8032662636281634 -0.7325793233104151 -0.7679227934692893 -0.7679227934692893 -0.8386097337870377 -0.7679227934692893 -0.7325793233104151 -0.7325793233104151 0.6458160128856787 0.7871898935211754 1.4587158265397853 2.1655852297172693 1.8474939982874015 0 
0 -0.8032662636281634 -0.8386097337870377 -0.8032662636281634 -0.7679227934692893 -0.7679227934692893 -0.7679227934692893 -0.7679227934692893 -0.7679227934692893 -0.8032662636281634 -0.8386097337870377 -0.8739532039459119 -0.8032662636281634 -0.6972358531515409 -0.7325793233104151 -0.7679227934692893 -0.8739532039459119 -0.8032662636281634 -0.8032662636281634 0.18635090082031408 1.2113115354276658 1.2113115354276658 1.6707766474930303 1.741463587810779 1.423372356380911 0 
0 -0.8032662636281634 -0.8386097337870377 -0.8386097337870377 -0.7679227934692893 -0.7679227934692893 -0.7679227934692893 -0.7679227934692893 -0.7679227934692893 -0.8386097337870377 -0.8386097337870377 -0.8386097337870377 -0.6972358531515409 -0.6972358531515409 -0.7325793233104151 -0.7679227934692893 -0.8739532039459119 -0.8739532039459119 -0.7325793233104151 1.3173419459042885 1.4587158265397853 1.069937654792169 1.24665500558654 1.069937654792169 0.9639072443155464 0 
0 -0.8032662636281634 -0.8386097337870377 -0.8386097337870377 -0.7679227934692893 -0.7679227934692893 -0.7679227934692893 -0.8032662636281634 -0.8386097337870377 -0.8739532039459119 -0.9092966741047861 -0.8739532039459119 -0.7325793233104151 -0.7325793233104151 -0.8032662636281634 -0.7679227934692893 -0.8739532039459119 -0.9799836144225345 -0.4851750321982957 0.9639072443155464 1.0345941846332949 1.0345941846332949 1.388028886222037 0.9285637741566722 0.3630682516146851 0 
0 -0.8739532039459119 -0.8032662636281634 -0.7325793233104151 -0.8032662636281634 -0.8739532039459119 -0.8032662636281634 -0.8386097337870377 -0.8386097337870377 -0.9092966741047861 -0.9092966741047861 -0.8739532039459119 -0.8739532039459119 -0.8386097337870377 -0.8739532039459119 -0.8386097337870377 -0.8386097337870377 -0.9799836144225345 0.08032049034369149 0.8225333636800497 0.6104725427268045 0.7871898935211754 1.6354331773341562 1.24665500558654 0.15100743066143987 0 
0 -0.8739532039459119 -0.8739532039459119 -0.8386097337870377 -0.8739532039459119 -0.9092966741047861 -0.8386097337870377 -0.8386097337870377 -0.8386097337870377 -0.9092966741047861 -0.9092966741047861 -0.8386097337870377 -0.6972358531515409 -0.6618923829926667 -0.6972358531515409 -0.8032662636281634 -0.8386097337870377 -0.8386097337870377 0.8225333636800497 1.069937654792169 0.9285637741566722 1.2113115354276658 2.1655852297172693 0.8225333636800497 0.044977020184817286 0 
0 -0.7679227934692893 -0.8739532039459119 -0.1317403306095537 -0.2377707410861763 -0.9799836144225345 -0.9446401442636603 -0.8739532039459119 -0.9092966741047861 -0.9799836144225345 -0.9446401442636603 -0.7679227934692893 -0.3084576814039247 -0.27311421124505053 -0.4851750321982957 -0.8386097337870377 -0.8739532039459119 -0.4851750321982957 1.24665500558654 1.776807057969653 1.4587158265397853 1.1052811249510432 2.483676461147137 0.5751290725679302 0.2923813112969367 0 
0 -0.6618923829926667 -0.6265489128337925 1.3526854160631627 1.4587158265397853 0.044977020184817286 -0.7679227934692893 -0.8386097337870377 -0.7679227934692893 -0.5558619725160441 -0.3438011515627989 -0.4851750321982957 -0.5205185023571699 -0.3791446217216731 0.11566396050256568 0.009633550025943086 -0.6972358531515409 -0.1317403306095537 1.4940592966986594 1.9888678789228982 1.2113115354276658 0.8225333636800497 2.306959110352766 0.9992507144744207 0.8932203039977981 0 
0 -0.5205185023571699 -0.4498315620394215 1.7061201176519047 2.34230258051164 1.8121505281285273 0.716502953203427 0.3630682516146851 0.7518464233623012 0.9992507144744207 0.3630682516146851 -0.3791446217216731 -0.7679227934692893 -0.4851750321982957 0.716502953203427 1.24665500558654 -0.5205185023571699 0.2923813112969367 1.24665500558654 1.2819984757454141 0.539785602409056 1.1406245951099174 1.6707766474930303 0.5751290725679302 0.2923813112969367 0 
0 -0.3791446217216731 -0.4498315620394215 1.9181809386051498 2.5543634014648853 1.776807057969653 1.741463587810779 1.1052811249510432 0.7871898935211754 0.18635090082031408 -0.20242727092730212 -0.5558619725160441 -0.6972358531515409 -0.1670838007684279 0.539785602409056 0.6811594830445529 -0.2377707410861763 0.32772478145581085 0.5751290725679302 0.5751290725679302 0.2923813112969367 0.716502953203427 0.6458160128856787 0.11566396050256568 -0.3084576814039247 0 
0 -0.5558619725160441 -0.20242727092730212 1.9181809386051498 1.4587158265397853 1.1759680652687916 1.7061201176519047 0.8578768338389239 -0.2377707410861763 -0.4851750321982957 -0.3791446217216731 -0.3791446217216731 -0.4144880918805473 -0.025709920132931115 0.08032049034369149 0.15100743066143987 -0.1670838007684279 -0.20242727092730212 -0.025709920132931115 -0.09639686045067951 -0.061053390291805315 -0.1317403306095537 -0.1317403306095537 -0.4851750321982957 -0.5558619725160441 0 
0 -0.5205185023571699 -0.025709920132931115 1.4587158265397853 0.6811594830445529 0.2923813112969367 0.4690986620913077 0.009633550025943086 -0.5558619725160441 -0.6265489128337925 -0.09639686045067951 -0.09639686045067951 -0.1670838007684279 0.009633550025943086 0.18635090082031408 -0.025709920132931115 -0.09639686045067951 -0.5912054426749183 -0.4851750321982957 -0.5558619725160441 -0.5558619725160441 -0.4498315620394215 -0.27311421124505053 -0.5205185023571699 -0.5558619725160441 0 
0 0 0 0 0 0 0 0 0 0 0 0 0 0 0 0 0 0 0 0 0 0 0 0 0 0 

0 0 0 0 0 0 0 0 0 0 0 0 0 0 0 0 0 0 0 0 0 0 0 0 0 0 
0 0.43375519193243345 0.5044421322501819 0.11566396050256568 0.11566396050256568 0.15100743066143987 0.32772478145581085 -0.1670838007684279 -0.4144880918805473 0.5044421322501819 1.069937654792169 -0.20242727092730212 0.11566396050256568 1.3173419459042885 0.009633550025943086 -0.061053390291805315 0.6811594830445529 -0.27311421124505053 -0.8032662636281634 -0.20242727092730212 -0.27311421124505053 1.0345941846332949 0.8225333636800497 -0.20242727092730212 -0.3084576814039247 0 
0 0.6811594830445529 0.2923813112969367 -0.1670838007684279 0.32772478145581085 0.7518464233623012 0.5044421322501819 -0.1670838007684279 0.009633550025943086 0.2570378411380625 1.0345941846332949 0.43375519193243345 0.9285637741566722 1.7061201176519047 0.6811594830445529 -0.4144880918805473 0.9285637741566722 0.43375519193243345 -0.4498315620394215 -0.20242727092730212 0.43375519193243345 1.4587158265397853 -0.025709920132931115 -1.0506705547402828 0.044977020184817286 0 
0 0.43375519193243345 0.2216943709791883 -0.20242727092730212 0.2923813112969367 0.539785602409056 0.43375519193243345 -0.1317403306095537 0.2216943709791883 0.8578768338389239 1.3173419459042885 0.18635090082031408 0.4690986620913077 1.1406245951099174 1.423372356380911 0.39841172177355927 -0.20242727092730212 0.2570378411380625 -0.3438011515627989 -0.2377707410861763 0.39841172177355927 0.5044421322501819 -0.5558619725160441 -0.5558619725160441 0.15100743066143987 0 
0 0.044977020184817286 0.044977020184817286 -0.1670838007684279 0.2216943709791883 0.2570378411380625 0.15100743066143987 -0.2377707410861763 0.2216943709791883 0.8578768338389239 0.9992507144744207 0.39841172177355927 0.6811594830445529 1.3173419459042885 1.1052811249510432 0.9992507144744207 0.2570378411380625 -0.6265489128337925 -0.7325793233104151 -0.6265489128337925 -0.4498315620394215 -0.5205185023571699 -0.4851750321982957 -0.5205185023571699 -0.4851750321982957 0 
0 0.044977020184817286 0.08032049034369149 0.009633550025943086 0.32772478145581085 0.2570378411380625 0.044977020184817286 0.15100743066143987 0.7518464233623012 0.2923813112969367 0.6811594830445529 1.2819984757454141 1.2819984757454141 0.9992507144744207 -0.3084576814039247 0.2923813112969367 1.4940592966986594 0.4690986620913077 -0.09639686045067951 0.2216943709791883 -0.20242727092730212 0.08032049034369149 -0.025709920132931115 0.2923813112969367 0.9285637741566722 0 
0 -0.3084576814039247 -0.4144880918805473 -0.4144880918805473 -0.27311421124505053 -0.27311421124505053 -0.2377707410861763 -0.061053390291805315 0.11566396050256568 0.009633550025943086 0.15100743066143987 0.43375519193243345 -0.20242727092730212 -0.8386097337870377 -1.0506705547402828 -0.9446401442636603 -0.3438011515627989 -0.20242727092730212 0.18635090082031408 1.2113115354276658 -0.4144880918805473 -0.4498315620394215 -0.2377707410861763 0.5751290725679302 0.7871898935211754 0 
0 -0.7325793233104151 -0.8739532039459119 -0.8739532039459119 -0.8739532039459119 -0.9092966741047861 -0.8386097337870377 -0.8386097337870377 -0.8032662636281634 -0.8032662636281634 -0.7679227934692893 -0.7679227934692893 -0.7679227934692893 -0.7679227934692893 -0.8739532039459119 -0.9446401442636603 -1.0153270845814086 -0.8032662636281634 -0.3438011515627989 0.6104725427268045 0.009633550025943086 -0.20242727092730212 -0.3438011515627989 0.044977020184817286 0.2216943709791883 0 
0 -0.8386097337870377 -0.8032662636281634 -0.7679227934692893 -0.8386097337870377 -0.9446401442636603 -0.9092966741047861 -0.9446401442636603 -0.9799836144225345 -0.9446401442636603 -0.9446401442636603 -0.8386097337870377 -0.6265489128337925 -0.7679227934692893 -0.8739532039459119 -0.9092966741047861 -0.9446401442636603 -0.9092966741047861 -0.9092966741047861 -0.5912054426749183 0.4690986620913077 0.6811594830445529 -0.09639686045067951 -0.4851750321982957 0.2570378411380625 0 
0 -0.8032662636281634 -0.8032662636281634 -0.8032662636281634 -0.8739532039459119 -0.9446401442636603 -0.9446401442636603 -0.9446401442636603 -0.9446401442636603 -0.8386097337870377 -0.8739532039459119 -0.9446401442636603 -0.8386097337870377 -0.8386097337870377 -0.8386097337870377 -0.9092966741047861 -0.9446401442636603 -0.9446401442636603 -0.8739532039459119 -1.0506705547402828 -0.5912054426749183 0.4690986620913077 -0.3084576814039247 -0.6618923829926667 -0.3084576814039247 0 
0 -0.8032662636281634 -0.8032662636281634 -0.8032662636281634 -0.8739532039459119 -0.9446401442636603 -0.9446401442636603 -0.9446401442636603 -0.9446401442636603 -0.9446401442636603 -0.9446401442636603 -0.9446401442636603 -0.9092966741047861 -0.8386097337870377 -0.8386097337870377 -0.9092966741047861 -0.9446401442636603 -0.8386097337870377 -0.7679227934692893 -0.9092966741047861 -1.086014024899157 -0.1317403306095537 -0.4498315620394215 -1.0153270845814086 -0.5912054426749183 0 
0 -0.8386097337870377 -0.8032662636281634 -0.8032662636281634 -0.8739532039459119 -0.9092966741047861 -0.8739532039459119 -0.9092966741047861 -0.9446401442636603 -0.9446401442636603 -0.9446401442636603 -0.9799836144225345 -0.9446401442636603 -0.8386097337870377 -0.8386097337870377 -0.9092966741047861 -0.9446401442636603 -0.8032662636281634 -0.6972358531515409 -0.9092966741047861 -0.9446401442636603 -0.4851750321982957 -0.6618923829926667 -1.2627313756935281 -0.27311421124505053 0 
0 -0.8739532039459119 -0.8032662636281634 -0.8032662636281634 -0.8739532039459119 -0.9092966741047861 -0.8386097337870377 -0.9092966741047861 -0.9092966741047861 -0.9446401442636603 -0.9446401442636603 -0.9799836144225345 -0.9092966741047861 -0.8386097337870377 -0.8386097337870377 -0.8739532039459119 -0.9446401442636603 -0.9092966741047861 -0.8386097337870377 -1.086014024899157 -0.4851750321982957 -0.27311421124505053 -0.2377707410861763 -0.2377707410861763 0.5044421322501819 0 
0 -0.8739532039459119 -0.8032662636281634 -0.8032662636281634 -0.8386097337870377 -0.9092966741047861 -0.9092966741047861 -0.9092966741047861 -0.9092966741047861 -0.9446401442636603 -0.9446401442636603 -0.9799836144225345 -0.9092966741047861 -0.8386097337870377 -0.8739532039459119 -0.8739532039459119 -0.9446401442636603 -0.9799836144225345 -1.0506705547402828 -1.1567009652169056 0.11566396050256568 0.2216943709791883 0.6104725427268045 0.8578768338389239 0.6458160128856787 0 
0 -0.7679227934692893 -0.8032662636281634 -0.7679227934692893 -0.8032662636281634 -0.9092966741047861 -0.9092966741047861 -0.9092966741047861 -0.9092966741047861 -0.9092966741047861 -0.9092966741047861 -0.9799836144225345 -0.9092966741047861 -0.8032662636281634 -0.8386097337870377 -0.8739532039459119 -0.9799836144225345 -0.8739532039459119 -1.1213574950580312 -0.5558619725160441 0.2923813112969367 0.32772478145581085 0.7871898935211754 0.8225333636800497 0.43375519193243345 0 
0 -0.7679227934692893 -0.8386097337870377 -0.8032662636281634 -0.8386097337870377 -0.9446401442636603 -0.9446401442636603 -0.9446401442636603 -0.9446401442636603 -0.9446401442636603 -0.9446401442636603 -0.9446401442636603 -0.8032662636281634 -0.8032662636281634 -0.8386097337870377 -0.8739532039459119 -0.9799836144225345 -0.8386097337870377 -0.9092966741047861 0.5751290725679302 0.5044421322501819 0.15100743066143987 0.43375519193243345 0.4690986620913077 0.2216943709791883 0 
0 -0.8386097337870377 -0.8739532039459119 -0.8739532039459119 -0.8739532039459119 -0.9446401442636603 -0.9446401442636603 -0.9799836144225345 -0.9799836144225345 -0.9799836144225345 -1.0153270845814086 -0.9799836144225345 -0.8386097337870377 -0.8386097337870377 -0.8739532039459119 -0.8739532039459119 -0.9799836144225345 -0.8739532039459119 -0.5912054426749183 0.3630682516146851 0.3630682516146851 0.2216943709791883 0.4690986620913077 0.2923813112969367 -0.3084576814039247 0 
0 -1.0153270845814086 -0.9446401442636603 -0.8739532039459119 -0.9446401442636603 -1.0506705547402828 -0.9799836144225345 -1.0153270845814086 -1.0153270845814086 -1.0153270845814086 -1.0153270845814086 -0.9799836144225345 -0.9799836144225345 -0.9446401442636603 -0.9799836144225345 -0.9446401442636603 -0.9446401442636603 -0.9446401442636603 -0.061053390291805315 0.2570378411380625 0.044977020184817286 0.009633550025943086 0.6104725427268045 0.5751290725679302 -0.4498315620394215 0 
0 -1.1213574950580312 -1.086014024899157 -1.0506705547402828 -1.086014024899157 -1.086014024899157 -1.0153270845814086 -1.0153270845814086 -1.0153270845814086 -1.0153270845814086 -1.0153270845814086 -0.9446401442636603 -0.8032662636281634 -0.7679227934692893 -0.8032662636281634 -0.9092966741047861 -0.9446401442636603 -1.0153270845814086 0.32772478145581085 0.2923813112969367 0.2923813112969367 0.3630682516146851 1.0345941846332949 0.15100743066143987 -0.4851750321982957 0 
0 -1.0153270845814086 -1.1213574950580312 -0.4498315620394215 -0.5205185023571699 -1.1567009652169056 -1.1213574950580312 -1.0153270845814086 -1.0506705547402828 -1.1213574950580312 -1.086014024899157 -0.9092966741047861 -0.4144880918805473 -0.3791446217216731 -0.5912054426749183 -0.9446401442636603 -0.9446401442636603 -0.8739532039459119 0.43375519193243345 0.7871898935211754 0.6811594830445529 0.15100743066143987 1.2819984757454141 -0.1317403306095537 -0.20242727092730212 0 
0 -0.6618923829926667 -0.6972358531515409 0.43375519193243345 0.43375519193243345 -0.4851750321982957 -0.9092966741047861 -0.8032662636281634 -0.9092966741047861 -0.9799836144225345 -0.6618923829926667 -0.6265489128337925 -0.5205185023571699 -0.5912054426749183 -0.20242727092730212 -0.1670838007684279 -0.8386097337870377 -0.5912054426749183 0.716502953203427 1.1406245951099174 0.4690986620913077 -0.1317403306095537 1.069937654792169 0.11566396050256568 0.32772478145581085 0 
0 -0.4498315620394215 -0.5912054426749183 0.2923813112969367 0.5751290725679302 0.539785602409056 0.044977020184817286 -0.025709920132931115 0.2216943709791883 0.32772478145581085 -0.09639686045067951 -0.5558619725160441 -0.7679227934692893 -0.8032662636281634 0.2923813112969367 0.9639072443155464 -0.6618923829926667 -0.09639686045067951 0.6458160128856787 0.716502953203427 -0.025709920132931115 0.3630682516146851 0.6458160128856787 -0.1670838007684279 -0.1670838007684279 0 
0 -0.5558619725160441 -0.8386097337870377 0.4690986620913077 0.8578768338389239 0.2570378411380625 0.6104725427268045 0.2216943709791883 0.009633550025943086 -0.4144880918805473 -0.6265489128337925 -0.7325793233104151 -0.7325793233104151 -0.5205185023571699 0.11566396050256568 0.3630682516146851 -0.3791446217216731 0.009633550025943086 0.08032049034369149 0.08032049034369149 -0.1670838007684279 0.18635090082031408 0.08032049034369149 -0.3084576814039247 -0.5205185023571699 0 
0 -0.8386097337870377 -0.7679227934692893 0.539785602409056 0.2570378411380625 0.2923813112969367 0.9285637741566722 0.2570378411380625 -0.6972358531515409 -0.9092966741047861 -0.7325793233104151 -0.5912054426749183 -0.5912054426749183 -0.4144880918805473 -0.3084576814039247 -0.1317403306095537 -0.3084576814039247 -0.4498315620394215 -0.3438011515627989 -0.4144880918805473 -0.3791446217216731 -0.4144880918805473 -0.3791446217216731 -0.6618923829926667 -0.5558619725160441 0 
0 -0.6972358531515409 -0.5558619725160441 0.32772478145581085 0.044977020184817286 -0.025709920132931115 0.044977020184817286 -0.2377707410861763 -0.6265489128337925 -0.9092966741047861 -0.4144880918805473 -0.3791446217216731 -0.4851750321982957 -0.4144880918805473 -0.20242727092730212 -0.3084576814039247 -0.2377707410861763 -0.7325793233104151 -0.6618923829926667 -0.7325793233104151 -0.7325793233104151 -0.6265489128337925 -0.3791446217216731 -0.6265489128337925 -0.6265489128337925 0 
0 0 0 0 0 0 0 0 0 0 0 0 0 0 0 0 0 0 0 0 0 0 0 0 0 0 

