0 0 0 0 0 0 0 0 0 0 0 0 0 0 0 0 0 0 0 0 0 0 0 0 0 0 
0 1.1166215113393794 1.1166215113393794 1.165084915458394 1.092389809279872 0.9954630010418428 0.8985361928038136 0.8016093845657843 0.7531459804467698 0.7531459804467698 0.777377682506277 0.8016093845657843 0.6804508742682479 0.6562191722087406 0.6562191722087406 0.6319874701492333 0.607755768089726 0.6319874701492333 0.607755768089726 0.6319874701492333 0.7289142783872625 0.7289142783872625 0.6804508742682479 0.6804508742682479 0.6804508742682479 0 
0 0.5835240660302187 0.6319874701492333 0.6562191722087406 0.6804508742682479 0.6804508742682479 0.6804508742682479 0.6804508742682479 0.5835240660302187 0.5592923639707114 0.5835240660302187 0.6319874701492333 0.607755768089726 0.5592923639707114 0.5592923639707114 0.5835240660302187 0.6319874701492333 0.6804508742682479 0.5835240660302187 0.5835240660302187 0.7046825763277552 0.7531459804467698 0.777377682506277 0.8016093845657843 0.8016093845657843 0 
0 0.5835240660302187 0.5835240660302187 0.5835240660302187 0.5835240660302187 0.5835240660302187 0.607755768089726 0.6319874701492333 0.6319874701492333 0.6804508742682479 0.7289142783872625 0.7289142783872625 0.7289142783872625 0.6804508742682479 0.6319874701492333 0.607755768089726 0.6804508742682479 0.7289142783872625 0.6562191722087406 0.6562191722087406 0.7289142783872625 0.7531459804467698 0.7046825763277552 0.6804508742682479 0.7046825763277552 0 
0 0.7046825763277552 0.7046825763277552 0.7046825763277552 0.6804508742682479 0.6804508742682479 0.6804508742682479 0.7046825763277552 0.777377682506277 0.8016093845657843 0.8258410866252917 0.8016093845657843 0.8016093845657843 0.8985361928038136 0.8016093845657843 0.7289142783872625 0.7046825763277552 0.7046825763277552 0.7046825763277552 0.7531459804467698 0.8016093845657843 0.7531459804467698 0.7289142783872625 0.8016093845657843 0.8016093845657843 0 
0 0.7289142783872625 0.7289142783872625 0.7289142783872625 0.8016093845657843 0.8743044907443063 0.9227678948633209 0.9469995969228282 0.9712312989823355 0.9469995969228282 0.8985361928038136 0.850072788684799 0.8016093845657843 0.850072788684799 0.6562191722087406 0.607755768089726 0.777377682506277 0.7531459804467698 0.777377682506277 0.8258410866252917 0.8258410866252917 0.8016093845657843 0.850072788684799 0.9469995969228282 0.9227678948633209 0 
0 0.777377682506277 0.777377682506277 0.777377682506277 0.8016093845657843 0.9227678948633209 1.0196947031013501 0.9954630010418428 0.8985361928038136 0.850072788684799 0.777377682506277 0.7289142783872625 0.6562191722087406 0.6804508742682479 0.43813385367317487 0.36543874749465294 0.6562191722087406 0.6562191722087406 0.7046825763277552 0.777377682506277 0.7046825763277552 0.7046825763277552 0.7289142783872625 0.7531459804467698 0.7531459804467698 0 
0 0.6562191722087406 0.6319874701492333 0.6562191722087406 0.7046825763277552 0.777377682506277 0.8016093845657843 0.777377682506277 0.7531459804467698 0.7289142783872625 0.6804508742682479 0.6319874701492333 0.6319874701492333 0.4865972577921895 0.43813385367317487 0.34120704543514563 0.38967044955416025 0.5592923639707114 0.6319874701492333 0.6562191722087406 0.6319874701492333 0.6804508742682479 0.7046825763277552 0.6804508742682479 0.6804508742682479 0 
0 0.607755768089726 0.6319874701492333 0.6562191722087406 0.7046825763277552 0.7531459804467698 0.7531459804467698 0.7289142783872625 0.7289142783872625 0.7289142783872625 0.7289142783872625 0.7046825763277552 0.7289142783872625 0.4623655557326822 0.5108289598516967 0.34120704543514563 0.38967044955416025 0.6319874701492333 0.6562191722087406 0.6562191722087406 0.7046825763277552 0.7046825763277552 0.7289142783872625 0.7531459804467698 0.777377682506277 0 
0 0.6319874701492333 0.7046825763277552 0.7531459804467698 0.6804508742682479 0.6804508742682479 0.7531459804467698 0.7289142783872625 0.7531459804467698 0.777377682506277 0.7289142783872625 0.7531459804467698 0.6804508742682479 0.4623655557326822 0.5108289598516967 0.41390215161366756 0.34120704543514563 0.607755768089726 0.6804508742682479 0.6804508742682479 0.7046825763277552 0.6804508742682479 0.6804508742682479 0.7531459804467698 0.777377682506277 0 
0 0.607755768089726 0.6562191722087406 0.6319874701492333 0.7046825763277552 0.5835240660302187 0.607755768089726 0.6319874701492333 0.5108289598516967 0.6319874701492333 0.7289142783872625 0.777377682506277 0.6804508742682479 0.5108289598516967 0.5592923639707114 0.02619491866155073 -0.5553659307666245 0.17158513101859454 0.6804508742682479 0.6562191722087406 0.6562191722087406 0.6562191722087406 0.6562191722087406 0.6804508742682479 0.6804508742682479 0 
0 0.5835240660302187 0.6319874701492333 0.5592923639707114 0.5835240660302187 0.7531459804467698 0.6562191722087406 -0.04650018751697117 -0.5795976328261319 0.19581683307810185 0.4623655557326822 0.29274364131613106 0.5592923639707114 0.41390215161366756 0.26851193925662376 -0.14342699575500037 -0.3130489101715515 0.4623655557326822 0.607755768089726 0.6804508742682479 0.6319874701492333 0.6562191722087406 0.6804508742682479 0.5835240660302187 0.6319874701492333 0 
0 0.5592923639707114 0.5108289598516967 0.43813385367317487 0.4623655557326822 0.6804508742682479 0.535060661911204 -0.9188414616592341 -1.0399999719567705 0.43813385367317487 -0.14342699575500037 0.3169753433756384 0.36543874749465294 -0.3857440163500734 -0.7734512493021902 -0.2645855060525369 -0.3615123142905661 0.5108289598516967 0.17158513101859454 0.26851193925662376 0.777377682506277 0.607755768089726 0.41390215161366756 -0.5795976328261319 0.22004853513760914 0 
0 0.5592923639707114 0.535060661911204 0.29274364131613106 0.3169753433756384 0.29274364131613106 -0.5795976328261319 -1.3550120987303655 -0.8703780575402195 0.09889002484007263 -0.9915365678377559 -0.6280610369451464 -0.3615123142905661 -1.0399999719567705 -1.6215608213849457 -0.6280610369451464 -1.306548694611351 -0.07073188957647848 -0.11919529369549307 0.0019632166020434284 -0.2161221019335223 -0.3857440163500734 -1.2096218863733217 -1.4761706090279019 0.17158513101859454 0 
0 0.535060661911204 0.38967044955416025 -0.2645855060525369 -0.022268485457463873 -0.04650018751697117 -0.9188414616592341 -0.9188414616592341 -0.434207420469088 -0.3615123142905661 -1.3792438007898729 -1.4761706090279019 -1.233853588432829 -1.4519389069683948 -1.573097417265931 -0.7734512493021902 -1.2823169925518436 -0.5553659307666245 -0.24035380399302958 -0.4099757184095807 -1.4034755028493802 -1.5973291193254384 -1.8638778419800188 -1.3307803966708582 0.24428023719711645 0 
0 0.14735342895908723 -0.676524441064161 -0.9188414616592341 0.5108289598516967 0.26851193925662376 0.8016093845657843 -0.2161221019335223 -0.2888172081120442 0.7531459804467698 -0.3615123142905661 -1.306548694611351 -1.9365729481585408 -1.8881095440395261 -0.9188414616592341 -0.7249878451831756 -1.5973291193254384 -1.645792523444453 -1.2580852904923363 -0.4584391225285953 -1.306548694611351 -1.791182735801497 -1.6700242255039603 -0.9188414616592341 0.17158513101859454 0 
0 -0.2645855060525369 -0.676524441064161 -0.2888172081120442 0.9227678948633209 0.19581683307810185 1.3589385319344522 -1.4034755028493802 -1.8396461399205115 1.4074019360534669 0.535060661911204 -1.2823169925518436 -2.1788899687536136 -1.7669510337419896 -0.191890399874015 -0.24035380399302958 -1.8154144378610042 -2.372743585229672 -1.8638778419800188 -0.2161221019335223 -1.0642316740162778 -1.9365729481585408 -1.9365729481585408 -0.8219146534212048 -0.16765869781450768 0 
0 -0.24035380399302958 -0.16765869781450768 -0.07073188957647848 1.165084915458394 -0.14342699575500037 -0.5069025266476099 -0.7734512493021902 -0.8219146534212048 1.504328744291496 1.092389809279872 0.09889002484007263 -0.24035380399302958 0.29274364131613106 0.7531459804467698 -0.022268485457463873 -1.161158482254307 -1.5246340131469165 -0.9430731637187414 -0.3857440163500734 -0.7007561431236683 -1.1126950781352924 -1.5246340131469165 -0.8946097595997268 -0.9673048657782486 0 
0 -0.3130489101715515 -0.4099757184095807 -0.3615123142905661 2.134352997838686 0.7289142783872625 -0.4584391225285953 1.7224140628270619 1.5285604463510034 0.9227678948633209 0.14735342895908723 -0.4584391225285953 -0.9188414616592341 -0.8703780575402195 -1.0157682698972632 -1.233853588432829 -1.233853588432829 -1.2096218863733217 -1.0642316740162778 -1.233853588432829 -1.0884633760757851 -1.233853588432829 -1.645792523444453 -1.5246340131469165 -1.5246340131469165 0 
0 -0.7734512493021902 -0.6038293348856392 -0.3372806122310588 1.2862434257559303 0.4865972577921895 -0.5069025266476099 -0.2888172081120442 -0.7249878451831756 -1.306548694611351 -1.5004023110874092 -1.8638778419800188 -1.718487629622975 -1.7427193316824823 -1.8396461399205115 -1.645792523444453 -1.3550120987303655 -1.233853588432829 -1.233853588432829 -1.233853588432829 -1.1369267801947998 -1.161158482254307 -1.573097417265931 -1.6942559275634677 -1.6215608213849457 0 
0 -0.5553659307666245 -0.7249878451831756 -0.8703780575402195 -0.8946097595997268 -1.0399999719567705 -0.9915365678377559 -1.0399999719567705 -1.1369267801947998 -1.5973291193254384 -1.5973291193254384 -1.5246340131469165 -1.3307803966708582 -1.2096218863733217 -1.2580852904923363 -1.1853901843138144 -1.1126950781352924 -1.1369267801947998 -1.1369267801947998 -1.2096218863733217 -1.1369267801947998 -1.2096218863733217 -1.4761706090279019 -1.573097417265931 -1.5488657152064238 0 
0 0.38967044955416025 0.19581683307810185 -0.2888172081120442 -0.6522927390046537 -0.7734512493021902 -0.8703780575402195 -0.7976829513616975 -0.8703780575402195 -1.0884633760757851 -1.0157682698972632 -0.9673048657782486 -0.9188414616592341 -0.8946097595997268 -1.0642316740162778 -1.1369267801947998 -1.1369267801947998 -1.161158482254307 -1.1369267801947998 -1.2096218863733217 -1.1853901843138144 -1.306548694611351 -1.306548694611351 -1.2096218863733217 -0.8946097595997268 0 
0 1.2620117236964232 0.9227678948633209 0.5835240660302187 0.07465832278056533 -0.434207420469088 -0.8946097595997268 -1.0157682698972632 -1.1126950781352924 -1.233853588432829 -1.233853588432829 -1.1369267801947998 -1.0157682698972632 -1.1126950781352924 -1.1369267801947998 -1.1126950781352924 -1.1369267801947998 -1.161158482254307 -1.1126950781352924 -1.2096218863733217 -1.306548694611351 -1.5246340131469165 -1.5973291193254384 -1.2823169925518436 -0.5311342287071172 0 
0 0.3169753433756384 0.22004853513760914 0.09889002484007263 -0.3372806122310588 -0.9430731637187414 -1.3550120987303655 -1.573097417265931 -1.5488657152064238 -1.306548694611351 -1.4034755028493802 -1.2580852904923363 -1.0157682698972632 -1.0642316740162778 -1.1369267801947998 -1.1126950781352924 -1.1126950781352924 -1.0884633760757851 -1.0884633760757851 -1.2096218863733217 -1.3792438007898729 -1.573097417265931 -1.6215608213849457 -1.0399999719567705 -0.434207420469088 0 
0 -1.233853588432829 -1.4519389069683948 -1.5973291193254384 -1.7427193316824823 -1.9365729481585408 -1.9365729481585408 -1.791182735801497 -1.6215608213849457 -1.573097417265931 -1.5973291193254384 -1.5973291193254384 -1.5246340131469165 -1.4761706090279019 -1.4761706090279019 -1.4519389069683948 -1.3792438007898729 -1.2580852904923363 -1.233853588432829 -1.4034755028493802 -1.5973291193254384 -1.5246340131469165 -1.1126950781352924 -0.7492195472426829 -0.7007561431236683 0 
0 0 0 0 0 0 0 0 0 0 0 0 0 0 0 0 0 0 0 0 0 0 0 0 0 0 

0 0 0 0 0 0 0 0 0 0 0 0 0 0 0 0 0 0 0 0 0 0 0 0 0 0 
0 1.1166215113393794 1.1166215113393794 1.1893166175179013 1.2135483195774086 1.165084915458394 1.0681581072203647 0.9954630010418428 0.9227678948633209 0.9227678948633209 0.9469995969228282 0.9712312989823355 0.9227678948633209 0.9227678948633209 0.9469995969228282 0.9227678948633209 0.8985361928038136 0.9227678948633209 0.8985361928038136 0.8985361928038136 0.9469995969228282 0.9227678948633209 0.8743044907443063 0.8743044907443063 0.8743044907443063 0 
0 0.777377682506277 0.8258410866252917 0.8743044907443063 0.8985361928038136 0.8985361928038136 0.8985361928038136 0.8985361928038136 0.8258410866252917 0.777377682506277 0.8016093845657843 0.8743044907443063 0.9227678948633209 0.8985361928038136 0.8743044907443063 0.8985361928038136 0.9469995969228282 0.9954630010418428 0.8985361928038136 0.8743044907443063 0.9227678948633209 0.9227678948633209 0.9469995969228282 0.9712312989823355 0.9712312989823355 0 
0 0.777377682506277 0.777377682506277 0.777377682506277 0.777377682506277 0.8016093845657843 0.8258410866252917 0.850072788684799 0.850072788684799 0.8985361928038136 0.9469995969228282 0.9469995969228282 0.9712312989823355 0.9712312989823355 0.8985361928038136 0.8985361928038136 0.9712312989823355 1.0196947031013501 0.9469995969228282 0.9227678948633209 0.9469995969228282 0.9227678948633209 0.8743044907443063 0.850072788684799 0.8743044907443063 0 
0 0.8985361928038136 0.8985361928038136 0.8985361928038136 0.8743044907443063 0.8743044907443063 0.8743044907443063 0.8743044907443063 0.9469995969228282 0.9954630010418428 0.9954630010418428 0.9954630010418428 1.0196947031013501 1.1166215113393794 1.0196947031013501 0.9469995969228282 0.9227678948633209 0.9227678948633209 0.9227678948633209 0.9712312989823355 0.9712312989823355 0.9227678948633209 0.8985361928038136 0.9712312989823355 0.9712312989823355 0 
0 0.9227678948633209 0.9227678948633209 0.9227678948633209 0.9469995969228282 0.9954630010418428 1.0439264051608574 1.0439264051608574 1.0681581072203647 1.0439264051608574 0.9954630010418428 0.9469995969228282 0.9712312989823355 1.0196947031013501 0.850072788684799 0.777377682506277 0.9469995969228282 0.9227678948633209 0.9469995969228282 0.9954630010418428 0.9954630010418428 0.9712312989823355 1.0196947031013501 1.1166215113393794 1.092389809279872 0 
0 0.9712312989823355 0.9712312989823355 0.9712312989823355 0.9227678948633209 1.0196947031013501 1.1166215113393794 1.092389809279872 0.9954630010418428 0.9227678948633209 0.8743044907443063 0.8016093845657843 0.777377682506277 0.8258410866252917 0.5592923639707114 0.5108289598516967 0.8016093845657843 0.8016093845657843 0.850072788684799 0.9227678948633209 0.8743044907443063 0.8743044907443063 0.8985361928038136 0.9227678948633209 0.9227678948633209 0 
0 0.850072788684799 0.8258410866252917 0.850072788684799 0.8743044907443063 0.9227678948633209 0.9712312989823355 0.9227678948633209 0.8985361928038136 0.8743044907443063 0.8258410866252917 0.777377682506277 0.8016093845657843 0.6319874701492333 0.607755768089726 0.4865972577921895 0.535060661911204 0.7046825763277552 0.777377682506277 0.8016093845657843 0.8016093845657843 0.850072788684799 0.8743044907443063 0.850072788684799 0.850072788684799 0 
0 0.8016093845657843 0.8258410866252917 0.850072788684799 0.8985361928038136 0.9227678948633209 0.9227678948633209 0.8985361928038136 0.8985361928038136 0.8985361928038136 0.8985361928038136 0.8743044907443063 0.8985361928038136 0.6319874701492333 0.6804508742682479 0.535060661911204 0.5592923639707114 0.8016093845657843 0.8258410866252917 0.8258410866252917 0.8743044907443063 0.8743044907443063 0.8985361928038136 0.9227678948633209 0.9469995969228282 0 
0 0.8258410866252917 0.8985361928038136 0.9469995969228282 0.850072788684799 0.850072788684799 0.9227678948633209 0.8985361928038136 0.9227678948633209 0.9469995969228282 0.8985361928038136 0.9227678948633209 0.850072788684799 0.6319874701492333 0.6804508742682479 0.5835240660302187 0.5108289598516967 0.777377682506277 0.850072788684799 0.850072788684799 0.8743044907443063 0.850072788684799 0.850072788684799 0.9227678948633209 0.9469995969228282 0 
0 0.8016093845657843 0.850072788684799 0.8258410866252917 0.8743044907443063 0.7531459804467698 0.777377682506277 0.8016093845657843 0.6804508742682479 0.777377682506277 0.8985361928038136 0.9469995969228282 0.8258410866252917 0.6804508742682479 0.7289142783872625 0.19581683307810185 -0.3857440163500734 0.3169753433756384 0.850072788684799 0.8258410866252917 0.8258410866252917 0.8258410866252917 0.8258410866252917 0.850072788684799 0.850072788684799 0 
0 0.777377682506277 0.8258410866252917 0.7531459804467698 0.7531459804467698 0.9227678948633209 0.8258410866252917 0.12312172689957994 -0.4099757184095807 0.36543874749465294 0.6319874701492333 0.43813385367317487 0.7289142783872625 0.5835240660302187 0.4623655557326822 0.02619491866155073 -0.16765869781450768 0.6319874701492333 0.777377682506277 0.850072788684799 0.8016093845657843 0.8258410866252917 0.850072788684799 0.7531459804467698 0.8016093845657843 0 
0 0.850072788684799 0.8016093845657843 0.7289142783872625 0.7046825763277552 0.8743044907443063 0.6804508742682479 -0.8461463554807122 -1.0157682698972632 0.34120704543514563 -0.2888172081120442 0.14735342895908723 0.3169753433756384 -0.16765869781450768 -0.3615123142905661 -0.04650018751697117 -0.6280610369451464 -0.07073188957647848 -0.24035380399302958 0.24428023719711645 0.850072788684799 0.6804508742682479 0.4865972577921895 -0.4826708245881026 0.36543874749465294 0 
0 0.8743044907443063 0.8258410866252917 0.5592923639707114 0.607755768089726 0.535060661911204 -0.434207420469088 -1.3307803966708582 -0.9673048657782486 -0.14342699575500037 -1.3307803966708582 -1.0399999719567705 -0.7249878451831756 -1.0157682698972632 -1.2823169925518436 -0.6038293348856392 -2.1061948625750917 -1.4034755028493802 -1.2096218863733217 -0.3857440163500734 -0.2888172081120442 -0.4099757184095807 -1.2096218863733217 -1.4277072049088875 0.3169753433756384 0 
0 0.7046825763277552 0.5108289598516967 -0.16765869781450768 0.19581683307810185 0.22004853513760914 -0.7007561431236683 -0.8219146534212048 -0.3857440163500734 -0.3857440163500734 -1.4761706090279019 -1.645792523444453 -1.573097417265931 -1.5973291193254384 -1.4761706090279019 -0.8703780575402195 -1.9365729481585408 -1.5973291193254384 -1.1369267801947998 -0.8703780575402195 -1.5246340131469165 -1.6215608213849457 -1.8638778419800188 -1.2823169925518436 0.38967044955416025 0 
0 0.17158513101859454 -0.7249878451831756 -0.9915365678377559 0.5835240660302187 0.41390215161366756 0.9469995969228282 -0.09496359163598578 -0.191890399874015 0.850072788684799 -0.2888172081120442 -1.2580852904923363 -1.9123412460990334 -1.7669510337419896 -0.676524441064161 -0.5311342287071172 -1.5973291193254384 -1.8396461399205115 -1.4519389069683948 -0.5553659307666245 -1.3307803966708582 -1.8154144378610042 -1.6700242255039603 -0.8703780575402195 0.29274364131613106 0 
0 -0.3615123142905661 -0.8703780575402195 -0.5069025266476099 0.777377682506277 0.12312172689957994 1.3104751278154376 -1.4519389069683948 -1.8154144378610042 1.4558653401724815 0.6319874701492333 -1.1369267801947998 -2.0334997563965698 -1.645792523444453 -0.04650018751697117 0.05042662072105803 -1.4277072049088875 -2.0092680543370625 -1.645792523444453 -0.16765869781450768 -1.0884633760757851 -1.960804650218048 -1.9365729481585408 -0.7734512493021902 -0.022268485457463873 0 
0 -0.4099757184095807 -0.4099757184095807 -0.3857440163500734 0.8258410866252917 -0.4584391225285953 -0.7492195472426829 -0.9430731637187414 -0.8946097595997268 1.5285604463510034 1.165084915458394 0.24428023719711645 -0.2161221019335223 0.22004853513760914 0.6562191722087406 0.02619491866155073 -0.8946097595997268 -1.161158482254307 -0.7492195472426829 -0.434207420469088 -0.7492195472426829 -1.1369267801947998 -1.5246340131469165 -0.8219146534212048 -0.8461463554807122 0 
0 -0.5553659307666245 -0.6280610369451464 -0.5795976328261319 1.7708774669460765 0.29274364131613106 -0.7976829513616975 1.504328744291496 1.4316336381129742 0.9712312989823355 0.29274364131613106 -0.24035380399302958 -0.7492195472426829 -0.7249878451831756 -0.8946097595997268 -1.0642316740162778 -0.9915365678377559 -0.9673048657782486 -0.8219146534212048 -1.0399999719567705 -1.0399999719567705 -1.2096218863733217 -1.5973291193254384 -1.4034755028493802 -1.4034755028493802 0 
0 -0.9188414616592341 -0.676524441064161 -0.3372806122310588 1.237780021636916 0.41390215161366756 -0.5553659307666245 -0.2645855060525369 -0.6522927390046537 -1.161158482254307 -1.3307803966708582 -1.645792523444453 -1.5004023110874092 -1.5246340131469165 -1.5973291193254384 -1.4034755028493802 -1.1126950781352924 -0.9915365678377559 -0.9673048657782486 -0.9915365678377559 -0.9915365678377559 -1.0884633760757851 -1.4761706090279019 -1.573097417265931 -1.4761706090279019 0 
0 -0.5553659307666245 -0.6038293348856392 -0.6522927390046537 -0.5795976328261319 -0.7249878451831756 -0.676524441064161 -0.7492195472426829 -0.8703780575402195 -1.3307803966708582 -1.3550120987303655 -1.3307803966708582 -1.0884633760757851 -0.9673048657782486 -1.0157682698972632 -0.9430731637187414 -0.8703780575402195 -0.8946097595997268 -0.8946097595997268 -0.9673048657782486 -0.9673048657782486 -1.0399999719567705 -1.306548694611351 -1.4034755028493802 -1.3307803966708582 0 
0 0.38967044955416025 0.3169753433756384 -0.07073188957647848 -0.2888172081120442 -0.4099757184095807 -0.4826708245881026 -0.434207420469088 -0.5311342287071172 -0.7734512493021902 -0.7249878451831756 -0.7007561431236683 -0.6522927390046537 -0.6280610369451464 -0.7976829513616975 -0.8703780575402195 -0.8703780575402195 -0.9188414616592341 -0.8946097595997268 -0.9673048657782486 -0.9915365678377559 -1.0884633760757851 -1.0884633760757851 -0.9673048657782486 -0.6280610369451464 0 
0 1.237780021636916 0.9227678948633209 0.6319874701492333 0.24428023719711645 -0.2161221019335223 -0.676524441064161 -0.7734512493021902 -0.8461463554807122 -0.9188414616592341 -0.9188414616592341 -0.7976829513616975 -0.7249878451831756 -0.8461463554807122 -0.8703780575402195 -0.8461463554807122 -0.8703780575402195 -0.9188414616592341 -0.8703780575402195 -0.9915365678377559 -1.0642316740162778 -1.2823169925518436 -1.3307803966708582 -0.9915365678377559 -0.2161221019335223 0 
0 0.43813385367317487 0.34120704543514563 0.22004853513760914 -0.16765869781450768 -0.7734512493021902 -1.161158482254307 -1.3792438007898729 -1.306548694611351 -1.0399999719567705 -1.1369267801947998 -0.9915365678377559 -0.7976829513616975 -0.9188414616592341 -0.9915365678377559 -0.9915365678377559 -0.9915365678377559 -0.9673048657782486 -0.9915365678377559 -1.0884633760757851 -1.1369267801947998 -1.2580852904923363 -1.306548694611351 -0.7007561431236683 -0.09496359163598578 0 
0 -0.9673048657782486 -1.1853901843138144 -1.3307803966708582 -1.4761706090279019 -1.718487629622975 -1.6942559275634677 -1.573097417265931 -1.3792438007898729 -1.306548694611351 -1.3550120987303655 -1.3550120987303655 -1.3550120987303655 -1.3550120987303655 -1.3550120987303655 -1.3550120987303655 -1.2823169925518436 -1.161158482254307 -1.1369267801947998 -1.306548694611351 -1.3307803966708582 -1.161158482254307 -0.7492195472426829 -0.3857440163500734 -0.3615123142905661 0 
0 0 0 0 0 0 0 0 0 0 0 0 0 0 0 0 0 0 0 0 0 0 0 0 0 0 

0 0 0 0 0 0 0 0 0 0 0 0 0 0 0 0 0 0 0 0 0 0 0 0 0 0 
0 1.3104751278154376 1.3104751278154376 1.3589385319344522 1.4074019360534669 1.3831702339939596 1.2862434257559303 1.1893166175179013 1.1408532133988867 1.1408532133988867 1.165084915458394 1.1893166175179013 1.1408532133988867 1.165084915458394 1.165084915458394 1.1408532133988867 1.1166215113393794 1.1408532133988867 1.1408532133988867 1.1408532133988867 1.165084915458394 1.1408532133988867 1.1166215113393794 1.1166215113393794 1.092389809279872 0 
0 1.0439264051608574 1.092389809279872 1.1408532133988867 1.165084915458394 1.165084915458394 1.165084915458394 1.165084915458394 1.092389809279872 1.0439264051608574 1.0681581072203647 1.1408532133988867 1.1408532133988867 1.1166215113393794 1.1166215113393794 1.1408532133988867 1.1893166175179013 1.237780021636916 1.1408532133988867 1.1166215113393794 1.1408532133988867 1.165084915458394 1.1893166175179013 1.2135483195774086 1.2135483195774086 0 
0 1.0439264051608574 1.0439264051608574 1.0439264051608574 1.0439264051608574 1.0439264051608574 1.0681581072203647 1.092389809279872 1.092389809279872 1.1408532133988867 1.1893166175179013 1.1893166175179013 1.2135483195774086 1.1893166175179013 1.1166215113393794 1.1166215113393794 1.1893166175179013 1.237780021636916 1.165084915458394 1.1408532133988867 1.165084915458394 1.165084915458394 1.1166215113393794 1.092389809279872 1.1166215113393794 0 
0 1.165084915458394 1.165084915458394 1.165084915458394 1.092389809279872 1.0681581072203647 1.0681581072203647 1.0681581072203647 1.1408532133988867 1.1893166175179013 1.1893166175179013 1.1893166175179013 1.2135483195774086 1.2862434257559303 1.1893166175179013 1.1408532133988867 1.092389809279872 1.092389809279872 1.092389809279872 1.1408532133988867 1.2135483195774086 1.165084915458394 1.1408532133988867 1.2135483195774086 1.2135483195774086 0 
0 1.1893166175179013 1.1893166175179013 1.1893166175179013 1.1408532133988867 1.165084915458394 1.1893166175179013 1.2135483195774086 1.237780021636916 1.2135483195774086 1.165084915458394 1.1166215113393794 1.1166215113393794 1.165084915458394 0.9954630010418428 0.9227678948633209 1.092389809279872 1.0681581072203647 1.092389809279872 1.1408532133988867 1.2135483195774086 1.2135483195774086 1.2620117236964232 1.3589385319344522 1.334706829874945 0 
0 1.237780021636916 1.237780021636916 1.2135483195774086 1.1166215113393794 1.1408532133988867 1.237780021636916 1.2135483195774086 1.1166215113393794 1.0681581072203647 0.9954630010418428 0.9469995969228282 0.8985361928038136 0.9469995969228282 0.6804508742682479 0.6319874701492333 0.9227678948633209 0.9227678948633209 0.9712312989823355 1.0439264051608574 1.0681581072203647 1.092389809279872 1.1408532133988867 1.1408532133988867 1.165084915458394 0 
0 1.1166215113393794 1.092389809279872 1.092389809279872 1.0439264051608574 1.0681581072203647 1.092389809279872 1.0681581072203647 1.0439264051608574 1.0196947031013501 0.9712312989823355 0.9227678948633209 0.9469995969228282 0.777377682506277 0.7289142783872625 0.6319874701492333 0.6804508742682479 0.850072788684799 0.9227678948633209 0.9469995969228282 0.9469995969228282 0.9954630010418428 1.0439264051608574 1.0196947031013501 1.0196947031013501 0 
0 1.0681581072203647 1.092389809279872 1.1166215113393794 1.092389809279872 1.0681581072203647 1.0681581072203647 1.0439264051608574 1.0439264051608574 1.0439264051608574 1.0439264051608574 1.0196947031013501 1.0439264051608574 0.777377682506277 0.8258410866252917 0.6804508742682479 0.7046825763277552 0.9469995969228282 0.9712312989823355 0.9712312989823355 1.0196947031013501 1.0196947031013501 1.0439264051608574 1.0681581072203647 1.092389809279872 0 
0 1.092389809279872 1.165084915458394 1.1893166175179013 1.0439264051608574 0.9954630010418428 1.0681581072203647 1.0439264051608574 1.0681581072203647 1.092389809279872 1.0439264051608574 1.0681581072203647 0.9954630010418428 0.777377682506277 0.8258410866252917 0.7289142783872625 0.6562191722087406 0.9227678948633209 0.9954630010418428 0.9954630010418428 1.0196947031013501 0.9954630010418428 0.9954630010418428 1.0681581072203647 1.092389809279872 0 
0 1.0681581072203647 1.1166215113393794 1.092389809279872 1.0681581072203647 0.8985361928038136 0.9227678948633209 0.9469995969228282 0.8258410866252917 0.9227678948633209 1.0439264051608574 1.092389809279872 0.9712312989823355 0.8258410866252917 0.8743044907443063 0.34120704543514563 -0.24035380399302958 0.4623655557326822 0.9954630010418428 0.9712312989823355 0.9712312989823355 0.9712312989823355 0.9712312989823355 0.9954630010418428 0.9954630010418428 0 
0 1.0439264051608574 1.092389809279872 1.0196947031013501 0.9469995969228282 1.0681581072203647 0.9712312989823355 0.26851193925662376 -0.2645855060525369 0.5108289598516967 0.777377682506277 0.5835240660302187 0.8743044907443063 0.7289142783872625 0.5835240660302187 0.17158513101859454 -0.022268485457463873 0.777377682506277 0.9227678948633209 0.9954630010418428 0.9469995969228282 0.9712312989823355 0.9954630010418428 0.8985361928038136 0.9469995969228282 0 
0 1.0439264051608574 0.9954630010418428 0.9227678948633209 0.8743044907443063 1.0196947031013501 0.8016093845657843 -0.7249878451831756 -0.9673048657782486 0.38967044955416025 -0.24035380399302958 0.19581683307810185 0.38967044955416025 -0.14342699575500037 -0.4099757184095807 -0.022268485457463873 -0.434207420469088 0.22004853513760914 -0.022268485457463873 0.34120704543514563 0.8985361928038136 0.7289142783872625 0.535060661911204 -0.3857440163500734 0.5108289598516967 0 
0 1.092389809279872 1.0439264051608574 0.8016093845657843 0.8016093845657843 0.7046825763277552 -0.3130489101715515 -1.2096218863733217 -0.9188414616592341 -0.14342699575500037 -1.3550120987303655 -1.0642316740162778 -0.6522927390046537 -1.0157682698972632 -1.4034755028493802 -0.6038293348856392 -1.8396461399205115 -0.9673048657782486 -0.8461463554807122 -0.2645855060525369 -0.3130489101715515 -0.4584391225285953 -1.233853588432829 -1.3792438007898729 0.43813385367317487 0 
0 1.0196947031013501 0.8258410866252917 0.14735342895908723 0.43813385367317487 0.38967044955416025 -0.5311342287071172 -0.676524441064161 -0.3130489101715515 -0.3372806122310588 -1.4519389069683948 -1.6215608213849457 -1.4761706090279019 -1.5488657152064238 -1.5004023110874092 -0.8461463554807122 -1.718487629622975 -1.233853588432829 -0.8219146534212048 -0.7007561431236683 -1.5246340131469165 -1.6700242255039603 -1.8881095440395261 -1.233853588432829 0.5108289598516967 0 
0 0.4623655557326822 -0.4584391225285953 -0.7492195472426829 0.7531459804467698 0.5108289598516967 1.0439264051608574 -0.022268485457463873 -0.14342699575500037 0.8743044907443063 -0.2645855060525369 -1.233853588432829 -1.9123412460990334 -1.8154144378610042 -0.7492195472426829 -0.6038293348856392 -1.5973291193254384 -1.7669510337419896 -1.3792438007898729 -0.5311342287071172 -1.3550120987303655 -1.8638778419800188 -1.6942559275634677 -0.7976829513616975 0.43813385367317487 0 
0 -0.2161221019335223 -0.7734512493021902 -0.434207420469088 0.7531459804467698 0.07465832278056533 1.2620117236964232 -1.5004023110874092 -1.8638778419800188 1.3831702339939596 0.5592923639707114 -1.233853588432829 -2.1061948625750917 -1.6942559275634677 -0.09496359163598578 -0.04650018751697117 -1.5488657152064238 -2.130426564634599 -1.718487629622975 -0.16765869781450768 -1.1126950781352924 -2.0092680543370625 -1.9365729481585408 -0.7007561431236683 0.09889002484007263 0 
0 -0.434207420469088 -0.4826708245881026 -0.4584391225285953 0.6804508742682479 -0.6280610369451464 -0.9188414616592341 -1.0884633760757851 -1.0399999719567705 1.3831702339939596 1.0196947031013501 0.09889002484007263 -0.24035380399302958 0.26851193925662376 0.6804508742682479 0.0019632166020434284 -1.0157682698972632 -1.3307803966708582 -0.8461463554807122 -0.4584391225285953 -0.8219146534212048 -1.2096218863733217 -1.5488657152064238 -0.7734512493021902 -0.7492195472426829 0 
0 -0.676524441064161 -0.7492195472426829 -0.676524441064161 1.64971895664854 0.17158513101859454 -0.9188414616592341 1.4074019360534669 1.334706829874945 0.8743044907443063 0.19581683307810185 -0.3130489101715515 -0.7734512493021902 -0.7492195472426829 -0.9430731637187414 -1.1853901843138144 -1.1853901843138144 -1.2096218863733217 -1.1126950781352924 -1.3307803966708582 -1.233853588432829 -1.3792438007898729 -1.718487629622975 -1.5004023110874092 -1.4034755028493802 0 
0 -1.1126950781352924 -0.8461463554807122 -0.4826708245881026 1.0439264051608574 0.22004853513760914 -0.7249878451831756 -0.4099757184095807 -0.7976829513616975 -1.306548694611351 -1.4519389069683948 -1.7669510337419896 -1.6215608213849457 -1.645792523444453 -1.7427193316824823 -1.6215608213849457 -1.3307803966708582 -1.2580852904923363 -1.2823169925518436 -1.306548694611351 -1.2580852904923363 -1.306548694611351 -1.645792523444453 -1.6700242255039603 -1.5004023110874092 0 
0 -0.7976829513616975 -0.8461463554807122 -0.8946097595997268 -0.8219146534212048 -0.9673048657782486 -0.9188414616592341 -0.9915365678377559 -1.0884633760757851 -1.5488657152064238 -1.5488657152064238 -1.5246340131469165 -1.3307803966708582 -1.2096218863733217 -1.2823169925518436 -1.233853588432829 -1.1369267801947998 -1.161158482254307 -1.161158482254307 -1.2580852904923363 -1.233853588432829 -1.2823169925518436 -1.5004023110874092 -1.5246340131469165 -1.3792438007898729 0 
0 0.14735342895908723 0.07465832278056533 -0.2888172081120442 -0.5069025266476099 -0.6038293348856392 -0.7007561431236683 -0.676524441064161 -0.7734512493021902 -1.0642316740162778 -1.0157682698972632 -0.9915365678377559 -1.0157682698972632 -1.0157682698972632 -1.161158482254307 -1.233853588432829 -1.2096218863733217 -1.2096218863733217 -1.161158482254307 -1.2096218863733217 -1.233853588432829 -1.3550120987303655 -1.306548694611351 -1.1126950781352924 -0.7007561431236683 0 
0 0.9954630010418428 0.7289142783872625 0.4623655557326822 0.14735342895908723 -0.3130489101715515 -0.7976829513616975 -0.9430731637187414 -1.0642316740162778 -1.2096218863733217 -1.2823169925518436 -1.1853901843138144 -1.2096218863733217 -1.3307803966708582 -1.3307803966708582 -1.2580852904923363 -1.233853588432829 -1.2096218863733217 -1.1126950781352924 -1.2096218863733217 -1.306548694611351 -1.5488657152064238 -1.5488657152064238 -1.161158482254307 -0.3130489101715515 0 
0 0.3169753433756384 0.22004853513760914 0.09889002484007263 -0.3130489101715515 -0.9188414616592341 -1.3550120987303655 -1.5973291193254384 -1.573097417265931 -1.4034755028493802 -1.5488657152064238 -1.4034755028493802 -1.2580852904923363 -1.3792438007898729 -1.4034755028493802 -1.3550120987303655 -1.3307803966708582 -1.2580852904923363 -1.2096218863733217 -1.306548694611351 -1.3550120987303655 -1.4519389069683948 -1.4761706090279019 -0.8219146534212048 -0.14342699575500037 0 
0 -1.0399999719567705 -1.2580852904923363 -1.4761706090279019 -1.6700242255039603 -1.9123412460990334 -1.9123412460990334 -1.8154144378610042 -1.6942559275634677 -1.6700242255039603 -1.7427193316824823 -1.7669510337419896 -1.7669510337419896 -1.7669510337419896 -1.718487629622975 -1.6942559275634677 -1.5973291193254384 -1.4277072049088875 -1.3792438007898729 -1.5004023110874092 -1.5246340131469165 -1.2823169925518436 -0.8703780575402195 -0.4826708245881026 -0.3857440163500734 0 
0 0 0 0 0 0 0 0 0 0 0 0 0 0 0 0 0 0 0 0 0 0 0 0 0 0 

