0 0 0 0 0 0 0 0 0 0 0 0 0 0 0 0 0 0 0 0 0 0 0 0 0 0 
0 0.35952277983757636 0.3748016800997276 0.4053594806240301 0.43591728114833256 0.4511961814104838 0.3900805803618788 -0.022449726716204738 0.1303392759053077 0.5581484832455424 0.5734273835076937 0.588706283769845 0.6345429845562988 0.6803796853427524 0.710937485867055 0.7262163861292061 0.7414952863913574 0.7873319871778112 0.8637264884885674 0.8942842890128698 0.9095631892750211 0.9248420895371723 0.9248420895371723 0.970678790323626 1.0012365908479286 0 
0 0.3748016800997276 0.4053594806240301 0.4511961814104838 0.43591728114833256 0.4817539819347863 0.3442438795754251 -0.48081673458074203 -0.03772862697835598 0.588706283769845 0.6345429845562988 0.6345429845562988 0.6956585856049037 0.710937485867055 0.7414952863913574 0.7262163861292061 0.7873319871778112 0.8637264884885674 0.9095631892750211 0.9248420895371723 0.9248420895371723 0.9401209897993236 0.9553998900614749 1.0012365908479286 1.0623521918965335 0 
0 0.4053594806240301 0.4511961814104838 0.4511961814104838 0.4664750816726351 0.5734273835076937 0.49703288219693753 -0.25163323064847337 0.023386974070248992 0.6039851840319962 0.6803796853427524 0.6956585856049037 0.7414952863913574 0.7720530869156599 0.8026108874399623 0.06922367485670272 0.22201267747821515 0.970678790323626 0.9401209897993236 0.9401209897993236 0.9553998900614749 0.9859576905857773 1.0012365908479286 1.0623521918965335 1.1234677929451384 0 
0 0.4664750816726351 0.4817539819347863 0.5123117824590888 0.5581484832455424 0.588706283769845 0.6192640842941475 0.43591728114833256 0.35952277983757636 0.5581484832455424 0.710937485867055 0.7414952863913574 0.8178897877021136 0.8484475882264161 0.8178897877021136 -0.5113745351050445 -0.4349800337942883 0.9401209897993236 0.9859576905857773 1.0165154911100798 1.0470732916343823 1.0470732916343823 1.0012365908479286 1.092909992420836 1.1693044937315922 0 
0 0.4817539819347863 0.5123117824590888 0.5734273835076937 0.6039851840319962 0.6192640842941475 0.6345429845562988 0.4511961814104838 0.49703288219693753 0.5581484832455424 0.7262163861292061 0.710937485867055 0.8178897877021136 0.8790053887507187 0.8637264884885674 -0.06828642750265847 0.038665874332400235 0.9401209897993236 1.031794391372231 0.8790053887507187 0.8026108874399623 1.0623521918965335 1.031794391372231 1.1387466932072898 1.1998622942558947 0 
0 0.52759068272124 0.5734273835076937 0.6039851840319962 0.6345429845562988 0.6345429845562988 0.710937485867055 0.3442438795754251 0.22201267747821515 0.2372915777403664 0.17617597669176144 0.4817539819347863 0.7873319871778112 0.8790053887507187 0.8637264884885674 -0.03772862697835598 0.11506037564315645 0.9553998900614749 1.1081888926829873 0.28312827852682015 -0.1599598290755659 1.092909992420836 1.0165154911100798 1.154025593469441 1.230420094780197 0 
0 0.5581484832455424 0.5734273835076937 0.6192640842941475 0.6039851840319962 0.4664750816726351 0.5428695829833913 0.08450257511885396 -0.6488846374644057 -0.6947213382508595 -0.6183268369401033 -0.14468092881341468 0.25257047800251764 0.5428695829833913 0.6956585856049037 -0.08356532776480971 0.14561817616745895 1.0012365908479286 1.1693044937315922 0.3748016800997276 0.023386974070248992 1.154025593469441 0.9553998900614749 1.1998622942558947 1.2609778953044997 0 
0 0.588706283769845 0.6498218848184499 0.7262163861292061 0.6039851840319962 -0.1905176295998684 -0.8169525403480694 -0.7405580390373132 -0.7405580390373132 -0.541932335629347 -0.3585855324835321 -0.5113745351050445 -0.25163323064847337 -0.007170826454053493 0.14561817616745895 -0.053007527240507224 0.17617597669176144 1.0012365908479286 0.8178897877021136 0.28312827852682015 0.22201267747821515 1.1387466932072898 0.9248420895371723 1.230420094780197 1.3068145960909534 0 
0 -0.41970113353213706 -0.1599598290755659 0.11506037564315645 0.05394477459455148 -0.6947213382508595 -1.0766938448046406 -1.3211562489990605 -0.9544626427074305 -0.7252791387751619 -0.8627892411345232 -1.3669929497855142 -0.8169525403480694 -0.3585855324835321 -0.23635433038632214 -0.03772862697835598 0.038665874332400235 0.6039851840319962 0.3442438795754251 0.06922367485670272 0.14561817616745895 1.031794391372231 0.9553998900614749 1.2915356958288022 1.3526512968774071 0 
0 -1.6878498552906902 -1.6114553539799341 -1.489224151882724 -1.3669929497855142 -1.3364351492612117 -1.1836461466396992 -1.1836461466396992 -1.3669929497855142 -1.1225305455910943 -0.7405580390373132 -1.107251645328943 -1.046136044280338 -0.9697415429695818 -0.8475103408723719 -0.6641635377265569 -0.25163323064847337 0.1303392759053077 0.14561817616745895 -0.06828642750265847 0.28312827852682015 1.0776310921586847 0.9095631892750211 1.215141194518046 1.3526512968774071 0 
0 -1.672570955028539 -1.6572920547663879 -1.672570955028539 -1.672570955028539 -1.672570955028539 -1.6267342542420853 -1.550339752931329 -1.4739452516205729 -1.3364351492612117 -0.7100002385130106 -0.6794424379887082 -0.5724901361536495 -0.5877690364158007 -0.7711158395616157 -0.8169525403480694 -0.9239048421831281 -0.8322314406102206 -0.7100002385130106 -0.8627892411345232 0.00810807380809775 0.7567741866535087 0.7873319871778112 1.1845833939937436 1.3220934963531046 0 
0 -1.6572920547663879 -1.6572920547663879 -1.6572920547663879 -1.6420131545042365 -1.6114553539799341 -1.6114553539799341 -1.5808975534556315 -1.5197819524070266 -1.4739452516205729 -1.1530883461153967 -0.7711158395616157 -0.6641635377265569 -0.4349800337942883 -0.3585855324835321 -0.1141231282891122 -0.2821910311727759 -0.8169525403480694 -0.9697415429695818 -0.9391837424452794 -0.7252791387751619 -0.41970113353213706 0.00810807380809775 0.8637264884885674 1.0012365908479286 0 
0 -1.6878498552906902 -1.672570955028539 -1.672570955028539 -1.6878498552906902 -1.6267342542420853 -1.5961764537177827 -1.6267342542420853 -1.5656186531934804 -1.5197819524070266 -1.4739452516205729 -1.3211562489990605 -1.2142039471640016 -0.8780681413966743 -0.6947213382508595 -0.38914333300783455 -0.17523872933771717 -0.6183268369401033 -0.603047936677952 -0.4349800337942883 -0.2669121309106246 -0.3738644327456833 -0.40442223326998583 0.22201267747821515 0.4511961814104838 0 
0 -1.672570955028539 -1.6572920547663879 -1.672570955028539 -1.6572920547663879 -1.6267342542420853 -1.550339752931329 -1.6114553539799341 -1.6114553539799341 -1.5656186531934804 -1.5197819524070266 -1.4586663513584215 -1.3364351492612117 -1.229482847426153 -1.107251645328943 -0.9850204432317331 -0.8016736400859181 -0.7863947398237668 -0.7100002385130106 -0.6488846374644057 -0.6641635377265569 -0.6183268369401033 -0.23635433038632214 0.7567741866535087 0.588706283769845 0 
0 -1.6878498552906902 -1.6878498552906902 -1.6878498552906902 -1.6878498552906902 -1.672570955028539 -1.5961764537177827 -1.5808975534556315 -1.672570955028539 -1.6420131545042365 -1.5961764537177827 -1.550339752931329 -1.4433874510962703 -1.3364351492612117 -1.1989250469018504 -1.0766938448046406 -0.9697415429695818 -0.8322314406102206 -0.7405580390373132 -0.8780681413966743 -1.2753195482126067 -1.3364351492612117 -0.7405580390373132 0.16089707642961018 0.00810807380809775 0 
0 -1.733686556077144 -1.7489654563392951 -1.7489654563392951 -1.7642443566014465 -1.733686556077144 -1.7031287555528414 -1.6114553539799341 -1.7184076558149928 -1.733686556077144 -1.7031287555528414 -1.6420131545042365 -1.5808975534556315 -1.4739452516205729 -1.3669929497855142 -1.229482847426153 -1.046136044280338 -0.8475103408723719 -0.6336057372022544 -0.5266534353671958 -0.41970113353213706 -0.3585855324835321 -0.38914333300783455 -0.23635433038632214 -0.022449726716204738 0 
0 -1.7795232568635977 -1.7489654563392951 -1.7489654563392951 -1.7795232568635977 -1.7489654563392951 -1.7184076558149928 -1.6878498552906902 -1.6572920547663879 -1.7489654563392951 -1.733686556077144 -1.7031287555528414 -1.6572920547663879 -1.5961764537177827 -1.5350608526691778 -1.489224151882724 -1.3669929497855142 -1.168367246377548 -0.9239048421831281 -0.6947213382508595 -0.4349800337942883 -0.1599598290755659 -0.1599598290755659 -0.03772862697835598 0.17617597669176144 0 
0 -1.8100810573879003 -1.7642443566014465 -1.7489654563392951 -1.8100810573879003 -1.8100810573879003 -1.7642443566014465 -1.7489654563392951 -1.6114553539799341 -1.5961764537177827 -1.6878498552906902 -1.6420131545042365 -1.5808975534556315 -1.5197819524070266 -1.4739452516205729 -1.4739452516205729 -1.5045030521448752 -1.412829650571968 -1.3364351492612117 -1.1989250469018504 -1.0308571440181868 -0.9239048421831281 -0.7863947398237668 -0.7100002385130106 -0.7252791387751619 0 
0 -1.8864755586986564 -1.8406388579122026 -1.7948021571257489 -1.7795232568635977 -1.7489654563392951 -1.733686556077144 -1.7184076558149928 -1.6572920547663879 -1.5045030521448752 -1.5808975534556315 -1.5656186531934804 -1.4586663513584215 -1.3669929497855142 -1.305877348736909 -1.168367246377548 -1.046136044280338 -0.9697415429695818 -0.9850204432317331 -0.9544626427074305 -0.9086259419209768 -0.8475103408723719 -0.7711158395616157 -0.603047936677952 -0.5113745351050445 0 
0 -1.7184076558149928 -1.917033359222959 -1.7948021571257489 -1.672570955028539 -1.6114553539799341 -1.5350608526691778 -1.4739452516205729 -1.489224151882724 -1.290598448474758 -1.2142039471640016 -1.1530883461153967 -0.9391837424452794 -0.7863947398237668 -0.6183268369401033 -0.4655378343185908 -0.3585855324835321 -0.25163323064847337 -0.23635433038632214 -0.14468092881341468 -0.053007527240507224 -0.022449726716204738 0.00810807380809775 0.05394477459455148 0.1303392759053077 0 
0 -0.6794424379887082 -0.7558369392994644 -0.6488846374644057 -0.5877690364158007 -0.5113745351050445 -0.4349800337942883 -0.3585855324835321 -0.2974699314349271 -0.1905176295998684 -0.1905176295998684 -0.14468092881341468 -0.03772862697835598 -0.022449726716204738 0.038665874332400235 0.023386974070248992 0.023386974070248992 0.05394477459455148 0.08450257511885396 0.11506037564315645 0.1303392759053077 0.11506037564315645 0.09978147538100521 0.06922367485670272 0.06922367485670272 0 
0 -0.08356532776480971 -0.03772862697835598 -0.007170826454053493 -0.007170826454053493 -0.007170826454053493 -0.007170826454053493 -0.007170826454053493 0.023386974070248992 0.023386974070248992 0.00810807380809775 -0.053007527240507224 0.023386974070248992 0.038665874332400235 0.023386974070248992 0.05394477459455148 0.11506037564315645 0.14561817616745895 0.16089707642961018 0.14561817616745895 0.11506037564315645 0.1303392759053077 0.11506037564315645 0.09978147538100521 0.08450257511885396 0 
0 -0.09884422802696095 -0.09884422802696095 -0.06828642750265847 -0.007170826454053493 0.00810807380809775 0.00810807380809775 0.023386974070248992 0.023386974070248992 0.023386974070248992 0.038665874332400235 0.038665874332400235 0.08450257511885396 0.06922367485670272 0.08450257511885396 0.08450257511885396 0.09978147538100521 0.08450257511885396 0.09978147538100521 0.09978147538100521 0.11506037564315645 0.11506037564315645 0.09978147538100521 0.08450257511885396 0.08450257511885396 0 
0 -0.08356532776480971 -0.08356532776480971 -0.053007527240507224 -0.007170826454053493 0.00810807380809775 0.00810807380809775 0.023386974070248992 0.038665874332400235 0.038665874332400235 0.038665874332400235 0.038665874332400235 0.05394477459455148 0.06922367485670272 0.08450257511885396 0.06922367485670272 0.11506037564315645 0.09978147538100521 0.09978147538100521 0.08450257511885396 0.08450257511885396 0.09978147538100521 0.08450257511885396 0.08450257511885396 0.06922367485670272 0 
0 0 0 0 0 0 0 0 0 0 0 0 0 0 0 0 0 0 0 0 0 0 0 0 0 0 

0 0 0 0 0 0 0 0 0 0 0 0 0 0 0 0 0 0 0 0 0 0 0 0 0 0 
0 0.8637264884885674 0.8790053887507187 0.9095631892750211 0.9553998900614749 0.970678790323626 0.9248420895371723 0.49703288219693753 0.6192640842941475 1.0623521918965335 1.1081888926829873 1.1387466932072898 1.154025593469441 1.1845833939937436 1.215141194518046 1.2456989950423485 1.2762567955666508 1.2915356958288022 1.3068145960909534 1.3220934963531046 1.337372396615256 1.3526512968774071 1.3679301971395583 1.398487997663861 1.413766897926012 0 
0 0.8942842890128698 0.9248420895371723 0.970678790323626 0.9553998900614749 1.0012365908479286 0.8637264884885674 0.023386974070248992 0.3900805803618788 1.0623521918965335 1.154025593469441 1.1693044937315922 1.1845833939937436 1.1998622942558947 1.230420094780197 1.215141194518046 1.2762567955666508 1.337372396615256 1.337372396615256 1.337372396615256 1.3526512968774071 1.3832090974017097 1.413766897926012 1.4290457981881635 1.4443246984503146 0 
0 0.9095631892750211 0.9553998900614749 0.9401209897993236 0.970678790323626 1.0623521918965335 1.0012365908479286 0.2372915777403664 0.4511961814104838 1.0470732916343823 1.1693044937315922 1.215141194518046 1.215141194518046 1.2456989950423485 1.2762567955666508 0.4817539819347863 0.49703288219693753 1.2915356958288022 1.3526512968774071 1.3679301971395583 1.3679301971395583 1.413766897926012 1.4290457981881635 1.4596035987124658 1.4901613992367684 0 
0 0.9095631892750211 0.9095631892750211 0.9553998900614749 1.0165154911100798 1.0470732916343823 1.0623521918965335 0.8790053887507187 0.7567741866535087 0.970678790323626 1.1693044937315922 1.230420094780197 1.2609778953044997 1.2762567955666508 1.2609778953044997 -0.12940202855126343 -0.20579652986201966 1.230420094780197 1.3679301971395583 1.398487997663861 1.4290457981881635 1.4290457981881635 1.398487997663861 1.474882498974617 1.4901613992367684 0 
0 0.8942842890128698 0.9401209897993236 1.0012365908479286 1.031794391372231 1.0470732916343823 1.0776310921586847 0.8637264884885674 0.8637264884885674 0.9553998900614749 1.1693044937315922 1.1693044937315922 1.230420094780197 1.3068145960909534 1.2762567955666508 0.32896497931327384 0.3748016800997276 1.2915356958288022 1.398487997663861 1.230420094780197 1.1693044937315922 1.4290457981881635 1.398487997663861 1.4901613992367684 1.5054402994989196 0 
0 0.9401209897993236 0.9859576905857773 1.0165154911100798 1.0623521918965335 1.0623521918965335 1.1234677929451384 0.7414952863913574 0.5734273835076937 0.588706283769845 0.5428695829833913 0.8484475882264161 1.1234677929451384 1.230420094780197 1.2609778953044997 0.3748016800997276 0.5581484832455424 1.3526512968774071 1.4443246984503146 0.5428695829833913 0.09978147538100521 1.3832090974017097 1.3220934963531046 1.4596035987124658 1.5207191997610707 0 
0 0.9553998900614749 0.970678790323626 1.0165154911100798 1.031794391372231 0.8942842890128698 0.9553998900614749 0.49703288219693753 -0.2669121309106246 -0.34330663222138086 -0.31274883169707834 0.14561817616745895 0.52759068272124 0.8484475882264161 1.0470732916343823 0.28312827852682015 0.5123117824590888 1.3526512968774071 1.4901613992367684 0.6345429845562988 0.2372915777403664 1.3832090974017097 1.1693044937315922 1.4443246984503146 1.5207191997610707 0 
0 0.9859576905857773 1.0470732916343823 1.1234677929451384 1.0165154911100798 0.22201267747821515 -0.40442223326998583 -0.3280277319592296 -0.2821910311727759 -0.12940202855126343 0.023386974070248992 -0.1599598290755659 0.08450257511885396 0.2984071787889714 0.42063838088618133 0.17617597669176144 0.4053594806240301 1.2762567955666508 1.154025593469441 0.6498218848184499 0.5734273835076937 1.4443246984503146 1.1387466932072898 1.413766897926012 1.5054402994989196 0 
0 -0.022449726716204738 0.22201267747821515 0.5123117824590888 0.4664750816726351 -0.2974699314349271 -0.6794424379887082 -0.9086259419209768 -0.49609563484289326 -0.2974699314349271 -0.4655378343185908 -1.0002993434938843 -0.48081673458074203 -0.06828642750265847 -0.007170826454053493 0.09978147538100521 0.14561817616745895 0.7873319871778112 0.6192640842941475 0.42063838088618133 0.52759068272124 1.337372396615256 1.1387466932072898 1.4290457981881635 1.5054402994989196 0 
0 -1.3211562489990605 -1.2447617476883042 -1.1225305455910943 -0.9697415429695818 -0.9391837424452794 -0.8016736400859181 -0.7863947398237668 -0.9544626427074305 -0.7558369392994644 -0.40442223326998583 -0.8016736400859181 -0.8169525403480694 -0.7252791387751619 -0.6183268369401033 -0.4655378343185908 -0.1141231282891122 0.2984071787889714 0.3136860790511226 0.09978147538100521 0.4817539819347863 1.2762567955666508 1.0623521918965335 1.337372396615256 1.4443246984503146 0 
0 -1.3211562489990605 -1.305877348736909 -1.3211562489990605 -1.2753195482126067 -1.2753195482126067 -1.2447617476883042 -1.168367246377548 -1.1225305455910943 -1.0002993434938843 -0.40442223326998583 -0.40442223326998583 -0.40442223326998583 -0.38914333300783455 -0.5266534353671958 -0.5877690364158007 -0.7711158395616157 -0.7100002385130106 -0.6488846374644057 -0.8169525403480694 0.05394477459455148 0.8637264884885674 0.970678790323626 1.3220934963531046 1.3679301971395583 0 
0 -1.3364351492612117 -1.3364351492612117 -1.3211562489990605 -1.2753195482126067 -1.229482847426153 -1.2447617476883042 -1.2142039471640016 -1.168367246377548 -1.1225305455910943 -0.7711158395616157 -0.41970113353213706 -0.4349800337942883 -0.22107543012417089 -0.14468092881341468 0.05394477459455148 -0.22107543012417089 -0.7711158395616157 -0.9086259419209768 -0.8627892411345232 -0.7252791387751619 -0.4502589340564395 0.1303392759053077 0.8637264884885674 0.9401209897993236 0 
0 -1.3669929497855142 -1.3669929497855142 -1.3517140495233628 -1.3364351492612117 -1.2753195482126067 -1.2600406479504553 -1.290598448474758 -1.2142039471640016 -1.1530883461153967 -1.0919727450667918 -0.9544626427074305 -0.9544626427074305 -0.6336057372022544 -0.4655378343185908 -0.20579652986201966 -0.053007527240507224 -0.5113745351050445 -0.5113745351050445 -0.3280277319592296 -0.31274883169707834 -0.5572112358914982 -0.6183268369401033 -0.09884422802696095 0.26784937826466887 0 
0 -1.3822718500476654 -1.3822718500476654 -1.3822718500476654 -1.3517140495233628 -1.3211562489990605 -1.2600406479504553 -1.305877348736909 -1.2600406479504553 -1.1989250469018504 -1.1530883461153967 -1.107251645328943 -1.046136044280338 -0.9697415429695818 -0.8627892411345232 -0.7711158395616157 -0.603047936677952 -0.6183268369401033 -0.6183268369401033 -0.5113745351050445 -0.5877690364158007 -0.7558369392994644 -0.49609563484289326 0.32896497931327384 0.28312827852682015 0 
0 -1.4281085508341191 -1.4281085508341191 -1.412829650571968 -1.3975507503098166 -1.3822718500476654 -1.3211562489990605 -1.290598448474758 -1.305877348736909 -1.2753195482126067 -1.2447617476883042 -1.1989250469018504 -1.1225305455910943 -1.0614149445424892 -0.9544626427074305 -0.8627892411345232 -0.7863947398237668 -0.6947213382508595 -0.6947213382508595 -0.8322314406102206 -1.2142039471640016 -1.3822718500476654 -0.8169525403480694 -0.1141231282891122 -0.2974699314349271 0 
0 -1.489224151882724 -1.5045030521448752 -1.5045030521448752 -1.489224151882724 -1.4739452516205729 -1.4433874510962703 -1.3364351492612117 -1.3364351492612117 -1.3517140495233628 -1.3211562489990605 -1.2753195482126067 -1.2142039471640016 -1.1530883461153967 -1.0919727450667918 -1.0002993434938843 -0.9086259419209768 -0.7863947398237668 -0.6947213382508595 -0.6641635377265569 -0.5877690364158007 -0.5266534353671958 -0.4655378343185908 -0.48081673458074203 -0.3585855324835321 0 
0 -1.5808975534556315 -1.6114553539799341 -1.6267342542420853 -1.6114553539799341 -1.5808975534556315 -1.550339752931329 -1.489224151882724 -1.3822718500476654 -1.4281085508341191 -1.3975507503098166 -1.3364351492612117 -1.305877348736909 -1.2600406479504553 -1.2142039471640016 -1.1530883461153967 -1.0614149445424892 -0.9850204432317331 -0.8933470416588256 -0.7711158395616157 -0.6183268369401033 -0.41970113353213706 -0.4655378343185908 -0.4502589340564395 -0.3280277319592296 0 
0 -1.7031287555528414 -1.7031287555528414 -1.7184076558149928 -1.6878498552906902 -1.6572920547663879 -1.6267342542420853 -1.6114553539799341 -1.489224151882724 -1.4586663513584215 -1.489224151882724 -1.4281085508341191 -1.3975507503098166 -1.3364351492612117 -1.290598448474758 -1.229482847426153 -1.1378094458532455 -1.107251645328943 -1.0919727450667918 -1.0766938448046406 -1.107251645328943 -1.046136044280338 -0.9697415429695818 -0.8627892411345232 -0.8322314406102206 0 
0 -1.7948021571257489 -1.7795232568635977 -1.7795232568635977 -1.7795232568635977 -1.7489654563392951 -1.7184076558149928 -1.7031287555528414 -1.6572920547663879 -1.4739452516205729 -1.5045030521448752 -1.489224151882724 -1.3822718500476654 -1.305877348736909 -1.229482847426153 -1.1530883461153967 -1.1225305455910943 -1.0308571440181868 -1.0155782437560354 -0.9697415429695818 -0.8780681413966743 -0.7558369392994644 -0.6336057372022544 -0.3738644327456833 -0.23635433038632214 0 
0 -1.5045030521448752 -1.7184076558149928 -1.672570955028539 -1.672570955028539 -1.6267342542420853 -1.5350608526691778 -1.4739452516205729 -1.412829650571968 -1.168367246377548 -1.0614149445424892 -0.9850204432317331 -0.8016736400859181 -0.6336057372022544 -0.4655378343185908 -0.31274883169707834 -0.17523872933771717 -0.03772862697835598 0.038665874332400235 0.11506037564315645 0.16089707642961018 0.25257047800251764 0.35952277983757636 0.43591728114833256 0.4511961814104838 0 
0 -0.2974699314349271 -0.38914333300783455 -0.31274883169707834 -0.2669121309106246 -0.1905176295998684 -0.1141231282891122 -0.053007527240507224 0.00810807380809775 0.1303392759053077 0.19145487695391267 0.2372915777403664 0.3136860790511226 0.3442438795754251 0.3900805803618788 0.4053594806240301 0.4511961814104838 0.4664750816726351 0.4817539819347863 0.49703288219693753 0.49703288219693753 0.49703288219693753 0.49703288219693753 0.4817539819347863 0.49703288219693753 0 
0 0.4053594806240301 0.43591728114833256 0.4511961814104838 0.4511961814104838 0.4511961814104838 0.4664750816726351 0.4664750816726351 0.4511961814104838 0.4511961814104838 0.4511961814104838 0.3900805803618788 0.4511961814104838 0.4664750816726351 0.4511961814104838 0.4511961814104838 0.4664750816726351 0.4664750816726351 0.4664750816726351 0.4817539819347863 0.5123117824590888 0.52759068272124 0.5123117824590888 0.49703288219693753 0.52759068272124 0 
0 0.3900805803618788 0.3900805803618788 0.4053594806240301 0.42063838088618133 0.42063838088618133 0.43591728114833256 0.4511961814104838 0.4511961814104838 0.4511961814104838 0.4664750816726351 0.4664750816726351 0.4664750816726351 0.4511961814104838 0.4664750816726351 0.4664750816726351 0.49703288219693753 0.4817539819347863 0.49703288219693753 0.49703288219693753 0.5123117824590888 0.5123117824590888 0.49703288219693753 0.4817539819347863 0.4817539819347863 0 
0 0.4053594806240301 0.4053594806240301 0.42063838088618133 0.43591728114833256 0.43591728114833256 0.4511961814104838 0.4511961814104838 0.4664750816726351 0.4664750816726351 0.4664750816726351 0.4664750816726351 0.4817539819347863 0.4817539819347863 0.49703288219693753 0.4817539819347863 0.5123117824590888 0.49703288219693753 0.49703288219693753 0.4817539819347863 0.4817539819347863 0.49703288219693753 0.4817539819347863 0.4817539819347863 0.4664750816726351 0 
0 0 0 0 0 0 0 0 0 0 0 0 0 0 0 0 0 0 0 0 0 0 0 0 0 0 

0 0 0 0 0 0 0 0 0 0 0 0 0 0 0 0 0 0 0 0 0 0 0 0 0 0 
0 1.337372396615256 1.3526512968774071 1.3832090974017097 1.398487997663861 1.398487997663861 1.3526512968774071 0.9248420895371723 1.0012365908479286 1.4290457981881635 1.474882498974617 1.5054402994989196 1.4901613992367684 1.5054402994989196 1.5207191997610707 1.5207191997610707 1.4901613992367684 1.474882498974617 1.5054402994989196 1.5359981000232221 1.5207191997610707 1.5207191997610707 1.5054402994989196 1.5054402994989196 1.5054402994989196 0 
0 1.3220934963531046 1.3526512968774071 1.398487997663861 1.3679301971395583 1.413766897926012 1.2762567955666508 0.42063838088618133 0.7567741866535087 1.398487997663861 1.474882498974617 1.4901613992367684 1.4901613992367684 1.5054402994989196 1.5207191997610707 1.474882498974617 1.4596035987124658 1.4596035987124658 1.5054402994989196 1.5359981000232221 1.5359981000232221 1.5207191997610707 1.5054402994989196 1.4901613992367684 1.5207191997610707 0 
0 1.3220934963531046 1.3679301971395583 1.3679301971395583 1.3679301971395583 1.4596035987124658 1.3679301971395583 0.6039851840319962 0.7873319871778112 1.3679301971395583 1.4901613992367684 1.5054402994989196 1.5054402994989196 1.5207191997610707 1.5359981000232221 0.7720530869156599 0.7873319871778112 1.474882498974617 1.5054402994989196 1.5359981000232221 1.5207191997610707 1.5207191997610707 1.5054402994989196 1.5054402994989196 1.5207191997610707 0 
0 1.3220934963531046 1.3220934963531046 1.3526512968774071 1.3832090974017097 1.398487997663861 1.4290457981881635 1.215141194518046 1.0776310921586847 1.2762567955666508 1.4596035987124658 1.5054402994989196 1.5054402994989196 1.5207191997610707 1.474882498974617 0.14561817616745895 0.14561817616745895 1.413766897926012 1.4901613992367684 1.5207191997610707 1.5359981000232221 1.5054402994989196 1.4290457981881635 1.4901613992367684 1.5207191997610707 0 
0 1.2915356958288022 1.3220934963531046 1.3832090974017097 1.3832090974017097 1.3832090974017097 1.413766897926012 1.1998622942558947 1.154025593469441 1.230420094780197 1.4290457981881635 1.413766897926012 1.474882498974617 1.5207191997610707 1.474882498974617 0.6039851840319962 0.7262163861292061 1.4596035987124658 1.5054402994989196 1.3220934963531046 1.230420094780197 1.4901613992367684 1.413766897926012 1.4901613992367684 1.5054402994989196 0 
0 1.2609778953044997 1.3068145960909534 1.337372396615256 1.3220934963531046 1.337372396615256 1.413766897926012 1.0470732916343823 0.8484475882264161 0.8942842890128698 0.8178897877021136 1.0776310921586847 1.3220934963531046 1.413766897926012 1.4443246984503146 0.6498218848184499 0.8178897877021136 1.474882498974617 1.5207191997610707 0.7262163861292061 0.28312827852682015 1.4290457981881635 1.3526512968774071 1.4596035987124658 1.5207191997610707 0 
0 1.215141194518046 1.230420094780197 1.2609778953044997 1.215141194518046 1.0776310921586847 1.1845833939937436 0.7720530869156599 0.05394477459455148 0.023386974070248992 0.023386974070248992 0.3748016800997276 0.7262163861292061 0.9859576905857773 1.215141194518046 0.5581484832455424 0.7262163861292061 1.4443246984503146 1.5359981000232221 0.8637264884885674 0.5123117824590888 1.413766897926012 1.2456989950423485 1.4290457981881635 1.5359981000232221 0 
0 1.215141194518046 1.2762567955666508 1.3526512968774071 1.230420094780197 0.4664750816726351 -0.1141231282891122 -0.007170826454053493 0.06922367485670272 0.2984071787889714 0.4053594806240301 0.1303392759053077 0.35952277983757636 0.4664750816726351 0.5734273835076937 0.42063838088618133 0.6498218848184499 1.398487997663861 1.230420094780197 0.8484475882264161 0.7720530869156599 1.4443246984503146 1.1998622942558947 1.398487997663861 1.5207191997610707 0 
0 0.25257047800251764 0.49703288219693753 0.7873319871778112 0.7567741866535087 0.023386974070248992 -0.3280277319592296 -0.5266534353671958 -0.1141231282891122 0.14561817616745895 -0.06828642750265847 -0.6794424379887082 -0.1599598290755659 0.11506037564315645 0.1303392759053077 0.3442438795754251 0.4511961814104838 0.9401209897993236 0.7262163861292061 0.6345429845562988 0.6803796853427524 1.3068145960909534 1.1693044937315922 1.3832090974017097 1.474882498974617 0 
0 -0.9239048421831281 -0.8322314406102206 -0.7100002385130106 -0.6183268369401033 -0.5572112358914982 -0.3585855324835321 -0.34330663222138086 -0.603047936677952 -0.34330663222138086 -0.03772862697835598 -0.541932335629347 -0.5572112358914982 -0.5724901361536495 -0.41970113353213706 -0.1599598290755659 0.19145487695391267 0.4664750816726351 0.4511961814104838 0.35952277983757636 0.6803796853427524 1.2456989950423485 1.0776310921586847 1.2609778953044997 1.3832090974017097 0 
0 -0.8322314406102206 -0.8169525403480694 -0.8475103408723719 -0.8933470416588256 -0.8780681413966743 -0.7863947398237668 -0.7100002385130106 -0.7711158395616157 -0.6488846374644057 -0.09884422802696095 -0.17523872933771717 -0.12940202855126343 -0.20579652986201966 -0.3280277319592296 -0.3280277319592296 -0.5724901361536495 -0.541932335629347 -0.4655378343185908 -0.5572112358914982 0.28312827852682015 0.9248420895371723 1.0165154911100798 1.2456989950423485 1.2762567955666508 0 
0 -0.9086259419209768 -0.8933470416588256 -0.8933470416588256 -0.8933470416588256 -0.8322314406102206 -0.7863947398237668 -0.7405580390373132 -0.7558369392994644 -0.7558369392994644 -0.49609563484289326 -0.14468092881341468 -0.053007527240507224 0.05394477459455148 0.00810807380809775 0.11506037564315645 -0.1905176295998684 -0.5877690364158007 -0.7100002385130106 -0.6947213382508595 -0.5572112358914982 -0.2669121309106246 0.2372915777403664 0.7873319871778112 0.8484475882264161 0 
0 -0.9850204432317331 -0.9850204432317331 -0.9697415429695818 -0.9239048421831281 -0.8169525403480694 -0.7711158395616157 -0.7863947398237668 -0.7405580390373132 -0.7252791387751619 -0.7252791387751619 -0.603047936677952 -0.541932335629347 -0.2974699314349271 -0.2821910311727759 -0.09884422802696095 0.05394477459455148 -0.2974699314349271 -0.2669121309106246 -0.12940202855126343 -0.1905176295998684 -0.48081673458074203 -0.5877690364158007 -0.2974699314349271 0.08450257511885396 0 
0 -1.046136044280338 -1.046136044280338 -1.0308571440181868 -0.9544626427074305 -0.8933470416588256 -0.7711158395616157 -0.8016736400859181 -0.8169525403480694 -0.7558369392994644 -0.7100002385130106 -0.6641635377265569 -0.6336057372022544 -0.603047936677952 -0.5724901361536495 -0.5266534353671958 -0.3738644327456833 -0.38914333300783455 -0.34330663222138086 -0.22107543012417089 -0.40442223326998583 -0.6794424379887082 -0.40442223326998583 0.19145487695391267 0.09978147538100521 0 
0 -1.1530883461153967 -1.1530883461153967 -1.1378094458532455 -1.107251645328943 -1.0614149445424892 -0.9391837424452794 -0.8780681413966743 -0.9544626427074305 -0.8933470416588256 -0.8016736400859181 -0.7405580390373132 -0.6794424379887082 -0.6488846374644057 -0.5724901361536495 -0.5113745351050445 -0.5113745351050445 -0.49609563484289326 -0.48081673458074203 -0.541932335629347 -1.0614149445424892 -1.3517140495233628 -0.6794424379887082 -0.08356532776480971 -0.34330663222138086 0 
0 -1.2600406479504553 -1.2753195482126067 -1.2600406479504553 -1.290598448474758 -1.2447617476883042 -1.1836461466396992 -1.0614149445424892 -1.0766938448046406 -1.0614149445424892 -0.9391837424452794 -0.8627892411345232 -0.7863947398237668 -0.7252791387751619 -0.6641635377265569 -0.5877690364158007 -0.5877690364158007 -0.603047936677952 -0.49609563484289326 -0.41970113353213706 -0.603047936677952 -0.6641635377265569 -0.4349800337942883 -0.3585855324835321 -0.2669121309106246 0 
0 -1.4281085508341191 -1.4281085508341191 -1.3669929497855142 -1.3669929497855142 -1.3517140495233628 -1.305877348736909 -1.2447617476883042 -1.1225305455910943 -1.1378094458532455 -1.046136044280338 -0.9697415429695818 -0.9239048421831281 -0.8780681413966743 -0.8169525403480694 -0.7711158395616157 -0.6947213382508595 -0.6947213382508595 -0.6336057372022544 -0.5724901361536495 -0.5877690364158007 -0.38914333300783455 -0.3738644327456833 -0.2974699314349271 -0.20579652986201966 0 
0 -1.6420131545042365 -1.6420131545042365 -1.550339752931329 -1.489224151882724 -1.4586663513584215 -1.4281085508341191 -1.412829650571968 -1.305877348736909 -1.2447617476883042 -1.2600406479504553 -1.168367246377548 -1.0614149445424892 -1.0002993434938843 -0.9544626427074305 -0.8933470416588256 -0.7863947398237668 -0.8016736400859181 -0.8627892411345232 -0.8780681413966743 -0.9086259419209768 -0.8322314406102206 -0.7405580390373132 -0.6336057372022544 -0.6488846374644057 0 
0 -1.7642443566014465 -1.7642443566014465 -1.7031287555528414 -1.7031287555528414 -1.6878498552906902 -1.6572920547663879 -1.6420131545042365 -1.5350608526691778 -1.3364351492612117 -1.3364351492612117 -1.2600406479504553 -1.0614149445424892 -0.9850204432317331 -0.9086259419209768 -0.7711158395616157 -0.6336057372022544 -0.5877690364158007 -0.6336057372022544 -0.603047936677952 -0.48081673458074203 -0.3738644327456833 -0.2669121309106246 -0.007170826454053493 0.14561817616745895 0 
0 -1.2753195482126067 -1.5808975534556315 -1.489224151882724 -1.5350608526691778 -1.5045030521448752 -1.4281085508341191 -1.3364351492612117 -1.1836461466396992 -0.9086259419209768 -0.7711158395616157 -0.6641635377265569 -0.3738644327456833 -0.22107543012417089 -0.053007527240507224 0.1303392759053077 0.3136860790511226 0.43591728114833256 0.4664750816726351 0.5581484832455424 0.6651007850806012 0.7414952863913574 0.8178897877021136 0.9248420895371723 0.9859576905857773 0 
0 0.20673377721606392 0.00810807380809775 0.09978147538100521 0.22201267747821515 0.2984071787889714 0.3748016800997276 0.43591728114833256 0.4511961814104838 0.588706283769845 0.6803796853427524 0.7567741866535087 0.8637264884885674 0.8790053887507187 0.9401209897993236 0.9401209897993236 0.970678790323626 1.0165154911100798 1.031794391372231 1.0470732916343823 1.0165154911100798 1.0165154911100798 1.0012365908479286 1.0012365908479286 1.0165154911100798 0 
0 1.0012365908479286 1.0012365908479286 1.031794391372231 1.0776310921586847 1.092909992420836 1.092909992420836 1.092909992420836 1.031794391372231 1.0470732916343823 1.0470732916343823 1.0012365908479286 1.0623521918965335 1.0623521918965335 1.0470732916343823 1.0623521918965335 1.0623521918965335 1.0776310921586847 1.0776310921586847 1.0776310921586847 1.0776310921586847 1.0776310921586847 1.0776310921586847 1.0470732916343823 1.0470732916343823 0 
0 0.9859576905857773 0.9859576905857773 1.0012365908479286 1.0165154911100798 1.0165154911100798 1.031794391372231 1.0470732916343823 1.0470732916343823 1.0623521918965335 1.0623521918965335 1.0623521918965335 1.0776310921586847 1.0623521918965335 1.0776310921586847 1.0776310921586847 1.0623521918965335 1.0470732916343823 1.0623521918965335 1.0623521918965335 1.0776310921586847 1.0776310921586847 1.0623521918965335 1.0470732916343823 1.0470732916343823 0 
0 1.0012365908479286 1.0012365908479286 1.0165154911100798 1.031794391372231 1.031794391372231 1.0470732916343823 1.0470732916343823 1.0623521918965335 1.0623521918965335 1.0623521918965335 1.0623521918965335 1.0776310921586847 1.0776310921586847 1.092909992420836 1.0776310921586847 1.0776310921586847 1.0623521918965335 1.0623521918965335 1.0470732916343823 1.0470732916343823 1.0623521918965335 1.0470732916343823 1.0470732916343823 1.031794391372231 0 
0 0 0 0 0 0 0 0 0 0 0 0 0 0 0 0 0 0 0 0 0 0 0 0 0 0 

