0 0 0 0 0 0 0 0 0 0 0 0 0 0 0 0 0 0 0 0 0 0 0 0 0 0 
0 1.0061349389781118 1.0676827007507745 1.1087145419325497 0.6778802095239106 0.16498219475172107 0.26756179770615895 0.6983961301147982 0.4522050830241472 0.4522050830241472 1.539548874341189 1.8883195243862778 1.5600647949320765 1.3138737478414255 1.1292304625234373 0.8214916536601237 0.37014140066059686 0.10343443297905831 0.2060140359334962 0.4727210036150348 0.5958165271603603 0.5753006065694727 0.6983961301147982 1.1087145419325497 1.3754215096140883 0 
0 0.5547846859785851 0.28807771829704654 -0.47101134356579394 -0.8402979142017704 -0.6761705494746697 -0.18378845529336782 -0.5530750259293443 -1.0454571201106462 -0.06069293174804233 1.293357827250538 1.0676827007507745 1.1497463831143249 0.7804598124783485 0.49323692420592236 0.3496254800697093 0.7394279712965733 1.0266508595689994 0.9445871772054492 0.7189120507056858 0.8009757330692361 1.1702623037052124 1.4780011125685262 1.436969271386751 1.3138737478414255 0 
0 0.000854830024620413 -0.7377183112473324 -0.5325591053384567 -0.22482029647514298 -0.4915272641566815 -0.9633934377470958 -0.7992660730199952 -0.2658521376569181 0.2265299565243838 -0.6351387082928946 -0.3068839788386933 0.4727210036150348 0.6163324477512478 1.0266508595689994 1.3959374302049758 1.4574851919776386 1.293357827250538 1.0061349389781118 1.0881986213416621 1.2112941448869876 1.293357827250538 1.2318100654778752 1.1292304625234373 1.1497463831143249 0 
0 0.5958165271603603 -0.019661090566267168 0.3291095594788217 0.16498219475172107 -0.4915272641566815 -0.06069293174804233 0.10343443297905831 -0.22482029647514298 -1.0454571201106462 -1.5378392142919481 -0.75823423183822 0.657364288933023 1.4164533507958634 1.436969271386751 1.293357827250538 1.1702623037052124 1.0266508595689994 0.9856190183872243 1.0061349389781118 1.047166780159887 1.0881986213416621 1.1907782242961 1.2523259860687628 1.293357827250538 0 
0 -0.9223615965653207 -0.6351387082928946 0.021370750615507993 -0.32739989942958087 -0.019661090566267168 -0.2043043758842554 -0.9223615965653207 -1.2916481672012972 -1.4147436907466227 -1.0659730407015338 -0.10172477292981749 1.0881986213416621 1.334389668432313 0.9856190183872243 0.9651030977963367 1.047166780159887 1.1497463831143249 1.2728419066596504 1.1907782242961 1.2112941448869876 1.293357827250538 1.293357827250538 1.2112941448869876 1.2728419066596504 0 
0 -0.7172023906564449 -0.4299795023840188 -0.24533621706603057 -0.5530750259293443 -1.148036723065084 -1.250616326019522 -1.0659730407015338 -1.0659730407015338 -0.4915272641566815 0.8009757330692361 1.1702623037052124 1.0676827007507745 0.9651030977963367 1.047166780159887 1.1292304625234373 1.2112941448869876 1.2112941448869876 1.1702623037052124 1.1292304625234373 1.1497463831143249 1.2523259860687628 1.1292304625234373 0.7394279712965733 0.7804598124783485 0 
0 -0.019661090566267168 0.26756179770615895 -0.5530750259293443 -1.5788710554737233 -1.4147436907466227 -1.0659730407015338 -0.2863680582478057 0.6163324477512478 1.2318100654778752 1.1292304625234373 1.1292304625234373 1.293357827250538 1.334389668432313 1.1702623037052124 1.1702623037052124 1.1087145419325497 1.047166780159887 1.0061349389781118 0.7599438918874609 0.8625234948418988 0.5137528447968099 -0.6146227877020071 -1.2095844848377468 -1.3326800083830723 0 
0 -0.34791582002046845 -1.5788710554737233 -1.9276417055188122 -1.2095844848377468 -0.45049542297490636 0.6163324477512478 1.3754215096140883 1.4574851919776386 1.334389668432313 1.3549055890232007 1.2318100654778752 1.1087145419325497 0.9856190183872243 1.0676827007507745 0.6368483683421354 -0.6351387082928946 -0.6556546288837822 -1.2301004054286344 -1.640418817246386 -1.7019665790190488 -1.6199028966554985 -1.5378392142919481 -1.9071257849279246 -2.235380514382126 0 
0 -2.1943486732003508 -2.0712531496550253 -1.2916481672012972 0.26756179770615895 1.1702623037052124 1.3754215096140883 1.3138737478414255 1.4164533507958634 1.3959374302049758 1.1702623037052124 0.9651030977963367 0.9651030977963367 1.2112941448869876 0.2060140359334962 -1.4557755319283978 -1.4762914525192854 -1.2301004054286344 -1.2711322466104096 -1.0249411995197586 -1.8660939437461495 -1.9686735467005874 -1.989189467291475 -1.8660939437461495 -1.9071257849279246 0 
0 -1.4147436907466227 -0.2043043758842554 1.1087145419325497 1.4780011125685262 1.436969271386751 1.4574851919776386 1.436969271386751 1.2318100654778752 1.0061349389781118 0.9240712566145616 0.9240712566145616 1.2523259860687628 0.49323692420592236 -1.394227770155735 -0.7992660730199952 -0.16327253470248024 -1.004425278928871 -0.6761705494746697 -0.6351387082928946 -1.6609347378372736 -2.091769070245913 -1.496807373110173 0.08291851238817073 -0.47101134356579394 0 
0 1.0676827007507745 1.4574851919776386 1.4164533507958634 1.4574851919776386 1.3754215096140883 1.1702623037052124 1.1497463831143249 0.9856190183872243 0.8830394154327864 1.1292304625234373 1.1702623037052124 0.7804598124783485 -0.8608138347926579 -0.6966864700655573 -0.9839093583379834 -1.4352596113375102 -1.2095844848377468 -1.4762914525192854 -2.132800911427688 -1.7840302613825991 -1.7840302613825991 -0.5325591053384567 0.10343443297905831 -0.019661090566267168 0 
0 1.3138737478414255 1.3138737478414255 1.3959374302049758 1.3138737478414255 1.1087145419325497 1.1292304625234373 1.0061349389781118 0.8214916536601237 0.903555336023674 0.021370750615507993 -0.6146227877020071 -1.1890685642468592 -1.148036723065084 -0.5120431847475692 1.0881986213416621 0.39065732125148445 -1.886609864337037 -1.9276417055188122 -1.8455780231552619 -1.4557755319283978 -1.2916481672012972 -0.5735909465202319 -0.16327253470248024 0.021370750615507993 0 
0 1.1907782242961 1.3138737478414255 1.2728419066596504 1.1702623037052124 1.1087145419325497 1.1702623037052124 1.1292304625234373 0.6983961301147982 -0.5530750259293443 -1.0249411995197586 -1.2711322466104096 -0.8402979142017704 -1.004425278928871 -1.0249411995197586 0.4727210036150348 0.1239503535699459 -0.8402979142017704 -1.2095844848377468 -0.7787501524291076 -0.7992660730199952 -1.4557755319283978 -1.7635143407917115 0.3291095594788217 0.39065732125148445 0 
0 1.0061349389781118 1.1087145419325497 1.1497463831143249 1.0061349389781118 1.2728419066596504 1.3959374302049758 0.657364288933023 -1.4352596113375102 -1.250616326019522 -1.7635143407917115 -2.0507372290641377 -1.640418817246386 -1.8045461819734867 -0.5530750259293443 -0.10172477292981749 -0.040177011157154746 -0.22482029647514298 -0.9633934377470958 -1.5583551348828357 -2.2969282761547887 -2.584151164427215 -2.420023799700114 -1.7019665790190488 -0.8197819936108828 0 
0 1.1087145419325497 0.9240712566145616 0.8830394154327864 1.2318100654778752 1.293357827250538 0.8625234948418988 -1.1275208024741965 -2.0507372290641377 -2.03022130847325 -0.24533621706603057 -0.7992660730199952 -1.8250621025643743 -1.1685526436559717 -0.7787501524291076 0.3085936388879341 -0.2658521376569181 -1.8660939437461495 -2.4405397202910017 -2.584151164427215 -2.1533168320185756 -1.148036723065084 0.021370750615507993 1.0676827007507745 1.9088354449771654 0 
0 1.0676827007507745 0.9651030977963367 1.0266508595689994 0.6368483683421354 0.1444662741608335 -0.12224069352070507 -1.6609347378372736 -1.886609864337037 -1.3121640877921847 0.28807771829704654 0.041886671206395575 -1.5173232937010606 -0.8608138347926579 -1.5173232937010606 -2.0507372290641377 -2.3995078791092266 -2.420023799700114 -1.8045461819734867 -0.7377183112473324 0.5958165271603603 1.683160318477402 2.0729628097042663 1.929351365568053 1.6010966361138517 0 
0 0.8214916536601237 0.4727210036150348 0.10343443297905831 -0.019661090566267168 -0.14275661411159266 -1.3326800083830723 -2.0712531496550253 -2.0507372290641377 -1.107004881883309 -0.4094635817931312 -0.4094635817931312 -1.35319592897396 -2.2969282761547887 -2.5020874820636645 -2.2148645937912383 -1.4147436907466227 -0.22482029647514298 0.9651030977963367 1.8678036037953902 2.0114150479316035 1.6626443978865144 1.4985170331594138 1.3754215096140883 1.2318100654778752 0 
0 -0.040177011157154746 -0.06069293174804233 -0.040177011157154746 0.000854830024620413 -0.18378845529336782 -1.5378392142919481 -2.1533168320185756 -2.235380514382126 -1.640418817246386 0.39065732125148445 0.7599438918874609 -1.989189467291475 -1.9276417055188122 -0.9633934377470958 0.3085936388879341 1.4780011125685262 2.0114150479316035 1.929351365568053 1.5190329537503013 1.3138737478414255 1.3959374302049758 1.293357827250538 1.2728419066596504 1.1907782242961 0 
0 -0.040177011157154746 0.000854830024620413 0.062402591797283156 0.1239503535699459 0.041886671206395575 -0.5325591053384567 -2.235380514382126 -2.3995078791092266 -2.4610556408818893 -1.394227770155735 -0.5941068671111195 -0.6761705494746697 0.7804598124783485 1.7036762390682896 2.1139946508860414 1.8678036037953902 1.5190329537503013 1.3754215096140883 1.4164533507958634 1.4574851919776386 1.334389668432313 1.1292304625234373 1.1497463831143249 1.1292304625234373 0 
0 0.062402591797283156 0.062402591797283156 -0.019661090566267168 -0.12224069352070507 -0.14275661411159266 -1.2711322466104096 -2.091769070245913 -1.742998420200824 -1.0454571201106462 -0.2043043758842554 1.1087145419325497 1.9703832067498281 2.134510571476929 1.9498672861589406 1.580580715522964 1.2728419066596504 1.3754215096140883 1.3754215096140883 1.2112941448869876 1.1292304625234373 1.0676827007507745 1.1292304625234373 1.0676827007507745 1.1292304625234373 0 
0 -0.06069293174804233 -0.16327253470248024 -0.18378845529336782 -0.14275661411159266 -0.10172477292981749 -0.6966864700655573 -0.36843174061135603 0.4522050830241472 1.4780011125685262 2.1139946508860414 2.031930968522491 1.7652240008409523 1.5190329537503013 1.2523259860687628 1.2112941448869876 1.293357827250538 1.1292304625234373 1.0061349389781118 1.0676827007507745 1.2318100654778752 1.2523259860687628 1.2728419066596504 1.2728419066596504 1.1702623037052124 0 
0 -0.16327253470248024 -0.12224069352070507 -0.2043043758842554 -0.22482029647514298 -0.040177011157154746 0.6368483683421354 1.3959374302049758 1.8678036037953902 1.9908991273407157 1.6010966361138517 1.2728419066596504 1.2318100654778752 1.1087145419325497 1.1087145419325497 1.1497463831143249 1.1497463831143249 1.0266508595689994 1.1907782242961 1.2728419066596504 1.1087145419325497 1.2728419066596504 1.334389668432313 1.2523259860687628 1.1087145419325497 0 
0 -0.22482029647514298 -0.24533621706603057 0.08291851238817073 0.8420075742510112 1.539548874341189 1.8472876832045027 1.5600647949320765 1.3959374302049758 1.293357827250538 1.0061349389781118 1.0061349389781118 0.9856190183872243 1.0676827007507745 1.1702623037052124 1.293357827250538 1.2318100654778752 1.1087145419325497 1.047166780159887 1.0061349389781118 0.9856190183872243 1.2112941448869876 1.2523259860687628 1.1497463831143249 1.0881986213416621 0 
0 0.26756179770615895 1.047166780159887 1.6421284772956268 1.8472876832045027 1.6010966361138517 1.3138737478414255 1.1497463831143249 1.2112941448869876 1.1907782242961 1.1087145419325497 1.2112941448869876 1.1497463831143249 1.1702623037052124 1.1087145419325497 1.1497463831143249 1.1702623037052124 1.1497463831143249 1.1497463831143249 1.1292304625234373 1.0266508595689994 0.9651030977963367 1.047166780159887 1.0881986213416621 1.1497463831143249 0 
0 0 0 0 0 0 0 0 0 0 0 0 0 0 0 0 0 0 0 0 0 0 0 0 0 0 

0 0 0 0 0 0 0 0 0 0 0 0 0 0 0 0 0 0 0 0 0 0 0 0 0 0 
0 0.8625234948418988 0.9856190183872243 0.9651030977963367 0.5753006065694727 0.08291851238817073 0.062402591797283156 0.3496254800697093 0.1239503535699459 -0.5325591053384567 -1.2711322466104096 -1.4147436907466227 -0.8608138347926579 -0.040177011157154746 0.5547846859785851 0.5547846859785851 0.3291095594788217 0.041886671206395575 0.2060140359334962 0.5137528447968099 0.5753006065694727 0.5342687653876975 0.6163324477512478 0.9240712566145616 1.1497463831143249 0 
0 0.4316891624332596 0.26756179770615895 -0.34791582002046845 -0.8402979142017704 -0.75823423183822 -0.34791582002046845 -0.6556546288837822 -1.148036723065084 -1.1275208024741965 -0.7992660730199952 -0.12224069352070507 0.6163324477512478 0.5753006065694727 0.3291095594788217 0.2060140359334962 0.49323692420592236 0.8214916536601237 0.8214916536601237 0.657364288933023 0.6778802095239106 0.9651030977963367 1.1702623037052124 1.0881986213416621 0.9240712566145616 0 
0 0.1239503535699459 -0.75823423183822 -0.7172023906564449 -0.5120431847475692 -0.8608138347926579 -1.0659730407015338 -0.9633934377470958 -0.32739989942958087 0.08291851238817073 -0.5735909465202319 -0.5120431847475692 0.28807771829704654 0.3496254800697093 0.6778802095239106 1.0061349389781118 1.0676827007507745 0.9445871772054492 0.6368483683421354 0.7189120507056858 0.8830394154327864 0.8830394154327864 0.6983961301147982 0.6368483683421354 0.657364288933023 0 
0 0.4316891624332596 -0.18378845529336782 0.2265299565243838 -0.019661090566267168 -0.8813297553835455 -0.16327253470248024 -0.06069293174804233 -0.3068839788386933 -1.0659730407015338 -1.5788710554737233 -0.8813297553835455 0.3291095594788217 0.9856190183872243 1.0266508595689994 0.903555336023674 0.7394279712965733 0.5958165271603603 0.6163324477512478 0.5547846859785851 0.5137528447968099 0.5342687653876975 0.6368483683421354 0.7394279712965733 0.8214916536601237 0 
0 -1.004425278928871 -0.6556546288837822 0.041886671206395575 -0.2863680582478057 -0.14275661411159266 -0.3068839788386933 -0.9633934377470958 -1.3121640877921847 -1.4557755319283978 -1.1685526436559717 -0.3889476612022436 0.7189120507056858 0.9445871772054492 0.5958165271603603 0.5137528447968099 0.5342687653876975 0.657364288933023 0.7394279712965733 0.6368483683421354 0.6778802095239106 0.7599438918874609 0.6983961301147982 0.6163324477512478 0.5137528447968099 0 
0 -0.7787501524291076 -0.4915272641566815 -0.2863680582478057 -0.5941068671111195 -1.0864889612924213 -1.2711322466104096 -1.107004881883309 -1.107004881883309 -0.6351387082928946 0.39065732125148445 0.657364288933023 0.657364288933023 0.5547846859785851 0.5958165271603603 0.6778802095239106 0.6778802095239106 0.6778802095239106 0.6163324477512478 0.49323692420592236 0.4727210036150348 0.6368483683421354 0.6163324477512478 0.39065732125148445 0.5342687653876975 0 
0 -0.16327253470248024 0.18549811534260865 -0.6146227877020071 -1.5993869760646109 -1.496807373110173 -1.0864889612924213 -0.47101134356579394 0.2265299565243838 0.7189120507056858 0.5958165271603603 0.6778802095239106 0.8625234948418988 0.8830394154327864 0.657364288933023 0.5137528447968099 0.49323692420592236 0.5753006065694727 0.7394279712965733 0.6368483683421354 0.8830394154327864 0.7394279712965733 0.08291851238817073 -0.22482029647514298 -0.4094635817931312 0 
0 -0.34791582002046845 -1.5993869760646109 -1.9481576261096998 -1.1890685642468592 -0.6761705494746697 0.1239503535699459 0.8830394154327864 0.9856190183872243 0.8830394154327864 0.8625234948418988 0.8214916536601237 0.6163324477512478 0.41117324184237203 0.39065732125148445 0.5137528447968099 0.062402591797283156 0.16498219475172107 -0.3068839788386933 -0.7172023906564449 -0.9428775171562083 -0.6761705494746697 -0.14275661411159266 -0.5120431847475692 -1.6609347378372736 0 
0 -2.1943486732003508 -2.132800911427688 -1.4557755319283978 -0.12224069352070507 0.6983961301147982 0.9240712566145616 0.8420075742510112 0.9445871772054492 0.903555336023674 0.6778802095239106 0.4522050830241472 0.41117324184237203 0.49323692420592236 0.37014140066059686 -0.7377183112473324 -0.9223615965653207 -1.1685526436559717 -0.4915272641566815 0.18549811534260865 -0.7992660730199952 -0.6556546288837822 -1.0249411995197586 -1.4352596113375102 -1.7019665790190488 0 
0 -1.5583551348828357 -0.5325591053384567 0.5958165271603603 0.9856190183872243 0.9856190183872243 1.0061349389781118 1.0061349389781118 0.8009757330692361 0.49323692420592236 0.37014140066059686 0.3496254800697093 0.5753006065694727 0.6368483683421354 -0.6966864700655573 -0.5325591053384567 0.10343443297905831 -0.7787501524291076 0.021370750615507993 0.18549811534260865 -0.7992660730199952 -1.7840302613825991 -1.4147436907466227 0.041886671206395575 -0.4299795023840188 0 
0 0.49323692420592236 0.9856190183872243 0.9856190183872243 1.0061349389781118 0.903555336023674 0.7189120507056858 0.6983961301147982 0.5547846859785851 0.4522050830241472 0.5547846859785851 0.5958165271603603 0.7189120507056858 -0.019661090566267168 -0.3889476612022436 -0.5120431847475692 -0.8197819936108828 -0.6351387082928946 -1.148036723065084 -2.0097053878823625 -1.6814506584281612 -1.6609347378372736 -0.5325591053384567 0.021370750615507993 -0.06069293174804233 0 
0 0.903555336023674 0.8830394154327864 0.9240712566145616 0.8625234948418988 0.6983961301147982 0.6778802095239106 0.49323692420592236 0.3291095594788217 0.4316891624332596 0.000854830024620413 -0.08120885233892991 -0.24533621706603057 -0.5735909465202319 -0.18378845529336782 1.293357827250538 0.657364288933023 -1.5788710554737233 -1.6609347378372736 -1.5788710554737233 -1.3121640877921847 -1.2095844848377468 -0.4915272641566815 -0.12224069352070507 0.18549811534260865 0 
0 0.7804598124783485 0.8625234948418988 0.8214916536601237 0.6983961301147982 0.5137528447968099 0.5342687653876975 0.49323692420592236 0.28807771829704654 -0.16327253470248024 -0.08120885233892991 -0.08120885233892991 -0.019661090566267168 -0.6351387082928946 -0.75823423183822 0.5342687653876975 0.08291851238817073 -0.7377183112473324 -1.0454571201106462 -0.6761705494746697 -0.6966864700655573 -1.394227770155735 -1.742998420200824 0.5753006065694727 0.4522050830241472 0 
0 0.5753006065694727 0.5958165271603603 0.6163324477512478 0.41117324184237203 0.657364288933023 0.7394279712965733 0.26756179770615895 -0.7992660730199952 -0.4915272641566815 -1.0659730407015338 -1.742998420200824 -1.4557755319283978 -1.7224824996099364 -0.45049542297490636 -0.10172477292981749 0.062402591797283156 -0.10172477292981749 -0.8608138347926579 -1.5583551348828357 -2.2558964349730135 -2.584151164427215 -2.420023799700114 -1.742998420200824 -0.75823423183822 0 
0 0.5753006065694727 0.3085936388879341 0.2265299565243838 0.5342687653876975 0.5958165271603603 0.49323692420592236 -0.7172023906564449 -1.4762914525192854 -1.8045461819734867 -0.2043043758842554 -0.75823423183822 -1.7840302613825991 -1.0864889612924213 -0.6556546288837822 0.4727210036150348 -0.12224069352070507 -1.7840302613825991 -2.420023799700114 -2.5636352438363272 -2.1533168320185756 -1.1275208024741965 0.08291851238817073 1.0676827007507745 1.7241921596591772 0 
0 0.37014140066059686 0.3085936388879341 0.4727210036150348 0.3085936388879341 0.16498219475172107 0.49323692420592236 -1.250616326019522 -1.8045461819734867 -1.2916481672012972 0.2265299565243838 0.000854830024620413 -1.4762914525192854 -0.75823423183822 -1.394227770155735 -2.0097053878823625 -2.420023799700114 -2.4405397202910017 -1.8045461819734867 -0.6761705494746697 0.657364288933023 1.6010966361138517 1.7447080802500647 1.334389668432313 0.8009757330692361 0 
0 0.3291095594788217 0.26756179770615895 0.16498219475172107 0.08291851238817073 0.18549811534260865 -0.6146227877020071 -1.9276417055188122 -2.0097053878823625 -1.0659730407015338 -0.47101134356579394 -0.4094635817931312 -1.2916481672012972 -2.3174441967456763 -2.5020874820636645 -2.1943486732003508 -1.3737118495648475 -0.16327253470248024 1.0266508595689994 1.7447080802500647 1.580580715522964 1.0266508595689994 0.7189120507056858 0.6368483683421354 0.5342687653876975 0 
0 0.1239503535699459 0.08291851238817073 0.062402591797283156 0.062402591797283156 -0.06069293174804233 -1.5583551348828357 -2.1943486732003508 -2.1533168320185756 -1.5788710554737233 0.4727210036150348 0.9445871772054492 -1.9686735467005874 -1.9071257849279246 -0.8813297553835455 0.3496254800697093 1.436969271386751 1.826771762613615 1.4574851919776386 0.8625234948418988 0.5753006065694727 0.7189120507056858 0.6983961301147982 0.6778802095239106 0.5137528447968099 0 
0 0.041886671206395575 0.062402591797283156 0.10343443297905831 0.1239503535699459 0.16498219475172107 -0.45049542297490636 -2.173832752609463 -2.3584760379274514 -2.4610556408818893 -1.3121640877921847 -0.5120431847475692 -0.6761705494746697 0.8214916536601237 1.6216125567047392 1.826771762613615 1.3138737478414255 0.7394279712965733 0.6163324477512478 0.7189120507056858 0.8009757330692361 0.657364288933023 0.41117324184237203 0.4522050830241472 0.4316891624332596 0 
0 0.10343443297905831 0.10343443297905831 0.041886671206395575 -0.06069293174804233 -0.12224069352070507 -1.1890685642468592 -2.03022130847325 -1.7635143407917115 -1.0659730407015338 -0.18378845529336782 1.1292304625234373 1.929351365568053 1.78573992143184 1.293357827250538 0.8009757330692361 0.5547846859785851 0.7189120507056858 0.7599438918874609 0.6163324477512478 0.5753006065694727 0.49323692420592236 0.4522050830241472 0.39065732125148445 0.4522050830241472 0 
0 0.021370750615507993 -0.08120885233892991 -0.08120885233892991 -0.040177011157154746 -0.08120885233892991 -0.6761705494746697 -0.34791582002046845 0.5342687653876975 1.5600647949320765 2.031930968522491 1.7241921596591772 1.2112941448869876 0.7599438918874609 0.5137528447968099 0.5753006065694727 0.6778802095239106 0.5342687653876975 0.39065732125148445 0.4316891624332596 0.5958165271603603 0.6368483683421354 0.6163324477512478 0.5547846859785851 0.41117324184237203 0 
0 -0.06069293174804233 0.000854830024620413 -0.08120885233892991 -0.18378845529336782 0.021370750615507993 0.6983961301147982 1.334389668432313 1.683160318477402 1.6216125567047392 1.0266508595689994 0.5342687653876975 0.49323692420592236 0.3496254800697093 0.41117324184237203 0.49323692420592236 0.4522050830241472 0.3291095594788217 0.5342687653876975 0.6163324477512478 0.4522050830241472 0.657364288933023 0.6983961301147982 0.5753006065694727 0.41117324184237203 0 
0 -0.12224069352070507 -0.16327253470248024 0.16498219475172107 0.8625234948418988 1.4574851919776386 1.580580715522964 1.1497463831143249 0.8009757330692361 0.5547846859785851 0.28807771829704654 0.37014140066059686 0.41117324184237203 0.4522050830241472 0.49323692420592236 0.5958165271603603 0.5547846859785851 0.4522050830241472 0.39065732125148445 0.3496254800697093 0.3085936388879341 0.5547846859785851 0.6163324477512478 0.5342687653876975 0.4522050830241472 0 
0 0.3496254800697093 1.047166780159887 1.580580715522964 1.5600647949320765 1.1292304625234373 0.6368483683421354 0.49323692420592236 0.5753006065694727 0.5342687653876975 0.49323692420592236 0.657364288933023 0.5342687653876975 0.5137528447968099 0.4316891624332596 0.4522050830241472 0.6163324477512478 0.6163324477512478 0.5342687653876975 0.49323692420592236 0.4316891624332596 0.41117324184237203 0.4727210036150348 0.4727210036150348 0.5342687653876975 0 
0 0 0 0 0 0 0 0 0 0 0 0 0 0 0 0 0 0 0 0 0 0 0 0 0 0 

0 0 0 0 0 0 0 0 0 0 0 0 0 0 0 0 0 0 0 0 0 0 0 0 0 0 
0 0.6368483683421354 0.6368483683421354 0.6778802095239106 0.24704587711527137 -0.34791582002046845 -0.5941068671111195 -0.5325591053384567 -0.5735909465202319 -1.0454571201106462 -1.7224824996099364 -1.989189467291475 -1.5378392142919481 -0.8197819936108828 -0.34791582002046845 -0.12224069352070507 -0.019661090566267168 -0.019661090566267168 0.16498219475172107 0.41117324184237203 0.5137528447968099 0.49323692420592236 0.49323692420592236 0.6778802095239106 0.903555336023674 0 
0 0.28807771829704654 0.3496254800697093 -0.24533621706603057 -0.8813297553835455 -0.8608138347926579 -0.7992660730199952 -1.0454571201106462 -1.2301004054286344 -1.3326800083830723 -1.2711322466104096 -0.9018456759744331 -0.22482029647514298 -0.08120885233892991 0.10343443297905831 0.041886671206395575 0.1239503535699459 0.39065732125148445 0.5342687653876975 0.41117324184237203 0.49323692420592236 0.6778802095239106 0.8625234948418988 0.7599438918874609 0.5753006065694727 0 
0 0.1239503535699459 -0.8813297553835455 -1.0864889612924213 -0.9018456759744331 -1.107004881883309 -1.148036723065084 -1.004425278928871 -0.5120431847475692 -0.22482029647514298 -0.8197819936108828 -0.7992660730199952 -0.06069293174804233 0.062402591797283156 0.16498219475172107 0.39065732125148445 0.5137528447968099 0.37014140066059686 0.10343443297905831 0.3085936388879341 0.4316891624332596 0.26756179770615895 -0.040177011157154746 -0.2658521376569181 -0.2658521376569181 0 
0 0.000854830024620413 -0.6556546288837822 -0.14275661411159266 -0.2658521376569181 -0.9633934377470958 -0.2658521376569181 -0.32739989942958087 -0.4915272641566815 -1.148036723065084 -1.640418817246386 -0.9839093583379834 -0.18378845529336782 0.3496254800697093 0.4316891624332596 0.3496254800697093 0.1239503535699459 -0.019661090566267168 -0.10172477292981749 -0.32739989942958087 -0.5735909465202319 -0.6761705494746697 -0.5530750259293443 -0.32739989942958087 -0.24533621706603057 0 
0 -1.1890685642468592 -0.8197819936108828 -0.06069293174804233 -0.4299795023840188 -0.36843174061135603 -0.5325591053384567 -1.0659730407015338 -1.4147436907466227 -1.5378392142919481 -1.3737118495648475 -0.75823423183822 0.08291851238817073 0.3085936388879341 -0.10172477292981749 -0.3068839788386933 -0.4094635817931312 -0.4094635817931312 -0.4094635817931312 -0.5120431847475692 -0.4094635817931312 -0.2658521376569181 -0.3068839788386933 -0.47101134356579394 -0.5120431847475692 0 
0 -0.8608138347926579 -0.6556546288837822 -0.5120431847475692 -0.75823423183822 -1.1685526436559717 -1.3326800083830723 -1.1890685642468592 -1.2095844848377468 -0.8402979142017704 -0.16327253470248024 -0.019661090566267168 -0.06069293174804233 -0.18378845529336782 -0.18378845529336782 -0.18378845529336782 -0.3889476612022436 -0.5120431847475692 -0.5530750259293443 -0.5325591053384567 -0.5735909465202319 -0.36843174061135603 -0.18378845529336782 -0.08120885233892991 0.021370750615507993 0 
0 -0.4299795023840188 -0.08120885233892991 -0.75823423183822 -1.6814506584281612 -1.5993869760646109 -1.250616326019522 -0.7787501524291076 -0.32739989942958087 0.000854830024620413 -0.18378845529336782 -0.08120885233892991 0.021370750615507993 -0.10172477292981749 -0.3889476612022436 -0.6761705494746697 -0.5530750259293443 -0.32739989942958087 0.021370750615507993 0.1444662741608335 0.6778802095239106 0.9856190183872243 0.9651030977963367 1.1292304625234373 1.047166780159887 0 
0 -0.5325591053384567 -1.640418817246386 -1.989189467291475 -1.3121640877921847 -0.9839093583379834 -0.4915272641566815 0.1239503535699459 0.24704587711527137 0.062402591797283156 0.000854830024620413 -0.14275661411159266 -0.4915272641566815 -0.7172023906564449 -0.8197819936108828 0.1444662741608335 1.1087145419325497 1.1497463831143249 1.0266508595689994 1.0266508595689994 0.28807771829704654 0.6163324477512478 1.683160318477402 1.8062558420227275 0.5958165271603603 0 
0 -2.2148645937912383 -2.091769070245913 -1.6609347378372736 -0.6761705494746697 -0.019661090566267168 0.1239503535699459 0.1444662741608335 0.18549811534260865 0.10343443297905831 -0.3068839788386933 -0.7377183112473324 -0.6761705494746697 -0.5941068671111195 0.3496254800697093 0.41117324184237203 -0.2658521376569181 -1.0249411995197586 0.4727210036150348 2.1139946508860414 1.0881986213416621 1.3959374302049758 0.8830394154327864 -0.6761705494746697 -1.0454571201106462 0 
0 -1.6609347378372736 -0.9633934377470958 -0.16327253470248024 0.1444662741608335 0.18549811534260865 0.24704587711527137 0.1444662741608335 -0.12224069352070507 -0.5735909465202319 -0.6146227877020071 -0.5735909465202319 -0.4299795023840188 0.3085936388879341 0.49323692420592236 -0.08120885233892991 0.4727210036150348 -0.6351387082928946 0.7189120507056858 1.293357827250538 0.7804598124783485 -0.5735909465202319 -1.250616326019522 -0.10172477292981749 -0.5941068671111195 0 
0 -0.2863680582478057 0.1444662741608335 0.18549811534260865 0.24704587711527137 0.062402591797283156 -0.24533621706603057 -0.16327253470248024 -0.32739989942958087 -0.4915272641566815 -0.5735909465202319 -0.4915272641566815 0.3085936388879341 0.9240712566145616 0.08291851238817073 -0.08120885233892991 0.08291851238817073 0.39065732125148445 -0.3068839788386933 -1.3121640877921847 -1.1685526436559717 -1.3326800083830723 -0.6351387082928946 -0.2658521376569181 -0.22482029647514298 0 
0 0.1444662741608335 0.08291851238817073 0.10343443297905831 0.041886671206395575 -0.2863680582478057 -0.3068839788386933 -0.34791582002046845 -0.6966864700655573 -0.4915272641566815 0.08291851238817073 0.6368483683421354 0.9445871772054492 0.37014140066059686 0.39065732125148445 1.5190329537503013 1.2523259860687628 -0.4299795023840188 -0.5941068671111195 -0.7172023906564449 -0.8402979142017704 -0.9428775171562083 -0.6146227877020071 -0.18378845529336782 0.3291095594788217 0 
0 0.000854830024620413 0.10343443297905831 0.021370750615507993 -0.2043043758842554 -0.32739989942958087 -0.34791582002046845 -0.5735909465202319 -0.2863680582478057 0.7804598124783485 1.3959374302049758 1.6421284772956268 1.2112941448869876 0.37014140066059686 0.10343443297905831 0.5753006065694727 0.021370750615507993 -0.2658521376569181 -0.5941068671111195 -0.4299795023840188 -0.5735909465202319 -1.4147436907466227 -1.6199028966554985 0.7599438918874609 0.41117324184237203 0 
0 -0.2658521376569181 -0.22482029647514298 -0.16327253470248024 -0.4299795023840188 -0.16327253470248024 -0.2658521376569181 -0.040177011157154746 0.5137528447968099 1.1497463831143249 0.10343443297905831 -0.8197819936108828 -0.8608138347926579 -1.148036723065084 -0.18378845529336782 -0.16327253470248024 0.1239503535699459 -0.019661090566267168 -0.7787501524291076 -1.4762914525192854 -2.1533168320185756 -2.5431193232454397 -2.4405397202910017 -1.6814506584281612 -0.75823423183822 0 
0 -0.24533621706603057 -0.5325591053384567 -0.6761705494746697 -0.45049542297490636 -0.3889476612022436 -0.10172477292981749 0.10343443297905831 0.10343443297905831 -0.9839093583379834 -0.2658521376569181 -0.9223615965653207 -1.5583551348828357 -0.7992660730199952 -0.2658521376569181 0.657364288933023 0.10343443297905831 -1.5993869760646109 -2.276412355563901 -2.522603402654552 -2.173832752609463 -1.1685526436559717 -0.019661090566267168 0.8830394154327864 1.1702623037052124 0 
0 -0.5530750259293443 -0.7377183112473324 -0.3068839788386933 -0.14275661411159266 0.08291851238817073 1.047166780159887 -0.2043043758842554 -1.1685526436559717 -1.35319592897396 0.041886671206395575 -0.22482029647514298 -1.4352596113375102 -0.7172023906564449 -1.2711322466104096 -1.8660939437461495 -2.3174441967456763 -2.420023799700114 -1.8250621025643743 -0.7172023906564449 0.5753006065694727 1.2728419066596504 1.1087145419325497 0.4316891624332596 -0.2043043758842554 0 
0 -0.4094635817931312 -0.019661090566267168 0.1444662741608335 0.062402591797283156 0.4727210036150348 0.3291095594788217 -1.394227770155735 -1.742998420200824 -1.1275208024741965 -0.6556546288837822 -0.47101134356579394 -1.2916481672012972 -2.1943486732003508 -2.4610556408818893 -2.1533168320185756 -1.394227770155735 -0.2658521376569181 0.8214916536601237 1.334389668432313 0.8420075742510112 0.021370750615507993 -0.36843174061135603 -0.45049542297490636 -0.5120431847475692 0 
0 0.1239503535699459 0.1444662741608335 0.08291851238817073 0.041886671206395575 0.021370750615507993 -1.4557755319283978 -2.0712531496550253 -2.0097053878823625 -1.5788710554737233 0.5753006065694727 0.9856190183872243 -1.9276417055188122 -1.9481576261096998 -0.9018456759744331 0.24704587711527137 1.1702623037052124 1.3754215096140883 0.6778802095239106 -0.24533621706603057 -0.6351387082928946 -0.47101134356579394 -0.47101134356579394 -0.4299795023840188 -0.5325591053384567 0 
0 0.021370750615507993 0.000854830024620413 0.062402591797283156 0.08291851238817073 0.10343443297905831 -0.47101134356579394 -2.03022130847325 -2.276412355563901 -2.420023799700114 -1.2711322466104096 -0.5530750259293443 -0.7172023906564449 0.657364288933023 1.3138737478414255 1.334389668432313 0.4727210036150348 -0.4094635817931312 -0.6351387082928946 -0.45049542297490636 -0.24533621706603057 -0.4094635817931312 -0.6351387082928946 -0.6146227877020071 -0.6146227877020071 0 
0 0.041886671206395575 0.1239503535699459 0.041886671206395575 -0.08120885233892991 -0.08120885233892991 -1.107004881883309 -1.9276417055188122 -1.742998420200824 -1.1275208024741965 -0.3068839788386933 0.9651030977963367 1.6216125567047392 1.3138737478414255 0.4727210036150348 -0.12224069352070507 -0.4915272641566815 -0.3889476612022436 -0.2863680582478057 -0.4299795023840188 -0.5735909465202319 -0.6966864700655573 -0.5941068671111195 -0.5941068671111195 -0.5735909465202319 0 
0 0.000854830024620413 -0.10172477292981749 -0.06069293174804233 -0.019661090566267168 -0.06069293174804233 -0.6351387082928946 -0.4299795023840188 0.37014140066059686 1.3959374302049758 1.683160318477402 1.0676827007507745 0.37014140066059686 -0.16327253470248024 -0.4094635817931312 -0.4094635817931312 -0.36843174061135603 -0.4915272641566815 -0.6146227877020071 -0.5941068671111195 -0.45049542297490636 -0.4094635817931312 -0.3889476612022436 -0.4299795023840188 -0.5941068671111195 0 
0 -0.040177011157154746 -0.019661090566267168 -0.08120885233892991 -0.14275661411159266 -0.06069293174804233 0.49323692420592236 1.047166780159887 1.1907782242961 1.0061349389781118 0.2265299565243838 -0.47101134356579394 -0.5941068671111195 -0.6556546288837822 -0.5735909465202319 -0.5735909465202319 -0.5941068671111195 -0.6351387082928946 -0.4299795023840188 -0.4299795023840188 -0.5941068671111195 -0.3889476612022436 -0.34791582002046845 -0.47101134356579394 -0.5941068671111195 0 
0 -0.08120885233892991 -0.16327253470248024 0.062402591797283156 0.6778802095239106 1.1087145419325497 1.0061349389781118 0.3291095594788217 -0.16327253470248024 -0.4299795023840188 -0.7377183112473324 -0.6966864700655573 -0.6556546288837822 -0.5530750259293443 -0.5325591053384567 -0.4094635817931312 -0.45049542297490636 -0.5120431847475692 -0.6351387082928946 -0.7172023906564449 -0.6966864700655573 -0.4094635817931312 -0.32739989942958087 -0.3889476612022436 -0.4299795023840188 0 
0 0.2265299565243838 0.8214916536601237 1.2318100654778752 1.0061349389781118 0.3085936388879341 -0.3889476612022436 -0.6351387082928946 -0.5120431847475692 -0.4915272641566815 -0.5120431847475692 -0.4299795023840188 -0.5325591053384567 -0.4299795023840188 -0.4915272641566815 -0.47101134356579394 -0.4299795023840188 -0.4094635817931312 -0.4299795023840188 -0.45049542297490636 -0.4915272641566815 -0.45049542297490636 -0.36843174061135603 -0.3068839788386933 -0.3068839788386933 0 
0 0 0 0 0 0 0 0 0 0 0 0 0 0 0 0 0 0 0 0 0 0 0 0 0 0 

