0 0 0 0 0 0 0 0 0 0 0 0 0 0 0 0 0 0 0 0 0 0 0 0 0 0 
0 -0.10900986348541343 -0.13496316248001164 -0.13496316248001164 -0.16091646147460986 -0.16091646147460986 -0.16091646147460986 -0.18686976046920806 -0.16091646147460986 -0.18686976046920806 -0.21282305946380628 -0.16091646147460986 -0.21282305946380628 -0.23877635845840448 -0.13496316248001164 -0.05710326549621702 -0.031149966501618807 0.07266322947677403 0.2024297244497651 0.3062429204281579 0.43600941540114896 0.5138693123849436 0.5917292093687382 0.6176825083633364 0.6176825083633364 0 
0 -0.0051966675070205985 -0.10900986348541343 -0.13496316248001164 -0.16091646147460986 -0.16091646147460986 -0.13496316248001164 -0.13496316248001164 -0.10900986348541343 -0.08305656449081522 -0.031149966501618807 -0.05710326549621702 -0.031149966501618807 0.12456982746597045 0.09861652847137224 0.12456982746597045 0.15052312646056865 0.2283830234443633 0.3581495184173543 0.5138693123849436 0.5917292093687382 0.6436358073579347 0.6955424053471311 0.6955424053471311 0.7214957043417293 0 
0 0.12456982746597045 0.02075663148757761 -0.031149966501618807 -0.05710326549621702 -0.08305656449081522 -0.05710326549621702 -0.05710326549621702 -0.031149966501618807 0.02075663148757761 0.15052312646056865 -0.031149966501618807 -0.5761692453881813 -0.550215946393583 0.046709930482175824 0.3581495184173543 0.3581495184173543 0.41005611640655076 0.4879160133903454 0.56577591037414 0.6176825083633364 0.6955424053471311 0.7474490033363275 0.7214957043417293 0.6955424053471311 0 
0 0.41005611640655076 0.3062429204281579 0.28028962143355973 0.2543363224389615 0.2024297244497651 0.17647642545516687 0.17647642545516687 0.2283830234443633 0.28028962143355973 0.41005611640655076 0.15052312646056865 -1.1990484212585382 -0.8876088333233597 0.2543363224389615 0.5398226113795418 0.5138693123849436 0.5138693123849436 0.5138693123849436 0.5138693123849436 0.5138693123849436 0.5917292093687382 0.6436358073579347 0.6436358073579347 0.6176825083633364 0 
0 0.4879160133903454 0.43600941540114896 0.41005611640655076 0.3581495184173543 0.3062429204281579 0.2543363224389615 0.2024297244497651 0.07266322947677403 -0.031149966501618807 -0.13496316248001164 -0.23877635845840448 -0.8097489363395651 -0.39449615242599373 0.4879160133903454 0.5398226113795418 0.46196271439574715 0.41005611640655076 0.3581495184173543 0.3581495184173543 0.3321962194227561 0.3321962194227561 0.41005611640655076 0.43600941540114896 0.4879160133903454 0 
0 0.3581495184173543 0.15052312646056865 -0.0051966675070205985 0.3062429204281579 0.2543363224389615 0.2543363224389615 -0.031149966501618807 -0.7059357403611722 -1.17309512226394 -1.17309512226394 -1.406674813215324 -1.6402545041667078 -1.6662078031613061 -1.2250017202531365 -0.9395154313125561 -0.47235604940978837 -0.2647296574530027 0.046709930482175824 0.2024297244497651 0.17647642545516687 0.15052312646056865 0.2543363224389615 0.28028962143355973 0.28028962143355973 0 
0 0.28028962143355973 -1.0952352252801454 -1.3547682152261276 0.15052312646056865 0.09861652847137224 0.046709930482175824 -0.031149966501618807 -0.18686976046920806 -0.49830934840438657 -0.36854285343139553 -0.16091646147460986 -0.6540291423719758 -1.2250017202531365 -1.3028616172369312 -1.17309512226394 -1.0173753282963507 -1.1471418232693418 -0.18686976046920806 0.2283830234443633 0.2543363224389615 0.2543363224389615 0.38410281741195257 0.46196271439574715 0.3581495184173543 0 
0 -0.10900986348541343 -1.5104880091937167 -1.3288149162315293 -0.0051966675070205985 0.3321962194227561 0.3581495184173543 0.5138693123849436 0.6436358073579347 -0.2647296574530027 -0.5242626473989848 0.3062429204281579 -0.8876088333233597 -2.5745732679722435 -1.3028616172369312 0.12456982746597045 -0.8097489363395651 -0.10900986348541343 0.3581495184173543 0.3581495184173543 0.5138693123849436 0.6436358073579347 0.7734023023309257 0.6695891063525329 0.5138693123849436 0 
0 -0.2906829564476009 -1.7440677001451006 -1.5104880091937167 -1.1990484212585382 0.2024297244497651 0.6695891063525329 0.6695891063525329 0.28028962143355973 -0.6021225443827795 -0.550215946393583 -0.21282305946380628 -1.770020999139699 -3.2234057428371985 -2.289086979031663 -2.029553989085681 -2.029553989085681 0.3062429204281579 0.5398226113795418 0.46196271439574715 0.4879160133903454 0.6436358073579347 0.7993556013255239 0.56577591037414 0.43600941540114896 0 
0 0.17647642545516687 -1.2250017202531365 -1.9516940921018864 -2.652433164956038 -1.536441308188315 -1.0692819262855473 -1.1211885242747437 -1.432628112209922 -1.795974298134297 -1.8219275971288953 -2.055507288080279 -2.8600595569128235 -3.0936392478642074 -2.91196615490202 -3.0936392478642074 -2.159320484058672 0.3062429204281579 0.5917292093687382 0.5398226113795418 0.56577591037414 0.5917292093687382 0.6436358073579347 0.5398226113795418 0.5138693123849436 0 
0 1.448188076190479 0.8253089003201222 -0.9135621323179579 -1.6402545041667078 -1.2250017202531365 -1.0173753282963507 -0.7837956373449669 -1.0692819262855473 -1.432628112209922 -2.055507288080279 -2.3150402780262613 -2.4967133709884486 -2.7043397629452346 -2.8341062579182252 -1.8738341951180917 -0.9135621323179579 0.41005611640655076 0.56577591037414 0.56577591037414 0.6176825083633364 0.6695891063525329 0.5917292093687382 0.4879160133903454 0.5138693123849436 0 
0 1.9932073550770415 1.5000946741796755 -0.23877635845840448 -0.9654687303071543 -0.49830934840438657 -0.05710326549621702 -0.08305656449081522 -0.5242626473989848 -0.8616555343287615 -1.432628112209922 -1.5883479061775114 -1.8478808961234934 -2.0036006900910825 -1.406674813215324 0.046709930482175824 0.5398226113795418 0.4879160133903454 0.5138693123849436 0.4879160133903454 0.5398226113795418 0.6436358073579347 0.6176825083633364 0.46196271439574715 0.46196271439574715 0 
0 1.3443748802120863 0.8253089003201222 -0.23877635845840448 -0.5761692453881813 -0.2906829564476009 -0.13496316248001164 -0.16091646147460986 -0.3166362554421991 -0.08305656449081522 -0.420449451420592 -0.34258955443679734 -2.055507288080279 -2.3150402780262613 -1.3547682152261276 -1.6921611021559042 0.41005611640655076 0.46196271439574715 0.41005611640655076 0.43600941540114896 0.5138693123849436 0.5138693123849436 0.5138693123849436 0.43600941540114896 0.4879160133903454 0 
0 0.6695891063525329 0.43600941540114896 0.28028962143355973 0.4879160133903454 0.7214957043417293 0.6695891063525329 0.6436358073579347 0.6436358073579347 0.6436358073579347 0.46196271439574715 0.56577591037414 -1.3807215142207256 -1.7440677001451006 -1.6662078031613061 -2.4448067729992524 0.15052312646056865 0.38410281741195257 0.3581495184173543 0.41005611640655076 0.43600941540114896 0.46196271439574715 0.5138693123849436 0.43600941540114896 0.4879160133903454 0 
0 0.7214957043417293 0.6436358073579347 0.7474490033363275 0.7993556013255239 0.7993556013255239 0.7734023023309257 0.7734023023309257 0.7214957043417293 0.5917292093687382 0.5398226113795418 0.56577591037414 0.2283830234443633 0.12456982746597045 -0.21282305946380628 -0.5242626473989848 0.3062429204281579 0.3321962194227561 0.38410281741195257 0.41005611640655076 0.3321962194227561 0.43600941540114896 0.5917292093687382 0.46196271439574715 0.5917292093687382 0 
0 0.6176825083633364 0.6176825083633364 0.6436358073579347 0.6436358073579347 0.6695891063525329 0.6955424053471311 0.7474490033363275 0.6436358073579347 0.56577591037414 0.5398226113795418 0.4879160133903454 0.38410281741195257 0.3062429204281579 0.3581495184173543 0.43600941540114896 0.41005611640655076 0.38410281741195257 0.3581495184173543 0.3581495184173543 0.3321962194227561 0.46196271439574715 0.5138693123849436 0.43600941540114896 0.7474490033363275 0 
0 0.5398226113795418 0.5138693123849436 0.5398226113795418 0.56577591037414 0.5917292093687382 0.6436358073579347 0.6176825083633364 0.4879160133903454 0.4879160133903454 0.43600941540114896 0.38410281741195257 0.28028962143355973 0.2543363224389615 0.3321962194227561 0.38410281741195257 0.43600941540114896 0.41005611640655076 0.38410281741195257 0.3062429204281579 0.3321962194227561 0.4879160133903454 0.43600941540114896 0.43600941540114896 0.7474490033363275 0 
0 0.43600941540114896 0.41005611640655076 0.5138693123849436 0.5398226113795418 0.46196271439574715 0.4879160133903454 0.43600941540114896 0.38410281741195257 0.3062429204281579 0.28028962143355973 0.3062429204281579 0.3321962194227561 0.3321962194227561 0.3321962194227561 0.38410281741195257 0.41005611640655076 0.5138693123849436 0.5138693123849436 0.41005611640655076 0.3581495184173543 0.46196271439574715 0.43600941540114896 0.46196271439574715 0.5917292093687382 0 
0 0.3321962194227561 0.3581495184173543 0.4879160133903454 0.5398226113795418 0.38410281741195257 0.3321962194227561 0.3062429204281579 0.28028962143355973 0.2024297244497651 0.2283830234443633 0.38410281741195257 0.5398226113795418 0.56577591037414 0.4879160133903454 0.46196271439574715 0.43600941540114896 0.46196271439574715 0.5138693123849436 0.46196271439574715 0.41005611640655076 0.38410281741195257 0.3321962194227561 0.3321962194227561 0.43600941540114896 0 
0 0.28028962143355973 0.3062429204281579 0.3581495184173543 0.43600941540114896 0.28028962143355973 0.17647642545516687 0.17647642545516687 0.17647642545516687 0.17647642545516687 0.2283830234443633 0.43600941540114896 0.6176825083633364 0.6176825083633364 0.5138693123849436 0.46196271439574715 0.43600941540114896 0.46196271439574715 0.43600941540114896 0.41005611640655076 0.38410281741195257 0.3062429204281579 0.2283830234443633 0.2283830234443633 0.3062429204281579 0 
0 0.2024297244497651 0.17647642545516687 0.15052312646056865 0.17647642545516687 0.07266322947677403 0.046709930482175824 0.09861652847137224 0.12456982746597045 0.17647642545516687 0.2543363224389615 0.38410281741195257 0.46196271439574715 0.46196271439574715 0.41005611640655076 0.3581495184173543 0.3581495184173543 0.3581495184173543 0.3321962194227561 0.3321962194227561 0.28028962143355973 0.2283830234443633 0.2543363224389615 0.2283830234443633 0.2024297244497651 0 
0 0.17647642545516687 0.12456982746597045 0.09861652847137224 0.09861652847137224 0.046709930482175824 0.12456982746597045 0.17647642545516687 0.17647642545516687 0.2024297244497651 0.2024297244497651 0.2543363224389615 0.28028962143355973 0.28028962143355973 0.28028962143355973 0.2543363224389615 0.2283830234443633 0.2283830234443633 0.2543363224389615 0.2543363224389615 0.2024297244497651 0.2024297244497651 0.2543363224389615 0.2543363224389615 0.2543363224389615 0 
0 0.2283830234443633 0.2024297244497651 0.2024297244497651 0.2543363224389615 0.28028962143355973 0.3581495184173543 0.43600941540114896 0.41005611640655076 0.3321962194227561 0.28028962143355973 0.28028962143355973 0.28028962143355973 0.28028962143355973 0.3062429204281579 0.3062429204281579 0.3062429204281579 0.3321962194227561 0.3321962194227561 0.28028962143355973 0.2024297244497651 0.2283830234443633 0.2283830234443633 0.2543363224389615 0.3321962194227561 0 
0 0.28028962143355973 0.2283830234443633 0.28028962143355973 0.3321962194227561 0.38410281741195257 0.43600941540114896 0.43600941540114896 0.41005611640655076 0.41005611640655076 0.43600941540114896 0.46196271439574715 0.46196271439574715 0.46196271439574715 0.5138693123849436 0.5398226113795418 0.5138693123849436 0.5398226113795418 0.5398226113795418 0.4879160133903454 0.43600941540114896 0.43600941540114896 0.41005611640655076 0.3321962194227561 0.3581495184173543 0 
0 0 0 0 0 0 0 0 0 0 0 0 0 0 0 0 0 0 0 0 0 0 0 0 0 0 

0 0 0 0 0 0 0 0 0 0 0 0 0 0 0 0 0 0 0 0 0 0 0 0 0 0 
0 0.3062429204281579 0.28028962143355973 0.2543363224389615 0.2283830234443633 0.2283830234443633 0.2283830234443633 0.2024297244497651 0.2283830234443633 0.2283830234443633 0.2543363224389615 0.2543363224389615 0.2024297244497651 0.17647642545516687 0.2543363224389615 0.3321962194227561 0.38410281741195257 0.41005611640655076 0.46196271439574715 0.5138693123849436 0.5917292093687382 0.6695891063525329 0.6955424053471311 0.7214957043417293 0.7474490033363275 0 
0 0.3321962194227561 0.28028962143355973 0.2543363224389615 0.2283830234443633 0.2283830234443633 0.2543363224389615 0.2543363224389615 0.28028962143355973 0.28028962143355973 0.3062429204281579 0.2543363224389615 0.3321962194227561 0.46196271439574715 0.38410281741195257 0.38410281741195257 0.41005611640655076 0.46196271439574715 0.5398226113795418 0.5917292093687382 0.6436358073579347 0.7214957043417293 0.7474490033363275 0.7214957043417293 0.7474490033363275 0 
0 0.38410281741195257 0.3321962194227561 0.3321962194227561 0.3062429204281579 0.28028962143355973 0.28028962143355973 0.3321962194227561 0.3581495184173543 0.3321962194227561 0.41005611640655076 0.17647642545516687 -0.47235604940978837 -0.39449615242599373 0.17647642545516687 0.5398226113795418 0.5138693123849436 0.5398226113795418 0.56577591037414 0.6176825083633364 0.6695891063525329 0.7474490033363275 0.7734023023309257 0.7734023023309257 0.7474490033363275 0 
0 0.4879160133903454 0.46196271439574715 0.46196271439574715 0.4879160133903454 0.43600941540114896 0.41005611640655076 0.41005611640655076 0.46196271439574715 0.5138693123849436 0.6176825083633364 0.17647642545516687 -1.536441308188315 -0.9654687303071543 0.3321962194227561 0.6436358073579347 0.6176825083633364 0.56577591037414 0.56577591037414 0.5917292093687382 0.6176825083633364 0.6695891063525329 0.6955424053471311 0.6955424053471311 0.6695891063525329 0 
0 0.56577591037414 0.5917292093687382 0.56577591037414 0.5138693123849436 0.5138693123849436 0.5138693123849436 0.3581495184173543 -0.10900986348541343 -0.550215946393583 -0.550215946393583 -0.679982441366574 -1.2250017202531365 -0.5242626473989848 0.4879160133903454 0.5398226113795418 0.5917292093687382 0.5917292093687382 0.5398226113795418 0.5398226113795418 0.5398226113795418 0.56577591037414 0.56577591037414 0.56577591037414 0.6176825083633364 0 
0 0.6176825083633364 0.09861652847137224 -0.05710326549621702 0.5917292093687382 0.43600941540114896 0.46196271439574715 -0.23877635845840448 -1.5883479061775114 -2.3150402780262613 -2.4448067729992524 -2.4967133709884486 -2.5745732679722435 -2.6264798659614397 -2.0036006900910825 -1.432628112209922 -0.8357022353341633 -0.49830934840438657 0.046709930482175824 0.4879160133903454 0.4879160133903454 0.4879160133903454 0.5138693123849436 0.5398226113795418 0.56577591037414 0 
0 0.38410281741195257 -2.289086979031663 -2.2371803810424664 0.56577591037414 0.56577591037414 0.5917292093687382 0.5398226113795418 0.046709930482175824 -0.420449451420592 -0.420449451420592 -0.3166362554421991 -0.9395154313125561 -1.7440677001451006 -1.89978749411269 -2.1074138860694758 -1.6402545041667078 -1.4845347101991186 -0.18686976046920806 0.4879160133903454 0.4879160133903454 0.5138693123849436 0.56577591037414 0.5917292093687382 0.5917292093687382 0 
0 -0.4464027504151902 -3.1974524438426 -3.3531722378101896 -0.7578423383503686 0.2543363224389615 0.02075663148757761 -0.34258955443679734 -0.7318890393557704 -1.3288149162315293 -1.536441308188315 -0.8357022353341633 -1.5623946071829131 -2.782199659929029 -2.7302930619398325 -2.7302930619398325 -1.6662078031613061 0.046709930482175824 0.5398226113795418 0.5138693123849436 0.5917292093687382 0.6695891063525329 0.7474490033363275 0.6695891063525329 0.6176825083633364 0 
0 -1.0692819262855473 -3.508892031777779 -3.63865852675077 -2.8600595569128235 -2.159320484058672 -2.6783864639506363 -2.9379194538966185 -2.7302930619398325 -2.8081529589236274 -3.249359041831797 -3.249359041831797 -3.379125536804788 -3.6646118257453684 -3.7165184237345645 -3.768425021723761 -2.3409935770208596 0.41005611640655076 0.6436358073579347 0.5398226113795418 0.5917292093687382 0.6955424053471311 0.7734023023309257 0.6176825083633364 0.56577591037414 0 
0 -0.5242626473989848 -2.782199659929029 -3.3531722378101896 -3.742471722729163 -3.7165184237345645 -3.5867519287615734 -3.1195925468588057 -2.652433164956038 -2.7302930619398325 -3.3272189388155913 -3.5867519287615734 -3.6646118257453684 -3.63865852675077 -3.768425021723761 -3.8203316197129573 -2.289086979031663 0.38410281741195257 0.6436358073579347 0.5917292093687382 0.6176825083633364 0.6176825083633364 0.6695891063525329 0.6436358073579347 0.5917292093687382 0 
0 1.3443748802120863 0.2283830234443633 -1.6143012051721095 -2.4448067729992524 -1.925740793107288 -1.7181144011505025 -1.432628112209922 -1.6402545041667078 -2.1074138860694758 -2.8081529589236274 -3.0417326498750112 -3.145545845853404 -3.379125536804788 -3.1974524438426 -2.2112270820478686 -1.1211885242747437 0.41005611640655076 0.6436358073579347 0.6176825083633364 0.6436358073579347 0.6695891063525329 0.6436358073579347 0.5917292093687382 0.6176825083633364 0 
0 1.8374875611094523 1.2405616842336935 -0.420449451420592 -1.1471418232693418 -0.6280758433773777 -0.16091646147460986 -0.2647296574530027 -0.7059357403611722 -1.0173753282963507 -1.795974298134297 -2.1333671850640736 -2.2371803810424664 -2.3669468760154575 -1.6143012051721095 0.02075663148757761 0.5917292093687382 0.5398226113795418 0.56577591037414 0.5398226113795418 0.5917292093687382 0.6955424053471311 0.6436358073579347 0.56577591037414 0.56577591037414 0 
0 1.058888591271506 0.43600941540114896 -0.6280758433773777 -0.7837956373449669 -0.420449451420592 -0.21282305946380628 -0.23877635845840448 -0.39449615242599373 -0.21282305946380628 -0.550215946393583 -0.47235604940978837 -2.1074138860694758 -2.289086979031663 -1.3807215142207256 -1.6143012051721095 0.56577591037414 0.5398226113795418 0.5138693123849436 0.5398226113795418 0.56577591037414 0.5917292093687382 0.56577591037414 0.5138693123849436 0.5398226113795418 0 
0 0.43600941540114896 0.2024297244497651 0.07266322947677403 0.3321962194227561 0.5917292093687382 0.5398226113795418 0.5917292093687382 0.56577591037414 0.6176825083633364 0.4879160133903454 0.5917292093687382 -1.3547682152261276 -1.6921611021559042 -1.6402545041667078 -2.392900175010056 0.2283830234443633 0.4879160133903454 0.4879160133903454 0.5138693123849436 0.5398226113795418 0.5398226113795418 0.5917292093687382 0.56577591037414 0.56577591037414 0 
0 0.6695891063525329 0.6176825083633364 0.7214957043417293 0.7734023023309257 0.7734023023309257 0.7474490033363275 0.7734023023309257 0.7214957043417293 0.6436358073579347 0.6176825083633364 0.5917292093687382 0.28028962143355973 0.2283830234443633 -0.13496316248001164 -0.420449451420592 0.46196271439574715 0.4879160133903454 0.5138693123849436 0.5398226113795418 0.5138693123849436 0.5398226113795418 0.6176825083633364 0.5917292093687382 0.6695891063525329 0 
0 0.6436358073579347 0.6436358073579347 0.6695891063525329 0.6695891063525329 0.6955424053471311 0.6955424053471311 0.7214957043417293 0.6695891063525329 0.6176825083633364 0.5917292093687382 0.5398226113795418 0.5138693123849436 0.5138693123849436 0.5138693123849436 0.5398226113795418 0.5138693123849436 0.4879160133903454 0.5138693123849436 0.5398226113795418 0.5138693123849436 0.5398226113795418 0.56577591037414 0.56577591037414 0.7214957043417293 0 
0 0.5917292093687382 0.56577591037414 0.5917292093687382 0.5917292093687382 0.6436358073579347 0.6695891063525329 0.6436358073579347 0.56577591037414 0.5398226113795418 0.5398226113795418 0.5138693123849436 0.4879160133903454 0.4879160133903454 0.4879160133903454 0.5138693123849436 0.5398226113795418 0.5138693123849436 0.4879160133903454 0.5138693123849436 0.4879160133903454 0.5138693123849436 0.5138693123849436 0.56577591037414 0.7214957043417293 0 
0 0.5138693123849436 0.5138693123849436 0.56577591037414 0.5917292093687382 0.5398226113795418 0.5398226113795418 0.5138693123849436 0.4879160133903454 0.4879160133903454 0.4879160133903454 0.46196271439574715 0.4879160133903454 0.4879160133903454 0.5138693123849436 0.5398226113795418 0.5398226113795418 0.56577591037414 0.5398226113795418 0.5398226113795418 0.4879160133903454 0.4879160133903454 0.4879160133903454 0.56577591037414 0.6176825083633364 0 
0 0.46196271439574715 0.4879160133903454 0.5398226113795418 0.56577591037414 0.4879160133903454 0.46196271439574715 0.46196271439574715 0.46196271439574715 0.46196271439574715 0.46196271439574715 0.4879160133903454 0.5917292093687382 0.6176825083633364 0.5917292093687382 0.5398226113795418 0.5398226113795418 0.56577591037414 0.56577591037414 0.5398226113795418 0.5138693123849436 0.4879160133903454 0.4879160133903454 0.5138693123849436 0.5398226113795418 0 
0 0.4879160133903454 0.46196271439574715 0.46196271439574715 0.5138693123849436 0.46196271439574715 0.43600941540114896 0.43600941540114896 0.43600941540114896 0.46196271439574715 0.43600941540114896 0.5398226113795418 0.6176825083633364 0.6176825083633364 0.56577591037414 0.5138693123849436 0.5398226113795418 0.5398226113795418 0.5398226113795418 0.5138693123849436 0.5138693123849436 0.46196271439574715 0.46196271439574715 0.46196271439574715 0.4879160133903454 0 
0 0.43600941540114896 0.41005611640655076 0.41005611640655076 0.41005611640655076 0.38410281741195257 0.38410281741195257 0.41005611640655076 0.41005611640655076 0.43600941540114896 0.46196271439574715 0.5138693123849436 0.5398226113795418 0.5398226113795418 0.4879160133903454 0.4879160133903454 0.4879160133903454 0.4879160133903454 0.4879160133903454 0.46196271439574715 0.46196271439574715 0.46196271439574715 0.46196271439574715 0.46196271439574715 0.46196271439574715 0 
0 0.41005611640655076 0.38410281741195257 0.41005611640655076 0.41005611640655076 0.38410281741195257 0.41005611640655076 0.43600941540114896 0.41005611640655076 0.43600941540114896 0.46196271439574715 0.46196271439574715 0.46196271439574715 0.46196271439574715 0.43600941540114896 0.46196271439574715 0.4879160133903454 0.46196271439574715 0.46196271439574715 0.46196271439574715 0.43600941540114896 0.43600941540114896 0.43600941540114896 0.46196271439574715 0.4879160133903454 0 
0 0.43600941540114896 0.41005611640655076 0.43600941540114896 0.43600941540114896 0.46196271439574715 0.4879160133903454 0.5138693123849436 0.5138693123849436 0.4879160133903454 0.46196271439574715 0.46196271439574715 0.43600941540114896 0.43600941540114896 0.46196271439574715 0.4879160133903454 0.4879160133903454 0.4879160133903454 0.4879160133903454 0.46196271439574715 0.43600941540114896 0.43600941540114896 0.46196271439574715 0.4879160133903454 0.4879160133903454 0 
0 0.4879160133903454 0.46196271439574715 0.43600941540114896 0.46196271439574715 0.4879160133903454 0.4879160133903454 0.5138693123849436 0.5138693123849436 0.5398226113795418 0.5398226113795418 0.56577591037414 0.5398226113795418 0.5398226113795418 0.5917292093687382 0.5917292093687382 0.56577591037414 0.56577591037414 0.5398226113795418 0.5398226113795418 0.56577591037414 0.5398226113795418 0.5138693123849436 0.4879160133903454 0.46196271439574715 0 
0 0 0 0 0 0 0 0 0 0 0 0 0 0 0 0 0 0 0 0 0 0 0 0 0 0 

0 0 0 0 0 0 0 0 0 0 0 0 0 0 0 0 0 0 0 0 0 0 0 0 0 0 
0 0.3321962194227561 0.3062429204281579 0.3321962194227561 0.3062429204281579 0.3062429204281579 0.3062429204281579 0.3062429204281579 0.3062429204281579 0.3321962194227561 0.3321962194227561 0.3581495184173543 0.28028962143355973 0.2543363224389615 0.3321962194227561 0.3581495184173543 0.38410281741195257 0.41005611640655076 0.43600941540114896 0.46196271439574715 0.4879160133903454 0.4879160133903454 0.5138693123849436 0.5398226113795418 0.56577591037414 0 
0 0.3581495184173543 0.3321962194227561 0.3321962194227561 0.3062429204281579 0.3062429204281579 0.3321962194227561 0.3321962194227561 0.3321962194227561 0.3581495184173543 0.38410281741195257 0.3062429204281579 0.38410281741195257 0.5138693123849436 0.43600941540114896 0.3581495184173543 0.38410281741195257 0.43600941540114896 0.46196271439574715 0.5138693123849436 0.5398226113795418 0.56577591037414 0.56577591037414 0.56577591037414 0.5917292093687382 0 
0 0.38410281741195257 0.3581495184173543 0.3581495184173543 0.3321962194227561 0.3321962194227561 0.3581495184173543 0.3581495184173543 0.3581495184173543 0.3581495184173543 0.43600941540114896 0.17647642545516687 -0.49830934840438657 -0.420449451420592 0.12456982746597045 0.46196271439574715 0.46196271439574715 0.46196271439574715 0.46196271439574715 0.5138693123849436 0.5398226113795418 0.5917292093687382 0.6176825083633364 0.5917292093687382 0.56577591037414 0 
0 0.41005611640655076 0.3581495184173543 0.38410281741195257 0.41005611640655076 0.38410281741195257 0.38410281741195257 0.41005611640655076 0.43600941540114896 0.43600941540114896 0.5398226113795418 0.07266322947677403 -1.6402545041667078 -1.0952352252801454 0.2024297244497651 0.5398226113795418 0.5138693123849436 0.46196271439574715 0.46196271439574715 0.4879160133903454 0.4879160133903454 0.5398226113795418 0.56577591037414 0.56577591037414 0.5398226113795418 0 
0 0.46196271439574715 0.46196271439574715 0.4879160133903454 0.43600941540114896 0.43600941540114896 0.46196271439574715 0.3062429204281579 -0.13496316248001164 -0.550215946393583 -0.6280758433773777 -0.7318890393557704 -1.3288149162315293 -0.6280758433773777 0.38410281741195257 0.46196271439574715 0.4879160133903454 0.4879160133903454 0.4879160133903454 0.4879160133903454 0.4879160133903454 0.5138693123849436 0.4879160133903454 0.5138693123849436 0.56577591037414 0 
0 0.56577591037414 -0.0051966675070205985 -0.10900986348541343 0.56577591037414 0.43600941540114896 0.4879160133903454 -0.21282305946380628 -1.5883479061775114 -2.3409935770208596 -2.4448067729992524 -2.522666669983047 -2.5745732679722435 -2.6005265669668414 -2.055507288080279 -1.406674813215324 -0.8357022353341633 -0.550215946393583 0.02075663148757761 0.5138693123849436 0.4879160133903454 0.4879160133903454 0.5138693123849436 0.5138693123849436 0.56577591037414 0 
0 0.3581495184173543 -2.2631336800370647 -2.289086979031663 0.43600941540114896 0.56577591037414 0.6436358073579347 0.4879160133903454 0.02075663148757761 -0.49830934840438657 -0.47235604940978837 -0.47235604940978837 -1.0692819262855473 -1.89978749411269 -2.055507288080279 -2.159320484058672 -1.7181144011505025 -1.536441308188315 -0.18686976046920806 0.5138693123849436 0.46196271439574715 0.4879160133903454 0.5138693123849436 0.5398226113795418 0.56577591037414 0 
0 -0.4464027504151902 -3.145545845853404 -3.3272189388155913 -0.8616555343287615 0.3581495184173543 0.09861652847137224 -0.2647296574530027 -0.679982441366574 -1.3288149162315293 -1.5883479061775114 -0.8876088333233597 -1.6662078031613061 -2.886012855907422 -2.7302930619398325 -2.6264798659614397 -1.7181144011505025 -0.08305656449081522 0.5138693123849436 0.4879160133903454 0.5138693123849436 0.5398226113795418 0.5398226113795418 0.5138693123849436 0.56577591037414 0 
0 -1.1471418232693418 -3.4829387327831807 -3.5867519287615734 -2.8341062579182252 -2.029553989085681 -2.418853474004654 -2.6783864639506363 -2.522666669983047 -2.7043397629452346 -3.1974524438426 -3.145545845853404 -3.379125536804788 -3.6905651247399662 -3.7165184237345645 -3.7165184237345645 -2.392900175010056 0.28028962143355973 0.56577591037414 0.4879160133903454 0.5398226113795418 0.56577591037414 0.56577591037414 0.5138693123849436 0.5138693123849436 0 
0 -0.6021225443827795 -2.7562463609344308 -3.3272189388155913 -3.742471722729163 -3.6905651247399662 -3.5348453307723773 -3.1195925468588057 -2.652433164956038 -2.7302930619398325 -3.3012656398209934 -3.6127052277561718 -3.6905651247399662 -3.6646118257453684 -3.768425021723761 -3.8462849187075556 -2.418853474004654 0.2283830234443633 0.5398226113795418 0.4879160133903454 0.5138693123849436 0.5138693123849436 0.5138693123849436 0.5138693123849436 0.5138693123849436 0 
0 1.2665149832282916 0.17647642545516687 -1.6662078031613061 -2.4448067729992524 -1.925740793107288 -1.7181144011505025 -1.432628112209922 -1.6921611021559042 -2.1074138860694758 -2.9638727528912163 -3.2234057428371985 -3.249359041831797 -3.431032134793984 -3.249359041831797 -2.289086979031663 -1.1990484212585382 0.3062429204281579 0.5138693123849436 0.4879160133903454 0.5138693123849436 0.5398226113795418 0.5138693123849436 0.46196271439574715 0.4879160133903454 0 
0 1.6039078701580685 0.9810286942877113 -0.6280758433773777 -1.3028616172369312 -0.7059357403611722 -0.2647296574530027 -0.34258955443679734 -0.7318890393557704 -1.1211885242747437 -2.055507288080279 -2.3669468760154575 -2.4448067729992524 -2.4707600719938507 -1.6662078031613061 -0.08305656449081522 0.43600941540114896 0.43600941540114896 0.5138693123849436 0.4879160133903454 0.5138693123849436 0.5398226113795418 0.5398226113795418 0.46196271439574715 0.4879160133903454 0 
0 0.6695891063525329 0.07266322947677403 -0.8357022353341633 -0.9914220293017526 -0.6540291423719758 -0.420449451420592 -0.49830934840438657 -0.6021225443827795 -0.39449615242599373 -0.7318890393557704 -0.6540291423719758 -2.2371803810424664 -2.3150402780262613 -1.3807215142207256 -1.6921611021559042 0.43600941540114896 0.46196271439574715 0.4879160133903454 0.5398226113795418 0.4879160133903454 0.4879160133903454 0.4879160133903454 0.4879160133903454 0.5138693123849436 0 
0 0.09861652847137224 -0.10900986348541343 -0.16091646147460986 0.12456982746597045 0.3581495184173543 0.3321962194227561 0.38410281741195257 0.41005611640655076 0.46196271439574715 0.38410281741195257 0.5138693123849436 -1.406674813215324 -1.7440677001451006 -1.6662078031613061 -2.418853474004654 0.17647642545516687 0.43600941540114896 0.46196271439574715 0.5138693123849436 0.46196271439574715 0.46196271439574715 0.4879160133903454 0.5138693123849436 0.4879160133903454 0 
0 0.4879160133903454 0.46196271439574715 0.56577591037414 0.5917292093687382 0.5917292093687382 0.56577591037414 0.5917292093687382 0.5917292093687382 0.5138693123849436 0.46196271439574715 0.4879160133903454 0.17647642545516687 0.15052312646056865 -0.16091646147460986 -0.4464027504151902 0.41005611640655076 0.43600941540114896 0.46196271439574715 0.4879160133903454 0.4879160133903454 0.4879160133903454 0.5138693123849436 0.46196271439574715 0.5138693123849436 0 
0 0.5138693123849436 0.5138693123849436 0.5138693123849436 0.5138693123849436 0.5398226113795418 0.5398226113795418 0.56577591037414 0.5138693123849436 0.4879160133903454 0.46196271439574715 0.46196271439574715 0.46196271439574715 0.46196271439574715 0.46196271439574715 0.4879160133903454 0.46196271439574715 0.46196271439574715 0.46196271439574715 0.4879160133903454 0.4879160133903454 0.5138693123849436 0.4879160133903454 0.43600941540114896 0.5138693123849436 0 
0 0.4879160133903454 0.46196271439574715 0.46196271439574715 0.46196271439574715 0.4879160133903454 0.5398226113795418 0.5138693123849436 0.43600941540114896 0.43600941540114896 0.43600941540114896 0.43600941540114896 0.43600941540114896 0.46196271439574715 0.46196271439574715 0.46196271439574715 0.46196271439574715 0.43600941540114896 0.46196271439574715 0.4879160133903454 0.4879160133903454 0.4879160133903454 0.4879160133903454 0.43600941540114896 0.5398226113795418 0 
0 0.46196271439574715 0.43600941540114896 0.46196271439574715 0.4879160133903454 0.43600941540114896 0.46196271439574715 0.46196271439574715 0.43600941540114896 0.41005611640655076 0.41005611640655076 0.41005611640655076 0.43600941540114896 0.43600941540114896 0.46196271439574715 0.4879160133903454 0.46196271439574715 0.46196271439574715 0.46196271439574715 0.46196271439574715 0.43600941540114896 0.46196271439574715 0.46196271439574715 0.43600941540114896 0.4879160133903454 0 
0 0.43600941540114896 0.46196271439574715 0.46196271439574715 0.5138693123849436 0.43600941540114896 0.41005611640655076 0.41005611640655076 0.41005611640655076 0.41005611640655076 0.41005611640655076 0.43600941540114896 0.4879160133903454 0.4879160133903454 0.4879160133903454 0.46196271439574715 0.46196271439574715 0.4879160133903454 0.46196271439574715 0.43600941540114896 0.43600941540114896 0.46196271439574715 0.43600941540114896 0.43600941540114896 0.46196271439574715 0 
0 0.43600941540114896 0.46196271439574715 0.46196271439574715 0.46196271439574715 0.43600941540114896 0.41005611640655076 0.38410281741195257 0.41005611640655076 0.43600941540114896 0.38410281741195257 0.41005611640655076 0.46196271439574715 0.4879160133903454 0.4879160133903454 0.43600941540114896 0.46196271439574715 0.46196271439574715 0.43600941540114896 0.43600941540114896 0.43600941540114896 0.43600941540114896 0.43600941540114896 0.46196271439574715 0.46196271439574715 0 
0 0.43600941540114896 0.43600941540114896 0.43600941540114896 0.43600941540114896 0.43600941540114896 0.41005611640655076 0.41005611640655076 0.41005611640655076 0.41005611640655076 0.41005611640655076 0.41005611640655076 0.43600941540114896 0.43600941540114896 0.43600941540114896 0.41005611640655076 0.41005611640655076 0.43600941540114896 0.43600941540114896 0.41005611640655076 0.41005611640655076 0.41005611640655076 0.43600941540114896 0.46196271439574715 0.43600941540114896 0 
0 0.41005611640655076 0.41005611640655076 0.41005611640655076 0.43600941540114896 0.43600941540114896 0.41005611640655076 0.41005611640655076 0.41005611640655076 0.43600941540114896 0.43600941540114896 0.41005611640655076 0.41005611640655076 0.41005611640655076 0.38410281741195257 0.38410281741195257 0.38410281741195257 0.38410281741195257 0.41005611640655076 0.41005611640655076 0.41005611640655076 0.41005611640655076 0.41005611640655076 0.41005611640655076 0.41005611640655076 0 
0 0.43600941540114896 0.41005611640655076 0.41005611640655076 0.43600941540114896 0.43600941540114896 0.46196271439574715 0.43600941540114896 0.43600941540114896 0.43600941540114896 0.43600941540114896 0.41005611640655076 0.41005611640655076 0.38410281741195257 0.38410281741195257 0.38410281741195257 0.38410281741195257 0.41005611640655076 0.43600941540114896 0.41005611640655076 0.41005611640655076 0.46196271439574715 0.41005611640655076 0.41005611640655076 0.41005611640655076 0 
0 0.43600941540114896 0.41005611640655076 0.41005611640655076 0.43600941540114896 0.46196271439574715 0.46196271439574715 0.46196271439574715 0.46196271439574715 0.46196271439574715 0.43600941540114896 0.43600941540114896 0.43600941540114896 0.43600941540114896 0.43600941540114896 0.46196271439574715 0.46196271439574715 0.46196271439574715 0.46196271439574715 0.46196271439574715 0.43600941540114896 0.43600941540114896 0.43600941540114896 0.43600941540114896 0.43600941540114896 0 
0 0 0 0 0 0 0 0 0 0 0 0 0 0 0 0 0 0 0 0 0 0 0 0 0 0 

