0 0 0 0 0 0 0 0 0 0 0 0 0 0 0 0 0 0 0 0 0 0 0 0 0 0 
0 1.7009186651500925 2.5414214941305766 2.1084351882921455 1.166053228526148 -0.8460596044877381 -1.4828041718971958 -1.1007574314515212 1.0641740977406349 2.1339049709885236 1.6245093170609575 1.828267578631984 2.2867236671667936 2.235784101774037 1.8792071440247406 1.3952812727935529 1.2934021420080395 0.8858856188659866 1.3443417074007962 0.8094762707768517 -0.2347848197746588 -0.38760351595292863 -0.5149524294348201 -0.2602546024710371 0.7585367053840951 0 
0 2.235784101774037 1.2934021420080395 0.07085257258188087 -0.36213373325655035 -0.8460596044877381 -0.8969991698804948 -0.922468952576873 0.12179213797463748 1.2169927939189047 0.83494605347323 0.40195974763479886 1.7009186651500925 1.7773280132392273 1.1151136631333913 0.42742953033117714 0.580248226509447 0.9622949669551215 1.1151136631333913 0.6821273572949602 -0.38760351595292863 -0.38760351595292863 -0.6168315602203334 -0.5658919948275768 1.6754488824537142 0 
0 0.580248226509447 0.35102018224204223 -0.08196612359638897 -1.0752876487551428 -1.329985475718926 -0.8460596044877381 -0.6168315602203334 -0.7187106910058466 -0.6168315602203334 0.1727317033673941 1.2679323593116612 1.3952812727935529 0.47836909572393377 0.07085257258188087 -0.36213373325655035 -0.005556775507254046 1.089643880437013 1.1405834458297697 0.12179213797463748 -0.43854308134568526 -0.336663950560172 -0.46401286404206354 0.3000806168492856 0.8604158361696084 0 
0 0.9877647496514999 2.006556057506632 2.1084351882921455 1.5226301862754443 0.40195974763479886 0.04538278988550257 -0.10743590629276727 0.6057180092058253 0.6311877919022036 1.3443417074007962 1.420751055489931 -0.6423013429167117 0.580248226509447 0.8858856188659866 -0.36213373325655035 -0.8205898217913599 0.47836909572393377 0.3764899649384205 -0.46401286404206354 -0.5404222121311985 -0.5149524294348201 -0.66777112561309 0.2236712687601507 0.32555039954566395 0 
0 1.8792071440247406 2.057495622899389 1.6499790997573358 1.3698114900971745 0.6311877919022036 0.249141051456529 0.6057180092058253 1.9046769267211188 2.082965405595767 2.3886027979523066 2.6178308422197114 0.45289931302755543 -0.591361777523955 0.2746108341529073 0.1982014860637724 -0.15837547168552388 -0.005556775507254046 -0.336663950560172 -0.66777112561309 -0.922468952576873 -0.7187106910058466 -0.46401286404206354 -0.031026558203632353 -0.056496340900010655 0 
0 2.6178308422197114 2.235784101774037 1.6754488824537142 1.5480999689718227 0.7840064880804735 -0.2347848197746588 -0.43854308134568526 0.8094762707768517 2.057495622899389 1.6245093170609575 1.5480999689718227 2.2103143190776584 -0.1838452543819022 -0.591361777523955 0.7585367053840951 0.3764899649384205 -0.43854308134568526 -0.9734085179696297 -0.922468952576873 -0.7187106910058466 -0.031026558203632353 0.7330669226877168 0.9368251842587433 1.089643880437013 0 
0 2.235784101774037 2.1084351882921455 2.082965405595767 1.6754488824537142 1.089643880437013 0.47836909572393377 0.12179213797463748 0.6057180092058253 1.1915230112225264 1.2169927939189047 1.6499790997573358 2.7706495383979814 1.4462208381863093 -0.1838452543819022 0.6821273572949602 0.6311877919022036 -0.2602546024710371 -1.0243480833623864 -0.591361777523955 0.5547784438130686 0.9877647496514999 1.1151136631333913 1.0641740977406349 1.3443417074007962 0 
0 1.3952812727935529 1.420751055489931 1.6245093170609575 1.8027977959356056 1.3698114900971745 0.09632235527825918 -0.8205898217913599 -0.9734085179696297 -0.66777112561309 -0.005556775507254046 1.497160403579066 2.5923610595233333 1.930146709417497 0.580248226509447 0.6057180092058253 1.1405834458297697 0.6057180092058253 -0.2602546024710371 -0.43854308134568526 -0.13290568898914557 0.5547784438130686 1.0641740977406349 0.9622949669551215 0.07085257258188087 0 
0 0.40195974763479886 0.6566575745985819 1.7009186651500925 2.2867236671667936 0.83494605347323 -0.7951200390949815 -1.5337437372899523 -1.6101530853790873 -1.3809250411116825 -0.43854308134568526 1.9556164921138754 2.3631330152559284 1.7773280132392273 1.1915230112225264 0.8604158361696084 1.089643880437013 0.6566575745985819 0.1727317033673941 -0.10743590629276727 -0.43854308134568526 0.1472619206710158 0.7330669226877168 0.2746108341529073 -1.1262272141478995 0 
0 0.8604158361696084 0.9113554015623649 2.2867236671667936 2.3886027979523066 0.2746108341529073 -1.2790459103261693 -1.4573343892008175 -1.3045156930225477 -1.1007574314515212 0.40195974763479886 2.235784101774037 1.751858230542849 1.166053228526148 1.4716906208826877 1.3698114900971745 0.7075971399913386 0.5547784438130686 0.580248226509447 0.04538278988550257 -0.336663950560172 -0.38760351595292863 -0.13290568898914557 -0.5149524294348201 -1.1516969968442778 0 
0 1.497160403579066 2.0320258402030102 2.3121934498631718 2.057495622899389 0.6821273572949602 -0.922468952576873 -1.3045156930225477 -1.0752876487551428 -0.48948264673844183 0.83494605347323 1.6499790997573358 1.6245093170609575 0.6311877919022036 0.7585367053840951 1.166053228526148 0.8858856188659866 0.7075971399913386 1.0387043150442565 0.7840064880804735 -0.056496340900010655 -0.6423013429167117 -0.48948264673844183 -0.5658919948275768 -1.0498178660587645 0 
0 1.8792071440247406 2.5923610595233333 2.1339049709885236 1.4462208381863093 1.166053228526148 -0.6168315602203334 -1.3045156930225477 -0.8460596044877381 -0.2093150370782805 0.9877647496514999 1.6245093170609575 1.6245093170609575 0.8094762707768517 0.6566575745985819 0.503838878420312 0.83494605347323 0.83494605347323 0.6311877919022036 0.8604158361696084 0.32555039954566395 -0.3111941678637937 -0.4130732986493069 -0.08196612359638897 0.5547784438130686 0 
0 2.057495622899389 2.5414214941305766 2.235784101774037 1.2679323593116612 1.5735697516682008 0.1727317033673941 -1.2026365622370343 -0.8205898217913599 -0.2093150370782805 1.089643880437013 1.3188719247044178 1.1915230112225264 0.9113554015623649 0.5293086611166904 0.12179213797463748 0.32555039954566395 0.3000806168492856 -0.1838452543819022 0.5293086611166904 0.5547784438130686 0.3764899649384205 -0.15837547168552388 0.5293086611166904 2.5668912768269547 0 
0 2.057495622899389 2.515951711434198 2.1593747536849017 0.5293086611166904 0.8094762707768517 0.7585367053840951 -0.8460596044877381 -0.6932409083094683 -0.031026558203632353 1.0132345323478782 1.497160403579066 1.089643880437013 1.4462208381863093 1.242462576615283 0.8858856188659866 0.019913007189124258 0.04538278988550257 0.40195974763479886 0.580248226509447 0.580248226509447 0.580248226509447 0.1472619206710158 0.9113554015623649 2.5923610595233333 0 
0 1.7263884478464708 1.8792071440247406 1.089643880437013 -0.2347848197746588 0.32555039954566395 0.9113554015623649 -0.4130732986493069 -0.5658919948275768 -0.10743590629276727 0.3764899649384205 1.242462576615283 1.3443417074007962 1.8027977959356056 2.006556057506632 1.751858230542849 0.3000806168492856 1.2934021420080395 1.4462208381863093 0.9877647496514999 0.9622949669551215 0.47836909572393377 -0.2347848197746588 -0.2347848197746588 0.9368251842587433 0 
0 0.9113554015623649 0.9877647496514999 -0.031026558203632353 -0.6932409083094683 -0.2347848197746588 0.8604158361696084 -0.056496340900010655 -0.38760351595292863 -0.031026558203632353 0.09632235527825918 0.45289931302755543 1.0387043150442565 1.4716906208826877 1.5735697516682008 1.4716906208826877 0.8858856188659866 1.497160403579066 1.6499790997573358 1.3698114900971745 1.089643880437013 0.6057180092058253 -0.36213373325655035 -0.48948264673844183 0.2236712687601507 0 
0 0.3764899649384205 0.249141051456529 -0.46401286404206354 -1.0243480833623864 -0.43854308134568526 0.7840064880804735 -0.13290568898914557 -0.336663950560172 0.04538278988550257 0.2236712687601507 0.07085257258188087 0.249141051456529 0.580248226509447 1.1151136631333913 1.3698114900971745 1.4462208381863093 1.3188719247044178 1.1915230112225264 1.1915230112225264 0.8094762707768517 0.42742953033117714 0.04538278988550257 -0.336663950560172 -0.056496340900010655 0 
0 0.04538278988550257 -0.031026558203632353 -0.6168315602203334 -0.922468952576873 -0.2857243851674154 0.5293086611166904 0.09632235527825918 -0.36213373325655035 0.04538278988550257 0.47836909572393377 -0.336663950560172 -0.005556775507254046 -0.005556775507254046 0.09632235527825918 0.9877647496514999 1.497160403579066 1.3443417074007962 1.0132345323478782 0.7330669226877168 0.3000806168492856 -0.08196612359638897 0.42742953033117714 0.09632235527825918 -0.2602546024710371 0 
0 -0.1838452543819022 -0.2093150370782805 -0.5658919948275768 -1.0752876487551428 -0.591361777523955 0.04538278988550257 0.019913007189124258 -0.10743590629276727 0.04538278988550257 0.32555039954566395 0.07085257258188087 -0.2347848197746588 0.2236712687601507 -0.031026558203632353 0.47836909572393377 1.166053228526148 0.9622949669551215 0.45289931302755543 0.1982014860637724 -0.056496340900010655 -0.38760351595292863 0.09632235527825918 0.7330669226877168 0.5547784438130686 0 
0 -0.3111941678637937 0.019913007189124258 -0.2857243851674154 -1.1771667795406562 -1.253576127629791 -0.66777112561309 -0.38760351595292863 0.07085257258188087 0.249141051456529 0.1982014860637724 0.5293086611166904 0.2236712687601507 -0.13290568898914557 0.2746108341529073 0.6821273572949602 0.83494605347323 0.8094762707768517 0.5547784438130686 0.249141051456529 -0.336663950560172 -0.5404222121311985 -0.2093150370782805 -0.031026558203632353 0.40195974763479886 0 
0 -0.38760351595292863 -0.13290568898914557 -0.5149524294348201 -1.253576127629791 -1.7629717815573571 -1.1771667795406562 -0.6168315602203334 -0.10743590629276727 0.249141051456529 0.2746108341529073 0.249141051456529 0.5293086611166904 0.1727317033673941 -0.43854308134568526 -0.056496340900010655 0.3000806168492856 0.6566575745985819 0.6057180092058253 -0.005556775507254046 -0.9988783006660079 -0.9479387352732513 -1.0498178660587645 -1.4573343892008175 -0.36213373325655035 0 
0 0.09632235527825918 0.3764899649384205 0.1727317033673941 -1.0243480833623864 -1.915790477735627 -1.2026365622370343 -0.7951200390949815 -0.2093150370782805 0.1727317033673941 0.249141051456529 0.42742953033117714 0.580248226509447 0.5547784438130686 0.503838878420312 0.1472619206710158 0.07085257258188087 0.5547784438130686 0.5547784438130686 -0.8715293871841164 -1.661092650771844 -1.329985475718926 -1.2026365622370343 -1.0498178660587645 -0.922468952576873 0 
0 0.12179213797463748 1.0387043150442565 1.7009186651500925 1.3443417074007962 0.6821273572949602 0.12179213797463748 -0.10743590629276727 -0.15837547168552388 -0.15837547168552388 0.019913007189124258 0.2236712687601507 0.5547784438130686 0.5293086611166904 0.6311877919022036 0.8604158361696084 0.7075971399913386 0.7840064880804735 0.3000806168492856 -0.5658919948275768 -0.7696502563986032 -0.8205898217913599 -0.8460596044877381 -0.8969991698804948 -1.1007574314515212 0 
0 -0.7187106910058466 -0.48948264673844183 -0.2347848197746588 0.7075971399913386 2.1848445363812803 2.465012146041442 2.3631330152559284 1.9556164921138754 1.420751055489931 1.242462576615283 0.8094762707768517 0.5293086611166904 0.42742953033117714 0.6057180092058253 0.8094762707768517 0.7585367053840951 0.2746108341529073 0.32555039954566395 0.7585367053840951 0.32555039954566395 1.0132345323478782 0.40195974763479886 -0.8205898217913599 -1.0498178660587645 0 
0 0 0 0 0 0 0 0 0 0 0 0 0 0 0 0 0 0 0 0 0 0 0 0 0 0 

0 0 0 0 0 0 0 0 0 0 0 0 0 0 0 0 0 0 0 0 0 0 0 0 0 0 
0 1.089643880437013 2.082965405595767 1.7263884478464708 0.7840064880804735 -1.2790459103261693 -1.9667300431283836 -1.5082739545935742 0.7330669226877168 1.930146709417497 1.7009186651500925 1.9556164921138754 2.1084351882921455 1.8537373613283623 1.420751055489931 0.8858856188659866 0.7585367053840951 0.32555039954566395 0.42742953033117714 -0.15837547168552388 -0.8460596044877381 -0.6932409083094683 -0.744180473702225 -0.46401286404206354 0.47836909572393377 0 
0 2.1848445363812803 1.1915230112225264 -0.13290568898914557 -0.66777112561309 -1.2281063449334126 -1.3045156930225477 -1.253576127629791 -0.2347848197746588 1.2679323593116612 1.5480999689718227 0.83494605347323 1.4462208381863093 1.242462576615283 0.5293086611166904 -0.08196612359638897 0.2746108341529073 0.8604158361696084 0.7075971399913386 0.07085257258188087 -0.7187106910058466 -0.5658919948275768 -0.744180473702225 -0.8715293871841164 1.0387043150442565 0 
0 0.32555039954566395 0.09632235527825918 -0.36213373325655035 -1.4063948238080608 -1.686562433468222 -1.2281063449334126 -0.9734085179696297 -1.1007574314515212 -0.6168315602203334 0.7585367053840951 1.5735697516682008 1.089643880437013 -0.005556775507254046 -0.46401286404206354 -0.8969991698804948 -0.4130732986493069 0.8858856188659866 0.7075971399913386 -0.43854308134568526 -0.7696502563986032 -0.5404222121311985 -0.66777112561309 -0.056496340900010655 0.2236712687601507 0 
0 0.45289931302755543 1.5735697516682008 1.6754488824537142 1.0641740977406349 -0.031026558203632353 -0.38760351595292863 -0.5149524294348201 0.1472619206710158 0.45289931302755543 1.6499790997573358 1.5480999689718227 -0.9734085179696297 0.1982014860637724 0.40195974763479886 -0.922468952576873 -1.2790459103261693 0.1982014860637724 -0.056496340900010655 -0.9479387352732513 -0.8969991698804948 -0.7696502563986032 -0.9479387352732513 -0.2093150370782805 -0.2093150370782805 0 
0 1.1151136631333913 1.2934021420080395 0.9113554015623649 0.6821273572949602 0.019913007189124258 -0.336663950560172 0.12179213797463748 1.3698114900971745 1.6499790997573358 2.33766323255955 2.5923610595233333 0.1727317033673941 -0.9479387352732513 -0.1838452543819022 -0.336663950560172 -0.6423013429167117 -0.4130732986493069 -0.7696502563986032 -1.1007574314515212 -1.2026365622370343 -0.9734085179696297 -0.8205898217913599 -0.48948264673844183 -0.5149524294348201 0 
0 1.8027977959356056 1.2679323593116612 0.7075971399913386 0.6821273572949602 -0.005556775507254046 -0.9479387352732513 -0.9988783006660079 0.09632235527825918 1.3443417074007962 1.2934021420080395 1.3443417074007962 1.9046769267211188 -0.5149524294348201 -1.0498178660587645 0.1982014860637724 -0.13290568898914557 -0.8715293871841164 -1.3809250411116825 -1.2790459103261693 -0.9734085179696297 -0.2857243851674154 0.3764899649384205 0.47836909572393377 0.7075971399913386 0 
0 1.420751055489931 1.2679323593116612 1.1915230112225264 0.7840064880804735 0.2746108341529073 -0.2347848197746588 -0.591361777523955 -0.15837547168552388 0.45289931302755543 0.6821273572949602 1.242462576615283 2.3631330152559284 0.9622949669551215 -0.6932409083094683 0.1982014860637724 0.1727317033673941 -0.66777112561309 -1.329985475718926 -0.8205898217913599 0.40195974763479886 0.83494605347323 0.8604158361696084 0.7585367053840951 1.1151136631333913 0 
0 0.6057180092058253 0.7075971399913386 0.8604158361696084 1.0387043150442565 0.7075971399913386 -0.43854308134568526 -1.3045156930225477 -1.4828041718971958 -1.1771667795406562 -0.48948264673844183 1.0387043150442565 2.082965405595767 1.420751055489931 0.09632235527825918 0.1472619206710158 0.7330669226877168 0.2236712687601507 -0.5404222121311985 -0.6423013429167117 -0.2857243851674154 0.42742953033117714 0.8604158361696084 0.7585367053840951 -0.13290568898914557 0 
0 -0.336663950560172 0.019913007189124258 1.0641740977406349 1.6754488824537142 0.35102018224204223 -1.0752876487551428 -1.686562433468222 -1.7884415642537355 -1.661092650771844 -0.8460596044877381 1.497160403579066 1.828267578631984 1.2934021420080395 0.7585367053840951 0.47836909572393377 0.7330669226877168 0.35102018224204223 -0.08196612359638897 -0.336663950560172 -0.6168315602203334 -0.005556775507254046 0.580248226509447 0.07085257258188087 -1.3809250411116825 0 
0 0.12179213797463748 0.1982014860637724 1.6499790997573358 1.828267578631984 -0.13290568898914557 -1.4828041718971958 -1.5337437372899523 -1.4318646065044391 -1.3554552584153043 0.019913007189124258 1.751858230542849 1.2679323593116612 0.7585367053840951 1.089643880437013 1.0387043150442565 0.45289931302755543 0.3000806168492856 0.35102018224204223 -0.15837547168552388 -0.5149524294348201 -0.5658919948275768 -0.3111941678637937 -0.7187106910058466 -1.5337437372899523 0 
0 0.7330669226877168 1.2679323593116612 1.5226301862754443 1.3443417074007962 0.1982014860637724 -1.2026365622370343 -1.5337437372899523 -1.4063948238080608 -0.8460596044877381 0.40195974763479886 1.1405834458297697 1.1405834458297697 0.249141051456529 0.45289931302755543 0.9113554015623649 0.6821273572949602 0.5293086611166904 0.8858856188659866 0.6057180092058253 -0.2347848197746588 -0.8460596044877381 -0.6932409083094683 -0.7951200390949815 -1.4318646065044391 0 
0 1.2169927939189047 1.9556164921138754 1.3952812727935529 0.6821273572949602 0.6057180092058253 -0.922468952576873 -1.584683302682709 -1.2026365622370343 -0.5658919948275768 0.6311877919022036 1.2169927939189047 1.242462576615283 0.503838878420312 0.35102018224204223 0.1727317033673941 0.47836909572393377 0.47836909572393377 0.32555039954566395 0.6057180092058253 0.04538278988550257 -0.591361777523955 -0.6423013429167117 -0.2857243851674154 0.32555039954566395 0 
0 1.497160403579066 2.057495622899389 1.5990395343645791 0.5547784438130686 1.0132345323478782 -0.15837547168552388 -1.4318646065044391 -1.0752876487551428 -0.48948264673844183 0.8094762707768517 0.9877647496514999 0.8604158361696084 0.6566575745985819 0.2236712687601507 -0.2347848197746588 -0.10743590629276727 -0.1838452543819022 -0.591361777523955 0.2236712687601507 0.2236712687601507 0.04538278988550257 -0.48948264673844183 0.32555039954566395 2.5668912768269547 0 
0 1.4716906208826877 2.0320258402030102 1.5735697516682008 -0.056496340900010655 0.32555039954566395 0.40195974763479886 -1.1007574314515212 -0.922468952576873 -0.3111941678637937 0.7075971399913386 1.1405834458297697 0.7330669226877168 1.166053228526148 0.9368251842587433 0.5547784438130686 -0.36213373325655035 -0.36213373325655035 0.09632235527825918 0.3000806168492856 0.249141051456529 0.2236712687601507 -0.2093150370782805 0.6566575745985819 2.5668912768269547 0 
0 1.1151136631333913 1.3443417074007962 0.6057180092058253 -0.66777112561309 -0.056496340900010655 0.5547784438130686 -0.6932409083094683 -0.8205898217913599 -0.38760351595292863 0.019913007189124258 0.8604158361696084 0.9368251842587433 1.420751055489931 1.6754488824537142 1.3952812727935529 -0.056496340900010655 0.9622949669551215 1.1915230112225264 0.7840064880804735 0.6566575745985819 0.12179213797463748 -0.6168315602203334 -0.6168315602203334 0.5293086611166904 0 
0 0.249141051456529 0.42742953033117714 -0.43854308134568526 -0.9734085179696297 -0.5149524294348201 0.503838878420312 -0.336663950560172 -0.6423013429167117 -0.3111941678637937 -0.2602546024710371 0.04538278988550257 0.6311877919022036 1.089643880437013 1.242462576615283 1.1915230112225264 0.6311877919022036 1.2934021420080395 1.497160403579066 1.1915230112225264 0.8094762707768517 0.249141051456529 -0.7951200390949815 -0.9734085179696297 -0.4130732986493069 0 
0 -0.2347848197746588 -0.2602546024710371 -0.7951200390949815 -1.2281063449334126 -0.7187106910058466 0.3764899649384205 -0.46401286404206354 -0.591361777523955 -0.2602546024710371 -0.15837547168552388 -0.336663950560172 -0.1838452543819022 0.1982014860637724 0.7840064880804735 1.1151136631333913 1.2679323593116612 1.1915230112225264 1.0641740977406349 1.0132345323478782 0.5293086611166904 0.019913007189124258 -0.43854308134568526 -0.8460596044877381 -0.5404222121311985 0 
0 -0.38760351595292863 -0.4130732986493069 -0.8969991698804948 -1.1262272141478995 -0.591361777523955 0.07085257258188087 -0.2857243851674154 -0.66777112561309 -0.336663950560172 0.07085257258188087 -0.7951200390949815 -0.5149524294348201 -0.5404222121311985 -0.38760351595292863 0.5293086611166904 1.1151136631333913 0.9877647496514999 0.7585367053840951 0.45289931302755543 -0.10743590629276727 -0.591361777523955 -0.15837547168552388 -0.43854308134568526 -0.6423013429167117 0 
0 -0.591361777523955 -0.591361777523955 -0.8460596044877381 -1.2790459103261693 -0.8715293871841164 -0.36213373325655035 -0.36213373325655035 -0.4130732986493069 -0.36213373325655035 -0.10743590629276727 -0.38760351595292863 -0.7187106910058466 -0.3111941678637937 -0.5149524294348201 0.019913007189124258 0.7585367053840951 0.6057180092058253 0.1727317033673941 -0.08196612359638897 -0.43854308134568526 -0.8715293871841164 -0.48948264673844183 0.1727317033673941 0.07085257258188087 0 
0 -0.7696502563986032 -0.43854308134568526 -0.6168315602203334 -1.3554552584153043 -1.4573343892008175 -0.9988783006660079 -0.7187106910058466 -0.2602546024710371 -0.13290568898914557 -0.2347848197746588 0.07085257258188087 -0.2602546024710371 -0.6168315602203334 -0.15837547168552388 0.3000806168492856 0.47836909572393377 0.503838878420312 0.32555039954566395 0.019913007189124258 -0.66777112561309 -0.9479387352732513 -0.7187106910058466 -0.6168315602203334 -0.2093150370782805 0 
0 -0.8715293871841164 -0.6932409083094683 -0.8969991698804948 -1.4573343892008175 -1.9412602604320053 -1.4063948238080608 -0.8969991698804948 -0.43854308134568526 -0.15837547168552388 -0.15837547168552388 -0.2093150370782805 0.04538278988550257 -0.2602546024710371 -0.8460596044877381 -0.38760351595292863 0.019913007189124258 0.42742953033117714 0.42742953033117714 -0.1838452543819022 -1.253576127629791 -1.329985475718926 -1.5337437372899523 -2.0176696085211403 -0.9479387352732513 0 
0 -0.4130732986493069 -0.2347848197746588 -0.2602546024710371 -1.2281063449334126 -2.0431393912175184 -1.3809250411116825 -1.0498178660587645 -0.5404222121311985 -0.2093150370782805 -0.15837547168552388 -0.031026558203632353 0.12179213797463748 0.1472619206710158 0.1472619206710158 -0.13290568898914557 -0.1838452543819022 0.35102018224204223 0.40195974763479886 -0.9988783006660079 -1.8648509123428703 -1.661092650771844 -1.6356228680754656 -1.5592135199863306 -1.4063948238080608 0 
0 -0.336663950560172 0.5293086611166904 1.2934021420080395 1.089643880437013 0.47836909572393377 -0.056496340900010655 -0.36213373325655035 -0.5149524294348201 -0.5404222121311985 -0.38760351595292863 -0.1838452543819022 0.1472619206710158 0.1727317033673941 0.2746108341529073 0.5293086611166904 0.40195974763479886 0.503838878420312 -0.08196612359638897 -0.9734085179696297 -1.1516969968442778 -1.2026365622370343 -1.2281063449334126 -1.3045156930225477 -1.584683302682709 0 
0 -1.1516969968442778 -1.0243480833623864 -0.7187106910058466 0.3000806168492856 1.828267578631984 2.235784101774037 2.1084351882921455 1.6754488824537142 1.1151136631333913 0.9368251842587433 0.45289931302755543 0.1727317033673941 0.07085257258188087 0.249141051456529 0.45289931302755543 0.40195974763479886 -0.10743590629276727 -0.2347848197746588 0.09632235527825918 -0.2857243851674154 0.5293086611166904 -0.056496340900010655 -1.2790459103261693 -1.5337437372899523 0 
0 0 0 0 0 0 0 0 0 0 0 0 0 0 0 0 0 0 0 0 0 0 0 0 0 0 

0 0 0 0 0 0 0 0 0 0 0 0 0 0 0 0 0 0 0 0 0 0 0 0 0 0 
0 0.3764899649384205 1.5226301862754443 1.242462576615283 0.3764899649384205 -1.7120322161646004 -2.4761256970559495 -2.2214278700921666 0.04538278988550257 1.0641740977406349 0.35102018224204223 1.0132345323478782 1.8027977959356056 1.3698114900971745 0.9368251842587433 0.3764899649384205 -0.005556775507254046 -0.8205898217913599 -0.6423013429167117 -0.9734085179696297 -1.4828041718971958 -1.2281063449334126 -1.2790459103261693 -1.1516969968442778 -0.36213373325655035 0 
0 1.7263884478464708 0.7840064880804735 -0.5658919948275768 -1.1516969968442778 -1.7884415642537355 -1.9412602604320053 -2.068609173913897 -0.744180473702225 0.2746108341529073 -0.66777112561309 -0.8205898217913599 1.0132345323478782 0.6821273572949602 -0.2857243851674154 -0.9479387352732513 -0.6168315602203334 0.019913007189124258 -0.10743590629276727 -0.6932409083094683 -1.329985475718926 -1.1516969968442778 -1.3809250411116825 -1.6101530853790873 0.07085257258188087 0 
0 0.07085257258188087 -0.1838452543819022 -0.66777112561309 -1.7375019988609788 -2.068609173913897 -1.661092650771844 -1.584683302682709 -1.8903206950392486 -2.2214278700921666 -1.7375019988609788 -0.031026558203632353 0.6311877919022036 -0.744180473702225 -1.3554552584153043 -1.7375019988609788 -1.1516969968442778 0.32555039954566395 0.09632235527825918 -1.1007574314515212 -1.3045156930225477 -1.0498178660587645 -1.2790459103261693 -0.744180473702225 -0.6423013429167117 0 
0 0.1472619206710158 1.1915230112225264 1.2934021420080395 0.6821273572949602 -0.38760351595292863 -0.744180473702225 -0.9734085179696297 -0.7951200390949815 -1.4063948238080608 -0.6168315602203334 0.2236712687601507 -1.4318646065044391 -0.591361777523955 -0.48948264673844183 -1.7120322161646004 -1.8903206950392486 -0.1838452543819022 -0.5149524294348201 -1.5082739545935742 -1.329985475718926 -1.2281063449334126 -1.5337437372899523 -0.8460596044877381 -0.922468952576873 0 
0 0.3764899649384205 0.5293086611166904 0.1727317033673941 -0.005556775507254046 -0.6168315602203334 -0.922468952576873 -0.36213373325655035 0.580248226509447 0.35102018224204223 1.0387043150442565 1.828267578631984 -0.2857243851674154 -1.584683302682709 -0.922468952576873 -1.0498178660587645 -1.253576127629791 -0.8460596044877381 -1.2026365622370343 -1.5337437372899523 -1.584683302682709 -1.4063948238080608 -1.4063948238080608 -1.1007574314515212 -1.0752876487551428 0 
0 0.6566575745985819 0.1472619206710158 -0.36213373325655035 -0.36213373325655035 -0.9734085179696297 -1.8393811296464921 -1.661092650771844 -0.5404222121311985 0.6821273572949602 0.83494605347323 0.9877647496514999 1.4462208381863093 -1.0498178660587645 -1.661092650771844 -0.43854308134568526 -0.744180473702225 -1.3809250411116825 -1.7884415642537355 -1.661092650771844 -1.3554552584153043 -0.7187106910058466 -0.15837547168552388 -0.031026558203632353 0.2746108341529073 0 
0 0.3000806168492856 0.1982014860637724 -0.031026558203632353 -0.5149524294348201 -0.8969991698804948 -1.1771667795406562 -1.4063948238080608 -0.922468952576873 -0.2093150370782805 0.1472619206710158 0.7585367053840951 1.828267578631984 0.32555039954566395 -1.3045156930225477 -0.36213373325655035 -0.3111941678637937 -1.0752876487551428 -1.6356228680754656 -1.2026365622370343 -0.2347848197746588 0.2236712687601507 0.5293086611166904 0.580248226509447 0.6821273572949602 0 
0 -0.4130732986493069 -0.2093150370782805 -0.2347848197746588 -0.15837547168552388 -0.3111941678637937 -1.1771667795406562 -1.915790477735627 -2.068609173913897 -1.7375019988609788 -1.1007574314515212 0.42742953033117714 1.4716906208826877 0.7075971399913386 -0.5404222121311985 -0.38760351595292863 0.3000806168492856 -0.13290568898914557 -0.7187106910058466 -0.922468952576873 -0.8969991698804948 -0.2602546024710371 0.47836909572393377 0.45289931302755543 -0.8460596044877381 0 
0 -1.2281063449334126 -0.7951200390949815 0.09632235527825918 0.6566575745985819 -0.46401286404206354 -1.6101530853790873 -1.9667300431283836 -2.0431393912175184 -2.0176696085211403 -1.3554552584153043 0.8094762707768517 1.1151136631333913 0.580248226509447 0.09632235527825918 -0.08196612359638897 0.2746108341529073 -0.031026558203632353 -0.2347848197746588 -0.5149524294348201 -1.0752876487551428 -0.591361777523955 0.04538278988550257 -0.4130732986493069 -2.068609173913897 0 
0 -0.6423013429167117 -0.5658919948275768 0.7330669226877168 0.8604158361696084 -0.8460596044877381 -1.8393811296464921 -1.661092650771844 -1.5592135199863306 -1.661092650771844 -0.5149524294348201 0.9877647496514999 0.42742953033117714 -0.005556775507254046 0.40195974763479886 0.45289931302755543 -0.031026558203632353 -0.10743590629276727 0.09632235527825918 -0.4130732986493069 -0.922468952576873 -1.0498178660587645 -0.7951200390949815 -1.2281063449334126 -2.0431393912175184 0 
0 -0.005556775507254046 0.45289931302755543 0.580248226509447 0.40195974763479886 -0.46401286404206354 -1.5337437372899523 -1.686562433468222 -1.584683302682709 -1.253576127629791 -0.2093150370782805 0.35102018224204223 0.2746108341529073 -0.5149524294348201 -0.2602546024710371 0.3000806168492856 0.1727317033673941 0.09632235527825918 0.40195974763479886 0.1472619206710158 -0.66777112561309 -1.2026365622370343 -1.0243480833623864 -1.253576127629791 -2.17048830469941 0 
0 0.3764899649384205 1.0132345323478782 0.5293086611166904 -0.031026558203632353 -0.005556775507254046 -1.4318646065044391 -1.8648509123428703 -1.4573343892008175 -0.9988783006660079 -0.005556775507254046 0.3764899649384205 0.40195974763479886 -0.13290568898914557 -0.2347848197746588 -0.36213373325655035 -0.031026558203632353 -0.005556775507254046 -0.2602546024710371 0.04538278988550257 -0.336663950560172 -0.8715293871841164 -0.922468952576873 -0.7696502563986032 -0.5404222121311985 0 
0 0.580248226509447 1.0641740977406349 0.8858856188659866 0.04538278988550257 0.503838878420312 -0.7696502563986032 -1.7884415642537355 -1.3045156930225477 -0.922468952576873 0.1982014860637724 0.1982014860637724 0.07085257258188087 0.019913007189124258 -0.38760351595292863 -0.8460596044877381 -0.7187106910058466 -0.7951200390949815 -1.2026365622370343 -0.3111941678637937 -0.10743590629276727 -0.2347848197746588 -0.8460596044877381 -0.2093150370782805 1.930146709417497 0 
0 0.6311877919022036 1.1405834458297697 0.9113554015623649 -0.48948264673844183 -0.10743590629276727 -0.10743590629276727 -1.4318646065044391 -1.1771667795406562 -0.6932409083094683 0.1472619206710158 0.47836909572393377 0.04538278988550257 0.5547784438130686 0.3764899649384205 0.019913007189124258 -0.8460596044877381 -0.8460596044877381 -0.4130732986493069 -0.10743590629276727 -0.031026558203632353 -0.08196612359638897 -0.6932409083094683 0.019913007189124258 1.9046769267211188 0 
0 0.35102018224204223 0.580248226509447 0.04538278988550257 -1.0498178660587645 -0.38760351595292863 0.1472619206710158 -0.9988783006660079 -1.0752876487551428 -0.744180473702225 -0.4130732986493069 0.32555039954566395 0.47836909572393377 1.1915230112225264 1.497160403579066 1.2934021420080395 -0.056496340900010655 0.9877647496514999 1.0132345323478782 0.503838878420312 0.45289931302755543 -0.2093150370782805 -1.2026365622370343 -1.4828041718971958 -0.5149524294348201 0 
0 -0.4130732986493069 -0.2093150370782805 -0.8969991698804948 -1.2790459103261693 -0.7696502563986032 0.2236712687601507 -0.6168315602203334 -0.8969991698804948 -0.6423013429167117 -0.6168315602203334 -0.336663950560172 0.249141051456529 0.83494605347323 1.089643880437013 1.1405834458297697 0.7075971399913386 1.420751055489931 1.4716906208826877 1.0641740977406349 0.6566575745985819 -0.10743590629276727 -1.4828041718971958 -1.992199825824762 -1.6356228680754656 0 
0 -0.8205898217913599 -0.8205898217913599 -1.2026365622370343 -1.4828041718971958 -0.922468952576873 0.1472619206710158 -0.7187106910058466 -0.8969991698804948 -0.591361777523955 -0.48948264673844183 -0.6932409083094683 -0.6168315602203334 -0.4130732986493069 0.2236712687601507 0.6566575745985819 0.9113554015623649 0.9113554015623649 0.8858856188659866 0.8858856188659866 0.35102018224204223 -0.36213373325655035 -1.2026365622370343 -1.915790477735627 -1.661092650771844 0 
0 -0.8715293871841164 -0.922468952576873 -1.2790459103261693 -1.4063948238080608 -0.8205898217913599 -0.1838452543819022 -0.591361777523955 -0.9988783006660079 -0.6932409083094683 -0.336663950560172 -1.2026365622370343 -1.0243480833623864 -1.1771667795406562 -1.0243480833623864 -0.031026558203632353 0.6057180092058253 0.5293086611166904 0.35102018224204223 0.1472619206710158 -0.38760351595292863 -1.0243480833623864 -0.922468952576873 -1.4828041718971958 -1.686562433468222 0 
0 -1.0498178660587645 -1.1007574314515212 -1.2026365622370343 -1.5337437372899523 -1.1262272141478995 -0.66777112561309 -0.66777112561309 -0.7696502563986032 -0.7187106910058466 -0.5149524294348201 -0.8205898217913599 -1.253576127629791 -0.8969991698804948 -1.1262272141478995 -0.5149524294348201 0.2746108341529073 0.1472619206710158 -0.2347848197746588 -0.43854308134568526 -0.7951200390949815 -1.329985475718926 -1.2026365622370343 -0.7951200390949815 -0.9479387352732513 0 
0 -1.2281063449334126 -0.922468952576873 -0.9734085179696297 -1.6356228680754656 -1.7375019988609788 -1.329985475718926 -1.0498178660587645 -0.591361777523955 -0.48948264673844183 -0.6423013429167117 -0.38760351595292863 -0.7696502563986032 -1.1771667795406562 -0.6932409083094683 -0.2093150370782805 0.04538278988550257 0.09632235527825918 -0.031026558203632353 -0.336663950560172 -1.0752876487551428 -1.4828041718971958 -1.329985475718926 -1.3554552584153043 -1.1007574314515212 0 
0 -1.329985475718926 -1.1262272141478995 -1.2281063449334126 -1.7120322161646004 -2.246897652788545 -1.7629717815573571 -1.253576127629791 -0.7696502563986032 -0.5149524294348201 -0.5658919948275768 -0.66777112561309 -0.43854308134568526 -0.7696502563986032 -1.329985475718926 -0.8460596044877381 -0.38760351595292863 0.07085257258188087 0.12179213797463748 -0.5404222121311985 -1.7375019988609788 -1.8648509123428703 -2.0176696085211403 -2.4761256970559495 -1.584683302682709 0 
0 -0.8460596044877381 -0.6423013429167117 -0.5658919948275768 -1.5082739545935742 -2.348776783574058 -1.7629717815573571 -1.4063948238080608 -0.8715293871841164 -0.5658919948275768 -0.5658919948275768 -0.46401286404206354 -0.336663950560172 -0.336663950560172 -0.2857243851674154 -0.5658919948275768 -0.5404222121311985 0.019913007189124258 0.12179213797463748 -1.3554552584153043 -2.3997163489668147 -2.246897652788545 -2.068609173913897 -1.8393811296464921 -1.7629717815573571 0 
0 -0.8969991698804948 0.09632235527825918 0.9368251842587433 0.7840064880804735 0.1727317033673941 -0.38760351595292863 -0.6423013429167117 -0.7696502563986032 -0.8205898217913599 -0.66777112561309 -0.48948264673844183 -0.1838452543819022 -0.2093150370782805 -0.10743590629276727 0.1727317033673941 0.07085257258188087 0.1727317033673941 -0.43854308134568526 -1.4063948238080608 -1.7120322161646004 -1.7884415642537355 -1.7629717815573571 -1.7120322161646004 -1.9412602604320053 0 
0 -1.7884415642537355 -1.5082739545935742 -1.1771667795406562 -0.13290568898914557 1.420751055489931 1.8792071440247406 1.828267578631984 1.420751055489931 0.8858856188659866 0.6821273572949602 0.2236712687601507 -0.08196612359638897 -0.2347848197746588 -0.08196612359638897 0.12179213797463748 0.07085257258188087 -0.43854308134568526 -0.7696502563986032 -0.5658919948275768 -0.922468952576873 -0.10743590629276727 -0.6423013429167117 -1.7884415642537355 -1.915790477735627 0 
0 0 0 0 0 0 0 0 0 0 0 0 0 0 0 0 0 0 0 0 0 0 0 0 0 0 

