0 0 0 0 0 0 0 0 0 0 0 0 0 0 0 0 0 0 0 0 0 0 0 0 0 0 
0 1.60286387125256 1.876023617088165 1.8987869292411321 1.7849703684762968 1.6711538077114614 1.7394437441703625 1.8077336806292639 1.7166804320173954 1.5345739347936587 1.2614141889580537 0.7606213215927776 0.39640832714530416 0.35088170283937 0.5557515122160738 0.7378580094398105 0.9882544431224486 1.0565443795813498 1.0565443795813498 0.9882544431224486 1.1703609403461852 0.9882544431224486 -0.12714785237293896 -1.1970235235623923 -1.7205797030806353 0 
0 1.5345739347936587 1.6256271834055271 1.9670768657000335 2.058130114311902 1.9443135535470664 1.7849703684762968 1.6256271834055271 1.5573372469466258 1.375230749722889 1.1931242524991523 0.7606213215927776 0.44193495145123834 0.4874615757571725 0.6468047608279421 0.7378580094398105 0.8972011945105801 0.9199645066635472 1.1931242524991523 1.306940813263988 0.7606213215927776 -0.2637277252907415 -1.4474199572450304 -1.7661063273865696 -1.083206962797557 0 
0 1.0110177552754156 1.2614141889580537 1.6483904955584943 1.6939171198644283 1.60286387125256 1.4435206861817904 1.147597628193218 1.1248343160402512 1.0110177552754156 0.9427278188165144 0.7378580094398105 0.5557515122160738 0.624041448674975 0.624041448674975 0.6923313851338764 0.9882544431224486 1.0565443795813498 1.0337810674283827 0.44193495145123834 -0.9238637777267872 -1.4701832693979975 -1.083206962797557 -0.6051774075852479 -0.28649103744370863 0 
0 0.624041448674975 0.8061479458987117 1.0565443795813498 1.102071003887284 1.0337810674283827 0.9654911309694815 0.8289112580516789 0.7606213215927776 0.7378580094398105 0.6923313851338764 0.624041448674975 0.5785148243690409 0.5785148243690409 0.6468047608279421 0.4874615757571725 -0.05885791591403769 -0.7417572805030505 -1.3108400843272277 -1.7888696395395367 -1.9254495124573392 -1.2880767721742608 -0.6507040318911821 -0.6734673440441492 -1.0149170263386555 0 
0 0.4191716392982712 0.44193495145123834 0.601278136522008 0.624041448674975 0.601278136522008 0.5557515122160738 0.5329882000631067 0.4874615757571725 0.44193495145123834 0.37364501499233704 0.35088170283937 0.35088170283937 0.44193495145123834 0.5102248879101396 -0.8328105291149188 -2.15308263398701 -2.4262423798226154 -2.2213725704459115 -1.629526454468767 -0.7645205926560176 -0.40030759820854406 -0.6734673440441492 -1.0376803384916227 -1.7661063273865696 0 
0 0.2825917663804687 0.35088170283937 0.32811839068640286 0.2825917663804687 0.2143018299215674 0.14601189346266613 0.14601189346266613 0.14601189346266613 0.14601189346266613 0.14601189346266613 0.16877520561563322 0.2143018299215674 0.2143018299215674 -0.4913608468204124 -1.5384732058568986 -0.8328105291149188 -0.17267447667887315 0.39640832714530416 0.8744378823576131 1.0565443795813498 0.4191716392982712 -0.3092543495966757 -0.6734673440441492 -1.2425501478683265 0 
0 0.2370651420745345 0.39640832714530416 0.35088170283937 0.2598284542275016 0.07772195700376486 -0.08162122806700478 -0.10438454021997187 -0.08162122806700478 0.009432020544863584 0.07772195700376486 0.2143018299215674 0.2370651420745345 0.14601189346266613 0.2598284542275016 0.7606213215927776 1.352467437569922 1.5345739347936587 1.60286387125256 1.4435206861817904 0.2143018299215674 -0.5141241589733795 -0.9011004655738201 -1.379130020786129 -1.2197868357153594 0 
0 -0.17267447667887315 0.009432020544863584 0.5102248879101396 0.6468047608279421 0.2370651420745345 -0.013331291608103509 -0.08162122806700478 -0.05885791591403769 -0.013331291608103509 0.054958644850797767 0.2598284542275016 0.5102248879101396 1.079307691734317 1.7622070563233296 1.7166804320173954 1.5345739347936587 1.4890473104877247 1.306940813263988 0.6923313851338764 -0.21820110098480733 -0.40030759820854406 -0.7189939683500833 -1.4929465815509644 -1.7205797030806353 0 
0 -0.21820110098480733 -0.0360946037610706 0.5557515122160738 0.9427278188165144 0.6468047608279421 0.601278136522008 0.6923313851338764 0.5329882000631067 0.2143018299215674 0.624041448674975 1.1703609403461852 1.2386508768050866 1.306940813263988 1.1248343160402512 0.8972011945105801 1.0565443795813498 0.8061479458987117 0.2598284542275016 0.054958644850797767 -0.013331291608103509 -0.05885791591403769 -0.05885791591403769 -0.08162122806700478 -0.21820110098480733 0 
0 0.4191716392982712 0.8972011945105801 1.102071003887284 0.9654911309694815 0.7378580094398105 0.8061479458987117 0.9199645066635472 0.8972011945105801 0.44193495145123834 0.6695680729809093 1.0110177552754156 1.1248343160402512 0.9882544431224486 0.7150946972868434 0.4874615757571725 0.6468047608279421 0.5785148243690409 0.3053550785334358 0.2370651420745345 -0.2637277252907415 -0.10438454021997187 -0.10438454021997187 -0.013331291608103509 -0.10438454021997187 0 
0 1.1931242524991523 1.4435206861817904 1.375230749722889 0.6695680729809093 0.32811839068640286 0.6468047608279421 1.1248343160402512 1.4435206861817904 1.4662839983347575 1.580100559099593 1.5118106226406915 1.1248343160402512 0.624041448674975 0.35088170283937 0.4191716392982712 0.4874615757571725 0.4874615757571725 0.4191716392982712 0.35088170283937 0.16877520561563322 0.032195332697830675 -0.0360946037610706 0.14601189346266613 -0.12714785237293896 0 
0 1.2614141889580537 1.306940813263988 0.9882544431224486 0.4646982636042054 0.6923313851338764 1.4890473104877247 1.7622070563233296 1.4435206861817904 1.1703609403461852 0.8744378823576131 0.37364501499233704 0.054958644850797767 0.009432020544863584 0.10048526915673195 0.16877520561563322 0.2370651420745345 0.32811839068640286 0.39640832714530416 0.39640832714530416 0.39640832714530416 0.2598284542275016 0.2598284542275016 0.35088170283937 0.32811839068640286 0 
0 0.7378580094398105 0.624041448674975 0.37364501499233704 0.2143018299215674 0.37364501499233704 0.2825917663804687 -0.013331291608103509 -0.40030759820854406 -0.5596507832793137 -0.5596507832793137 -0.44583422251447824 -0.21820110098480733 -0.05885791591403769 0.032195332697830675 0.10048526915673195 0.14601189346266613 0.2370651420745345 0.3053550785334358 0.35088170283937 0.35088170283937 0.35088170283937 0.35088170283937 0.37364501499233704 0.37364501499233704 0 
0 -1.083206962797557 -1.151496899256458 -1.2197868357153594 -1.3336033964801948 -1.4246566450920632 -1.379130020786129 -1.3108400843272277 -1.105970274950524 -0.878337153420853 -0.9011004655738201 -0.7872839048089846 -0.7645205926560176 -0.6962306561971162 -0.44583422251447824 -0.12714785237293896 0.032195332697830675 0.1915385177686003 0.2370651420745345 0.2825917663804687 0.32811839068640286 0.35088170283937 0.37364501499233704 0.4191716392982712 0.39640832714530416 0 
0 -2.062029385375142 -1.9254495124573392 -1.879922888151405 -1.879922888151405 -1.7661063273865696 -1.675053078774701 -1.629526454468767 -1.4018933329390961 -1.2880767721742608 -1.3336033964801948 -1.151496899256458 -1.2197868357153594 -1.0149170263386555 -0.8555738412678859 -1.4929465815509644 -0.8328105291149188 0.16877520561563322 0.12324858130969904 0.1915385177686003 0.2370651420745345 0.3053550785334358 0.35088170283937 0.37364501499233704 0.39640832714530416 0 
0 -1.9709761367632734 -1.9937394489162406 -1.902686200304372 -1.7661063273865696 -1.675053078774701 -1.6067631423158 -1.5384732058568986 -1.3336033964801948 -2.084792697528109 -1.5839998301628329 -0.9466270898797543 -1.0149170263386555 -0.7645205926560176 -0.9921537141856884 -2.130319321834043 -1.0149170263386555 0.009432020544863584 -0.013331291608103509 0.10048526915673195 0.2370651420745345 0.2825917663804687 0.3053550785334358 0.37364501499233704 0.39640832714530416 0 
0 -2.0392660732221746 -2.084792697528109 -2.062029385375142 -1.9254495124573392 -1.857159575998438 -1.7205797030806353 -1.629526454468767 -1.5157098937039315 -1.7661063273865696 -1.5612365180098657 -1.151496899256458 -1.0376803384916227 -1.0149170263386555 -1.3108400843272277 -1.3336033964801948 -0.4913608468204124 -0.5824140954322808 -0.46859753466744536 -0.12714785237293896 0.12324858130969904 0.2143018299215674 0.2598284542275016 0.32811839068640286 0.37364501499233704 0 
0 -2.1758459461399773 -2.2213725704459115 -2.130319321834043 -2.0165027610692077 -2.0165027610692077 -1.879922888151405 -1.8116329516925038 -1.8116329516925038 -1.5612365180098657 -1.4474199572450304 -1.2880767721742608 -1.2880767721742608 -1.3563667086331619 -1.5384732058568986 -1.4018933329390961 -1.0149170263386555 -1.2197868357153594 -0.9693904020327214 -0.7645205926560176 -0.6051774075852479 -0.3547809739026099 -0.17267447667887315 -0.10438454021997187 -0.0360946037610706 0 
0 -2.2668991947518458 -2.31242581905778 -2.15308263398701 -2.084792697528109 -2.062029385375142 -2.0165027610692077 -1.902686200304372 -1.7433430152336025 -1.4018933329390961 -1.4018933329390961 -1.5612365180098657 -1.6067631423158 -1.5384732058568986 -1.4701832693979975 -1.3563667086331619 -1.2425501478683265 -1.105970274950524 -0.878337153420853 -0.8555738412678859 -0.7872839048089846 -0.627940719738215 -0.40030759820854406 -0.17267447667887315 -0.0360946037610706 0 
0 -1.5839998301628329 -2.2668991947518458 -2.2896625069048127 -2.198609258292944 -2.107556009681076 -1.857159575998438 -1.5612365180098657 -1.4474199572450304 -1.6522897666217342 -1.7661063273865696 -1.7661063273865696 -1.6978163909276682 -1.5384732058568986 -1.4474199572450304 -1.3336033964801948 -1.2197868357153594 -1.151496899256458 -0.9693904020327214 -0.8328105291149188 -0.6734673440441492 -0.5596507832793137 -0.46859753466744536 -0.3092543495966757 -0.05885791591403769 0 
0 -0.5596507832793137 -1.3563667086331619 -2.084792697528109 -1.9709761367632734 -1.6978163909276682 -1.7205797030806353 -1.834396263845471 -1.902686200304372 -1.902686200304372 -1.857159575998438 -1.7661063273865696 -1.7888696395395367 -1.7205797030806353 -1.6522897666217342 -1.5612365180098657 -1.4929465815509644 -1.379130020786129 -1.1970235235623923 -1.105970274950524 -0.9466270898797543 -0.7872839048089846 -0.627940719738215 -0.5368874711263466 -0.40030759820854406 0 
0 -0.3320176617496428 -0.3547809739026099 -0.9466270898797543 -1.6522897666217342 -1.9937394489162406 -2.1758459461399773 -2.1758459461399773 -2.062029385375142 -2.0392660732221746 -1.9482128246103063 -1.902686200304372 -1.834396263845471 -1.7888696395395367 -1.8116329516925038 -1.7661063273865696 -1.6978163909276682 -1.629526454468767 -1.4474199572450304 -1.4018933329390961 -1.2653134600212936 -1.128733587103491 -0.9921537141856884 -0.7872839048089846 -0.6051774075852479 0 
0 -0.3320176617496428 -0.24096441313777442 -0.3320176617496428 -1.0149170263386555 -1.902686200304372 -2.084792697528109 -2.0165027610692077 -1.9482128246103063 -2.062029385375142 -2.0392660732221746 -1.857159575998438 -1.675053078774701 -1.7661063273865696 -1.9482128246103063 -1.9937394489162406 -1.9937394489162406 -1.9254495124573392 -1.6978163909276682 -1.6978163909276682 -1.6067631423158 -1.4929465815509644 -1.379130020786129 -1.2197868357153594 -1.0149170263386555 0 
0 -0.5596507832793137 -0.4913608468204124 -0.4913608468204124 -0.4913608468204124 -0.8328105291149188 -1.5612365180098657 -1.902686200304372 -1.9482128246103063 -1.9937394489162406 -2.0165027610692077 -1.7888696395395367 -1.5157098937039315 -1.675053078774701 -1.9709761367632734 -1.9482128246103063 -2.0392660732221746 -2.084792697528109 -1.902686200304372 -1.879922888151405 -1.834396263845471 -1.8116329516925038 -1.7433430152336025 -1.629526454468767 -1.4929465815509644 0 
0 0 0 0 0 0 0 0 0 0 0 0 0 0 0 0 0 0 0 0 0 0 0 0 0 0 

0 0 0 0 0 0 0 0 0 0 0 0 0 0 0 0 0 0 0 0 0 0 0 0 0 0 
0 1.853260304935198 2.0353668021589346 2.080893426464869 1.9670768657000335 1.7849703684762968 1.853260304935198 1.9215502413940992 1.876023617088165 1.7622070563233296 1.4890473104877247 0.9882544431224486 0.601278136522008 0.624041448674975 0.7833846337457447 0.9427278188165144 1.1248343160402512 1.1703609403461852 1.1931242524991523 1.147597628193218 1.375230749722889 1.1931242524991523 0.12324858130969904 -0.9011004655738201 -1.3336033964801948 0 
0 1.7394437441703625 1.7849703684762968 2.058130114311902 2.1491833629237704 2.058130114311902 1.876023617088165 1.7166804320173954 1.6711538077114614 1.5573372469466258 1.352467437569922 0.9199645066635472 0.5785148243690409 0.6695680729809093 0.851674570204646 0.9427278188165144 1.102071003887284 1.0337810674283827 1.2841775011110208 1.4662839983347575 0.9882544431224486 -0.08162122806700478 -1.3108400843272277 -1.5384732058568986 -0.7417572805030505 0 
0 1.306940813263988 1.5118106226406915 1.830496992782231 1.853260304935198 1.7849703684762968 1.60286387125256 1.3297041254169548 1.2841775011110208 1.1931242524991523 1.102071003887284 0.8972011945105801 0.7150946972868434 0.8061479458987117 0.8289112580516789 0.8972011945105801 1.1931242524991523 1.2614141889580537 1.2158875646521194 0.624041448674975 -0.7872839048089846 -1.2880767721742608 -0.8555738412678859 -0.377544286055577 -0.0360946037610706 0 
0 0.9427278188165144 1.0565443795813498 1.2614141889580537 1.306940813263988 1.2386508768050866 1.1703609403461852 1.0337810674283827 0.9654911309694815 0.8972011945105801 0.851674570204646 0.7833846337457447 0.7150946972868434 0.7378580094398105 0.851674570204646 0.7150946972868434 0.16877520561563322 -0.46859753466744536 -1.0604436506445898 -1.5839998301628329 -1.8116329516925038 -1.1742602114094252 -0.44583422251447824 -0.44583422251447824 -0.7417572805030505 0 
0 0.7150946972868434 0.6923313851338764 0.7833846337457447 0.8061479458987117 0.8061479458987117 0.7606213215927776 0.7378580094398105 0.6923313851338764 0.624041448674975 0.5557515122160738 0.5329882000631067 0.5557515122160738 0.624041448674975 0.7150946972868434 -0.627940719738215 -1.9482128246103063 -2.198609258292944 -1.9937394489162406 -1.4474199572450304 -0.6507040318911821 -0.2637277252907415 -0.46859753466744536 -0.8100472169619517 -1.5157098937039315 0 
0 0.6468047608279421 0.6695680729809093 0.601278136522008 0.5329882000631067 0.4874615757571725 0.4191716392982712 0.4191716392982712 0.4191716392982712 0.4191716392982712 0.4191716392982712 0.44193495145123834 0.5102248879101396 0.5557515122160738 -0.21820110098480733 -1.3563667086331619 -0.7417572805030505 -0.05885791591403769 0.5329882000631067 0.9654911309694815 1.079307691734317 0.5329882000631067 -0.08162122806700478 -0.44583422251447824 -0.9921537141856884 0 
0 0.624041448674975 0.7378580094398105 0.5785148243690409 0.5102248879101396 0.4191716392982712 0.2825917663804687 0.2370651420745345 0.2370651420745345 0.2598284542275016 0.32811839068640286 0.44193495145123834 0.4874615757571725 0.4646982636042054 0.4874615757571725 0.8972011945105801 1.4435206861817904 1.6483904955584943 1.6939171198644283 1.5345739347936587 0.2825917663804687 -0.46859753466744536 -0.8100472169619517 -1.1970235235623923 -0.9466270898797543 0 
0 0.35088170283937 0.44193495145123834 0.851674570204646 0.9427278188165144 0.5785148243690409 0.32811839068640286 0.2370651420745345 0.2825917663804687 0.32811839068640286 0.35088170283937 0.5102248879101396 0.6923313851338764 1.2614141889580537 1.830496992782231 1.7394437441703625 1.6711538077114614 1.6711538077114614 1.4435206861817904 0.8289112580516789 -0.05885791591403769 -0.2637277252907415 -0.6051774075852479 -1.3336033964801948 -1.5157098937039315 0 
0 0.35088170283937 0.44193495145123834 0.9882544431224486 1.2614141889580537 0.8972011945105801 0.851674570204646 0.9199645066635472 0.8061479458987117 0.5785148243690409 0.8972011945105801 1.2841775011110208 1.2614141889580537 1.2841775011110208 1.0565443795813498 0.8744378823576131 1.2158875646521194 1.0565443795813498 0.5102248879101396 0.3053550785334358 0.2143018299215674 0.1915385177686003 0.1915385177686003 0.12324858130969904 -0.08162122806700478 0 
0 0.8061479458987117 1.2158875646521194 1.3297041254169548 1.1248343160402512 0.9654911309694815 1.147597628193218 1.2158875646521194 1.102071003887284 0.6468047608279421 0.8289112580516789 1.0337810674283827 1.0565443795813498 1.079307691734317 0.8289112580516789 0.624041448674975 0.8744378823576131 0.851674570204646 0.601278136522008 0.5329882000631067 0.009432020544863584 0.1915385177686003 0.16877520561563322 0.2370651420745345 0.10048526915673195 0 
0 1.4662839983347575 1.7394437441703625 1.6256271834055271 0.9427278188165144 0.6468047608279421 0.9427278188165144 1.306940813263988 1.4890473104877247 1.4207573740288233 1.6256271834055271 1.6483904955584943 1.3297041254169548 0.9199645066635472 0.6695680729809093 0.7150946972868434 0.8061479458987117 0.7606213215927776 0.6923313851338764 0.624041448674975 0.44193495145123834 0.3053550785334358 0.2370651420745345 0.4191716392982712 0.16877520561563322 0 
0 1.4435206861817904 1.5573372469466258 1.306940813263988 0.7606213215927776 0.8972011945105801 1.5573372469466258 1.853260304935198 1.6483904955584943 1.352467437569922 1.1248343160402512 0.7378580094398105 0.4874615757571725 0.4191716392982712 0.4874615757571725 0.5785148243690409 0.6468047608279421 0.6695680729809093 0.6695680729809093 0.6695680729809093 0.6695680729809093 0.5329882000631067 0.5329882000631067 0.624041448674975 0.601278136522008 0 
0 1.0337810674283827 1.0110177552754156 0.8289112580516789 0.6923313851338764 0.8061479458987117 0.7833846337457447 0.601278136522008 0.3053550785334358 0.12324858130969904 0.054958644850797767 0.07772195700376486 0.2370651420745345 0.37364501499233704 0.44193495145123834 0.5329882000631067 0.5785148243690409 0.5785148243690409 0.5785148243690409 0.624041448674975 0.624041448674975 0.624041448674975 0.624041448674975 0.6468047608279421 0.6468047608279421 0 
0 -0.0360946037610706 -0.08162122806700478 -0.14991116452590605 -0.2637277252907415 -0.3547809739026099 -0.377544286055577 -0.3547809739026099 -0.21820110098480733 -0.013331291608103509 -0.14991116452590605 -0.17267447667887315 -0.2637277252907415 -0.21820110098480733 -0.013331291608103509 0.2825917663804687 0.39640832714530416 0.4874615757571725 0.4874615757571725 0.5557515122160738 0.601278136522008 0.624041448674975 0.6468047608279421 0.6923313851338764 0.6695680729809093 0 
0 -0.5368874711263466 -0.4913608468204124 -0.5368874711263466 -0.7189939683500833 -0.7872839048089846 -0.7417572805030505 -0.7189939683500833 -0.5368874711263466 -0.4913608468204124 -0.6051774075852479 -0.4913608468204124 -0.627940719738215 -0.46859753466744536 -0.40030759820854406 -1.1742602114094252 -0.5824140954322808 0.4646982636042054 0.44193495145123834 0.4874615757571725 0.5329882000631067 0.601278136522008 0.624041448674975 0.6695680729809093 0.6923313851338764 0 
0 -0.5368874711263466 -0.5141241589733795 -0.5368874711263466 -0.5368874711263466 -0.5141241589733795 -0.5141241589733795 -0.44583422251447824 -0.4230709103615112 -1.6067631423158 -1.0149170263386555 -0.19543778883184024 -0.14991116452590605 -0.05885791591403769 -0.5824140954322808 -1.9254495124573392 -0.8328105291149188 0.3053550785334358 0.3053550785334358 0.37364501499233704 0.4646982636042054 0.4874615757571725 0.5329882000631067 0.601278136522008 0.624041448674975 0 
0 -0.7189939683500833 -0.6051774075852479 -0.6051774075852479 -0.6051774075852479 -0.6734673440441492 -0.6051774075852479 -0.5824140954322808 -0.5368874711263466 -0.9011004655738201 -0.7417572805030505 -0.3547809739026099 -0.28649103744370863 -0.377544286055577 -0.7872839048089846 -0.9693904020327214 -0.3092543495966757 -0.3320176617496428 -0.14991116452590605 0.10048526915673195 0.3053550785334358 0.32811839068640286 0.37364501499233704 0.44193495145123834 0.5102248879101396 0 
0 -0.7189939683500833 -0.7189939683500833 -0.7872839048089846 -0.8100472169619517 -0.8100472169619517 -0.7189939683500833 -0.6734673440441492 -0.7189939683500833 -0.5596507832793137 -0.627940719738215 -0.6507040318911821 -0.7872839048089846 -0.9011004655738201 -0.9693904020327214 -0.8100472169619517 -0.5596507832793137 -0.9921537141856884 -0.8555738412678859 -0.6962306561971162 -0.627940719738215 -0.46859753466744536 -0.40030759820854406 -0.3320176617496428 -0.28649103744370863 0 
0 -0.6734673440441492 -0.7189939683500833 -0.7189939683500833 -0.7645205926560176 -0.7189939683500833 -0.7417572805030505 -0.6962306561971162 -0.627940719738215 -0.46859753466744536 -0.5596507832793137 -0.7645205926560176 -0.878337153420853 -0.8328105291149188 -0.7872839048089846 -0.6962306561971162 -0.6051774075852479 -0.627940719738215 -0.5368874711263466 -0.6051774075852479 -0.6507040318911821 -0.5368874711263466 -0.3320176617496428 -0.14991116452590605 -0.05885791591403769 0 
0 -0.28649103744370863 -0.7417572805030505 -0.7417572805030505 -0.7645205926560176 -0.7645205926560176 -0.627940719738215 -0.4913608468204124 -0.4230709103615112 -0.5596507832793137 -0.6962306561971162 -0.7417572805030505 -0.7189939683500833 -0.6734673440441492 -0.6734673440441492 -0.6051774075852479 -0.5368874711263466 -0.44583422251447824 -0.3320176617496428 -0.3092543495966757 -0.24096441313777442 -0.21820110098480733 -0.19543778883184024 -0.05885791591403769 0.14601189346266613 0 
0 0.32811839068640286 -0.24096441313777442 -0.7645205926560176 -0.7189939683500833 -0.5824140954322808 -0.5368874711263466 -0.627940719738215 -0.7417572805030505 -0.7189939683500833 -0.7417572805030505 -0.7417572805030505 -0.8100472169619517 -0.8328105291149188 -0.8100472169619517 -0.7872839048089846 -0.7417572805030505 -0.6962306561971162 -0.5596507832793137 -0.5824140954322808 -0.5368874711263466 -0.44583422251447824 -0.3547809739026099 -0.3092543495966757 -0.28649103744370863 0 
0 0.32811839068640286 0.35088170283937 -0.05885791591403769 -0.5368874711263466 -0.7189939683500833 -0.8100472169619517 -0.878337153420853 -0.878337153420853 -0.8100472169619517 -0.7872839048089846 -0.8555738412678859 -0.9011004655738201 -0.8555738412678859 -0.9238637777267872 -0.9238637777267872 -0.9238637777267872 -0.9011004655738201 -0.7872839048089846 -0.8328105291149188 -0.8328105291149188 -0.7189939683500833 -0.6051774075852479 -0.5141241589733795 -0.44583422251447824 0 
0 0.2370651420745345 0.2598284542275016 0.3053550785334358 -0.10438454021997187 -0.7417572805030505 -0.8555738412678859 -0.878337153420853 -0.9466270898797543 -0.9238637777267872 -0.9693904020327214 -0.9238637777267872 -0.7872839048089846 -0.8100472169619517 -0.9921537141856884 -1.105970274950524 -1.151496899256458 -1.105970274950524 -0.9466270898797543 -1.0376803384916227 -1.0604436506445898 -1.0149170263386555 -0.9238637777267872 -0.8555738412678859 -0.7645205926560176 0 
0 0.07772195700376486 0.07772195700376486 0.12324858130969904 0.14601189346266613 -0.14991116452590605 -0.6962306561971162 -0.9011004655738201 -0.9238637777267872 -0.9921537141856884 -1.0604436506445898 -0.9011004655738201 -0.6507040318911821 -0.7417572805030505 -0.9466270898797543 -1.0604436506445898 -1.2653134600212936 -1.2653134600212936 -1.0376803384916227 -1.2425501478683265 -1.3563667086331619 -1.2425501478683265 -1.1742602114094252 -1.105970274950524 -1.128733587103491 0 
0 0 0 0 0 0 0 0 0 0 0 0 0 0 0 0 0 0 0 0 0 0 0 0 0 0 

0 0 0 0 0 0 0 0 0 0 0 0 0 0 0 0 0 0 0 0 0 0 0 0 0 0 
0 1.9898401778530006 2.058130114311902 2.126420050770803 2.0353668021589346 1.853260304935198 1.8987869292411321 1.9670768657000335 1.9215502413940992 1.8077336806292639 1.580100559099593 1.1703609403461852 0.8289112580516789 0.8289112580516789 0.9882544431224486 1.1248343160402512 1.3297041254169548 1.3297041254169548 1.306940813263988 1.2386508768050866 1.4435206861817904 1.2158875646521194 0.07772195700376486 -0.878337153420853 -1.2425501478683265 0 
0 1.876023617088165 1.876023617088165 2.1491833629237704 2.2174732993826716 2.080893426464869 1.9215502413940992 1.7622070563233296 1.7166804320173954 1.6256271834055271 1.5118106226406915 1.1248343160402512 0.851674570204646 0.9199645066635472 1.0565443795813498 1.102071003887284 1.1931242524991523 1.1703609403461852 1.4207573740288233 1.5345739347936587 0.9882544431224486 -0.17267447667887315 -1.4246566450920632 -1.5839998301628329 -0.6962306561971162 0 
0 1.4207573740288233 1.580100559099593 1.876023617088165 1.8987869292411321 1.853260304935198 1.6939171198644283 1.3979940618758562 1.375230749722889 1.2614141889580537 1.2386508768050866 1.102071003887284 0.9654911309694815 1.0565443795813498 1.0337810674283827 1.0565443795813498 1.2614141889580537 1.306940813263988 1.2614141889580537 0.601278136522008 -0.8555738412678859 -1.4246566450920632 -0.9921537141856884 -0.4913608468204124 -0.12714785237293896 0 
0 1.1248343160402512 1.1931242524991523 1.375230749722889 1.4207573740288233 1.375230749722889 1.306940813263988 1.1931242524991523 1.102071003887284 1.0565443795813498 1.0565443795813498 1.0337810674283827 1.0110177552754156 0.9882544431224486 1.0337810674283827 0.8289112580516789 0.2143018299215674 -0.44583422251447824 -1.0604436506445898 -1.629526454468767 -1.879922888151405 -1.2880767721742608 -0.5824140954322808 -0.5824140954322808 -0.878337153420853 0 
0 1.0110177552754156 0.9654911309694815 1.0110177552754156 1.0337810674283827 1.0337810674283827 0.9882544431224486 0.9427278188165144 0.9199645066635472 0.9199645066635472 0.851674570204646 0.8289112580516789 0.851674570204646 0.8972011945105801 0.9199645066635472 -0.46859753466744536 -1.834396263845471 -2.130319321834043 -1.9709761367632734 -1.4701832693979975 -0.6962306561971162 -0.3320176617496428 -0.5141241589733795 -0.8328105291149188 -1.4701832693979975 0 
0 0.9882544431224486 1.0110177552754156 0.8744378823576131 0.8061479458987117 0.7606213215927776 0.6923313851338764 0.6923313851338764 0.6923313851338764 0.6923313851338764 0.6923313851338764 0.7150946972868434 0.7606213215927776 0.7150946972868434 -0.08162122806700478 -1.2653134600212936 -0.6507040318911821 -0.013331291608103509 0.5102248879101396 0.8972011945105801 0.9654911309694815 0.4191716392982712 -0.12714785237293896 -0.44583422251447824 -0.9238637777267872 0 
0 1.0110177552754156 1.079307691734317 0.9882544431224486 0.8972011945105801 0.6923313851338764 0.5557515122160738 0.5102248879101396 0.5329882000631067 0.5557515122160738 0.624041448674975 0.7378580094398105 0.7606213215927776 0.4874615757571725 0.44193495145123834 0.8289112580516789 1.352467437569922 1.5573372469466258 1.6256271834055271 1.4435206861817904 0.16877520561563322 -0.5368874711263466 -0.8328105291149188 -1.2197868357153594 -0.9693904020327214 0 
0 1.0110177552754156 0.9199645066635472 1.2386508768050866 1.3297041254169548 0.9427278188165144 0.6695680729809093 0.601278136522008 0.624041448674975 0.624041448674975 0.601278136522008 0.6923313851338764 0.7833846337457447 1.147597628193218 1.7166804320173954 1.6711538077114614 1.5573372469466258 1.5573372469466258 1.352467437569922 0.7378580094398105 -0.17267447667887315 -0.3092543495966757 -0.5824140954322808 -1.3336033964801948 -1.5384732058568986 0 
0 1.0565443795813498 1.0110177552754156 1.2386508768050866 1.4435206861817904 1.1931242524991523 1.147597628193218 1.2158875646521194 1.1248343160402512 0.9199645066635472 1.079307691734317 1.2386508768050866 1.0337810674283827 1.0110177552754156 0.851674570204646 0.7606213215927776 1.147597628193218 0.9427278188165144 0.37364501499233704 0.16877520561563322 0.10048526915673195 0.054958644850797767 0.054958644850797767 0.009432020544863584 -0.17267447667887315 0 
0 1.147597628193218 1.4662839983347575 1.5118106226406915 1.2841775011110208 1.1248343160402512 1.2841775011110208 1.3979940618758562 1.3297041254169548 0.7378580094398105 0.6923313851338764 0.7606213215927776 0.7833846337457447 0.9427278188165144 0.7833846337457447 0.601278136522008 0.8972011945105801 0.8061479458987117 0.5102248879101396 0.44193495145123834 -0.05885791591403769 0.07772195700376486 0.07772195700376486 0.14601189346266613 0.032195332697830675 0 
0 1.5573372469466258 1.6939171198644283 1.6711538077114614 1.147597628193218 0.8744378823576131 1.0565443795813498 1.2841775011110208 1.4207573740288233 1.375230749722889 1.4890473104877247 1.4435206861817904 1.1931242524991523 0.8972011945105801 0.6923313851338764 0.7606213215927776 0.8289112580516789 0.7606213215927776 0.6468047608279421 0.5785148243690409 0.39640832714530416 0.2598284542275016 0.1915385177686003 0.39640832714530416 0.12324858130969904 0 
0 1.5345739347936587 1.60286387125256 1.4662839983347575 0.9882544431224486 1.0337810674283827 1.580100559099593 1.6939171198644283 1.375230749722889 1.2158875646521194 1.147597628193218 0.7833846337457447 0.44193495145123834 0.39640832714530416 0.4874615757571725 0.5785148243690409 0.6468047608279421 0.624041448674975 0.624041448674975 0.624041448674975 0.624041448674975 0.4874615757571725 0.4874615757571725 0.5785148243690409 0.5557515122160738 0 
0 1.1703609403461852 1.1248343160402512 0.9654911309694815 0.7833846337457447 0.8061479458987117 0.7833846337457447 0.601278136522008 0.2825917663804687 0.07772195700376486 0.07772195700376486 0.12324858130969904 0.2370651420745345 0.2825917663804687 0.35088170283937 0.4646982636042054 0.5102248879101396 0.5329882000631067 0.5329882000631067 0.5785148243690409 0.5785148243690409 0.5785148243690409 0.5785148243690409 0.601278136522008 0.601278136522008 0 
0 0.16877520561563322 0.10048526915673195 0.032195332697830675 -0.10438454021997187 -0.21820110098480733 -0.21820110098480733 -0.14991116452590605 -0.013331291608103509 0.07772195700376486 -0.08162122806700478 -0.12714785237293896 -0.21820110098480733 -0.21820110098480733 -0.013331291608103509 0.2370651420745345 0.32811839068640286 0.4191716392982712 0.4646982636042054 0.5102248879101396 0.5557515122160738 0.5785148243690409 0.601278136522008 0.6468047608279421 0.624041448674975 0 
0 -0.3547809739026099 -0.28649103744370863 -0.28649103744370863 -0.4230709103615112 -0.46859753466744536 -0.46859753466744536 -0.5141241589733795 -0.377544286055577 -0.3547809739026099 -0.4913608468204124 -0.40030759820854406 -0.5141241589733795 -0.3092543495966757 -0.28649103744370863 -1.151496899256458 -0.6507040318911821 0.37364501499233704 0.37364501499233704 0.4191716392982712 0.4874615757571725 0.5329882000631067 0.5785148243690409 0.624041448674975 0.624041448674975 0 
0 -0.3320176617496428 -0.3092543495966757 -0.3092543495966757 -0.3092543495966757 -0.377544286055577 -0.377544286055577 -0.3320176617496428 -0.28649103744370863 -1.5157098937039315 -0.9466270898797543 -0.14991116452590605 -0.08162122806700478 0.009432020544863584 -0.4913608468204124 -1.902686200304372 -0.9238637777267872 0.1915385177686003 0.2143018299215674 0.3053550785334358 0.39640832714530416 0.44193495145123834 0.4646982636042054 0.5329882000631067 0.5557515122160738 0 
0 -0.46859753466744536 -0.40030759820854406 -0.40030759820854406 -0.44583422251447824 -0.5824140954322808 -0.5141241589733795 -0.44583422251447824 -0.4230709103615112 -0.8328105291149188 -0.6734673440441492 -0.28649103744370863 -0.21820110098480733 -0.3320176617496428 -0.7417572805030505 -0.9238637777267872 -0.24096441313777442 -0.377544286055577 -0.2637277252907415 0.032195332697830675 0.2598284542275016 0.2598284542275016 0.2598284542275016 0.35088170283937 0.39640832714530416 0 
0 -0.5141241589733795 -0.5368874711263466 -0.5368874711263466 -0.5824140954322808 -0.6734673440441492 -0.5824140954322808 -0.5368874711263466 -0.5368874711263466 -0.377544286055577 -0.44583422251447824 -0.4913608468204124 -0.6507040318911821 -0.8100472169619517 -0.9238637777267872 -0.7645205926560176 -0.4913608468204124 -0.9693904020327214 -0.878337153420853 -0.7189939683500833 -0.627940719738215 -0.4913608468204124 -0.44583422251447824 -0.40030759820854406 -0.3547809739026099 0 
0 -0.4913608468204124 -0.5368874711263466 -0.4913608468204124 -0.4913608468204124 -0.4913608468204124 -0.4913608468204124 -0.4230709103615112 -0.3547809739026099 -0.24096441313777442 -0.3547809739026099 -0.6051774075852479 -0.7417572805030505 -0.7645205926560176 -0.7417572805030505 -0.6962306561971162 -0.6507040318911821 -0.6507040318911821 -0.5596507832793137 -0.627940719738215 -0.6962306561971162 -0.627940719738215 -0.46859753466744536 -0.3092543495966757 -0.2637277252907415 0 
0 -0.013331291608103509 -0.5368874711263466 -0.5368874711263466 -0.5368874711263466 -0.5368874711263466 -0.3547809739026099 -0.14991116452590605 -0.10438454021997187 -0.3092543495966757 -0.4913608468204124 -0.5824140954322808 -0.5824140954322808 -0.5596507832793137 -0.5824140954322808 -0.5596507832793137 -0.5368874711263466 -0.46859753466744536 -0.3547809739026099 -0.3320176617496428 -0.28649103744370863 -0.3092543495966757 -0.3092543495966757 -0.21820110098480733 -0.05885791591403769 0 
0 0.7606213215927776 0.12324858130969904 -0.46859753466744536 -0.40030759820854406 -0.24096441313777442 -0.21820110098480733 -0.3092543495966757 -0.4230709103615112 -0.44583422251447824 -0.5141241589733795 -0.5368874711263466 -0.6507040318911821 -0.6734673440441492 -0.6962306561971162 -0.6962306561971162 -0.7189939683500833 -0.6507040318911821 -0.5368874711263466 -0.5596507832793137 -0.5368874711263466 -0.4913608468204124 -0.44583422251447824 -0.4230709103615112 -0.4230709103615112 0 
0 0.7606213215927776 0.7606213215927776 0.3053550785334358 -0.21820110098480733 -0.40030759820854406 -0.5368874711263466 -0.5824140954322808 -0.5596507832793137 -0.5596507832793137 -0.5596507832793137 -0.6734673440441492 -0.7189939683500833 -0.6962306561971162 -0.7645205926560176 -0.8100472169619517 -0.8555738412678859 -0.8328105291149188 -0.7189939683500833 -0.8100472169619517 -0.7872839048089846 -0.7417572805030505 -0.6962306561971162 -0.6507040318911821 -0.5824140954322808 0 
0 0.7833846337457447 0.7150946972868434 0.624041448674975 0.14601189346266613 -0.4913608468204124 -0.627940719738215 -0.6051774075852479 -0.627940719738215 -0.6734673440441492 -0.7189939683500833 -0.7189939683500833 -0.5824140954322808 -0.5824140954322808 -0.7872839048089846 -0.9238637777267872 -1.0149170263386555 -0.9921537141856884 -0.8328105291149188 -0.9466270898797543 -0.9693904020327214 -0.9693904020327214 -0.9693904020327214 -0.9011004655738201 -0.8555738412678859 0 
0 0.6468047608279421 0.601278136522008 0.5557515122160738 0.5557515122160738 0.2598284542275016 -0.40030759820854406 -0.6734673440441492 -0.7189939683500833 -0.7645205926560176 -0.8555738412678859 -0.6962306561971162 -0.44583422251447824 -0.44583422251447824 -0.5824140954322808 -0.878337153420853 -1.1970235235623923 -1.105970274950524 -0.9466270898797543 -1.1742602114094252 -1.2653134600212936 -1.128733587103491 -1.151496899256458 -1.2425501478683265 -1.2425501478683265 0 
0 0 0 0 0 0 0 0 0 0 0 0 0 0 0 0 0 0 0 0 0 0 0 0 0 0 

