0 0 0 0 0 0 0 0 0 0 0 0 0 0 0 0 0 0 0 0 0 0 0 0 0 0 
0 -0.05292735381603491 -0.490658576761214 -0.8873524975552826 -0.9694271018575036 -1.0788599075937984 -0.94206890042343 -0.668486886082693 -0.5453749796293613 0.35744566769507047 1.9715795523054183 2.2314824659291186 1.0550798042639495 -0.4496212746101034 -0.94206890042343 -1.106218109027872 -1.0378226054426878 -0.846315195404172 -1.024143504725651 -0.9694271018575036 -0.846315195404172 -0.9831062025745404 -0.8599942961212088 -0.4085839724589929 0.0701845526372967 0 
0 -0.4496212746101034 -0.6958450875167667 -0.9010315982723194 -0.9694271018575036 -0.9557480011404668 -0.7232032889508404 -0.8189569939700982 -0.7915987925360246 0.3300874662609968 2.1357287609098603 2.0262959551735658 0.2753710633928494 -0.5727331810634351 -0.7368823896678772 -0.9967853032915773 -1.0515017061597247 -0.9147106989893562 -0.928389799706393 -0.7915987925360246 -0.6958450875167667 -0.9694271018575036 -0.9831062025745404 -0.8599942961212088 -0.34018846887380866 0 
0 -0.9010315982723194 -0.9967853032915773 -0.9147106989893562 -0.9831062025745404 -0.6958450875167667 -0.4633003753271403 -0.8189569939700982 -0.928389799706393 0.49423667486543893 2.272519768080229 1.3970573221898708 -0.4633003753271403 -0.8189569939700982 -0.8052778932530614 -0.6821659867997298 -0.928389799706393 -1.0104644040086141 -0.9557480011404668 -0.94206890042343 -0.7642405911019509 -0.846315195404172 -0.9010315982723194 -0.9831062025745404 -0.8326360946871352 0 
0 -0.9831062025745404 -1.0378226054426878 -0.9831062025745404 -0.8736733968382456 -0.6137704832145456 -0.34018846887380866 -0.5043376774782509 -0.7095241882338035 0.9319678978106181 2.3272361709483764 0.8362141927913601 -0.750561490384914 -0.9147106989893562 -0.7368823896678772 -0.490658576761214 -0.7642405911019509 -0.9831062025745404 -1.024143504725651 -1.0515017061597247 -1.0104644040086141 -0.8599942961212088 -0.8873524975552826 -1.024143504725651 -0.9831062025745404 0 
0 -0.8736733968382456 -1.0104644040086141 -0.9831062025745404 -0.7232032889508404 -0.2854720660056613 -0.011890051664924375 -0.16236015955232969 -0.20339746170344022 1.5475274300772761 2.3135570702313393 0.6857440849039548 -0.7232032889508404 -0.32650936815677184 -0.02556915238196122 -0.36754667030788235 -0.6000913824975087 -0.94206890042343 -1.0378226054426878 -1.0378226054426878 -1.0651808068767614 -0.9831062025745404 -0.9147106989893562 -0.928389799706393 -0.9831062025745404 0 
0 -0.750561490384914 -0.9967853032915773 -0.94206890042343 -0.8736733968382456 -0.34018846887380866 -0.05292735381603491 -0.5043376774782509 0.23433376124173885 1.9305422501543077 2.163086962343934 0.8772514949424707 -0.5590540803463983 0.0017890490521124723 0.3300874662609968 -0.135001958118256 -0.5590540803463983 -1.024143504725651 -1.0378226054426878 -0.9694271018575036 -0.928389799706393 -0.9557480011404668 -0.8599942961212088 -0.7779196918189878 -0.846315195404172 0 
0 -0.8326360946871352 -1.0378226054426878 -0.9147106989893562 -0.9557480011404668 -0.750561490384914 -0.490658576761214 -0.2581138645715876 1.1508335092832076 1.8484676458520868 1.8758258472861604 1.5064901279261655 -0.18971836098640338 -0.5864122817804719 -0.27179296528862446 -0.4085839724589929 -0.9147106989893562 -1.0515017061597247 -0.9694271018575036 -0.94206890042343 -0.7368823896678772 -0.8736733968382456 -0.8873524975552826 -0.9010315982723194 -0.8599942961212088 0 
0 -0.8873524975552826 -1.0378226054426878 -0.8873524975552826 -0.9010315982723194 -0.9831062025745404 -0.4359421738930666 0.8772514949424707 1.6843184372476445 1.643281135096534 1.6979975379646814 1.8758258472861604 1.09611710641506 -0.34018846887380866 -0.5043376774782509 -0.8189569939700982 -1.0378226054426878 -0.9831062025745404 -0.8736733968382456 -0.928389799706393 -0.7232032889508404 -0.7779196918189878 -0.8873524975552826 -1.0104644040086141 -0.9557480011404668 0 
0 -0.8189569939700982 -1.0104644040086141 -0.846315195404172 -0.846315195404172 -1.024143504725651 -0.02556915238196122 1.3149827178876496 1.5748856315113497 1.5748856315113497 1.6706393365306078 1.7663930415498657 1.643281135096534 0.41216207056321785 -0.5864122817804719 -0.94206890042343 -1.024143504725651 -0.9557480011404668 -0.8599942961212088 -0.8873524975552826 -0.7095241882338035 -0.7095241882338035 -0.8873524975552826 -0.9831062025745404 -0.9831062025745404 0 
0 -0.750561490384914 -0.9147106989893562 -0.8599942961212088 -0.8736733968382456 -0.7779196918189878 0.6310276820358074 1.3833782214728338 1.5475274300772761 1.6159229336624603 1.7116766386817182 1.6706393365306078 1.6296020343794972 0.9866843006787654 -0.34018846887380866 -0.94206890042343 -1.0378226054426878 -0.9557480011404668 -0.8736733968382456 -0.6821659867997298 -0.668486886082693 -0.7779196918189878 -0.9147106989893562 -0.9831062025745404 -0.9010315982723194 0 
0 -0.6821659867997298 -0.6821659867997298 -0.8736733968382456 -0.8326360946871352 -0.5316958789123245 0.8772514949424707 1.3833782214728338 1.5064901279261655 1.6159229336624603 1.7116766386817182 1.739034840115792 1.6159229336624603 1.287624516453576 -0.18971836098640338 -0.9557480011404668 -1.024143504725651 -0.94206890042343 -0.8189569939700982 -0.6821659867997298 -0.7368823896678772 -0.8599942961212088 -1.0104644040086141 -0.9147106989893562 -0.6821659867997298 0 
0 -0.750561490384914 -0.6821659867997298 -0.7642405911019509 -0.8052778932530614 -0.4085839724589929 0.9866843006787654 0.5489530777335864 0.19329645909062831 0.34376656697803365 0.57631127916766 1.465452825775055 1.8074303437009762 1.0824380056980234 -0.36754667030788235 -0.9967853032915773 -1.0378226054426878 -0.9010315982723194 -0.7915987925360246 -0.8189569939700982 -0.8189569939700982 -0.8599942961212088 -0.94206890042343 -0.8052778932530614 -0.7368823896678772 0 
0 -0.7779196918189878 -0.7232032889508404 -0.490658576761214 -0.6274495839315825 0.04282635120322301 0.7678186892061759 -0.5180167781952877 -0.4633003753271403 -0.24443476385455076 -0.5316958789123245 0.35744566769507047 1.6296020343794972 1.09611710641506 -0.39490487174195604 -0.9967853032915773 -0.8736733968382456 -0.6958450875167667 -0.5864122817804719 -0.7232032889508404 -0.7915987925360246 -0.8052778932530614 -0.6548077853656561 -0.7095241882338035 -0.846315195404172 0 
0 -0.6548077853656561 -0.7232032889508404 -0.5453749796293613 -0.4496212746101034 0.5626321784506232 0.7951768906402495 -0.3812257710249192 -0.2854720660056613 -0.20339746170344022 -0.36754667030788235 -0.12132285740121915 1.2055499121513549 1.0687589049809865 -0.14868105883529284 -0.42226307317602974 0.5489530777335864 -0.21707656242047707 -0.5316958789123245 -0.668486886082693 -0.6958450875167667 -0.5590540803463983 -0.5727331810634351 -0.668486886082693 -0.6411286846486193 0 
0 -0.7779196918189878 -0.6958450875167667 -0.6411286846486193 -0.5316958789123245 0.7404604877721022 1.5475274300772761 0.19329645909062831 -0.5590540803463983 -0.5590540803463983 -0.21707656242047707 0.9182887970935811 1.6159229336624603 1.1508335092832076 0.220654660524702 0.23433376124173885 1.3970573221898708 -0.21707656242047707 -0.7095241882338035 -0.8326360946871352 -0.5316958789123245 -0.36754667030788235 -0.5453749796293613 -0.6821659867997298 -0.668486886082693 0 
0 -0.8599942961212088 -0.668486886082693 -0.6411286846486193 -0.490658576761214 0.7678186892061759 1.7663930415498657 0.8498932935083969 0.05650545192025986 -0.011890051664924375 0.5626321784506232 1.8621467465691235 1.9852586530224552 1.5475274300772761 0.7678186892061759 0.6994231856209916 1.5338483293602392 -0.16236015955232969 -0.7642405911019509 -0.6958450875167667 -0.5453749796293613 -0.36754667030788235 -0.6548077853656561 -0.7232032889508404 -0.7642405911019509 0 
0 -0.7779196918189878 -0.668486886082693 -0.6411286846486193 -0.3812257710249192 0.8498932935083969 1.5201692286432025 0.9730051999617285 0.6994231856209916 0.6447067827528442 0.9456469985276549 1.7116766386817182 1.8621467465691235 1.465452825775055 1.0687589049809865 1.4244155236239444 1.903184048720234 0.17961735837359147 -0.8599942961212088 -0.7915987925360246 -0.7779196918189878 -0.6958450875167667 -0.846315195404172 -0.7642405911019509 -0.7779196918189878 0 
0 -0.6548077853656561 -0.6958450875167667 -0.668486886082693 -0.490658576761214 0.11122185478840724 0.8909305956595075 1.273945415736539 1.3560200200387602 1.3696991207557971 1.4107364229069077 1.5748856315113497 1.561206530794313 1.4107364229069077 1.465452825775055 1.6979975379646814 1.479131926492092 0.220654660524702 -0.8736733968382456 -0.8736733968382456 -0.8873524975552826 -0.7779196918189878 -0.9010315982723194 -0.8326360946871352 -0.6958450875167667 0 
0 -0.2854720660056613 -0.668486886082693 -0.8873524975552826 -0.7368823896678772 -0.4769794760441771 0.37112476841210734 1.4107364229069077 1.739034840115792 1.5748856315113497 1.6569602358135709 1.7937512429839393 1.8074303437009762 1.739034840115792 1.6979975379646814 1.3423409193217235 1.0414007035469128 0.16593825765655462 -0.7232032889508404 -0.750561490384914 -0.750561490384914 -0.5453749796293613 -0.6137704832145456 -0.6548077853656561 -0.6411286846486193 0 
0 0.20697555980766516 -0.4085839724589929 -0.8052778932530614 -0.668486886082693 -0.09396465596714546 0.7404604877721022 1.3286618186046866 1.4380946243409813 1.3696991207557971 1.643281135096534 1.7527139408328287 1.6022438329454234 1.465452825775055 1.5338483293602392 1.3833782214728338 1.1371544085661707 0.015468149769149318 -0.6274495839315825 -0.6548077853656561 -0.7232032889508404 -0.6137704832145456 -0.34018846887380866 -0.2854720660056613 -0.32650936815677184 0 
0 0.41216207056321785 0.029147250486186164 -0.2854720660056613 -0.011890051664924375 0.5899903798846968 0.9866843006787654 1.1645126100002443 0.9730051999617285 0.9046096963765443 1.479131926492092 1.6706393365306078 1.465452825775055 1.4928110272091286 1.6296020343794972 1.561206530794313 1.2055499121513549 -0.135001958118256 -0.668486886082693 -0.6000913824975087 -0.35386756959084553 -0.011890051664924375 0.13858005622248093 0.08386365335433354 -0.06660645453307176 0 
0 0.7267813870550653 0.5899903798846968 0.5626321784506232 0.8362141927913601 1.1371544085661707 1.2602663150195024 1.1781917107172812 0.49423667486543893 0.39848296984618103 1.4517737250580183 1.5885647322283867 1.6159229336624603 1.739034840115792 1.6569602358135709 1.6296020343794972 1.301303617170613 0.20697555980766516 -0.011890051664924375 0.2616919626758126 1.0550798042639495 0.8772514949424707 0.6857440849039548 0.4258411712802547 -0.29915116672269815 0 
0 0.9866843006787654 0.8498932935083969 1.1508335092832076 1.4107364229069077 1.5201692286432025 1.4380946243409813 1.2192290128683918 0.41216207056321785 0.35744566769507047 1.3696991207557971 1.4244155236239444 1.4107364229069077 1.7116766386817182 1.8347885451350499 1.903184048720234 1.7527139408328287 1.3149827178876496 1.09611710641506 1.465452825775055 1.9305422501543077 1.4517737250580183 1.0550798042639495 0.8088559913572864 -0.32650936815677184 0 
0 0.7267813870550653 1.027721602829876 1.465452825775055 1.6159229336624603 1.725355739398755 1.6022438329454234 1.6843184372476445 0.9593260992446917 0.7404604877721022 1.4107364229069077 1.6569602358135709 1.739034840115792 1.9715795523054183 2.0399750558906025 2.0399750558906025 2.0673332573246763 1.9852586530224552 1.9305422501543077 2.0536541566076396 2.0399750558906025 1.6569602358135709 1.2465872143024654 0.9319678978106181 -0.29915116672269815 0 
0 0 0 0 0 0 0 0 0 0 0 0 0 0 0 0 0 0 0 0 0 0 0 0 0 0 

0 0 0 0 0 0 0 0 0 0 0 0 0 0 0 0 0 0 0 0 0 0 0 0 0 0 
0 -0.4085839724589929 -0.5727331810634351 -0.8599942961212088 -0.8873524975552826 -1.0104644040086141 -0.928389799706393 -0.6411286846486193 -0.5180167781952877 0.37112476841210734 1.9852586530224552 2.2314824659291186 1.09611710641506 -0.4085839724589929 -0.9010315982723194 -1.0651808068767614 -0.9831062025745404 -0.8189569939700982 -1.0104644040086141 -0.9010315982723194 -0.7779196918189878 -0.9694271018575036 -0.9967853032915773 -0.846315195404172 -0.6274495839315825 0 
0 -0.6821659867997298 -0.6958450875167667 -0.9010315982723194 -0.9557480011404668 -0.94206890042343 -0.7232032889508404 -0.8599942961212088 -0.846315195404172 0.28905016410988627 2.108370559475787 1.9852586530224552 0.2616919626758126 -0.5727331810634351 -0.7368823896678772 -0.9831062025745404 -1.0515017061597247 -0.9147106989893562 -0.928389799706393 -0.7915987925360246 -0.6958450875167667 -0.9694271018575036 -0.9694271018575036 -0.9694271018575036 -0.7779196918189878 0 
0 -1.024143504725651 -0.9831062025745404 -0.928389799706393 -1.0104644040086141 -0.7642405911019509 -0.5316958789123245 -0.8736733968382456 -0.9694271018575036 0.46687847343136524 2.2451615666461553 1.3560200200387602 -0.490658576761214 -0.846315195404172 -0.8189569939700982 -0.6958450875167667 -0.94206890042343 -1.024143504725651 -0.9557480011404668 -0.94206890042343 -0.750561490384914 -0.846315195404172 -0.846315195404172 -0.846315195404172 -0.9831062025745404 0 
0 -0.9694271018575036 -1.0104644040086141 -1.024143504725651 -0.9694271018575036 -0.7779196918189878 -0.490658576761214 -0.5590540803463983 -0.750561490384914 0.8909305956595075 2.3135570702313393 0.7951768906402495 -0.8052778932530614 -0.9694271018575036 -0.7915987925360246 -0.5453749796293613 -0.8326360946871352 -1.0104644040086141 -1.024143504725651 -1.0515017061597247 -1.0104644040086141 -0.8599942961212088 -0.8326360946871352 -0.8736733968382456 -0.9967853032915773 0 
0 -0.7642405911019509 -0.9831062025745404 -1.024143504725651 -0.8599942961212088 -0.5180167781952877 -0.23075566313751392 -0.23075566313751392 -0.24443476385455076 1.5064901279261655 2.272519768080229 0.6447067827528442 -0.7915987925360246 -0.42226307317602974 -0.1076437566841823 -0.4496212746101034 -0.6958450875167667 -0.9831062025745404 -1.0378226054426878 -1.0378226054426878 -1.0651808068767614 -0.9831062025745404 -0.9147106989893562 -0.94206890042343 -0.9967853032915773 0 
0 -0.7232032889508404 -0.9831062025745404 -0.9557480011404668 -0.928389799706393 -0.4496212746101034 -0.16236015955232969 -0.5590540803463983 0.19329645909062831 1.8895049480031973 2.1357287609098603 0.8362141927913601 -0.6137704832145456 -0.05292735381603491 0.2616919626758126 -0.21707656242047707 -0.6411286846486193 -1.0651808068767614 -1.0378226054426878 -0.9694271018575036 -0.928389799706393 -0.9557480011404668 -0.8736733968382456 -0.8052778932530614 -0.8599942961212088 0 
0 -0.8599942961212088 -1.024143504725651 -0.9010315982723194 -0.94206890042343 -0.7368823896678772 -0.490658576761214 -0.2854720660056613 1.109796207132097 1.8074303437009762 1.8347885451350499 1.465452825775055 -0.21707656242047707 -0.6274495839315825 -0.31283026743973497 -0.4633003753271403 -0.9694271018575036 -1.0788599075937984 -0.9694271018575036 -0.94206890042343 -0.7368823896678772 -0.8736733968382456 -0.8736733968382456 -0.846315195404172 -0.8326360946871352 0 
0 -0.9147106989893562 -1.024143504725651 -0.8736733968382456 -0.8873524975552826 -0.9694271018575036 -0.4359421738930666 0.8362141927913601 1.643281135096534 1.6022438329454234 1.6569602358135709 1.8347885451350499 1.0550798042639495 -0.3812257710249192 -0.5590540803463983 -0.8736733968382456 -1.0925390083108353 -1.0104644040086141 -0.8736733968382456 -0.928389799706393 -0.7232032889508404 -0.7779196918189878 -0.8736733968382456 -0.9557480011404668 -0.928389799706393 0 
0 -0.8326360946871352 -0.9967853032915773 -0.8326360946871352 -0.8326360946871352 -1.0104644040086141 -0.02556915238196122 1.273945415736539 1.5338483293602392 1.5338483293602392 1.6296020343794972 1.725355739398755 1.6022438329454234 0.37112476841210734 -0.6411286846486193 -0.9967853032915773 -1.0788599075937984 -0.9967853032915773 -0.8599942961212088 -0.8873524975552826 -0.7095241882338035 -0.7095241882338035 -0.8736733968382456 -0.94206890042343 -0.94206890042343 0 
0 -0.7368823896678772 -0.9010315982723194 -0.846315195404172 -0.8599942961212088 -0.7642405911019509 0.6310276820358074 1.3423409193217235 1.5064901279261655 1.5748856315113497 1.6706393365306078 1.6296020343794972 1.5885647322283867 0.9456469985276549 -0.39490487174195604 -0.9967853032915773 -1.0925390083108353 -0.9831062025745404 -0.8736733968382456 -0.6958450875167667 -0.668486886082693 -0.7779196918189878 -0.9147106989893562 -0.94206890042343 -0.8736733968382456 0 
0 -0.6958450875167667 -0.6958450875167667 -0.9010315982723194 -0.846315195404172 -0.5453749796293613 0.8635723942254337 1.3560200200387602 1.4928110272091286 1.5885647322283867 1.6843184372476445 1.7116766386817182 1.5885647322283867 1.2465872143024654 -0.23075566313751392 -1.0104644040086141 -1.0925390083108353 -0.9694271018575036 -0.8189569939700982 -0.6821659867997298 -0.7368823896678772 -0.846315195404172 -0.9967853032915773 -0.8873524975552826 -0.668486886082693 0 
0 -0.8052778932530614 -0.7368823896678772 -0.8189569939700982 -0.8599942961212088 -0.4496212746101034 0.9593260992446917 0.5215948762995126 0.17961735837359147 0.3300874662609968 0.5489530777335864 1.4380946243409813 1.7800721422669026 1.0414007035469128 -0.42226307317602974 -1.0515017061597247 -1.0925390083108353 -0.928389799706393 -0.7779196918189878 -0.8052778932530614 -0.8052778932530614 -0.846315195404172 -0.928389799706393 -0.7915987925360246 -0.7232032889508404 0 
0 -0.8189569939700982 -0.7779196918189878 -0.5453749796293613 -0.6821659867997298 0.0017890490521124723 0.7267813870550653 -0.5727331810634351 -0.5180167781952877 -0.29915116672269815 -0.5864122817804719 0.3027292648269231 1.5885647322283867 1.0550798042639495 -0.4359421738930666 -1.0378226054426878 -0.928389799706393 -0.7232032889508404 -0.5727331810634351 -0.7095241882338035 -0.7779196918189878 -0.7915987925360246 -0.6411286846486193 -0.6958450875167667 -0.8326360946871352 0 
0 -0.7095241882338035 -0.7779196918189878 -0.6000913824975087 -0.5043376774782509 0.5215948762995126 0.7404604877721022 -0.490658576761214 -0.39490487174195604 -0.31283026743973497 -0.4769794760441771 -0.23075566313751392 1.1508335092832076 1.0414007035469128 -0.18971836098640338 -0.4633003753271403 0.5079157755824758 -0.23075566313751392 -0.5180167781952877 -0.6548077853656561 -0.6821659867997298 -0.5453749796293613 -0.5590540803463983 -0.6548077853656561 -0.6274495839315825 0 
0 -0.8189569939700982 -0.750561490384914 -0.6958450875167667 -0.5864122817804719 0.7131022863380285 1.479131926492092 0.05650545192025986 -0.6958450875167667 -0.6958450875167667 -0.35386756959084553 0.7814977899232127 1.561206530794313 1.123475307849134 0.17961735837359147 0.19329645909062831 1.3696991207557971 -0.23075566313751392 -0.6958450875167667 -0.8189569939700982 -0.5180167781952877 -0.35386756959084553 -0.5316958789123245 -0.668486886082693 -0.6411286846486193 0 
0 -0.9147106989893562 -0.7095241882338035 -0.6958450875167667 -0.5590540803463983 0.6994231856209916 1.6706393365306078 0.6583858834698811 -0.14868105883529284 -0.21707656242047707 0.35744566769507047 1.6706393365306078 1.8895049480031973 1.5064901279261655 0.7267813870550653 0.6447067827528442 1.465452825775055 -0.20339746170344022 -0.7642405911019509 -0.7095241882338035 -0.5590540803463983 -0.3812257710249192 -0.6548077853656561 -0.7368823896678772 -0.7779196918189878 0 
0 -0.8189569939700982 -0.6958450875167667 -0.7095241882338035 -0.490658576761214 0.7131022863380285 1.3560200200387602 0.754139588489139 0.4531993727143284 0.41216207056321785 0.6994231856209916 1.4928110272091286 1.739034840115792 1.3833782214728338 0.9730051999617285 1.3286618186046866 1.8074303437009762 0.11122185478840724 -0.9147106989893562 -0.846315195404172 -0.8326360946871352 -0.750561490384914 -0.9010315982723194 -0.8189569939700982 -0.8326360946871352 0 
0 -0.6958450875167667 -0.7095241882338035 -0.7368823896678772 -0.6000913824975087 -0.02556915238196122 0.7678186892061759 1.1781917107172812 1.2602663150195024 1.273945415736539 1.3149827178876496 1.479131926492092 1.465452825775055 1.3286618186046866 1.3696991207557971 1.6022438329454234 1.3833782214728338 0.13858005622248093 -0.928389799706393 -0.928389799706393 -0.94206890042343 -0.846315195404172 -0.9557480011404668 -0.8873524975552826 -0.7642405911019509 0 
0 -0.32650936815677184 -0.6821659867997298 -0.94206890042343 -0.8326360946871352 -0.6000913824975087 0.2616919626758126 1.3560200200387602 1.6979975379646814 1.5338483293602392 1.6159229336624603 1.7527139408328287 1.739034840115792 1.6569602358135709 1.6159229336624603 1.2465872143024654 0.9456469985276549 0.09754275407137039 -0.7779196918189878 -0.8052778932530614 -0.8052778932530614 -0.6000913824975087 -0.668486886082693 -0.7095241882338035 -0.6958450875167667 0 
0 0.17961735837359147 -0.4085839724589929 -0.8599942961212088 -0.7642405911019509 -0.20339746170344022 0.6310276820358074 1.2602663150195024 1.3833782214728338 1.301303617170613 1.5748856315113497 1.6706393365306078 1.5338483293602392 1.3970573221898708 1.4517737250580183 1.301303617170613 1.0550798042639495 -0.039248253098998064 -0.6821659867997298 -0.7095241882338035 -0.7779196918189878 -0.668486886082693 -0.39490487174195604 -0.32650936815677184 -0.36754667030788235 0 
0 0.34376656697803365 0.015468149769149318 -0.34018846887380866 -0.1076437566841823 0.49423667486543893 0.8498932935083969 0.9730051999617285 0.7814977899232127 0.754139588489139 1.3560200200387602 1.5748856315113497 1.3970573221898708 1.4244155236239444 1.561206530794313 1.479131926492092 1.123475307849134 -0.21707656242047707 -0.750561490384914 -0.668486886082693 -0.4085839724589929 -0.06660645453307176 0.09754275407137039 0.04282635120322301 -0.1076437566841823 0 
0 0.6173485813187706 0.5215948762995126 0.4805575741484021 0.7404604877721022 1.0687589049809865 1.109796207132097 0.8635723942254337 0.220654660524702 0.19329645909062831 1.3286618186046866 1.5201692286432025 1.5338483293602392 1.6569602358135709 1.5748856315113497 1.5475274300772761 1.2329081135854287 0.09754275407137039 -0.135001958118256 0.16593825765655462 0.9866843006787654 0.8635723942254337 0.672064984186918 0.38480386912914416 -0.34018846887380866 0 
0 0.8635723942254337 0.7678186892061759 1.0687589049809865 1.3286618186046866 1.4380946243409813 1.3423409193217235 1.109796207132097 0.31640836554395996 0.2616919626758126 1.273945415736539 1.3286618186046866 1.3286618186046866 1.6296020343794972 1.7527139408328287 1.821109444418013 1.6706393365306078 1.1918708114343182 0.9593260992446917 1.3696991207557971 1.8758258472861604 1.4244155236239444 1.0414007035469128 0.7678186892061759 -0.36754667030788235 0 
0 0.57631127916766 0.9456469985276549 1.3833782214728338 1.5338483293602392 1.6296020343794972 1.561206530794313 1.739034840115792 1.0140425021128392 0.7131022863380285 1.3149827178876496 1.5338483293602392 1.6296020343794972 1.8895049480031973 1.9579004515883816 1.9579004515883816 1.9852586530224552 1.8758258472861604 1.8074303437009762 1.9442213508713446 1.9715795523054183 1.6296020343794972 1.2329081135854287 0.9046096963765443 -0.34018846887380866 0 
0 0 0 0 0 0 0 0 0 0 0 0 0 0 0 0 0 0 0 0 0 0 0 0 0 0 

0 0 0 0 0 0 0 0 0 0 0 0 0 0 0 0 0 0 0 0 0 0 0 0 0 0 
0 -0.5453749796293613 -0.5453749796293613 -0.8736733968382456 -0.9147106989893562 -1.0651808068767614 -0.9967853032915773 -0.7095241882338035 -0.5864122817804719 0.28905016410988627 1.8758258472861604 2.1220496601928236 1.0414007035469128 -0.42226307317602974 -0.9147106989893562 -1.0925390083108353 -1.0104644040086141 -0.8326360946871352 -1.0378226054426878 -0.928389799706393 -0.8189569939700982 -0.9694271018575036 -1.024143504725651 -1.0104644040086141 -0.846315195404172 0 
0 -0.750561490384914 -0.6821659867997298 -0.9010315982723194 -0.9557480011404668 -0.94206890042343 -0.7368823896678772 -0.9147106989893562 -0.9147106989893562 0.220654660524702 2.0399750558906025 1.9305422501543077 0.2480128619587757 -0.5727331810634351 -0.7368823896678772 -0.9831062025745404 -1.0515017061597247 -0.9147106989893562 -0.928389799706393 -0.7915987925360246 -0.6958450875167667 -0.9694271018575036 -0.9967853032915773 -1.0515017061597247 -0.94206890042343 0 
0 -1.0788599075937984 -0.9967853032915773 -0.928389799706393 -0.9967853032915773 -0.7368823896678772 -0.5316958789123245 -0.928389799706393 -1.0378226054426878 0.39848296984618103 2.176766063060971 1.301303617170613 -0.5180167781952877 -0.8599942961212088 -0.846315195404172 -0.7232032889508404 -0.9694271018575036 -1.0378226054426878 -0.9557480011404668 -0.94206890042343 -0.750561490384914 -0.846315195404172 -0.846315195404172 -0.8736733968382456 -1.0515017061597247 0 
0 -1.0104644040086141 -1.024143504725651 -1.0104644040086141 -0.94206890042343 -0.7232032889508404 -0.4633003753271403 -0.6137704832145456 -0.8189569939700982 0.8225350920743233 2.2451615666461553 0.7267813870550653 -0.8599942961212088 -1.024143504725651 -0.846315195404172 -0.6000913824975087 -0.8736733968382456 -1.0378226054426878 -1.024143504725651 -1.0515017061597247 -1.0104644040086141 -0.8599942961212088 -0.846315195404172 -0.8736733968382456 -0.9831062025745404 0 
0 -0.7779196918189878 -0.9967853032915773 -1.024143504725651 -0.8189569939700982 -0.4359421738930666 -0.17603926026936653 -0.2854720660056613 -0.31283026743973497 1.4380946243409813 2.2041242644950447 0.57631127916766 -0.8599942961212088 -0.490658576761214 -0.18971836098640338 -0.5316958789123245 -0.7642405911019509 -1.0104644040086141 -1.0378226054426878 -1.0378226054426878 -1.0651808068767614 -0.9694271018575036 -0.928389799706393 -0.9694271018575036 -0.94206890042343 0 
0 -0.7642405911019509 -1.024143504725651 -0.9831062025745404 -0.94206890042343 -0.4496212746101034 -0.18971836098640338 -0.6548077853656561 0.09754275407137039 1.7937512429839393 2.0262959551735658 0.7404604877721022 -0.7095241882338035 -0.135001958118256 0.20697555980766516 -0.24443476385455076 -0.6548077853656561 -1.0651808068767614 -1.0378226054426878 -0.9694271018575036 -0.928389799706393 -0.9557480011404668 -0.8873524975552826 -0.8189569939700982 -0.846315195404172 0 
0 -0.94206890042343 -1.0925390083108353 -0.9694271018575036 -1.0104644040086141 -0.8052778932530614 -0.5727331810634351 -0.4085839724589929 0.9866843006787654 1.6843184372476445 1.7116766386817182 1.3423409193217235 -0.32650936815677184 -0.6958450875167667 -0.35386756959084553 -0.4633003753271403 -0.94206890042343 -1.0515017061597247 -0.9694271018575036 -0.94206890042343 -0.7368823896678772 -0.8873524975552826 -0.8736733968382456 -0.846315195404172 -0.8599942961212088 0 
0 -0.9831062025745404 -1.0925390083108353 -0.94206890042343 -0.9557480011404668 -1.0378226054426878 -0.5180167781952877 0.7267813870550653 1.5201692286432025 1.479131926492092 1.5338483293602392 1.7116766386817182 0.9456469985276549 -0.4633003753271403 -0.6000913824975087 -0.8736733968382456 -1.0651808068767614 -0.9967853032915773 -0.8736733968382456 -0.928389799706393 -0.7232032889508404 -0.7779196918189878 -0.8736733968382456 -0.9557480011404668 -0.94206890042343 0 
0 -0.9147106989893562 -1.0651808068767614 -0.9010315982723194 -0.9010315982723194 -1.0788599075937984 -0.1076437566841823 1.1508335092832076 1.4107364229069077 1.4107364229069077 1.5064901279261655 1.6022438329454234 1.4928110272091286 0.28905016410988627 -0.6821659867997298 -0.9967853032915773 -1.0651808068767614 -0.9694271018575036 -0.8599942961212088 -0.8873524975552826 -0.7095241882338035 -0.7095241882338035 -0.8736733968382456 -0.94206890042343 -0.9694271018575036 0 
0 -0.8326360946871352 -0.9694271018575036 -0.9147106989893562 -0.928389799706393 -0.8326360946871352 0.5489530777335864 1.2329081135854287 1.3833782214728338 1.4517737250580183 1.5475274300772761 1.5064901279261655 1.479131926492092 0.8635723942254337 -0.4359421738930666 -0.9967853032915773 -1.0788599075937984 -0.9557480011404668 -0.8736733968382456 -0.6821659867997298 -0.668486886082693 -0.7779196918189878 -0.9010315982723194 -0.94206890042343 -0.8873524975552826 0 
0 -0.750561490384914 -0.7232032889508404 -0.928389799706393 -0.9010315982723194 -0.6137704832145456 0.7814977899232127 1.2602663150195024 1.3833782214728338 1.4928110272091286 1.5885647322283867 1.6159229336624603 1.4928110272091286 1.1781917107172812 -0.27179296528862446 -1.0104644040086141 -1.0515017061597247 -0.9557480011404668 -0.846315195404172 -0.7095241882338035 -0.7642405911019509 -0.8736733968382456 -1.024143504725651 -0.9147106989893562 -0.7095241882338035 0 
0 -0.8326360946871352 -0.7095241882338035 -0.8189569939700982 -0.9010315982723194 -0.5316958789123245 0.8635723942254337 0.4531993727143284 0.11122185478840724 0.2616919626758126 0.4805575741484021 1.3696991207557971 1.6979975379646814 0.9730051999617285 -0.4633003753271403 -1.0515017061597247 -1.0515017061597247 -0.94206890042343 -0.846315195404172 -0.8736733968382456 -0.8736733968382456 -0.9147106989893562 -0.9967853032915773 -0.8599942961212088 -0.7915987925360246 0 
0 -0.846315195404172 -0.750561490384914 -0.5453749796293613 -0.7232032889508404 -0.08028555525010861 0.6310276820358074 -0.6411286846486193 -0.5727331810634351 -0.36754667030788235 -0.6548077853656561 0.23433376124173885 1.479131926492092 0.9456469985276549 -0.5180167781952877 -1.0788599075937984 -0.94206890042343 -0.750561490384914 -0.6411286846486193 -0.7779196918189878 -0.846315195404172 -0.8599942961212088 -0.7095241882338035 -0.7642405911019509 -0.9010315982723194 0 
0 -0.7232032889508404 -0.750561490384914 -0.6000913824975087 -0.5453749796293613 0.4258411712802547 0.6583858834698811 -0.5316958789123245 -0.4359421738930666 -0.35386756959084553 -0.5180167781952877 -0.27179296528862446 1.027721602829876 0.8909305956595075 -0.29915116672269815 -0.5316958789123245 0.46687847343136524 -0.2854720660056613 -0.5864122817804719 -0.7232032889508404 -0.750561490384914 -0.6137704832145456 -0.6274495839315825 -0.7232032889508404 -0.6958450875167667 0 
0 -0.846315195404172 -0.7232032889508404 -0.6958450875167667 -0.6274495839315825 0.6310276820358074 1.4107364229069077 0.029147250486186164 -0.7232032889508404 -0.7232032889508404 -0.3812257710249192 0.7404604877721022 1.3970573221898708 0.9319678978106181 0.04282635120322301 0.08386365335433354 1.287624516453576 -0.29915116672269815 -0.7642405911019509 -0.8873524975552826 -0.5864122817804719 -0.42226307317602974 -0.6000913824975087 -0.750561490384914 -0.7232032889508404 0 
0 -0.9557480011404668 -0.7095241882338035 -0.6821659867997298 -0.5864122817804719 0.6173485813187706 1.561206530794313 0.6036694806017338 -0.20339746170344022 -0.27179296528862446 0.3027292648269231 1.6022438329454234 1.739034840115792 1.3286618186046866 0.57631127916766 0.5352739770165494 1.3833782214728338 -0.2581138645715876 -0.8189569939700982 -0.7642405911019509 -0.6137704832145456 -0.4359421738930666 -0.7095241882338035 -0.7642405911019509 -0.8052778932530614 0 
0 -0.928389799706393 -0.750561490384914 -0.6958450875167667 -0.4769794760441771 0.6310276820358074 1.2055499121513549 0.6310276820358074 0.35744566769507047 0.3027292648269231 0.6036694806017338 1.3833782214728338 1.5885647322283867 1.2329081135854287 0.8635723942254337 1.2602663150195024 1.7527139408328287 0.0701845526372967 -0.9557480011404668 -0.8873524975552826 -0.8736733968382456 -0.7915987925360246 -0.928389799706393 -0.8052778932530614 -0.8052778932530614 0 
0 -0.8189569939700982 -0.7915987925360246 -0.7368823896678772 -0.6274495839315825 -0.135001958118256 0.5899903798846968 1.0140425021128392 1.109796207132097 1.123475307849134 1.1645126100002443 1.3149827178876496 1.287624516453576 1.1371544085661707 1.2192290128683918 1.4928110272091286 1.301303617170613 0.09754275407137039 -0.9694271018575036 -0.9694271018575036 -0.9831062025745404 -0.8873524975552826 -0.9831062025745404 -0.8873524975552826 -0.750561490384914 0 
0 -0.4633003753271403 -0.8052778932530614 -0.9967853032915773 -0.9010315982723194 -0.750561490384914 0.04282635120322301 1.1781917107172812 1.5338483293602392 1.3560200200387602 1.4517737250580183 1.561206530794313 1.5064901279261655 1.4244155236239444 1.4244155236239444 1.109796207132097 0.8362141927913601 0.015468149769149318 -0.8189569939700982 -0.846315195404172 -0.846315195404172 -0.6411286846486193 -0.7095241882338035 -0.750561490384914 -0.7368823896678772 0 
0 0.015468149769149318 -0.5727331810634351 -0.94206890042343 -0.8599942961212088 -0.4085839724589929 0.38480386912914416 1.09611710641506 1.2329081135854287 1.1508335092832076 1.4107364229069077 1.5064901279261655 1.287624516453576 1.123475307849134 1.2192290128683918 1.109796207132097 0.8909305956595075 -0.135001958118256 -0.7232032889508404 -0.7368823896678772 -0.8189569939700982 -0.7095241882338035 -0.4359421738930666 -0.4085839724589929 -0.4496212746101034 0 
0 0.17961735837359147 -0.16236015955232969 -0.4633003753271403 -0.23075566313751392 0.28905016410988627 0.5899903798846968 0.7267813870550653 0.5489530777335864 0.5489530777335864 1.1781917107172812 1.4107364229069077 1.1645126100002443 1.1645126100002443 1.3286618186046866 1.287624516453576 0.9593260992446917 -0.34018846887380866 -0.8189569939700982 -0.7232032889508404 -0.4633003753271403 -0.1076437566841823 0.029147250486186164 -0.05292735381603491 -0.20339746170344022 0 
0 0.4258411712802547 0.35744566769507047 0.31640836554395996 0.5899903798846968 0.9046096963765443 0.8772514949424707 0.4805575741484021 -0.16236015955232969 -0.12132285740121915 1.0824380056980234 1.3149827178876496 1.3560200200387602 1.479131926492092 1.3970573221898708 1.3833782214728338 1.0687589049809865 -0.05292735381603491 -0.27179296528862446 0.029147250486186164 0.8772514949424707 0.7814977899232127 0.5899903798846968 0.2616919626758126 -0.4633003753271403 0 
0 0.6583858834698811 0.6036694806017338 0.9046096963765443 1.1645126100002443 1.273945415736539 1.1508335092832076 0.8635723942254337 0.04282635120322301 0.0017890490521124723 1.0140425021128392 1.0824380056980234 1.1371544085661707 1.465452825775055 1.5885647322283867 1.6569602358135709 1.5064901279261655 1.0414007035469128 0.8088559913572864 1.2192290128683918 1.7527139408328287 1.3423409193217235 0.9593260992446917 0.6447067827528442 -0.490658576761214 0 
0 0.35744566769507047 0.7814977899232127 1.2192290128683918 1.3696991207557971 1.465452825775055 1.4107364229069077 1.6296020343794972 0.8635723942254337 0.5215948762995126 1.0687589049809865 1.273945415736539 1.4380946243409813 1.725355739398755 1.7937512429839393 1.7937512429839393 1.821109444418013 1.7116766386817182 1.6569602358135709 1.8074303437009762 1.8621467465691235 1.5475274300772761 1.1371544085661707 0.7814977899232127 -0.4633003753271403 0 
0 0 0 0 0 0 0 0 0 0 0 0 0 0 0 0 0 0 0 0 0 0 0 0 0 0 

